a contact +0 +1200 2017 9005 50
a contact +0 +1200 9005 2017 50
a contact +1200 +1800 2010 9005 50
a contact +0 +1800 2032 9002 50
a contact +0 +1800 9002 2032 50
a contact +1200 +1800 9005 2010 50
a contact +0 +3000 2022 9008 50
a contact +0 +3000 9008 2022 50
a contact +0 +3600 2004 9007 50
a contact +0 +3600 9007 2004 50
a contact +1800 +5400 2011 9005 50
a contact +0 +5400 2030 9004 50
a contact +0 +5400 9004 2030 50
a contact +1800 +5400 9005 2011 50
a contact +5400 +6000 2029 9005 50
a contact +5400 +6000 9005 2029 50
a contact +3600 +6600 2006 9007 50
a contact +0 +6600 2016 9001 50
a contact +0 +6600 9001 2016 50
a contact +3600 +6600 9007 2006 50
a contact +6600 +7800 2026 9007 50
a contact +3000 +7800 2039 9008 50
a contact +6600 +7800 9007 2026 50
a contact +3000 +7800 9008 2039 50
a contact +6600 +8400 2025 9001 50
a contact +6000 +8400 2036 9005 50
a contact +6600 +8400 9001 2025 50
a contact +6000 +8400 9005 2036 50
a contact +7800 +9000 2016 9008 50
a contact +7800 +9000 9008 2016 50
a contact +9000 +10200 2025 9008 50
a contact +8400 +10200 2029 9001 50
a contact +8400 +10200 9001 2029 50
a contact +9000 +10200 9008 2025 50
a contact +10200 +12000 2012 9001 50
a contact +10200 +12000 9001 2012 50
a contact +12000 +12600 2002 9001 25
a contact +8400 +12600 2009 9005 50
a contact +12000 +12600 9001 2002 25
a contact +8400 +12600 9005 2009 50
a contact +5400 +13200 2028 9004 50
a contact +5400 +13200 9004 2028 50
a contact +13200 +14400 2036 9004 50
a contact +13200 +14400 9004 2036 50
a contact +14400 +15600 2003 9004 25
a contact +7800 +15600 2005 9007 50
a contact +12600 +15600 2009 9001 50
a contact +12600 +15600 9001 2009 50
a contact +14400 +15600 9004 2003 25
a contact +7800 +15600 9007 2005 50
a contact +12600 +16800 2032 9005 50
a contact +12600 +16800 9005 2032 50
a contact +1800 +22200 2018 9002 50
a contact +16800 +22200 2038 9005 50
a contact +10200 +22200 2039 9008 50
a contact +1800 +22200 9002 2018 50
a contact +16800 +22200 9005 2038 50
a contact +10200 +22200 9008 2039 50
a contact +22200 +24600 2004 9008 50
a contact +22200 +24600 2010 9005 50
a contact +22200 +24600 9005 2010 50
a contact +22200 +24600 9008 2004 50
a contact +24600 +25200 2002 9005 25
a contact +24600 +25200 2003 9008 25
a contact +24600 +25200 9005 2002 25
a contact +24600 +25200 9008 2003 25
a contact +25200 +27600 2025 9005 50
a contact +25200 +27600 9005 2025 50
a contact +30000 +30600 2002 9009 25
a contact +30000 +30600 2023 9003 50
a contact +30000 +30600 9003 2023 50
a contact +30000 +30600 9009 2002 25
a contact +30000 +31800 2003 9006 25
a contact +30000 +31800 9006 2003 25
a contact +22200 +32400 2014 9002 50
a contact +30600 +32400 2032 9009 50
a contact +22200 +32400 9002 2014 50
a contact +30600 +32400 9009 2032 50
a contact +32400 +33000 2023 9002 50
a contact +32400 +33000 9002 2023 50
a contact +32400 +34200 2003 9009 25
a contact +30600 +34200 2011 9003 50
a contact +30600 +34200 9003 2011 50
a contact +32400 +34200 9009 2003 25
a contact +25200 +35400 2037 9008 50
a contact +25200 +35400 9008 2037 50
a contact +31800 +36000 2017 9006 50
a contact +31800 +36000 9006 2017 50
a contact +27600 +37200 2010 9005 50
a contact +27600 +37200 9005 2010 50
a contact +35400 +38400 2008 9008 50
a contact +35400 +38400 9008 2008 50
a contact +37200 +39000 2026 9005 50
a contact +37200 +39000 9005 2026 50
a contact +39000 +39600 2001 9005 25
a contact +39000 +39600 9005 2001 25
a contact +38400 +40800 2038 9008 50
a contact +38400 +40800 9008 2038 50
a contact +36000 +41400 2013 9006 50
a contact +36000 +41400 9006 2013 50
a contact +40800 +42000 2008 9008 50
a contact +40800 +42000 9008 2008 50
a contact +42000 +42600 2001 9008 25
a contact +39600 +42600 2027 9005 50
a contact +33000 +42600 2034 9002 50
a contact +33000 +42600 9002 2034 50
a contact +39600 +42600 9005 2027 50
a contact +42000 +42600 9008 2001 25
a contact +41400 +49200 2021 9006 50
a contact +41400 +49200 9006 2021 50
a contact +34200 +50400 2031 9009 50
a contact +34200 +50400 9009 2031 50
a contact +52200 +52800 2002 9007 25
a contact +34200 +52800 2014 9003 50
a contact +34200 +52800 9003 2014 50
a contact +52200 +52800 9007 2002 25
a contact +49200 +53400 2008 9006 50
a contact +49200 +53400 9006 2008 50
a contact +52200 +54000 2001 9004 25
a contact +52200 +54000 9004 2001 25
a contact +53400 +55800 2002 9006 25
a contact +53400 +55800 9006 2002 25
a contact +50400 +56400 2023 9009 50
a contact +50400 +56400 9009 2023 50
a contact +52800 +57000 2004 9003 50
a contact +52800 +57000 9003 2004 50
a contact +55800 +58200 2027 9006 50
a contact +55800 +58200 9006 2027 50
a contact +58200 +59400 2012 9006 50
a contact +58200 +59400 9006 2012 50
a contact +59400 +60000 2002 9006 25
a contact +59400 +60000 9006 2002 25
a contact +60000 +60600 2001 9006 25
a contact +60000 +60600 9006 2001 25
a contact +61200 +62400 2001 9006 25
a contact +61200 +62400 9006 2001 25
a contact +62400 +64200 2040 9006 50
a contact +62400 +64200 9006 2040 50
a contact +52200 +66000 2024 9001 50
a contact +52200 +66000 9001 2024 50
a contact +52800 +67200 2007 9007 50
a contact +52800 +67200 9007 2007 50
a contact +56400 +67800 2020 9009 50
a contact +56400 +67800 9009 2020 50
a contact +64200 +69600 2006 9006 50
a contact +64200 +69600 9006 2006 50
a contact +69600 +71400 2033 9006 50
a contact +69600 +71400 9006 2033 50
a contact +71400 +72000 2002 9006 25
a contact +67200 +72000 2004 9007 50
a contact +67800 +72000 2036 9009 50
a contact +71400 +72000 9006 2002 25
a contact +67200 +72000 9007 2004 50
a contact +67800 +72000 9009 2036 50
a contact +57000 +72600 2014 9003 50
a contact +66000 +72600 2019 9001 50
a contact +72000 +72600 2023 9006 50
a contact +66000 +72600 9001 2019 50
a contact +57000 +72600 9003 2014 50
a contact +72000 +72600 9006 2023 50
a contact +72600 +73200 2022 9003 50
a contact +72600 +73200 9003 2022 50
a contact +54000 +74400 2015 9004 50
a contact +72000 +74400 2029 9009 50
a contact +54000 +74400 9004 2015 50
a contact +72000 +74400 9009 2029 50
a contact +72600 +75600 2017 9006 50
a contact +72600 +75600 9006 2017 50
a contact +74400 +76200 2038 9009 50
a contact +74400 +76200 9009 2038 50
a contact +75600 +77400 2001 9006 25
a contact +72000 +77400 2005 9007 50
a contact +72600 +77400 2026 9001 50
a contact +72600 +77400 9001 2026 50
a contact +75600 +77400 9006 2001 25
a contact +72000 +77400 9007 2005 50
a contact +77400 +78000 2011 9006 50
a contact +73200 +78000 2012 9003 50
a contact +73200 +78000 9003 2012 50
a contact +77400 +78000 9006 2011 50
a contact +78000 +78600 2009 9006 50
a contact +78000 +78600 2022 9003 50
a contact +76800 +78600 2029 9009 50
a contact +78000 +78600 9003 2022 50
a contact +78000 +78600 9006 2009 50
a contact +76800 +78600 9009 2029 50
a contact +78600 +79200 2001 9005 25
a contact +78600 +79200 9005 2001 25
a contact +78600 +81000 2003 9008 25
a contact +78600 +81000 2013 9002 50
a contact +78600 +81000 9002 2013 50
a contact +78600 +81000 9008 2003 25
a contact +77400 +82200 2040 9001 50
a contact +77400 +82200 9001 2040 50
a contact +74400 +82800 2035 9004 50
a contact +74400 +82800 9004 2035 50
a contact +81000 +84000 2025 9008 50
a contact +81000 +84000 9008 2025 50
a contact +82200 +84600 2027 9001 50
a contact +77400 +84600 2030 9007 50
a contact +82200 +84600 9001 2027 50
a contact +77400 +84600 9007 2030 50
a contact +82800 +85200 2006 9004 50
a contact +84000 +85200 2029 9008 50
a contact +82800 +85200 9004 2006 50
a contact +84000 +85200 9008 2029 50
a contact +79200 +85800 2033 9005 50
a contact +79200 +85800 9005 2033 50
a contact +85800 +86400 2001 9005 25
a contact +84600 +86400 2002 9001 25
a contact +85200 +86400 2007 9004 50
a contact +84600 +86400 2019 9007 50
a contact +81000 +86400 2022 9002 50
a contact +85200 +86400 2040 9008 50
a contact +84600 +86400 9001 2002 25
a contact +81000 +86400 9002 2022 50
a contact +85200 +86400 9004 2007 50
a contact +85800 +86400 9005 2001 25
a contact +84600 +86400 9007 2019 50
a contact +85200 +86400 9008 2040 50

a range +0 +1200 2017 9005 1103.3876
a range +0 +1200 9005 2017 1103.3876
a range +1200 +1800 2010 9005 1102.4874
a range +0 +1800 2032 9002 1103.4073
a range +0 +1800 9002 2032 1103.4073
a range +1200 +1800 9005 2010 1102.4874
a range +0 +3000 2022 9008 1103.4003
a range +0 +3000 9008 2022 1103.4003
a range +0 +3600 2004 9007 1102.3558
a range +0 +3600 9007 2004 1102.3558
a range +1800 +5400 2011 9005 1103.4111
a range +0 +5400 2030 9004 1102.3703
a range +0 +5400 9004 2030 1102.3703
a range +1800 +5400 9005 2011 1103.4111
a range +5400 +6000 2029 9005 1102.6573
a range +5400 +6000 9005 2029 1102.6573
a range +3600 +6600 2006 9007 1102.3446
a range +0 +6600 2016 9001 1102.354
a range +0 +6600 9001 2016 1102.354
a range +3600 +6600 9007 2006 1102.3446
a range +6600 +7800 2026 9007 1102.2559
a range +3000 +7800 2039 9008 1103.3776
a range +6600 +7800 9007 2026 1102.2559
a range +3000 +7800 9008 2039 1103.3776
a range +6600 +8400 2025 9001 1102.3327
a range +6000 +8400 2036 9005 1103.3927
a range +6600 +8400 9001 2025 1102.3327
a range +6000 +8400 9005 2036 1103.3927
a range +7800 +9000 2016 9008 1103.3968
a range +7800 +9000 9008 2016 1103.3968
a range +9000 +10200 2025 9008 1103.3755
a range +8400 +10200 2029 9001 1102.3365
a range +8400 +10200 9001 2029 1102.3365
a range +9000 +10200 9008 2025 1103.3755
a range +10200 +12000 2012 9001 1102.3657
a range +10200 +12000 9001 2012 1102.3657
a range +12000 +12600 2002 9001 1102.3386
a range +8400 +12600 2009 9005 1102.6269
a range +12000 +12600 9001 2002 1102.3386
a range +8400 +12600 9005 2009 1102.6269
a range +5400 +13200 2028 9004 1102.3159
a range +5400 +13200 9004 2028 1102.3159
a range +13200 +14400 2036 9004 1102.3574
a range +13200 +14400 9004 2036 1102.3574
a range +14400 +15600 2003 9004 1102.3502
a range +7800 +15600 2005 9007 1102.3471
a range +12600 +15600 2009 9001 1102.3258
a range +12600 +15600 9001 2009 1102.3258
a range +14400 +15600 9004 2003 1102.3502
a range +7800 +15600 9007 2005 1102.3471
a range +12600 +16800 2032 9005 1103.4073
a range +12600 +16800 9005 2032 1103.4073
a range +1800 +22200 2018 9002 1103.3787
a range +16800 +22200 2038 9005 1103.3911
a range +10200 +22200 2039 9008 1103.3776
a range +1800 +22200 9002 2018 1103.3787
a range +16800 +22200 9005 2038 1103.3911
a range +10200 +22200 9008 2039 1103.3776
a range +22200 +24600 2004 9008 1103.3784
a range +22200 +24600 2010 9005 1103.2432
a range +22200 +24600 9005 2010 1103.2432
a range +22200 +24600 9008 2004 1103.3784
a range +24600 +25200 2002 9005 1103.3938
a range +24600 +25200 2003 9008 1103.3822
a range +24600 +25200 9005 2002 1103.3938
a range +24600 +25200 9008 2003 1103.3822
a range +25200 +27600 2025 9005 1103.3755
a range +25200 +27600 9005 2025 1103.3755
a range +30000 +30600 2002 9009 1104.7789
a range +30000 +30600 2023 9003 1104.7626
a range +30000 +30600 9003 2023 1104.7626
a range +30000 +30600 9009 2002 1104.7789
a range +30000 +31800 2003 9006 1104.7676
a range +30000 +31800 9006 2003 1104.7676
a range +22200 +32400 2014 9002 1103.3654
a range +30600 +32400 2032 9009 1104.8034
a range +22200 +32400 9002 2014 1103.3654
a range +30600 +32400 9009 2032 1104.8034
a range +32400 +33000 2023 9002 1103.3951
a range +32400 +33000 9002 2023 1103.3951
a range +32400 +34200 2003 9009 1104.7676
a range +30600 +34200 2011 9003 1104.7575
a range +30600 +34200 9003 2011 1104.7575
a range +32400 +34200 9009 2003 1104.7676
a range +25200 +35400 2037 9008 1103.3996
a range +25200 +35400 9008 2037 1103.3996
a range +31800 +36000 2017 9006 1104.7763
a range +31800 +36000 9006 2017 1104.7763
a range +27600 +37200 2010 9005 1103.2432
a range +27600 +37200 9005 2010 1103.2432
a range +35400 +38400 2008 9008 1103.3909
a range +35400 +38400 9008 2008 1103.3909
a range +37200 +39000 2026 9005 1103.3221
a range +37200 +39000 9005 2026 1103.3221
a range +39000 +39600 2001 9005 1103.3974
a range +39000 +39600 9005 2001 1103.3974
a range +38400 +40800 2038 9008 1103.3911
a range +38400 +40800 9008 2038 1103.3911
a range +36000 +41400 2013 9006 1104.7988
a range +36000 +41400 9006 2013 1104.7988
a range +40800 +42000 2008 9008 1103.3909
a range +40800 +42000 9008 2008 1103.3909
a range +42000 +42600 2001 9008 1103.3974
a range +39600 +42600 2027 9005 1103.3837
a range +33000 +42600 2034 9002 1103.384
a range +33000 +42600 9002 2034 1103.384
a range +39600 +42600 9005 2027 1103.3837
a range +42000 +42600 9008 2001 1103.3974
a range +41400 +49200 2021 9006 1104.7826
a range +41400 +49200 9006 2021 1104.7826
a range +34200 +50400 2031 9009 1104.793
a range +34200 +50400 9009 2031 1104.793
a range +52200 +52800 2002 9007 1105.0505
a range +34200 +52800 2014 9003 1104.7794
a range +34200 +52800 9003 2014 1104.7794
a range +52200 +52800 9007 2002 1105.0505
a range +49200 +53400 2008 9006 1104.2973
a range +49200 +53400 9006 2008 1104.2973
a range +52200 +54000 2001 9004 1105.0489
a range +52200 +54000 9004 2001 1105.0489
a range +53400 +55800 2002 9006 1104.7789
a range +53400 +55800 9006 2002 1104.7789
a range +50400 +56400 2023 9009 1104.7626
a range +50400 +56400 9009 2023 1104.7626
a range +52800 +57000 2004 9003 1104.7663
a range +52800 +57000 9003 2004 1104.7663
a range +55800 +58200 2027 9006 1104.1621
a range +55800 +58200 9006 2027 1104.1621
a range +58200 +59400 2012 9006 1104.7847
a range +58200 +59400 9006 2012 1104.7847
a range +59400 +60000 2002 9006 1104.7789
a range +59400 +60000 9006 2002 1104.7789
a range +60000 +60600 2001 9006 1104.7848
a range +60000 +60600 9006 2001 1104.7848
a range +61200 +62400 2001 9006 1104.7848
a range +61200 +62400 9006 2001 1104.7848
a range +62400 +64200 2040 9006 1104.7728
a range +62400 +64200 9006 2040 1104.7728
a range +52200 +66000 2024 9001 1105.07
a range +52200 +66000 9001 2024 1105.07
a range +52800 +67200 2007 9007 1104.4543
a range +52800 +67200 9007 2007 1104.4543
a range +56400 +67800 2020 9009 1104.7679
a range +56400 +67800 9009 2020 1104.7679
a range +64200 +69600 2006 9006 1104.6063
a range +64200 +69600 9006 2006 1104.6063
a range +69600 +71400 2033 9006 1104.7747
a range +69600 +71400 9006 2033 1104.7747
a range +71400 +72000 2002 9006 1104.7789
a range +67200 +72000 2004 9007 1105.0674
a range +67800 +72000 2036 9009 1104.7854
a range +71400 +72000 9006 2002 1104.7789
a range +67200 +72000 9007 2004 1105.0674
a range +67800 +72000 9009 2036 1104.7854
a range +57000 +72600 2014 9003 1104.7794
a range +66000 +72600 2019 9001 1105.048
a range +72000 +72600 2023 9006 1104.7626
a range +66000 +72600 9001 2019 1105.048
a range +57000 +72600 9003 2014 1104.7794
a range +72000 +72600 9006 2023 1104.7626
a range +72600 +73200 2022 9003 1104.7676
a range +72600 +73200 9003 2022 1104.7676
a range +54000 +74400 2015 9004 1105.0622
a range +72000 +74400 2029 9009 1104.803
a range +54000 +74400 9004 2015 1105.0622
a range +72000 +74400 9009 2029 1104.803
a range +72600 +75600 2017 9006 1104.7763
a range +72600 +75600 9006 2017 1104.7763
a range +74400 +76200 2038 9009 1104.7704
a range +74400 +76200 9009 2038 1104.7704
a range +75600 +77400 2001 9006 1104.7848
a range +72000 +77400 2005 9007 1105.059
a range +72600 +77400 2026 9001 1105.037
a range +72600 +77400 9001 2026 1105.037
a range +75600 +77400 9006 2001 1104.7848
a range +72000 +77400 9007 2005 1105.059
a range +77400 +78000 2011 9006 1104.7575
a range +73200 +78000 2012 9003 1104.7847
a range +73200 +78000 9003 2012 1104.7847
a range +77400 +78000 9006 2011 1104.7575
a range +78000 +78600 2009 9006 1104.7817
a range +78000 +78600 2022 9003 1104.7676
a range +76800 +78600 2029 9009 1104.803
a range +78000 +78600 9003 2022 1104.7676
a range +78000 +78600 9006 2009 1104.7817
a range +76800 +78600 9009 2029 1104.803
a range +78600 +79200 2001 9005 1105.0561
a range +78600 +79200 9005 2001 1105.0561
a range +78600 +81000 2003 9008 1105.0691
a range +78600 +81000 2013 9002 1105.0477
a range +78600 +81000 9002 2013 1105.0477
a range +78600 +81000 9008 2003 1105.0691
a range +77400 +82200 2040 9001 1105.0692
a range +77400 +82200 9001 2040 1105.0692
a range +74400 +82800 2035 9004 1105.0831
a range +74400 +82800 9004 2035 1105.0831
a range +81000 +84000 2025 9008 1105.0653
a range +81000 +84000 9008 2025 1105.0653
a range +82200 +84600 2027 9001 1105.0728
a range +77400 +84600 2030 9007 1105.0307
a range +82200 +84600 9001 2027 1105.0728
a range +77400 +84600 9007 2030 1105.0307
a range +82800 +85200 2006 9004 1105.038
a range +84000 +85200 2029 9008 1105.0693
a range +82800 +85200 9004 2006 1105.038
a range +84000 +85200 9008 2029 1105.0693
a range +79200 +85800 2033 9005 1105.0348
a range +79200 +85800 9005 2033 1105.0348
a range +85800 +86400 2001 9005 1105.0561
a range +84600 +86400 2002 9001 1105.0505
a range +85200 +86400 2007 9004 1105.0641
a range +84600 +86400 2019 9007 1105.048
a range +81000 +86400 2022 9002 1105.0571
a range +85200 +86400 2040 9008 1105.0764
a range +84600 +86400 9001 2002 1105.0505
a range +81000 +86400 9002 2022 1105.0571
a range +85200 +86400 9004 2007 1105.0641
a range +85800 +86400 9005 2001 1105.0561
a range +84600 +86400 9007 2019 1105.048
a range +85200 +86400 9008 2040 1105.0764
