a contact +0 +15600 2007 9001 50
a contact +0 +15600 9001 2007 50
a contact +0 +31800 2008 9002 50
a contact +0 +31800 9002 2008 50
a contact +30000 +42000 2003 9003 25
a contact +30000 +42000 9003 2003 25
a contact +31800 +42600 2001 9002 25
a contact +31800 +42600 9002 2001 25
a contact +42000 +51000 2002 9003 25
a contact +42000 +51000 9003 2002 25
a contact +51000 +64800 2006 9003 50
a contact +51000 +64800 9003 2006 50
a contact +52200 +76800 2005 9001 50
a contact +52200 +76800 9001 2005 50
a contact +76800 +77400 2003 9001 25
a contact +76800 +77400 9001 2003 25
a contact +77400 +78000 2002 9001 25
a contact +77400 +78000 9001 2002 25
a contact +64800 +78600 2004 9003 50
a contact +64800 +78600 9003 2004 50
a contact +78600 +79200 2004 9002 50
a contact +78600 +79200 9002 2004 50
a contact +79200 +80400 2001 9002 25
a contact +79200 +80400 9002 2001 25
a contact +80400 +81000 2002 9002 25
a contact +80400 +81000 9002 2002 25
a contact +81000 +81600 2004 9002 50
a contact +81000 +81600 9002 2004 50
a contact +81600 +82800 2002 9002 25
a contact +81600 +82800 9002 2002 25
a contact +82800 +83400 2001 9002 25
a contact +82800 +83400 9002 2001 25
a contact +83400 +84000 2002 9002 25
a contact +83400 +84000 9002 2002 25
a contact +84000 +84600 2001 9002 25
a contact +84000 +84600 9002 2001 25
a contact +84600 +85200 2003 9002 25
a contact +84600 +85200 9002 2003 25
a contact +85200 +86400 2002 9002 25
a contact +78000 +86400 2005 9001 50
a contact +78000 +86400 9001 2005 50
a contact +85200 +86400 9002 2002 25

a range +0 +15600 2007 9001 1102.3511
a range +0 +15600 9001 2007 1102.3511
a range +0 +31800 2008 9002 1103.392
a range +0 +31800 9002 2008 1103.392
a range +30000 +42000 2003 9003 1104.7566
a range +30000 +42000 9003 2003 1104.7566
a range +31800 +42600 2001 9002 1103.3976
a range +31800 +42600 9002 2001 1103.3976
a range +42000 +51000 2002 9003 1103.8519
a range +42000 +51000 9003 2002 1103.8519
a range +51000 +64800 2006 9003 1104.3991
a range +51000 +64800 9003 2006 1104.3991
a range +52200 +76800 2005 9001 1105.0454
a range +52200 +76800 9001 2005 1105.0454
a range +76800 +77400 2003 9001 1105.0813
a range +76800 +77400 9001 2003 1105.0813
a range +77400 +78000 2002 9001 1105.0379
a range +77400 +78000 9001 2002 1105.0379
a range +64800 +78600 2004 9003 1104.7663
a range +64800 +78600 9003 2004 1104.7663
a range +78600 +79200 2004 9002 1105.0728
a range +78600 +79200 9002 2004 1105.0728
a range +79200 +80400 2001 9002 1105.0559
a range +79200 +80400 9002 2001 1105.0559
a range +80400 +81000 2002 9002 1105.0451
a range +80400 +81000 9002 2002 1105.0451
a range +81000 +81600 2004 9002 1105.0728
a range +81000 +81600 9002 2004 1105.0728
a range +81600 +82800 2002 9002 1105.0451
a range +81600 +82800 9002 2002 1105.0451
a range +82800 +83400 2001 9002 1105.0559
a range +82800 +83400 9002 2001 1105.0559
a range +83400 +84000 2002 9002 1105.0451
a range +83400 +84000 9002 2002 1105.0451
a range +84000 +84600 2001 9002 1105.0559
a range +84000 +84600 9002 2001 1105.0559
a range +84600 +85200 2003 9002 1105.0886
a range +84600 +85200 9002 2003 1105.0886
a range +85200 +86400 2002 9002 1105.0451
a range +78000 +86400 2005 9001 1105.0454
a range +78000 +86400 9001 2005 1105.0454
a range +85200 +86400 9002 2002 1105.0451
