a contact +0 +600 2002 2005 1000
a contact +0 +600 2005 2002 1000
a contact +0 +600 2005 2006 1000
a contact +0 +600 2006 2005 1000
a contact +0 +1200 2001 2004 1000
a contact +0 +1200 2004 2001 1000
a contact +0 +1800 2003 2007 1000
a contact +0 +1800 2007 2003 1000
a contact +0 +3000 2001 2003 1000
a contact +0 +3000 2001 2006 1000
a contact +0 +3000 2003 2001 1000
a contact +0 +3000 2006 2001 1000
a contact +0 +3600 2003 2005 1000
a contact +0 +3600 2005 2003 1000
a contact +0 +4800 2005 2008 1000
a contact +0 +4800 2008 2005 1000
a contact +0 +7200 2001 2005 1000
a contact +0 +7200 2002 2006 1000
a contact +0 +7200 2005 2001 1000
a contact +0 +7200 2006 2002 1000
a contact +6000 +7800 2001 2002 1000
a contact +6000 +7800 2002 2001 1000
a contact +0 +8400 2002 2008 1000
a contact +0 +8400 2008 2002 1000
a contact +0 +9600 2004 2008 1000
a contact +0 +9600 2008 2004 1000
a contact +3600 +10800 2001 2004 1000
a contact +3600 +10800 2004 2001 1000
a contact +2400 +11400 2002 2007 1000
a contact +2400 +11400 2007 2002 1000
a contact +4200 +12000 2002 2005 1000
a contact +600 +12000 2003 2006 1000
a contact +1800 +12000 2004 2007 1000
a contact +4200 +12000 2005 2002 1000
a contact +600 +12000 2006 2003 1000
a contact +0 +12000 2006 9001 1000
a contact +0 +12000 2006 9002 1000
a contact +1800 +12000 2007 2004 1000
a contact +0 +12000 9001 2006 1000
a contact +0 +12000 9002 2006 1000
a contact +0 +12600 2003 2008 1000
a contact +0 +12600 2008 2003 1000
a contact +6600 +13800 2001 2003 1000
a contact +6600 +13800 2003 2001 1000
a contact +6000 +14400 2001 2006 1000
a contact +6600 +14400 2003 2005 1000
a contact +5400 +14400 2003 2007 1000
a contact +6600 +14400 2005 2003 1000
a contact +6000 +14400 2006 2001 1000
a contact +5400 +14400 2007 2003 1000
a contact +0 +15000 2002 9001 1000
a contact +0 +15000 2002 9002 1000
a contact +0 +15000 9001 2002 1000
a contact +0 +15000 9002 2002 1000
a contact +0 +15600 2001 9001 1000
a contact +0 +15600 2003 9001 1000
a contact +0 +15600 2004 9001 1000
a contact +8400 +15600 2005 2006 1000
a contact +0 +15600 2005 9001 1000
a contact +8400 +15600 2006 2005 1000
a contact +13800 +15600 2006 9001 1000
a contact +0 +15600 2007 9001 1000
a contact +0 +15600 2008 9001 1000
a contact +0 +15600 9001 2001 1000
a contact +0 +15600 9001 2003 1000
a contact +0 +15600 9001 2004 1000
a contact +0 +15600 9001 2005 1000
a contact +13800 +15600 9001 2006 1000
a contact +0 +15600 9001 2007 1000
a contact +0 +15600 9001 2008 1000
a contact +10200 +18000 2001 2005 1000
a contact +10200 +18000 2005 2001 1000
a contact +10800 +19200 2002 2006 1000
a contact +10800 +19200 2006 2002 1000
a contact +7800 +19800 2005 2008 1000
a contact +7800 +19800 2008 2005 1000
a contact +13800 +21000 2001 2004 1000
a contact +13800 +21000 2004 2001 1000
a contact +15000 +23400 2002 2005 1000
a contact +12600 +23400 2003 2006 1000
a contact +12600 +23400 2004 2008 1000
a contact +15000 +23400 2005 2002 1000
a contact +12600 +23400 2006 2003 1000
a contact +12600 +23400 2008 2004 1000
a contact +13800 +24000 2002 2007 1000
a contact +13800 +24000 2007 2002 1000
a contact +16200 +25200 2001 2006 1000
a contact +15000 +25200 2003 2008 1000
a contact +15600 +25200 2004 2007 1000
a contact +16200 +25200 2006 2001 1000
a contact +15600 +25200 2007 2004 1000
a contact +15000 +25200 2008 2003 1000
a contact +19200 +26400 2003 2005 1000
a contact +19200 +26400 2005 2003 1000
a contact +18000 +27600 2003 2007 1000
a contact +18000 +27600 2007 2003 1000
a contact +21000 +28200 2001 2005 1000
a contact +0 +28200 2001 2007 1000
a contact +21000 +28200 2005 2001 1000
a contact +0 +28200 2007 2001 1000
a contact +0 +28800 2002 2003 1000
a contact +0 +28800 2003 2002 1000
a contact +0 +30000 2001 2008 1000
a contact +0 +30000 2008 2001 1000
a contact +22200 +30600 2002 2006 1000
a contact +22200 +30600 2006 2002 1000
a contact +24000 +31200 2001 2004 1000
a contact +24000 +31200 2004 2001 1000
a contact +0 +33600 2004 2006 1000
a contact +0 +33600 2006 2004 1000
a contact +17400 +34800 2002 9002 1000
a contact +30000 +34800 2002 9003 1000
a contact +17400 +34800 9002 2002 1000
a contact +30000 +34800 9003 2002 1000
a contact +27000 +35400 2001 2006 1000
a contact +25800 +35400 2002 2005 1000
a contact +25200 +35400 2003 2006 1000
a contact +25800 +35400 2005 2002 1000
a contact +27000 +35400 2006 2001 1000
a contact +25200 +35400 2006 2003 1000
a contact +25200 +36000 2002 2007 1000
a contact +25200 +36000 2007 2002 1000
a contact +31200 +36600 2002 2003 1000
a contact +31200 +36600 2003 2002 1000
a contact +26400 +37200 2004 2008 1000
a contact +26400 +37200 2008 2004 1000
a contact +28800 +38400 2003 2008 1000
a contact +28800 +38400 2008 2003 1000
a contact +31200 +39000 2001 2005 1000
a contact +30600 +39000 2003 2005 1000
a contact +28200 +39000 2004 2007 1000
a contact +31200 +39000 2005 2001 1000
a contact +30600 +39000 2005 2003 1000
a contact +28200 +39000 2007 2004 1000
a contact +30600 +40200 2003 2007 1000
a contact +13800 +40200 2006 9002 1000
a contact +30000 +40200 2006 9003 1000
a contact +30600 +40200 2007 2003 1000
a contact +13800 +40200 9002 2006 1000
a contact +30000 +40200 9003 2006 1000
a contact +33600 +42000 2001 2004 1000
a contact +33600 +42000 2002 2006 1000
a contact +33600 +42000 2004 2001 1000
a contact +33600 +42000 2006 2002 1000
a contact +0 +42600 2001 9002 1000
a contact +36600 +42600 2002 9002 1000
a contact +0 +42600 2003 9002 1000
a contact +0 +42600 2004 9002 1000
a contact +0 +42600 2005 9002 1000
a contact +41400 +42600 2006 9002 1000
a contact +0 +42600 2007 9002 1000
a contact +0 +42600 2008 9002 1000
a contact +0 +42600 9002 2001 1000
a contact +36600 +42600 9002 2002 1000
a contact +0 +42600 9002 2003 1000
a contact +0 +42600 9002 2004 1000
a contact +0 +42600 9002 2005 1000
a contact +41400 +42600 9002 2006 1000
a contact +0 +42600 9002 2007 1000
a contact +0 +42600 9002 2008 1000
a contact +0 +43800 2006 2007 1000
a contact +0 +43800 2007 2006 1000
a contact +43800 +45000 2002 2003 1000
a contact +43800 +45000 2003 2002 1000
a contact +43800 +45600 2001 2002 1000
a contact +43800 +45600 2002 2001 1000
a contact +37200 +45600 2004 2006 1000
a contact +37200 +45600 2006 2004 1000
a contact +38400 +46200 2001 2006 1000
a contact +36600 +46200 2002 2005 1000
a contact +36600 +46200 2005 2002 1000
a contact +38400 +46200 2006 2001 1000
a contact +37200 +46800 2002 2007 1000
a contact +37200 +46800 2007 2002 1000
a contact +37800 +47400 2003 2006 1000
a contact +37800 +47400 2006 2003 1000
a contact +0 +48000 2002 2004 1000
a contact +0 +48000 2004 2002 1000
a contact +42000 +49200 2001 2005 1000
a contact +42000 +49200 2005 2001 1000
a contact +40200 +50400 2004 2008 1000
a contact +40200 +50400 2008 2004 1000
a contact +43800 +52200 2001 2004 1000
a contact +41400 +52200 2003 2008 1000
a contact +43800 +52200 2004 2001 1000
a contact +41400 +52200 2008 2003 1000
a contact +43200 +52800 2003 2007 1000
a contact +43200 +52800 2007 2003 1000
a contact +45000 +53400 2002 2006 1000
a contact +45000 +53400 2006 2002 1000
a contact +52200 +54600 2002 9001 1000
a contact +36600 +54600 2002 9003 1000
a contact +52200 +54600 9001 2002 1000
a contact +36600 +54600 9003 2002 1000
a contact +48000 +57000 2002 2005 1000
a contact +48000 +57000 2005 2002 1000
a contact +50400 +57000 2006 2007 1000
a contact +50400 +57000 2007 2006 1000
a contact +49200 +57600 2001 2006 1000
a contact +12600 +57600 2002 2008 1000
a contact +49200 +57600 2006 2001 1000
a contact +12600 +57600 2008 2002 1000
a contact +51000 +58200 2002 2004 1000
a contact +51000 +58200 2004 2002 1000
a contact +49800 +58800 2002 2007 1000
a contact +50400 +58800 2004 2006 1000
a contact +50400 +58800 2006 2004 1000
a contact +49800 +58800 2007 2002 1000
a contact +50400 +59400 2003 2006 1000
a contact +50400 +59400 2006 2003 1000
a contact +0 +59400 2006 2008 1000
a contact +0 +59400 2008 2006 1000
a contact +52200 +60000 2001 2005 1000
a contact +52200 +60000 2005 2001 1000
a contact +54000 +61800 2001 2004 1000
a contact +54000 +61800 2004 2001 1000
a contact +32400 +63600 2001 2007 1000
a contact +32400 +63600 2007 2001 1000
a contact +54000 +64200 2004 2008 1000
a contact +54000 +64200 2008 2004 1000
a contact +57000 +65400 2002 2006 1000
a contact +55800 +65400 2003 2007 1000
a contact +57000 +65400 2006 2002 1000
a contact +55800 +65400 2007 2003 1000
a contact +59400 +67800 2002 2005 1000
a contact +59400 +67800 2005 2002 1000
a contact +62400 +68400 2002 2004 1000
a contact +62400 +68400 2004 2002 1000
a contact +52200 +68400 2006 9001 1000
a contact +41400 +68400 2006 9003 1000
a contact +52200 +68400 9001 2006 1000
a contact +41400 +68400 9003 2006 1000
a contact +60000 +69000 2001 2006 1000
a contact +60000 +69000 2006 2001 1000
a contact +63000 +70200 2001 2005 1000
a contact +63000 +70200 2005 2001 1000
a contact +40800 +70800 2001 2008 1000
a contact +61800 +70800 2002 2007 1000
a contact +61800 +70800 2002 2008 1000
a contact +66000 +70800 2006 2007 1000
a contact +61800 +70800 2007 2002 1000
a contact +66000 +70800 2007 2006 1000
a contact +40800 +70800 2008 2001 1000
a contact +61800 +70800 2008 2002 1000
a contact +62400 +71400 2003 2006 1000
a contact +62400 +71400 2006 2003 1000
a contact +15000 +72000 2001 2003 1000
a contact +64200 +72000 2001 2004 1000
a contact +15000 +72000 2003 2001 1000
a contact +64200 +72000 2004 2001 1000
a contact +63000 +72000 2004 2006 1000
a contact +63000 +72000 2006 2004 1000
a contact +64800 +72600 2001 2007 1000
a contact +64800 +72600 2007 2001 1000
a contact +61200 +73200 2006 2008 1000
a contact +61200 +73200 2008 2006 1000
a contact +56400 +73800 2002 9001 1000
a contact +56400 +73800 2002 9003 1000
a contact +56400 +73800 9001 2002 1000
a contact +56400 +73800 9003 2002 1000
a contact +68400 +76800 2002 2006 1000
a contact +68400 +76800 2006 2002 1000
a contact +21600 +77400 2005 2008 1000
a contact +21600 +77400 2008 2005 1000
a contact +68400 +78000 2003 2007 1000
a contact +53400 +78000 2003 2008 1000
a contact +67800 +78000 2004 2008 1000
a contact +68400 +78000 2007 2003 1000
a contact +53400 +78000 2008 2003 1000
a contact +67800 +78000 2008 2004 1000
a contact +30000 +78600 2001 9003 1000
a contact +70800 +78600 2002 2005 1000
a contact +76200 +78600 2002 9003 1000
a contact +30000 +78600 2003 9003 1000
a contact +30000 +78600 2004 9003 1000
a contact +70800 +78600 2005 2002 1000
a contact +30000 +78600 2005 9003 1000
a contact +69600 +78600 2006 9003 1000
a contact +30000 +78600 2007 9003 1000
a contact +30000 +78600 2008 9003 1000
a contact +30000 +78600 9003 2001 1000
a contact +76200 +78600 9003 2002 1000
a contact +30000 +78600 9003 2003 1000
a contact +30000 +78600 9003 2004 1000
a contact +30000 +78600 9003 2005 1000
a contact +69600 +78600 9003 2006 1000
a contact +30000 +78600 9003 2007 1000
a contact +30000 +78600 9003 2008 1000
a contact +70200 +79200 2001 2006 1000
a contact +40800 +79200 2004 2007 1000
a contact +70200 +79200 2006 2001 1000
a contact +40800 +79200 2007 2004 1000
a contact +72600 +79800 2002 2004 1000
a contact +72600 +79800 2004 2002 1000
a contact +74400 +81000 2001 2003 1000
a contact +73200 +81000 2001 2005 1000
a contact +74400 +81000 2003 2001 1000
a contact +73200 +81000 2005 2001 1000
a contact +74400 +81600 2001 2004 1000
a contact +74400 +81600 2004 2001 1000
a contact +73200 +84000 2002 2007 1000
a contact +74400 +84000 2003 2006 1000
a contact +74400 +84000 2006 2003 1000
a contact +73200 +84000 2007 2002 1000
a contact +81000 +85200 2006 2007 1000
a contact +81000 +85200 2007 2006 1000
a contact +51000 +86400 2001 2002 1000
a contact +84600 +86400 2001 2003 1000
a contact +85200 +86400 2001 2004 1000
a contact +84000 +86400 2001 2005 1000
a contact +81600 +86400 2001 2006 1000
a contact +76800 +86400 2001 2007 1000
a contact +78000 +86400 2001 2008 1000
a contact +52200 +86400 2001 9001 1000
a contact +78600 +86400 2001 9002 1000
a contact +51000 +86400 2002 2001 1000
a contact +84000 +86400 2002 2003 1000
a contact +82800 +86400 2002 2004 1000
a contact +82200 +86400 2002 2005 1000
a contact +79800 +86400 2002 2006 1000
a contact +84600 +86400 2002 2007 1000
a contact +72000 +86400 2002 2008 1000
a contact +76200 +86400 2002 9001 1000
a contact +78600 +86400 2002 9002 1000
a contact +84600 +86400 2003 2001 1000
a contact +84000 +86400 2003 2002 1000
a contact +0 +86400 2003 2004 1000
a contact +41400 +86400 2003 2005 1000
a contact +81000 +86400 2003 2007 1000
a contact +80400 +86400 2003 2008 1000
a contact +52200 +86400 2003 9001 1000
a contact +78600 +86400 2003 9002 1000
a contact +85200 +86400 2004 2001 1000
a contact +82800 +86400 2004 2002 1000
a contact +0 +86400 2004 2003 1000
a contact +3600 +86400 2004 2005 1000
a contact +74400 +86400 2004 2006 1000
a contact +81000 +86400 2004 2007 1000
a contact +81600 +86400 2004 2008 1000
a contact +52200 +86400 2004 9001 1000
a contact +78600 +86400 2004 9002 1000
a contact +84000 +86400 2005 2001 1000
a contact +82200 +86400 2005 2002 1000
a contact +41400 +86400 2005 2003 1000
a contact +3600 +86400 2005 2004 1000
a contact +19800 +86400 2005 2006 1000
a contact +0 +86400 2005 2007 1000
a contact +79200 +86400 2005 2008 1000
a contact +52200 +86400 2005 9001 1000
a contact +78600 +86400 2005 9002 1000
a contact +81600 +86400 2006 2001 1000
a contact +79800 +86400 2006 2002 1000
a contact +74400 +86400 2006 2004 1000
a contact +19800 +86400 2006 2005 1000
a contact +77400 +86400 2006 2008 1000
a contact +69600 +86400 2006 9001 1000
a contact +78600 +86400 2006 9002 1000
a contact +76800 +86400 2007 2001 1000
a contact +84600 +86400 2007 2002 1000
a contact +81000 +86400 2007 2003 1000
a contact +81000 +86400 2007 2004 1000
a contact +0 +86400 2007 2005 1000
a contact +0 +86400 2007 2008 1000
a contact +52200 +86400 2007 9001 1000
a contact +78600 +86400 2007 9002 1000
a contact +78000 +86400 2008 2001 1000
a contact +72000 +86400 2008 2002 1000
a contact +80400 +86400 2008 2003 1000
a contact +81600 +86400 2008 2004 1000
a contact +79200 +86400 2008 2005 1000
a contact +77400 +86400 2008 2006 1000
a contact +0 +86400 2008 2007 1000
a contact +52200 +86400 2008 9001 1000
a contact +78600 +86400 2008 9002 1000
a contact +52200 +86400 9001 2001 1000
a contact +76200 +86400 9001 2002 1000
a contact +52200 +86400 9001 2003 1000
a contact +52200 +86400 9001 2004 1000
a contact +52200 +86400 9001 2005 1000
a contact +69600 +86400 9001 2006 1000
a contact +52200 +86400 9001 2007 1000
a contact +52200 +86400 9001 2008 1000
a contact +78600 +86400 9002 2001 1000
a contact +78600 +86400 9002 2002 1000
a contact +78600 +86400 9002 2003 1000
a contact +78600 +86400 9002 2004 1000
a contact +78600 +86400 9002 2005 1000
a contact +78600 +86400 9002 2006 1000
a contact +78600 +86400 9002 2007 1000
a contact +78600 +86400 9002 2008 1000

a range +0 +600 2002 2005 0.0510
a range +0 +600 2005 2002 0.0510
a range +0 +600 2005 2006 0.0577
a range +0 +600 2006 2005 0.0577
a range +0 +1200 2001 2004 0.0489
a range +0 +1200 2004 2001 0.0489
a range +0 +1800 2003 2007 0.0556
a range +0 +1800 2007 2003 0.0556
a range +0 +3000 2001 2003 0.0460
a range +0 +3000 2001 2006 0.0518
a range +0 +3000 2003 2001 0.0460
a range +0 +3000 2006 2001 0.0518
a range +0 +3600 2003 2005 0.0529
a range +0 +3600 2005 2003 0.0529
a range +0 +4800 2005 2008 0.0624
a range +0 +4800 2008 2005 0.0624
a range +0 +7200 2001 2005 0.0488
a range +0 +7200 2002 2006 0.0520
a range +0 +7200 2005 2001 0.0488
a range +0 +7200 2006 2002 0.0520
a range +6000 +7800 2001 2002 0.0430
a range +6000 +7800 2002 2001 0.0430
a range +0 +8400 2002 2008 0.0558
a range +0 +8400 2008 2002 0.0558
a range +0 +9600 2004 2008 0.0608
a range +0 +9600 2008 2004 0.0608
a range +3600 +10800 2001 2004 0.0479
a range +3600 +10800 2004 2001 0.0479
a range +2400 +11400 2002 2007 0.0550
a range +2400 +11400 2007 2002 0.0550
a range +4200 +12000 2002 2005 0.0509
a range +600 +12000 2003 2006 0.0537
a range +1800 +12000 2004 2007 0.0589
a range +4200 +12000 2005 2002 0.0509
a range +600 +12000 2006 2003 0.0537
a range +0 +12000 2006 9001 1102.2317
a range +0 +12000 2006 9002 1102.2169
a range +1800 +12000 2007 2004 0.0589
a range +0 +12000 9001 2006 1102.2317
a range +0 +12000 9002 2006 1102.2169
a range +0 +12600 2003 2008 0.0574
a range +0 +12600 2008 2003 0.0574
a range +6600 +13800 2001 2003 0.0447
a range +6600 +13800 2003 2001 0.0447
a range +6000 +14400 2001 2006 0.0508
a range +6600 +14400 2003 2005 0.0520
a range +5400 +14400 2003 2007 0.0554
a range +6600 +14400 2005 2003 0.0520
a range +6000 +14400 2006 2001 0.0508
a range +5400 +14400 2007 2003 0.0554
a range +0 +15000 2002 9001 1102.3445
a range +0 +15000 2002 9002 1102.3248
a range +0 +15000 9001 2002 1102.3445
a range +0 +15000 9002 2002 1102.3248
a range +0 +15600 2001 9001 1102.3367
a range +0 +15600 2003 9001 1102.3386
a range +0 +15600 2004 9001 1102.3540
a range +8400 +15600 2005 2006 0.0574
a range +0 +15600 2005 9001 1102.3424
a range +8400 +15600 2006 2005 0.0574
a range +13800 +15600 2006 9001 1102.3693
a range +0 +15600 2007 9001 1102.3511
a range +0 +15600 2008 9001 1102.3573
a range +0 +15600 9001 2001 1102.3367
a range +0 +15600 9001 2003 1102.3386
a range +0 +15600 9001 2004 1102.3540
a range +0 +15600 9001 2005 1102.3424
a range +13800 +15600 9001 2006 1102.3693
a range +0 +15600 9001 2007 1102.3511
a range +0 +15600 9001 2008 1102.3573
a range +10200 +18000 2001 2005 0.0505
a range +10200 +18000 2005 2001 0.0505
a range +10800 +19200 2002 2006 0.0543
a range +10800 +19200 2006 2002 0.0543
a range +7800 +19800 2005 2008 0.0619
a range +7800 +19800 2008 2005 0.0619
a range +13800 +21000 2001 2004 0.0481
a range +13800 +21000 2004 2001 0.0481
a range +15000 +23400 2002 2005 0.0500
a range +12600 +23400 2003 2006 0.0537
a range +12600 +23400 2004 2008 0.0611
a range +15000 +23400 2005 2002 0.0500
a range +12600 +23400 2006 2003 0.0537
a range +12600 +23400 2008 2004 0.0611
a range +13800 +24000 2002 2007 0.0539
a range +13800 +24000 2007 2002 0.0539
a range +16200 +25200 2001 2006 0.0501
a range +15000 +25200 2003 2008 0.0582
a range +15600 +25200 2004 2007 0.0574
a range +16200 +25200 2006 2001 0.0501
a range +15600 +25200 2007 2004 0.0574
a range +15000 +25200 2008 2003 0.0582
a range +19200 +26400 2003 2005 0.0529
a range +19200 +26400 2005 2003 0.0529
a range +18000 +27600 2003 2007 0.0581
a range +18000 +27600 2007 2003 0.0581
a range +21000 +28200 2001 2005 0.0487
a range +0 +28200 2001 2007 0.0535
a range +21000 +28200 2005 2001 0.0487
a range +0 +28200 2007 2001 0.0535
a range +0 +28800 2002 2003 0.0466
a range +0 +28800 2003 2002 0.0466
a range +0 +30000 2001 2008 0.0536
a range +0 +30000 2008 2001 0.0536
a range +22200 +30600 2002 2006 0.0536
a range +22200 +30600 2006 2002 0.0536
a range +24000 +31200 2001 2004 0.0469
a range +24000 +31200 2004 2001 0.0469
a range +0 +33600 2004 2006 0.0569
a range +0 +33600 2006 2004 0.0569
a range +17400 +34800 2002 9002 1103.1007
a range +30000 +34800 2002 9003 1103.1029
a range +17400 +34800 9002 2002 1103.1007
a range +30000 +34800 9003 2002 1103.1029
a range +27000 +35400 2001 2006 0.0500
a range +25800 +35400 2002 2005 0.0507
a range +25200 +35400 2003 2006 0.0549
a range +25800 +35400 2005 2002 0.0507
a range +27000 +35400 2006 2001 0.0500
a range +25200 +35400 2006 2003 0.0549
a range +25200 +36000 2002 2007 0.0543
a range +25200 +36000 2007 2002 0.0543
a range +31200 +36600 2002 2003 0.0464
a range +31200 +36600 2003 2002 0.0464
a range +26400 +37200 2004 2008 0.0614
a range +26400 +37200 2008 2004 0.0614
a range +28800 +38400 2003 2008 0.0583
a range +28800 +38400 2008 2003 0.0583
a range +31200 +39000 2001 2005 0.0504
a range +30600 +39000 2003 2005 0.0529
a range +28200 +39000 2004 2007 0.0573
a range +31200 +39000 2005 2001 0.0504
a range +30600 +39000 2005 2003 0.0529
a range +28200 +39000 2007 2004 0.0573
a range +30600 +40200 2003 2007 0.0581
a range +13800 +40200 2006 9002 1103.3222
a range +30000 +40200 2006 9003 1103.3115
a range +30600 +40200 2007 2003 0.0581
a range +13800 +40200 9002 2006 1103.3222
a range +30000 +40200 9003 2006 1103.3115
a range +33600 +42000 2001 2004 0.0475
a range +33600 +42000 2002 2006 0.0529
a range +33600 +42000 2004 2001 0.0475
a range +33600 +42000 2006 2002 0.0529
a range +0 +42600 2001 9002 1103.3976
a range +36600 +42600 2002 9002 1103.3727
a range +0 +42600 2003 9002 1103.4107
a range +0 +42600 2004 9002 1103.3968
a range +0 +42600 2005 9002 1103.3882
a range +41400 +42600 2006 9002 1103.4149
a range +0 +42600 2007 9002 1103.3735
a range +0 +42600 2008 9002 1103.3920
a range +0 +42600 9002 2001 1103.3976
a range +36600 +42600 9002 2002 1103.3727
a range +0 +42600 9002 2003 1103.4107
a range +0 +42600 9002 2004 1103.3968
a range +0 +42600 9002 2005 1103.3882
a range +41400 +42600 9002 2006 1103.4149
a range +0 +42600 9002 2007 1103.3735
a range +0 +42600 9002 2008 1103.3920
a range +0 +43800 2006 2007 0.0609
a range +0 +43800 2007 2006 0.0609
a range +43800 +45000 2002 2003 0.0464
a range +43800 +45000 2003 2002 0.0464
a range +43800 +45600 2001 2002 0.0426
a range +43800 +45600 2002 2001 0.0426
a range +37200 +45600 2004 2006 0.0563
a range +37200 +45600 2006 2004 0.0563
a range +38400 +46200 2001 2006 0.0514
a range +36600 +46200 2002 2005 0.0506
a range +36600 +46200 2005 2002 0.0506
a range +38400 +46200 2006 2001 0.0514
a range +37200 +46800 2002 2007 0.0537
a range +37200 +46800 2007 2002 0.0537
a range +37800 +47400 2003 2006 0.0558
a range +37800 +47400 2006 2003 0.0558
a range +0 +48000 2002 2004 0.0495
a range +0 +48000 2004 2002 0.0495
a range +42000 +49200 2001 2005 0.0487
a range +42000 +49200 2005 2001 0.0487
a range +40200 +50400 2004 2008 0.0592
a range +40200 +50400 2008 2004 0.0592
a range +43800 +52200 2001 2004 0.0472
a range +41400 +52200 2003 2008 0.0575
a range +43800 +52200 2004 2001 0.0472
a range +41400 +52200 2008 2003 0.0575
a range +43200 +52800 2003 2007 0.0580
a range +43200 +52800 2007 2003 0.0580
a range +45000 +53400 2002 2006 0.0522
a range +45000 +53400 2006 2002 0.0522
a range +52200 +54600 2002 9001 1103.8697
a range +36600 +54600 2002 9003 1103.8519
a range +52200 +54600 9001 2002 1103.8697
a range +36600 +54600 9003 2002 1103.8519
a range +48000 +57000 2002 2005 0.0513
a range +48000 +57000 2005 2002 0.0513
a range +50400 +57000 2006 2007 0.0610
a range +50400 +57000 2007 2006 0.0610
a range +49200 +57600 2001 2006 0.0515
a range +12600 +57600 2002 2008 0.0563
a range +49200 +57600 2006 2001 0.0515
a range +12600 +57600 2008 2002 0.0563
a range +51000 +58200 2002 2004 0.0502
a range +51000 +58200 2004 2002 0.0502
a range +49800 +58800 2002 2007 0.0554
a range +50400 +58800 2004 2006 0.0571
a range +50400 +58800 2006 2004 0.0571
a range +49800 +58800 2007 2002 0.0554
a range +50400 +59400 2003 2006 0.0555
a range +50400 +59400 2006 2003 0.0555
a range +0 +59400 2006 2008 0.0632
a range +0 +59400 2008 2006 0.0632
a range +52200 +60000 2001 2005 0.0504
a range +52200 +60000 2005 2001 0.0504
a range +54000 +61800 2001 2004 0.0465
a range +54000 +61800 2004 2001 0.0465
a range +32400 +63600 2001 2007 0.0522
a range +32400 +63600 2007 2001 0.0522
a range +54000 +64200 2004 2008 0.0596
a range +54000 +64200 2008 2004 0.0596
a range +57000 +65400 2002 2006 0.0544
a range +55800 +65400 2003 2007 0.0580
a range +57000 +65400 2006 2002 0.0544
a range +55800 +65400 2007 2003 0.0580
a range +59400 +67800 2002 2005 0.0516
a range +59400 +67800 2005 2002 0.0516
a range +62400 +68400 2002 2004 0.0485
a range +62400 +68400 2004 2002 0.0485
a range +52200 +68400 2006 9001 1104.3927
a range +41400 +68400 2006 9003 1104.3991
a range +52200 +68400 9001 2006 1104.3927
a range +41400 +68400 9003 2006 1104.3991
a range +60000 +69000 2001 2006 0.0506
a range +60000 +69000 2006 2001 0.0506
a range +63000 +70200 2001 2005 0.0487
a range +63000 +70200 2005 2001 0.0487
a range +40800 +70800 2001 2008 0.0543
a range +61800 +70800 2002 2007 0.0536
a range +61800 +70800 2002 2008 0.0555
a range +66000 +70800 2006 2007 0.0612
a range +61800 +70800 2007 2002 0.0536
a range +66000 +70800 2007 2006 0.0612
a range +40800 +70800 2008 2001 0.0543
a range +61800 +70800 2008 2002 0.0555
a range +62400 +71400 2003 2006 0.0538
a range +62400 +71400 2006 2003 0.0538
a range +15000 +72000 2001 2003 0.0453
a range +64200 +72000 2001 2004 0.0486
a range +15000 +72000 2003 2001 0.0453
a range +64200 +72000 2004 2001 0.0486
a range +63000 +72000 2004 2006 0.0556
a range +63000 +72000 2006 2004 0.0556
a range +64800 +72600 2001 2007 0.0525
a range +64800 +72600 2007 2001 0.0525
a range +61200 +73200 2006 2008 0.0635
a range +61200 +73200 2008 2006 0.0635
a range +56400 +73800 2002 9001 1104.5907
a range +56400 +73800 2002 9003 1104.6063
a range +56400 +73800 9001 2002 1104.5907
a range +56400 +73800 9003 2002 1104.6063
a range +68400 +76800 2002 2006 0.0537
a range +68400 +76800 2006 2002 0.0537
a range +21600 +77400 2005 2008 0.0617
a range +21600 +77400 2008 2005 0.0617
a range +68400 +78000 2003 2007 0.0579
a range +53400 +78000 2003 2008 0.0587
a range +67800 +78000 2004 2008 0.0600
a range +68400 +78000 2007 2003 0.0579
a range +53400 +78000 2008 2003 0.0587
a range +67800 +78000 2008 2004 0.0600
a range +30000 +78600 2001 9003 1104.7848
a range +70800 +78600 2002 2005 0.0505
a range +76200 +78600 2002 9003 1104.7828
a range +30000 +78600 2003 9003 1104.7566
a range +30000 +78600 2004 9003 1104.7663
a range +70800 +78600 2005 2002 0.0505
a range +30000 +78600 2005 9003 1104.7826
a range +69600 +78600 2006 9003 1104.7567
a range +30000 +78600 2007 9003 1104.7940
a range +30000 +78600 2008 9003 1104.7850
a range +30000 +78600 9003 2001 1104.7848
a range +76200 +78600 9003 2002 1104.7828
a range +30000 +78600 9003 2003 1104.7566
a range +30000 +78600 9003 2004 1104.7663
a range +30000 +78600 9003 2005 1104.7826
a range +69600 +78600 9003 2006 1104.7567
a range +30000 +78600 9003 2007 1104.7940
a range +30000 +78600 9003 2008 1104.7850
a range +70200 +79200 2001 2006 0.0506
a range +40800 +79200 2004 2007 0.0575
a range +70200 +79200 2006 2001 0.0506
a range +40800 +79200 2007 2004 0.0575
a range +72600 +79800 2002 2004 0.0485
a range +72600 +79800 2004 2002 0.0485
a range +74400 +81000 2001 2003 0.0464
a range +73200 +81000 2001 2005 0.0503
a range +74400 +81000 2003 2001 0.0464
a range +73200 +81000 2005 2001 0.0503
a range +74400 +81600 2001 2004 0.0472
a range +74400 +81600 2004 2001 0.0472
a range +73200 +84000 2002 2007 0.0538
a range +74400 +84000 2003 2006 0.0537
a range +74400 +84000 2006 2003 0.0537
a range +73200 +84000 2007 2002 0.0538
a range +81000 +85200 2006 2007 0.0612
a range +81000 +85200 2007 2006 0.0612
a range +51000 +86400 2001 2002 0.0280
a range +84600 +86400 2001 2003 0.0363
a range +85200 +86400 2001 2004 0.0315
a range +84000 +86400 2001 2005 0.0163
a range +81600 +86400 2001 2006 0.0239
a range +76800 +86400 2001 2007 0.0438
a range +78000 +86400 2001 2008 0.0364
a range +52200 +86400 2001 9001 1105.0487
a range +78600 +86400 2001 9002 1105.0559
a range +51000 +86400 2002 2001 0.0280
a range +84000 +86400 2002 2003 0.0446
a range +82800 +86400 2002 2004 0.0311
a range +82200 +86400 2002 2005 0.0228
a range +79800 +86400 2002 2006 0.0378
a range +84600 +86400 2002 2007 0.0430
a range +72000 +86400 2002 2008 0.0336
a range +76200 +86400 2002 9001 1105.0379
a range +78600 +86400 2002 9002 1105.0451
a range +84600 +86400 2003 2001 0.0363
a range +84000 +86400 2003 2002 0.0446
a range +0 +86400 2003 2004 0.0226
a range +41400 +86400 2003 2005 0.0392
a range +81000 +86400 2003 2007 0.0167
a range +80400 +86400 2003 2008 0.0288
a range +52200 +86400 2003 9001 1105.0813
a range +78600 +86400 2003 9002 1105.0886
a range +85200 +86400 2004 2001 0.0315
a range +82800 +86400 2004 2002 0.0311
a range +0 +86400 2004 2003 0.0226
a range +3600 +86400 2004 2005 0.0244
a range +74400 +86400 2004 2006 0.0527
a range +81000 +86400 2004 2007 0.0166
a range +81600 +86400 2004 2008 0.0073
a range +52200 +86400 2004 9001 1105.0655
a range +78600 +86400 2004 9002 1105.0728
a range +84000 +86400 2005 2001 0.0163
a range +82200 +86400 2005 2002 0.0228
a range +41400 +86400 2005 2003 0.0392
a range +3600 +86400 2005 2004 0.0244
a range +19800 +86400 2005 2006 0.0376
a range +0 +86400 2005 2007 0.0403
a range +79200 +86400 2005 2008 0.0264
a range +52200 +86400 2005 9001 1105.0454
a range +78600 +86400 2005 9002 1105.0527
a range +81600 +86400 2006 2001 0.0239
a range +79800 +86400 2006 2002 0.0378
a range +74400 +86400 2006 2004 0.0527
a range +19800 +86400 2006 2005 0.0376
a range +77400 +86400 2006 2008 0.0583
a range +69600 +86400 2006 9001 1105.0376
a range +78600 +86400 2006 9002 1105.0448
a range +76800 +86400 2007 2001 0.0438
a range +84600 +86400 2007 2002 0.0430
a range +81000 +86400 2007 2003 0.0167
a range +81000 +86400 2007 2004 0.0166
a range +0 +86400 2007 2005 0.0403
a range +0 +86400 2007 2008 0.0196
a range +52200 +86400 2007 9001 1105.0799
a range +78600 +86400 2007 9002 1105.0871
a range +78000 +86400 2008 2001 0.0364
a range +72000 +86400 2008 2002 0.0336
a range +80400 +86400 2008 2003 0.0288
a range +81600 +86400 2008 2004 0.0073
a range +79200 +86400 2008 2005 0.0264
a range +77400 +86400 2008 2006 0.0583
a range +0 +86400 2008 2007 0.0196
a range +52200 +86400 2008 9001 1105.0646
a range +78600 +86400 2008 9002 1105.0718
a range +52200 +86400 9001 2001 1105.0487
a range +76200 +86400 9001 2002 1105.0379
a range +52200 +86400 9001 2003 1105.0813
a range +52200 +86400 9001 2004 1105.0655
a range +52200 +86400 9001 2005 1105.0454
a range +69600 +86400 9001 2006 1105.0376
a range +52200 +86400 9001 2007 1105.0799
a range +52200 +86400 9001 2008 1105.0646
a range +78600 +86400 9002 2001 1105.0559
a range +78600 +86400 9002 2002 1105.0451
a range +78600 +86400 9002 2003 1105.0886
a range +78600 +86400 9002 2004 1105.0728
a range +78600 +86400 9002 2005 1105.0527
a range +78600 +86400 9002 2006 1105.0448
a range +78600 +86400 9002 2007 1105.0871
a range +78600 +86400 9002 2008 1105.0718

a position +0 +600 2002 2005 8266460.54904712 2408493.57162714 233949417.478252 8271603.76498718 2394126.03377467 233948740.183306
a position +0 +600 2005 2002 8271603.76498718 2394126.03377467 233948740.183306 8266460.54904712 2408493.57162714 233949417.478252
a position +0 +600 2005 2006 8271603.76498718 2394126.03377467 233948740.183306 8260098.94529272 2405265.03226569 233942199.827994
a position +0 +600 2006 2005 8260098.94529272 2405265.03226569 233942199.827994 8271603.76498718 2394126.03377467 233948740.183306
a position +0 +1200 2001 2004 8247281.83452438 2395543.50111714 233949863.503074 8253195.98003915 2408882.489883 233948320.092889
a position +0 +1200 2004 2001 8253195.98003915 2408882.489883 233948320.092889 8247281.83452438 2395543.50111714 233949863.503074
a position +0 +1800 2003 2007 8237859.52001647 2403245.89493965 233959293.050301 8237538.5186967 2391171.76552641 233947822.661107
a position +0 +1800 2007 2003 8237538.5186967 2391171.76552641 233947822.661107 8237859.52001647 2403245.89493965 233959293.050301
a position +0 +3000 2001 2003 8209357.787469 2392504.94390594 233955040.409065 8209786.69424262 2404758.12563708 233961344.133492
a position +0 +3000 2001 2006 8209357.787469 2392504.94390594 233955040.409065 8206700.17991124 2407369.34745313 233951450.668015
a position +0 +3000 2003 2001 8209786.69424262 2404758.12563708 233961344.133492 8209357.787469 2392504.94390594 233955040.409065
a position +0 +3000 2006 2001 8206700.17991124 2407369.34745313 233951450.668015 8209357.787469 2392504.94390594 233955040.409065
a position +0 +3600 2003 2005 8195762.01697622 2405289.4231894 233962085.973379 8195634.8288741 2390066.843611 233957628.247107
a position +0 +3600 2005 2003 8195634.8288741 2390066.843611 233957628.247107 8195762.01697622 2405289.4231894 233962085.973379
a position +0 +4800 2005 2008 8165123.54720963 2389743.59020561 233961109.218974 8173831.13127978 2405314.45166233 233955503.962496
a position +0 +4800 2008 2005 8173831.13127978 2405314.45166233 233955503.962496 8165123.54720963 2389743.59020561 233961109.218974
a position +0 +7200 2001 2005 8119104.12110029 2395264.74257453 233967605.586881 8105061.30264606 2391136.71006185 233967953.811208
a position +0 +7200 2002 2006 8107465.15668284 2393648.72291239 233962683.858244 8114955.93330356 2405367.64136639 233969732.13426
a position +0 +7200 2005 2001 8105061.30264606 2391136.71006185 233967953.811208 8119104.12110029 2395264.74257453 233967605.586881
a position +0 +7200 2006 2002 8114955.93330356 2405367.64136639 233969732.13426 8107465.15668284 2393648.72291239 233962683.858244
a position +6000 +7800 2001 2002 8105240.12925958 2396325.57062755 233969432.063181 8094014.72262644 2391969.68344999 233964864.123039
a position +6000 +7800 2002 2001 8094014.72262644 2391969.68344999 233964864.123039 8105240.12925958 2396325.57062755 233969432.063181
a position +0 +8400 2002 2008 8080720.4136089 2390442.63501879 233967210.937522 8085614.42670974 2406069.92577545 233970612.985704
a position +0 +8400 2008 2002 8085614.42670974 2406069.92577545 233970612.985704 8080720.4136089 2390442.63501879 233967210.937522
a position +0 +9600 2004 2008 8060265.11130138 2388170.50652523 233971231.69594 8055953.35752675 2405264.62968379 233975819.273556
a position +0 +9600 2008 2004 8055953.35752675 2405264.62968379 233975819.273556 8060265.11130138 2388170.50652523 233971231.69594
a position +3600 +10800 2001 2004 8031576.4678487 2400223.2383821 233978477.675255 8030696.99776392 2386048.00396764 233976434.924509
a position +3600 +10800 2004 2001 8030696.99776392 2386048.00396764 233976434.924509 8031576.4678487 2400223.2383821 233978477.675255
a position +2400 +11400 2002 2007 8015570.33062064 2386243.60716466 233980508.543879 8014802.2733352 2401041.89109109 233973251.884603
a position +2400 +11400 2007 2002 8014802.2733352 2401041.89109109 233973251.884603 8015570.33062064 2386243.60716466 233980508.543879
a position +4200 +12000 2002 2005 8002559.62958772 2386200.72525702 233983243.923859 7992659.21608246 2397670.46707888 233981404.761558
a position +600 +12000 2003 2006 8000521.2837311 2391586.10504611 233973823.964308 8007128.74840409 2394418.23537266 233988240.098319
a position +1800 +12000 2004 2007 8000897.11798088 2384725.62220712 233981807.011293 8000867.03107317 2401392.11393088 233975971.307663
a position +4200 +12000 2005 2002 7992659.21608246 2397670.46707888 233981404.761558 8002559.62958772 2386200.72525702 233983243.923859
a position +600 +12000 2006 2003 8007128.74840409 2394418.23537266 233988240.098319 8000521.2837311 2391586.10504611 233973823.964308
a position +0 +12000 2006 9001 8007128.74840409 2394418.23537266 233988240.098319 -136031994.068677 3750.98291015625 -63397207.5196607
a position +0 +12000 2006 9002 8007128.74840409 2394418.23537266 233988240.098319 -136036578.066907 4196.68310546875 -63390062.5943677
a position +1800 +12000 2007 2004 8000867.03107317 2401392.11393088 233975971.307663 8000897.11798088 2384725.62220712 233981807.011293
a position +0 +12000 9001 2006 -136031994.068677 3750.98291015625 -63397207.5196607 8007128.74840409 2394418.23537266 233988240.098319
a position +0 +12000 9002 2006 -136036578.066907 4196.68310546875 -63390062.5943677 8007128.74840409 2394418.23537266 233988240.098319
a position +0 +12600 2003 2008 7986615.45444922 2389840.88443469 233975962.846751 7982085.88825649 2400890.91711124 233988359.085115
a position +0 +12600 2008 2003 7982085.88825649 2400890.91711124 233988359.085115 7986615.45444922 2389840.88443469 233975962.846751
a position +6600 +13800 2001 2003 7954625.43516111 2397730.19275291 233987166.599385 7958787.77802542 2386654.35442997 233980893.024443
a position +6600 +13800 2003 2001 7958787.77802542 2386654.35442997 233980893.024443 7954625.43516111 2397730.19275291 233987166.599385
a position +6000 +14400 2001 2006 7939512.25032309 2396362.63924705 233988856.233067 7950548.10697774 2387767.04176597 233994894.023184
a position +6600 +14400 2003 2005 7944862.19698042 2385284.29419866 233983640.460679 7940517.94276716 2399543.21877805 233988182.383271
a position +5400 +14400 2003 2007 7944862.19698042 2385284.29419866 233983640.460679 7945054.52501601 2401433.58130768 233987548.467937
a position +6600 +14400 2005 2003 7940517.94276716 2399543.21877805 233988182.383271 7944862.19698042 2385284.29419866 233983640.460679
a position +6000 +14400 2006 2001 7950548.10697774 2387767.04176597 233994894.023184 7939512.25032309 2396362.63924705 233988856.233067
a position +5400 +14400 2007 2003 7945054.52501601 2401433.58130768 233987548.467937 7944862.19698042 2385284.29419866 233983640.460679
a position +0 +15000 2002 9001 7935751.28969982 2389253.74156551 233995395.546924 -135996277.478384 3750.98291015625 -63479524.8616181
a position +0 +15000 2002 9002 7935751.28969982 2389253.74156551 233995395.546924 -135999188.805654 4196.68310546875 -63471550.7051239
a position +0 +15000 9001 2002 -135996277.478384 3750.98291015625 -63479524.8616181 7935751.28969982 2389253.74156551 233995395.546924
a position +0 +15000 9002 2002 -135999188.805654 4196.68310546875 -63471550.7051239 7935751.28969982 2389253.74156551 233995395.546924
a position +0 +15600 2001 9001 7910007.87567392 2393024.41056935 233992201.280523 -135989153.766107 3750.98291015625 -63495968.3965652
a position +0 +15600 2003 9001 7916980.03118386 2383134.04111755 233989548.364393 -135989153.766107 3750.98291015625 -63495968.3965652
a position +0 +15600 2004 9001 7911966.01243261 2385627.62058606 233997072.223592 -135989153.766107 3750.98291015625 -63495968.3965652
a position +8400 +15600 2005 2006 7915047.42881062 2399525.15598467 233991615.985215 7921587.66962468 2384759.02053613 233997522.279183
a position +0 +15600 2005 9001 7915047.42881062 2399525.15598467 233991615.985215 -135989153.766107 3750.98291015625 -63495968.3965652
a position +8400 +15600 2006 2005 7921587.66962468 2384759.02053613 233997522.279183 7915047.42881062 2399525.15598467 233991615.985215
a position +13800 +15600 2006 9001 7921587.66962468 2384759.02053613 233997522.279183 -135989153.766107 3750.98291015625 -63495968.3965652
a position +0 +15600 2007 9001 7917100.9098247 2400553.92752234 233993503.985909 -135989153.766107 3750.98291015625 -63495968.3965652
a position +0 +15600 2008 9001 7909643.06267653 2393872.94550139 233999255.768904 -135989153.766107 3750.98291015625 -63495968.3965652
a position +0 +15600 9001 2001 -135989153.766107 3750.98291015625 -63495968.3965652 7910007.87567392 2393024.41056935 233992201.280523
a position +0 +15600 9001 2003 -135989153.766107 3750.98291015625 -63495968.3965652 7916980.03118386 2383134.04111755 233989548.364393
a position +0 +15600 9001 2004 -135989153.766107 3750.98291015625 -63495968.3965652 7911966.01243261 2385627.62058606 233997072.223592
a position +0 +15600 9001 2005 -135989153.766107 3750.98291015625 -63495968.3965652 7915047.42881062 2399525.15598467 233991615.985215
a position +13800 +15600 9001 2006 -135989153.766107 3750.98291015625 -63495968.3965652 7921587.66962468 2384759.02053613 233997522.279183
a position +0 +15600 9001 2007 -135989153.766107 3750.98291015625 -63495968.3965652 7917100.9098247 2400553.92752234 233993503.985909
a position +0 +15600 9001 2008 -135989153.766107 3750.98291015625 -63495968.3965652 7909643.06267653 2393872.94550139 233999255.768904
a position +10200 +18000 2001 2005 7854591.99555865 2385618.87846628 233998842.719899 7864275.15568313 2397241.17379115 233998590.536735
a position +10200 +18000 2005 2001 7864275.15568313 2397241.17379115 233998590.536735 7854591.99555865 2385618.87846628 233998842.719899
a position +10800 +19200 2002 2006 7834915.42650451 2394823.19587787 234005164.312964 7832957.83483413 2378759.86436026 234003414.116987
a position +10800 +19200 2006 2002 7832957.83483413 2378759.86436026 234003414.116987 7834915.42650451 2394823.19587787 234005164.312964
a position +7800 +19800 2005 2008 7825497.42787925 2393694.37437565 234003908.406324 7812069.52678807 2382744.93613741 234010530.354295
a position +7800 +19800 2008 2005 7812069.52678807 2382744.93613741 234010530.354295 7825497.42787925 2393694.37437565 234003908.406324
a position +13800 +21000 2001 2004 7790834.04670051 2379971.14485106 234007314.082024 7786361.04242329 2392957.80114184 234011674.527989
a position +13800 +21000 2004 2001 7786361.04242329 2392957.80114184 234011674.527989 7790834.04670051 2379971.14485106 234007314.082024
a position +15000 +23400 2002 2005 7730690.26394941 2390111.61293013 234010740.576431 7743770.52034523 2383893.84564771 234014662.481748
a position +12600 +23400 2003 2006 7734746.91366333 2388164.88023718 234022025.326732 7729608.28720511 2379065.75995224 234009760.11216
a position +12600 +23400 2004 2008 7733726.21672038 2393652.98064209 234015141.352736 7731823.91999658 2375535.90179816 234016942.990026
a position +15000 +23400 2005 2002 7743770.52034523 2383893.84564771 234014662.481748 7730690.26394941 2390111.61293013 234010740.576431
a position +12600 +23400 2006 2003 7729608.28720511 2379065.75995224 234009760.11216 7734746.91366333 2388164.88023718 234022025.326732
a position +12600 +23400 2008 2004 7731823.91999658 2375535.90179816 234016942.990026 7733726.21672038 2393652.98064209 234015141.352736
a position +13800 +24000 2002 2007 7716178.14648508 2388520.30114729 234011842.956268 7720759.93289977 2381756.130803 234025799.39515
a position +13800 +24000 2007 2002 7720759.93289977 2381756.130803 234025799.39515 7716178.14648508 2388520.30114729 234011842.956268
a position +16200 +25200 2001 2006 7699929.48724992 2383498.21989918 234019736.655041 7686482.85121165 2381121.17509047 234013491.788664
a position +15000 +25200 2003 2008 7692644.76505275 2390234.98344126 234024761.346846 7692377.55509993 2373562.53929457 234019581.626006
a position +15600 +25200 2004 2007 7694633.00109036 2392025.68459832 234017508.364983 7692690.45652681 2378683.19837149 234028189.535436
a position +16200 +25200 2006 2001 7686482.85121165 2381121.17509047 234013491.788664 7699929.48724992 2383498.21989918 234019736.655041
a position +15600 +25200 2007 2004 7692690.45652681 2378683.19837149 234028189.535436 7694633.00109036 2392025.68459832 234017508.364983
a position +15000 +25200 2008 2003 7692377.55509993 2373562.53929457 234019581.626006 7692644.76505275 2390234.98344126 234024761.346846
a position +19200 +26400 2003 2005 7664622.80170073 2390731.95285138 234025782.18094 7670710.00631851 2376254.69835268 234023572.579402
a position +19200 +26400 2005 2003 7670710.00631851 2376254.69835268 234023572.579402 7664622.80170073 2390731.95285138 234025782.18094
a position +18000 +27600 2003 2007 7636648.23237963 2390322.37779987 234026490.281327 7636609.17881272 2373644.27945474 234031496.1698
a position +18000 +27600 2007 2003 7636609.17881272 2373644.27945474 234031496.1698 7636648.23237963 2390322.37779987 234026490.281327
a position +21000 +28200 2001 2005 7626921.77651608 2387763.78371444 234028675.324669 7625300.32721532 2373248.44152101 234028825.522793
a position +0 +28200 2001 2007 7626921.77651608 2387763.78371444 234028675.324669 7622604.99377178 2372693.74817399 234032094.224798
a position +21000 +28200 2005 2001 7625300.32721532 2373248.44152101 234028825.522793 7626921.77651608 2387763.78371444 234028675.324669
a position +0 +28200 2007 2001 7622604.99377178 2372693.74817399 234032094.224798 7626921.77651608 2387763.78371444 234028675.324669
a position +0 +28800 2002 2003 7606596.04916681 2375145.73216237 234027098.80337 7608723.72861418 2388955.29043113 234027214.170065
a position +0 +28800 2003 2002 7608723.72861418 2388955.29043113 234027214.170065 7606596.04916681 2375145.73216237 234027098.80337
a position +0 +30000 2001 2008 7580758.723774 2387646.39851177 234033887.800741 7586715.88212411 2374170.20920049 234027484.867689
a position +0 +30000 2008 2001 7586715.88212411 2374170.20920049 234027484.867689 7580758.723774 2387646.39851177 234033887.800741
a position +22200 +30600 2002 2006 7567610.73620913 2372805.90669954 234035112.137098 7563289.17327019 2387682.82771124 234030794.620461
a position +22200 +30600 2006 2002 7563289.17327019 2387682.82771124 234030794.620461 7567610.73620913 2372805.90669954 234035112.137098
a position +24000 +31200 2001 2004 7549963.0883669 2386025.06039646 234037277.563546 7558943.257018 2376931.44999378 234031435.622913
a position +24000 +31200 2004 2001 7558943.257018 2376931.44999378 234031435.622913 7549963.0883669 2386025.06039646 234037277.563546
a position +0 +33600 2004 2006 7500860.82079082 2371114.45816922 234040771.516059 7497661.81311267 2387653.18684322 234043463.73886
a position +0 +33600 2006 2004 7497661.81311267 2387653.18684322 234043463.73886 7500860.82079082 2371114.45816922 234040771.516059
a position +17400 +34800 2002 9002 7474588.3865413 2375879.6232723 234052356.277363 -135754678.01039 4196.68310546875 -64013204.9828516
a position +30000 +34800 2002 9003 7474588.3865413 2375879.6232723 234052356.277363 -135763871.920058 -3748.65649414063 -64009470.3840357
a position +17400 +34800 9002 2002 -135754678.01039 4196.68310546875 -64013204.9828516 7474588.3865413 2375879.6232723 234052356.277363
a position +30000 +34800 9003 2002 -135763871.920058 -3748.65649414063 -64009470.3840357 7474588.3865413 2375879.6232723 234052356.277363
a position +27000 +35400 2001 2006 7448954.57051361 2374199.06980703 234048791.941762 7458335.80208813 2385636.82714358 234051253.618912
a position +25800 +35400 2002 2005 7460662.91483781 2376886.80726068 234054221.896302 7446414.65573563 2376324.75541139 234048967.453249
a position +25200 +35400 2003 2006 7455646.26059963 2371717.35120707 234042906.199575 7458335.80208813 2385636.82714358 234051253.618912
a position +25800 +35400 2005 2002 7446414.65573563 2376324.75541139 234048967.453249 7460662.91483781 2376886.80726068 234054221.896302
a position +27000 +35400 2006 2001 7458335.80208813 2385636.82714358 234051253.618912 7448954.57051361 2374199.06980703 234048791.941762
a position +25200 +35400 2006 2003 7458335.80208813 2385636.82714358 234051253.618912 7455646.26059963 2371717.35120707 234042906.199575
a position +25200 +36000 2002 2007 7446543.03522944 2377895.80432751 234055892.399347 7441224.99299034 2373253.33500986 234041215.7023
a position +25200 +36000 2007 2002 7441224.99299034 2373253.33500986 234041215.7023 7446543.03522944 2377895.80432751 234055892.399347
a position +31200 +36600 2002 2003 7432234.01310786 2378854.22003574 234057369.168609 7427784.37385765 2369141.32621718 234048468.288562
a position +31200 +36600 2003 2002 7427784.37385765 2369141.32621718 234048468.288562 7432234.01310786 2378854.22003574 234057369.168609
a position +26400 +37200 2004 2008 7411555.37404992 2367797.61561088 234056529.303724 7419284.73777647 2382559.27298506 234048724.775537
a position +26400 +37200 2008 2004 7419284.73777647 2382559.27298506 234048724.775537 7411555.37404992 2367797.61561088 234056529.303724
a position +28800 +38400 2003 2008 7385907.11169519 2366884.33005445 234057582.851646 7390125.85560081 2383352.39988174 234053461.037943
a position +28800 +38400 2008 2003 7390125.85560081 2383352.39988174 234053461.037943 7385907.11169519 2366884.33005445 234057582.851646
a position +31200 +39000 2001 2005 7372283.85127287 2367507.79090243 234058808.027299 7365304.88683972 2380912.86648348 234058831.530875
a position +30600 +39000 2003 2005 7371923.02466964 2366607.95196799 234060667.809823 7365304.88683972 2380912.86648348 234058831.530875
a position +28200 +39000 2004 2007 7367218.84004907 2368841.31877766 234063879.60132 7371661.64138836 2377273.69024251 234049605.602433
a position +31200 +39000 2005 2001 7365304.88683972 2380912.86648348 234058831.530875 7372283.85127287 2367507.79090243 234058808.027299
a position +30600 +39000 2005 2003 7365304.88683972 2380912.86648348 234058831.530875 7371923.02466964 2366607.95196799 234060667.809823
a position +28200 +39000 2007 2004 7371661.64138836 2377273.69024251 234049605.602433 7367218.84004907 2368841.31877766 234063879.60132
a position +30600 +40200 2003 2007 7343918.11172138 2366754.62052984 234066658.719055 7343826.96183162 2378707.24307844 234054006.798343
a position +13800 +40200 2006 9002 7350266.53331089 2374446.26009503 234069220.481858 -135689265.762765 4196.68310546875 -64161095.680177
a position +30000 +40200 2006 9003 7350266.53331089 2374446.26009503 234069220.481858 -135696302.961495 -3748.65649414063 -64154099.036134
a position +30600 +40200 2007 2003 7343826.96183162 2378707.24307844 234054006.798343 7343918.11172138 2366754.62052984 234066658.719055
a position +13800 +40200 9002 2006 -135689265.762765 4196.68310546875 -64161095.680177 7350266.53331089 2374446.26009503 234069220.481858
a position +30000 +40200 9003 2006 -135696302.961495 -3748.65649414063 -64154099.036134 7350266.53331089 2374446.26009503 234069220.481858
a position +33600 +42000 2001 2004 7308069.8838531 2369666.23264423 234067536.181955 7295626.45380733 2372972.3621759 234073633.034704
a position +33600 +42000 2002 2006 7298697.32063565 2378777.05281332 234065221.660137 7307895.00019566 2369424.07334311 234074159.772163
a position +33600 +42000 2004 2001 7295626.45380733 2372972.3621759 234073633.034704 7308069.8838531 2369666.23264423 234067536.181955
a position +33600 +42000 2006 2002 7307895.00019566 2369424.07334311 234074159.772163 7298697.32063565 2378777.05281332 234065221.660137
a position +0 +42600 2001 9002 7294515.40970939 2370669.39416066 234069309.151892 -135660364.297881 4196.68310546875 -64226690.0348886
a position +36600 +42600 2002 9002 7283932.80066902 2377516.15331072 234066070.018768 -135660364.297881 4196.68310546875 -64226690.0348886
a position +0 +42600 2003 9002 7287789.95444785 2369299.50203766 234076906.156529 -135660364.297881 4196.68310546875 -64226690.0348886
a position +0 +42600 2004 9002 7281745.61504402 2373884.80458111 234075136.99594 -135660364.297881 4196.68310546875 -64226690.0348886
a position +0 +42600 2005 9002 7288657.7261434 2380842.68811271 234068908.377159 -135660364.297881 4196.68310546875 -64226690.0348886
a position +41400 +42600 2006 9002 7293538.86747432 2367825.82542785 234075566.606621 -135660364.297881 4196.68310546875 -64226690.0348886
a position +0 +42600 2007 9002 7288101.38391779 2380507.77105005 234064291.855169 -135660364.297881 4196.68310546875 -64226690.0348886
a position +0 +42600 2008 9002 7286650.66907698 2382213.36030717 234071138.624117 -135660364.297881 4196.68310546875 -64226690.0348886
a position +0 +42600 9002 2001 -135660364.297881 4196.68310546875 -64226690.0348886 7294515.40970939 2370669.39416066 234069309.151892
a position +36600 +42600 9002 2002 -135660364.297881 4196.68310546875 -64226690.0348886 7283932.80066902 2377516.15331072 234066070.018768
a position +0 +42600 9002 2003 -135660364.297881 4196.68310546875 -64226690.0348886 7287789.95444785 2369299.50203766 234076906.156529
a position +0 +42600 9002 2004 -135660364.297881 4196.68310546875 -64226690.0348886 7281745.61504402 2373884.80458111 234075136.99594
a position +0 +42600 9002 2005 -135660364.297881 4196.68310546875 -64226690.0348886 7288657.7261434 2380842.68811271 234068908.377159
a position +41400 +42600 9002 2006 -135660364.297881 4196.68310546875 -64226690.0348886 7293538.86747432 2367825.82542785 234075566.606621
a position +0 +42600 9002 2007 -135660364.297881 4196.68310546875 -64226690.0348886 7288101.38391779 2380507.77105005 234064291.855169
a position +0 +42600 9002 2008 -135660364.297881 4196.68310546875 -64226690.0348886 7286650.66907698 2382213.36030717 234071138.624117
a position +0 +43800 2006 2007 7264516.0635587 2364872.00630642 234078049.218234 7260199.26218199 2380660.57543578 234069960.494932
a position +0 +43800 2007 2006 7260199.26218199 2380660.57543578 234069960.494932 7264516.0635587 2364872.00630642 234078049.218234
a position +43800 +45000 2002 2003 7226450.03996256 2370835.21964236 234070908.990622 7231597.01957445 2373071.99669672 234083627.978451
a position +43800 +45000 2003 2002 7231597.01957445 2373071.99669672 234083627.978451 7226450.03996256 2370835.21964236 234070908.990622
a position +43800 +45600 2001 2002 7222199.52805882 2375230.45309713 234078137.116456 7212545.78800481 2368986.74335441 234072569.853617
a position +43800 +45600 2002 2001 7212545.78800481 2368986.74335441 234072569.853617 7222199.52805882 2375230.45309713 234078137.116456
a position +37200 +45600 2004 2006 7214400.93145566 2377096.83846155 234080683.886361 7220362.49596772 2361320.61351972 234081082.268959
a position +37200 +45600 2006 2004 7220362.49596772 2361320.61351972 234081082.268959 7214400.93145566 2377096.83846155 234080683.886361
a position +38400 +46200 2001 2006 7206982.88418151 2375627.31237093 234079873.090391 7205531.68338402 2360429.03729291 234081956.982141
a position +36600 +46200 2002 2005 7198833.36124825 2367169.86941263 234074424.040932 7211286.43873036 2374365.60994564 234079289.63457
a position +36600 +46200 2005 2002 7211286.43873036 2374365.60994564 234079289.63457 7198833.36124825 2367169.86941263 234074424.040932
a position +38400 +46200 2006 2001 7205531.68338402 2360429.03729291 234081956.982141 7206982.88418151 2375627.31237093 234079873.090391
a position +37200 +46800 2002 2007 7185303.03678 2365436.03064218 234076465.641584 7190305.85053393 2378416.18681082 234084544.517086
a position +37200 +46800 2007 2002 7190305.85053393 2378416.18681082 234084544.517086 7185303.03678 2365436.03064218 234076465.641584
a position +37800 +47400 2003 2006 7175472.27310101 2375535.02630935 234086853.857321 7175791.53745123 2359139.59825663 234083588.762318
a position +37800 +47400 2006 2003 7175791.53745123 2359139.59825663 234083588.762318 7175472.27310101 2375535.02630935 234086853.857321
a position +0 +48000 2002 2004 7158716.94572461 2362406.15551527 234081053.31918 7162104.58725408 2376609.21547126 234083752.420089
a position +0 +48000 2004 2002 7162104.58725408 2376609.21547126 234083752.420089 7158716.94572461 2362406.15551527 234081053.31918
a position +42000 +49200 2001 2005 7130023.24483058 2373136.58648433 234088305.382022 7142786.89548881 2366032.58579244 234088070.568761
a position +42000 +49200 2005 2001 7142786.89548881 2366032.58579244 234088070.568761 7130023.24483058 2373136.58648433 234088305.382022
a position +40200 +50400 2004 2008 7109711.6652373 2372823.11087339 234087147.635211 7098548.00726473 2365239.80977772 234098685.050012
a position +40200 +50400 2008 2004 7098548.00726473 2365239.80977772 234098685.050012 7109711.6652373 2372823.11087339 234087147.635211
a position +43800 +52200 2001 2004 7057063.71483648 2364675.01735406 234096403.002278 7069508.55166796 2368275.22463537 234090719.655824
a position +41400 +52200 2003 2008 7063752.14068126 2370335.48266302 234090283.96578 7057233.11086979 2360528.99855479 234102868.154706
a position +43800 +52200 2004 2001 7069508.55166796 2368275.22463537 234090719.655824 7057063.71483648 2364675.01735406 234096403.002278
a position +41400 +52200 2008 2003 7057233.11086979 2360528.99855479 234102868.154706 7063752.14068126 2370335.48266302 234090283.96578
a position +43200 +52800 2003 2007 7049834.622535 2368776.91039088 234091179.539745 7050034.4639508 2364718.87385737 234108095.567579
a position +43200 +52800 2007 2003 7050034.4639508 2364718.87385737 234108095.567579 7049834.622535 2368776.91039088 234091179.539745
a position +45000 +53400 2002 2006 7040765.38978128 2360645.8410344 234104222.033816 7029511.54223583 2361890.26152 234093436.010425
a position +45000 +53400 2006 2002 7029511.54223583 2361890.26152 234093436.010425 7040765.38978128 2360645.8410344 234104222.033816
a position +52200 +54600 2002 9001 7013380.95535294 2362499.88575847 234108354.786636 -135521367.366868 3750.98291015625 -64545536.1404726
a position +36600 +54600 2002 9003 7013380.95535294 2362499.88575847 234108354.786636 -135514053.548752 -3748.65649414063 -64543058.6509706
a position +52200 +54600 9001 2002 -135521367.366868 3750.98291015625 -64545536.1404726 7013380.95535294 2362499.88575847 234108354.786636
a position +36600 +54600 9003 2002 -135514053.548752 -3748.65649414063 -64543058.6509706 7013380.95535294 2362499.88575847 234108354.786636
a position +48000 +57000 2002 2005 6956337.22005808 2366269.34073879 234114339.848154 6948106.15444316 2353939.58948331 234110297.396638
a position +48000 +57000 2005 2002 6948106.15444316 2353939.58948331 234110297.396638 6956337.22005808 2366269.34073879 234114339.848154
a position +50400 +57000 2006 2007 6946616.44218033 2366757.51648361 234103938.279104 6951794.87078854 2354213.20046913 234116204.639053
a position +50400 +57000 2007 2006 6951794.87078854 2354213.20046913 234116204.639053 6946616.44218033 2366757.51648361 234103938.279104
a position +49200 +57600 2001 2006 6941129.4433766 2355167.90079907 234111223.871711 6933189.22296299 2367388.05392991 234106087.720445
a position +12600 +57600 2002 2008 6941653.18975837 2366930.77658755 234115390.08605 6937389.52899581 2351057.62698476 234111613.434216
a position +49200 +57600 2006 2001 6933189.22296299 2367388.05392991 234106087.720445 6941129.4433766 2355167.90079907 234111223.871711
a position +12600 +57600 2008 2002 6937389.52899581 2351057.62698476 234111613.434216 6941653.18975837 2366930.77658755 234115390.08605
a position +51000 +58200 2002 2004 6926843.03204263 2367392.78242499 234116298.571606 6926564.87093699 2353116.76487472 234111501.282016
a position +51000 +58200 2004 2002 6926564.87093699 2353116.76487472 234111501.282016 6926843.03204263 2367392.78242499 234116298.571606
a position +49800 +58800 2002 2007 6911937.33929466 2367623.05028268 234117093.502626 6909769.18796452 2351187.30267125 234117978.288147
a position +50400 +58800 2004 2006 6911681.10016018 2352346.94874193 234114108.621075 6906595.99370032 2368312.97118408 234110670.190902
a position +50400 +58800 2006 2004 6906595.99370032 2368312.97118408 234110670.190902 6911681.10016018 2352346.94874193 234114108.621075
a position +49800 +58800 2007 2002 6909769.18796452 2351187.30267125 234117978.288147 6911937.33929466 2367623.05028268 234117093.502626
a position +50400 +59400 2003 2006 6896699.97505074 2352399.65321521 234115223.54484 6893405.36532817 2368575.54657622 234113080.958804
a position +50400 +59400 2006 2003 6893405.36532817 2368575.54657622 234113080.958804 6896699.97505074 2352399.65321521 234115223.54484
a position +0 +59400 2006 2008 6893405.36532817 2368575.54657622 234113080.958804 6898015.70003468 2350215.61953252 234114109.959288
a position +0 +59400 2008 2006 6898015.70003468 2350215.61953252 234114109.959288 6893405.36532817 2368575.54657622 234113080.958804
a position +52200 +60000 2001 2005 6889000.26752134 2357847.55140368 234118150.181992 6873932.37290647 2356610.06961274 234118423.273278
a position +52200 +60000 2005 2001 6873932.37290647 2356610.06961274 234118423.273278 6889000.26752134 2357847.55140368 234118150.181992
a position +54000 +61800 2001 2004 6846933.94377206 2360971.21267848 234123394.158225 6837202.48937534 2351639.91419806 234126958.747395
a position +54000 +61800 2004 2001 6837202.48937534 2351639.91419806 234126958.747395 6846933.94377206 2360971.21267848 234123394.158225
a position +32400 +63600 2001 2007 6802280.74168831 2363152.2870055 234128580.906034 6798039.51799315 2349604.37730114 234121972.838612
a position +32400 +63600 2007 2001 6798039.51799315 2349604.37730114 234121972.838612 6802280.74168831 2363152.2870055 234128580.906034
a position +54000 +64200 2004 2008 6778885.24853182 2354208.61443398 234135724.760322 6791272.10876108 2353250.7628049 234122866.047237
a position +54000 +64200 2008 2004 6791272.10876108 2353250.7628049 234122866.047237 6778885.24853182 2354208.61443398 234135724.760322
a position +57000 +65400 2002 2006 6751342.72457124 2354832.0028647 234128014.278715 6761774.62751721 2362331.25461455 234138075.087216
a position +55800 +65400 2003 2007 6756510.67649103 2356081.76901424 234141253.778685 6756254.3342382 2351183.23177759 234124582.576308
a position +57000 +65400 2006 2002 6761774.62751721 2362331.25461455 234138075.087216 6751342.72457124 2354832.0028647 234128014.278715
a position +55800 +65400 2007 2003 6756254.3342382 2351183.23177759 234124582.576308 6756510.67649103 2356081.76901424 234141253.778685
a position +59400 +67800 2002 2005 6697683.88920699 2348396.7275843 234136567.120161 6700227.88941475 2363367.57103716 234139458.395348
a position +59400 +67800 2005 2002 6700227.88941475 2363367.57103716 234139458.395348 6697683.88920699 2348396.7275843 234136567.120161
a position +62400 +68400 2002 2004 6684603.0028501 2347244.15893205 234139070.856528 6682171.04625982 2359995.26255664 234145594.095727
a position +62400 +68400 2004 2002 6682171.04625982 2359995.26255664 234145594.095727 6684603.0028501 2347244.15893205 234139070.856528
a position +52200 +68400 2006 9001 6693332.91570595 2354453.38606383 234148266.564433 -135346672.050771 3750.98291015625 -64914907.8467948
a position +41400 +68400 2006 9003 6693332.91570595 2354453.38606383 234148266.564433 -135340702.188771 -3748.65649414063 -64919805.8704765
a position +52200 +68400 9001 2006 -135346672.050771 3750.98291015625 -64914907.8467948 6693332.91570595 2354453.38606383 234148266.564433
a position +41400 +68400 9003 2006 -135340702.188771 -3748.65649414063 -64919805.8704765 6693332.91570595 2354453.38606383 234148266.564433
a position +60000 +69000 2001 2006 6665857.54134494 2355203.24056118 234143334.666688 6679291.13742325 2352763.48993716 234149957.358882
a position +60000 +69000 2006 2001 6679291.13742325 2352763.48993716 234149957.358882 6665857.54134494 2355203.24056118 234143334.666688
a position +63000 +70200 2001 2005 6637833.50329893 2351422.85588703 234146498.165964 6649321.97320878 2360418.45595365 234146164.657455
a position +63000 +70200 2005 2001 6649321.97320878 2360418.45595365 234146164.657455 6637833.50329893 2351422.85588703 234146498.165964
a position +40800 +70800 2001 2008 6624288.78558333 2349588.49056282 234148081.536608 6635530.15064339 2360620.28784812 234144018.561584
a position +61800 +70800 2002 2007 6632658.15587754 2345242.77078221 234149649.411494 6631007.03445661 2358010.65545695 234140031.884836
a position +61800 +70800 2002 2008 6632658.15587754 2345242.77078221 234149649.411494 6635530.15064339 2360620.28784812 234144018.561584
a position +66000 +70800 2006 2007 6636460.04115354 2347871.89011881 234154305.704495 6631007.03445661 2358010.65545695 234140031.884836
a position +61800 +70800 2007 2002 6631007.03445661 2358010.65545695 234140031.884836 6632658.15587754 2345242.77078221 234149649.411494
a position +66000 +70800 2007 2006 6631007.03445661 2358010.65545695 234140031.884836 6636460.04115354 2347871.89011881 234154305.704495
a position +40800 +70800 2008 2001 6635530.15064339 2360620.28784812 234144018.561584 6624288.78558333 2349588.49056282 234148081.536608
a position +61800 +70800 2008 2002 6635530.15064339 2360620.28784812 234144018.561584 6632658.15587754 2345242.77078221 234149649.411494
a position +62400 +71400 2003 2006 6616319.31017438 2359754.53906238 234148516.915019 6621965.77963998 2346373.85662753 234155526.410756
a position +62400 +71400 2006 2003 6621965.77963998 2346373.85662753 234155526.410756 6616319.31017438 2359754.53906238 234148516.915019
a position +15000 +72000 2001 2003 6598036.91937412 2346348.65804209 234151268.146006 6602359.77008051 2358982.00075418 234148830.748111
a position +64200 +72000 2001 2004 6598036.91937412 2346348.65804209 234151268.146006 6603467.53187347 2359829.33444769 234150204.125888
a position +15000 +72000 2003 2001 6602359.77008051 2358982.00075418 234148830.748111 6598036.91937412 2346348.65804209 234151268.146006
a position +64200 +72000 2004 2001 6603467.53187347 2359829.33444769 234150204.125888 6598036.91937412 2346348.65804209 234151268.146006
a position +63000 +72000 2004 2006 6603467.53187347 2359829.33444769 234150204.125888 6607376.86466353 2344975.77531871 234156644.209188
a position +63000 +72000 2006 2004 6607376.86466353 2344975.77531871 234156644.209188 6603467.53187347 2359829.33444769 234150204.125888
a position +64800 +72600 2001 2007 6585252.7519532 2345051.86347465 234152877.080066 6589208.54179426 2359352.33703758 234147644.737959
a position +64800 +72600 2007 2001 6589208.54179426 2359352.33703758 234147644.737959 6585252.7519532 2345051.86347465 234152877.080066
a position +61200 +73200 2006 2008 6577960.74659354 2342548.24390904 234158611.657335 6576590.68659113 2360923.80566149 234153813.454825
a position +61200 +73200 2008 2006 6576590.68659113 2360923.80566149 234153813.454825 6577960.74659354 2342548.24390904 234158611.657335
a position +56400 +73800 2002 9001 6565969.44699892 2348125.22629578 234161494.995832 -135277569.501262 3750.98291015625 -65060643.8586711
a position +56400 +73800 2002 9003 6565969.44699892 2348125.22629578 234161494.995832 -135273955.500529 -3748.65649414063 -65067467.9985636
a position +56400 +73800 9001 2002 -135277569.501262 3750.98291015625 -65060643.8586711 6565969.44699892 2348125.22629578 234161494.995832
a position +56400 +73800 9003 2002 -135273955.500529 -3748.65649414063 -65067467.9985636 6565969.44699892 2348125.22629578 234161494.995832
a position +68400 +76800 2002 2006 6494886.95848492 2352805.75865692 234169058.935922 6488838.66882146 2339008.29837422 234163342.572138
a position +68400 +76800 2006 2002 6488838.66882146 2339008.29837422 234163342.572138 6494886.95848492 2352805.75865692 234169058.935922
a position +21600 +77400 2005 2008 6483681.27398383 2341796.50669742 234166712.118475 6472968.99411527 2356255.88738354 234171012.396354
a position +21600 +77400 2008 2005 6472968.99411527 2356255.88738354 234171012.396354 6483681.27398383 2341796.50669742 234166712.118475
a position +68400 +78000 2003 2007 6463176.36289528 2343369.23967151 234161114.210193 6463419.96618864 2355901.28497325 234173106.80086
a position +53400 +78000 2003 2008 6463176.36289528 2343369.23967151 234161114.210193 6458293.9061394 2355080.65233615 234173300.122367
a position +67800 +78000 2004 2008 6468915.66020088 2345701.55954689 234162221.821327 6458293.9061394 2355080.65233615 234173300.122367
a position +68400 +78000 2007 2003 6463419.96618864 2355901.28497325 234173106.80086 6463176.36289528 2343369.23967151 234161114.210193
a position +53400 +78000 2008 2003 6458293.9061394 2355080.65233615 234173300.122367 6463176.36289528 2343369.23967151 234161114.210193
a position +67800 +78000 2008 2004 6458293.9061394 2355080.65233615 234173300.122367 6468915.66020088 2345701.55954689 234162221.821327
a position +30000 +78600 2001 9003 6455967.21059471 2347102.96481685 234169705.697364 -135215148.854473 -3748.65649414063 -65198444.2041454
a position +70800 +78600 2002 2005 6450398.20521163 2353980.41287318 234171626.814455 6453730.29738543 2339277.4348688 234170093.86881
a position +76200 +78600 2002 9003 6450398.20521163 2353980.41287318 234171626.814455 -135215148.854473 -3748.65649414063 -65198444.2041454
a position +30000 +78600 2003 9003 6449257.72725578 2341811.00599764 234163549.728106 -135215148.854473 -3748.65649414063 -65198444.2041454
a position +30000 +78600 2004 9003 6454730.49755296 2343987.76899847 234164170.953449 -135215148.854473 -3748.65649414063 -65198444.2041454
a position +70800 +78600 2005 2002 6453730.29738543 2339277.4348688 234170093.86881 6450398.20521163 2353980.41287318 234171626.814455
a position +30000 +78600 2005 9003 6453730.29738543 2339277.4348688 234170093.86881 -135215148.854473 -3748.65649414063 -65198444.2041454
a position +69600 +78600 2006 9003 6444565.84324271 2339460.28905302 234165820.129916 -135215148.854473 -3748.65649414063 -65198444.2041454
a position +30000 +78600 2007 9003 6449405.17154937 2354789.55083659 234175782.644932 -135215148.854473 -3748.65649414063 -65198444.2041454
a position +30000 +78600 2008 9003 6443681.37838179 2353801.41755463 234175516.686573 -135215148.854473 -3748.65649414063 -65198444.2041454
a position +30000 +78600 9003 2001 -135215148.854473 -3748.65649414063 -65198444.2041454 6455967.21059471 2347102.96481685 234169705.697364
a position +76200 +78600 9003 2002 -135215148.854473 -3748.65649414063 -65198444.2041454 6450398.20521163 2353980.41287318 234171626.814455
a position +30000 +78600 9003 2003 -135215148.854473 -3748.65649414063 -65198444.2041454 6449257.72725578 2341811.00599764 234163549.728106
a position +30000 +78600 9003 2004 -135215148.854473 -3748.65649414063 -65198444.2041454 6454730.49755296 2343987.76899847 234164170.953449
a position +30000 +78600 9003 2005 -135215148.854473 -3748.65649414063 -65198444.2041454 6453730.29738543 2339277.4348688 234170093.86881
a position +69600 +78600 9003 2006 -135215148.854473 -3748.65649414063 -65198444.2041454 6444565.84324271 2339460.28905302 234165820.129916
a position +30000 +78600 9003 2007 -135215148.854473 -3748.65649414063 -65198444.2041454 6449405.17154937 2354789.55083659 234175782.644932
a position +30000 +78600 9003 2008 -135215148.854473 -3748.65649414063 -65198444.2041454 6443681.37838179 2353801.41755463 234175516.686573
a position +70200 +79200 2001 2006 6441786.83890019 2348153.12468766 234171428.062624 6429950.49638094 2339896.10633927 234166765.416102
a position +40800 +79200 2004 2007 6440400.45240594 2342347.31367883 234166258.637969 6435383.94046441 2353555.4506203 234178363.279362
a position +70200 +79200 2006 2001 6429950.49638094 2339896.10633927 234166765.416102 6441786.83890019 2348153.12468766 234171428.062624
a position +40800 +79200 2007 2004 6435383.94046441 2353555.4506203 234178363.279362 6440400.45240594 2342347.31367883 234166258.637969
a position +72600 +79800 2002 2004 6420426.40040328 2353512.4385674 234172929.145141 6425934.3995207 2340811.05951542 234168473.712539
a position +72600 +79800 2004 2002 6425934.3995207 2340811.05951542 234168473.712539 6420426.40040328 2353512.4385674 234172929.145141
a position +74400 +81000 2001 2003 6397513.5965248 2350603.50020298 234176553.249196 6393488.138784 2337387.00531053 234174825.648542
a position +73200 +81000 2001 2005 6397513.5965248 2350603.50020298 234176553.249196 6392828.01212951 2336259.9656267 234176741.022744
a position +74400 +81000 2003 2001 6393488.138784 2337387.00531053 234174825.648542 6397513.5965248 2350603.50020298 234176553.249196
a position +73200 +81000 2005 2001 6392828.01212951 2336259.9656267 234176741.022744 6397513.5965248 2350603.50020298 234176553.249196
a position +74400 +81600 2001 2004 6382296.03096699 2351000.70666339 234178237.915772 6381858.48382197 2337092.5169298 234175725.346111
a position +74400 +81600 2004 2001 6381858.48382197 2337092.5169298 234175725.346111 6382296.03096699 2351000.70666339 234178237.915772
a position +73200 +84000 2002 2007 6317921.95672139 2344355.47376087 234179300.254153 6323077.50428088 2341092.4319224 234194239.522653
a position +74400 +84000 2003 2006 6323506.90285732 2336984.2196308 234189544.676956 6316903.22384473 2346003.07496099 234177978.500028
a position +74400 +84000 2006 2003 6316903.22384473 2346003.07496099 234177978.500028 6323506.90285732 2336984.2196308 234189544.676956
a position +73200 +84000 2007 2002 6323077.50428088 2341092.4319224 234194239.522653 6317921.95672139 2344355.47376087 234179300.254153
a position +81000 +85200 2006 2007 6289800.74133612 2347462.88501298 234181937.595562 6294997.44659534 2337915.28906464 234196708.031824
a position +81000 +85200 2007 2006 6294997.44659534 2337915.28906464 234196708.031824 6289800.74133612 2347462.88501298 234181937.595562
a position +51000 +86400 2001 2002 6260696.9462244 2343807.18848519 234191140.410138 6263073.5199293 2337223.88864096 234186507.059971
a position +84600 +86400 2001 2003 6260696.9462244 2343807.18848519 234191140.410138 6267346.61277651 2339998.70794666 234198860.487087
a position +85200 +86400 2001 2004 6260696.9462244 2343807.18848519 234191140.410138 6262985.05546869 2335857.09114027 234195717.95927
a position +84000 +86400 2001 2005 6260696.9462244 2343807.18848519 234191140.410138 6258526.28951234 2339424.24473776 234191124.543712
a position +81600 +86400 2001 2006 6260696.9462244 2343807.18848519 234191140.410138 6263088.7502732 2348551.02710209 234186311.339579
a position +76800 +86400 2001 2007 6260696.9462244 2343807.18848519 234191140.410138 6266931.48285806 2335008.82512756 234198619.750422
a position +78000 +86400 2001 2008 6260696.9462244 2343807.18848519 234191140.410138 6261748.45703154 2334076.11531962 234195991.387609
a position +52200 +86400 2001 9001 6260696.9462244 2343807.18848519 234191140.410138 -135117043.787059 3750.98291015625 -65403216.9563235
a position +78600 +86400 2001 9002 6260696.9462244 2343807.18848519 234191140.410138 -135125392.026805 4196.68310546875 -65401677.5151614
a position +51000 +86400 2002 2001 6263073.5199293 2337223.88864096 234186507.059971 6260696.9462244 2343807.18848519 234191140.410138
a position +84000 +86400 2002 2003 6263073.5199293 2337223.88864096 234186507.059971 6267346.61277651 2339998.70794666 234198860.487087
a position +82800 +86400 2002 2004 6263073.5199293 2337223.88864096 234186507.059971 6262985.05546869 2335857.09114027 234195717.95927
a position +82200 +86400 2002 2005 6263073.5199293 2337223.88864096 234186507.059971 6258526.28951234 2339424.24473776 234191124.543712
a position +79800 +86400 2002 2006 6263073.5199293 2337223.88864096 234186507.059971 6263088.7502732 2348551.02710209 234186311.339579
a position +84600 +86400 2002 2007 6263073.5199293 2337223.88864096 234186507.059971 6266931.48285806 2335008.82512756 234198619.750422
a position +72000 +86400 2002 2008 6263073.5199293 2337223.88864096 234186507.059971 6261748.45703154 2334076.11531962 234195991.387609
a position +76200 +86400 2002 9001 6263073.5199293 2337223.88864096 234186507.059971 -135117043.787059 3750.98291015625 -65403216.9563235
a position +78600 +86400 2002 9002 6263073.5199293 2337223.88864096 234186507.059971 -135125392.026805 4196.68310546875 -65401677.5151614
a position +84600 +86400 2003 2001 6267346.61277651 2339998.70794666 234198860.487087 6260696.9462244 2343807.18848519 234191140.410138
a position +84000 +86400 2003 2002 6267346.61277651 2339998.70794666 234198860.487087 6263073.5199293 2337223.88864096 234186507.059971
a position +0 +86400 2003 2004 6267346.61277651 2339998.70794666 234198860.487087 6262985.05546869 2335857.09114027 234195717.95927
a position +41400 +86400 2003 2005 6267346.61277651 2339998.70794666 234198860.487087 6258526.28951234 2339424.24473776 234191124.543712
a position +81000 +86400 2003 2007 6267346.61277651 2339998.70794666 234198860.487087 6266931.48285806 2335008.82512756 234198619.750422
a position +80400 +86400 2003 2008 6267346.61277651 2339998.70794666 234198860.487087 6261748.45703154 2334076.11531962 234195991.387609
a position +52200 +86400 2003 9001 6267346.61277651 2339998.70794666 234198860.487087 -135117043.787059 3750.98291015625 -65403216.9563235
a position +78600 +86400 2003 9002 6267346.61277651 2339998.70794666 234198860.487087 -135125392.026805 4196.68310546875 -65401677.5151614
a position +85200 +86400 2004 2001 6262985.05546869 2335857.09114027 234195717.95927 6260696.9462244 2343807.18848519 234191140.410138
a position +82800 +86400 2004 2002 6262985.05546869 2335857.09114027 234195717.95927 6263073.5199293 2337223.88864096 234186507.059971
a position +0 +86400 2004 2003 6262985.05546869 2335857.09114027 234195717.95927 6267346.61277651 2339998.70794666 234198860.487087
a position +3600 +86400 2004 2005 6262985.05546869 2335857.09114027 234195717.95927 6258526.28951234 2339424.24473776 234191124.543712
a position +74400 +86400 2004 2006 6262985.05546869 2335857.09114027 234195717.95927 6263088.7502732 2348551.02710209 234186311.339579
a position +81000 +86400 2004 2007 6262985.05546869 2335857.09114027 234195717.95927 6266931.48285806 2335008.82512756 234198619.750422
a position +81600 +86400 2004 2008 6262985.05546869 2335857.09114027 234195717.95927 6261748.45703154 2334076.11531962 234195991.387609
a position +52200 +86400 2004 9001 6262985.05546869 2335857.09114027 234195717.95927 -135117043.787059 3750.98291015625 -65403216.9563235
a position +78600 +86400 2004 9002 6262985.05546869 2335857.09114027 234195717.95927 -135125392.026805 4196.68310546875 -65401677.5151614
a position +84000 +86400 2005 2001 6258526.28951234 2339424.24473776 234191124.543712 6260696.9462244 2343807.18848519 234191140.410138
a position +82200 +86400 2005 2002 6258526.28951234 2339424.24473776 234191124.543712 6263073.5199293 2337223.88864096 234186507.059971
a position +41400 +86400 2005 2003 6258526.28951234 2339424.24473776 234191124.543712 6267346.61277651 2339998.70794666 234198860.487087
a position +3600 +86400 2005 2004 6258526.28951234 2339424.24473776 234191124.543712 6262985.05546869 2335857.09114027 234195717.95927
a position +19800 +86400 2005 2006 6258526.28951234 2339424.24473776 234191124.543712 6263088.7502732 2348551.02710209 234186311.339579
a position +0 +86400 2005 2007 6258526.28951234 2339424.24473776 234191124.543712 6266931.48285806 2335008.82512756 234198619.750422
a position +79200 +86400 2005 2008 6258526.28951234 2339424.24473776 234191124.543712 6261748.45703154 2334076.11531962 234195991.387609
a position +52200 +86400 2005 9001 6258526.28951234 2339424.24473776 234191124.543712 -135117043.787059 3750.98291015625 -65403216.9563235
a position +78600 +86400 2005 9002 6258526.28951234 2339424.24473776 234191124.543712 -135125392.026805 4196.68310546875 -65401677.5151614
a position +81600 +86400 2006 2001 6263088.7502732 2348551.02710209 234186311.339579 6260696.9462244 2343807.18848519 234191140.410138
a position +79800 +86400 2006 2002 6263088.7502732 2348551.02710209 234186311.339579 6263073.5199293 2337223.88864096 234186507.059971
a position +74400 +86400 2006 2004 6263088.7502732 2348551.02710209 234186311.339579 6262985.05546869 2335857.09114027 234195717.95927
a position +19800 +86400 2006 2005 6263088.7502732 2348551.02710209 234186311.339579 6258526.28951234 2339424.24473776 234191124.543712
a position +77400 +86400 2006 2008 6263088.7502732 2348551.02710209 234186311.339579 6261748.45703154 2334076.11531962 234195991.387609
a position +69600 +86400 2006 9001 6263088.7502732 2348551.02710209 234186311.339579 -135117043.787059 3750.98291015625 -65403216.9563235
a position +78600 +86400 2006 9002 6263088.7502732 2348551.02710209 234186311.339579 -135125392.026805 4196.68310546875 -65401677.5151614
a position +76800 +86400 2007 2001 6266931.48285806 2335008.82512756 234198619.750422 6260696.9462244 2343807.18848519 234191140.410138
a position +84600 +86400 2007 2002 6266931.48285806 2335008.82512756 234198619.750422 6263073.5199293 2337223.88864096 234186507.059971
a position +81000 +86400 2007 2003 6266931.48285806 2335008.82512756 234198619.750422 6267346.61277651 2339998.70794666 234198860.487087
a position +81000 +86400 2007 2004 6266931.48285806 2335008.82512756 234198619.750422 6262985.05546869 2335857.09114027 234195717.95927
a position +0 +86400 2007 2005 6266931.48285806 2335008.82512756 234198619.750422 6258526.28951234 2339424.24473776 234191124.543712
a position +0 +86400 2007 2008 6266931.48285806 2335008.82512756 234198619.750422 6261748.45703154 2334076.11531962 234195991.387609
a position +52200 +86400 2007 9001 6266931.48285806 2335008.82512756 234198619.750422 -135117043.787059 3750.98291015625 -65403216.9563235
a position +78600 +86400 2007 9002 6266931.48285806 2335008.82512756 234198619.750422 -135125392.026805 4196.68310546875 -65401677.5151614
a position +78000 +86400 2008 2001 6261748.45703154 2334076.11531962 234195991.387609 6260696.9462244 2343807.18848519 234191140.410138
a position +72000 +86400 2008 2002 6261748.45703154 2334076.11531962 234195991.387609 6263073.5199293 2337223.88864096 234186507.059971
a position +80400 +86400 2008 2003 6261748.45703154 2334076.11531962 234195991.387609 6267346.61277651 2339998.70794666 234198860.487087
a position +81600 +86400 2008 2004 6261748.45703154 2334076.11531962 234195991.387609 6262985.05546869 2335857.09114027 234195717.95927
a position +79200 +86400 2008 2005 6261748.45703154 2334076.11531962 234195991.387609 6258526.28951234 2339424.24473776 234191124.543712
a position +77400 +86400 2008 2006 6261748.45703154 2334076.11531962 234195991.387609 6263088.7502732 2348551.02710209 234186311.339579
a position +0 +86400 2008 2007 6261748.45703154 2334076.11531962 234195991.387609 6266931.48285806 2335008.82512756 234198619.750422
a position +52200 +86400 2008 9001 6261748.45703154 2334076.11531962 234195991.387609 -135117043.787059 3750.98291015625 -65403216.9563235
a position +78600 +86400 2008 9002 6261748.45703154 2334076.11531962 234195991.387609 -135125392.026805 4196.68310546875 -65401677.5151614
a position +52200 +86400 9001 2001 -135117043.787059 3750.98291015625 -65403216.9563235 6260696.9462244 2343807.18848519 234191140.410138
a position +76200 +86400 9001 2002 -135117043.787059 3750.98291015625 -65403216.9563235 6263073.5199293 2337223.88864096 234186507.059971
a position +52200 +86400 9001 2003 -135117043.787059 3750.98291015625 -65403216.9563235 6267346.61277651 2339998.70794666 234198860.487087
a position +52200 +86400 9001 2004 -135117043.787059 3750.98291015625 -65403216.9563235 6262985.05546869 2335857.09114027 234195717.95927
a position +52200 +86400 9001 2005 -135117043.787059 3750.98291015625 -65403216.9563235 6258526.28951234 2339424.24473776 234191124.543712
a position +69600 +86400 9001 2006 -135117043.787059 3750.98291015625 -65403216.9563235 6263088.7502732 2348551.02710209 234186311.339579
a position +52200 +86400 9001 2007 -135117043.787059 3750.98291015625 -65403216.9563235 6266931.48285806 2335008.82512756 234198619.750422
a position +52200 +86400 9001 2008 -135117043.787059 3750.98291015625 -65403216.9563235 6261748.45703154 2334076.11531962 234195991.387609
a position +78600 +86400 9002 2001 -135125392.026805 4196.68310546875 -65401677.5151614 6260696.9462244 2343807.18848519 234191140.410138
a position +78600 +86400 9002 2002 -135125392.026805 4196.68310546875 -65401677.5151614 6263073.5199293 2337223.88864096 234186507.059971
a position +78600 +86400 9002 2003 -135125392.026805 4196.68310546875 -65401677.5151614 6267346.61277651 2339998.70794666 234198860.487087
a position +78600 +86400 9002 2004 -135125392.026805 4196.68310546875 -65401677.5151614 6262985.05546869 2335857.09114027 234195717.95927
a position +78600 +86400 9002 2005 -135125392.026805 4196.68310546875 -65401677.5151614 6258526.28951234 2339424.24473776 234191124.543712
a position +78600 +86400 9002 2006 -135125392.026805 4196.68310546875 -65401677.5151614 6263088.7502732 2348551.02710209 234186311.339579
a position +78600 +86400 9002 2007 -135125392.026805 4196.68310546875 -65401677.5151614 6266931.48285806 2335008.82512756 234198619.750422
a position +78600 +86400 9002 2008 -135125392.026805 4196.68310546875 -65401677.5151614 6261748.45703154 2334076.11531962 234195991.387609

