a contact +0 +500 1001 9003 1000
a contact +0 +500 9003 1001 1000
a contact +500 +1500 1001 9003 1000
a contact +500 +1500 9003 1001 1000
a contact +1500 +1600 1001 9003 1000
a contact +1500 +1600 9003 1001 1000
a contact +1600 +2400 1001 9003 1000
a contact +1600 +2400 9003 1001 1000
a contact +0 +15300 2013 9001 1000
a contact +0 +15300 9001 2013 1000
a contact +2400 +17700 1001 2005 1000
a contact +2400 +17700 1001 2009 1000
a contact +2400 +17700 2005 1001 1000
a contact +2400 +17700 2009 1001 1000
a contact +17700 +23200 1001 2008 1000
a contact +17700 +23200 1001 2012 1000
a contact +17700 +23200 2008 1001 1000
a contact +17700 +23200 2012 1001 1000
a contact +23200 +23500 1001 9003 1000
a contact +23200 +23500 9003 1001 1000
a contact +23200 +23600 1001 9001 1000
a contact +23200 +23600 9001 1001 1000
a contact +23600 +24100 1001 9003 1000
a contact +23600 +24100 1001 9001 1000
a contact +23600 +24100 9001 1001 1000
a contact +23600 +24100 9003 1001 1000
a contact +24600 +25200 1001 9001 1000
a contact +24600 +25200 9001 1001 1000
a contact +25500 +25600 1001 9001 1000
a contact +25500 +25600 9001 1001 1000
a contact +25600 +26000 1001 9001 1000
a contact +25600 +26000 9001 1001 1000
a contact +0 +34500 2003 9002 1000
a contact +0 +34500 9002 2003 1000
a contact +34500 +42200 2008 9002 1000
a contact +34500 +42200 9002 2008 1000
a contact +26000 +46800 1001 2001 1000
a contact +26000 +46800 1001 2015 1000
a contact +26000 +46800 2001 1001 1000
a contact +26000 +46800 2015 1001 1000
a contact +46800 +46900 1001 9001 1000
a contact +46800 +46900 9001 1001 1000
a contact +46900 +47600 1001 9001 1000
a contact +46900 +47600 9001 1001 1000
a contact +48100 +48800 1001 9001 1000
a contact +48100 +48800 9001 1001 1000
a contact +46900 +48900 1001 9002 1000
a contact +29800 +48900 2014 9003 1000
a contact +46900 +48900 9002 1001 1000
a contact +29800 +48900 9003 2014 1000
a contact +48900 +49500 1001 9002 1000
a contact +48900 +49500 9002 1001 1000
a contact +49500 +54600 1001 2011 1000
a contact +49500 +54600 2011 1001 1000
a contact +54600 +55900 1001 2004 1000
a contact +54600 +55900 2004 1001 1000
a contact +49500 +65900 1001 2007 1000
a contact +55900 +65900 1001 2011 1000
a contact +49500 +65900 2007 1001 1000
a contact +55900 +65900 2011 1001 1000
a contact +51900 +69100 2002 9001 1000
a contact +48900 +69100 2016 9003 1000
a contact +51900 +69100 9001 2002 1000
a contact +48900 +69100 9003 2016 1000
a contact +65900 +70300 1001 2006 1000
a contact +65900 +70300 1001 2010 1000
a contact +65900 +70300 2006 1001 1000
a contact +65900 +70300 2010 1001 1000
a contact +70300 +73000 1001 9002 1000
a contact +70300 +73000 9002 1001 1000
a contact +69100 +78200 2012 9003 1000
a contact +69100 +78200 9003 2012 1000
a contact +78600 +79500 2008 9002 1000
a contact +78600 +79500 9002 2008 1000
a contact +79600 +80100 2008 9002 1000
a contact +79600 +80100 9002 2008 1000
a contact +80300 +81500 2009 9002 1000
a contact +80300 +81500 9002 2009 1000
a contact +81500 +81800 2005 9002 1000
a contact +81500 +81800 9002 2005 1000
a contact +82000 +82200 2009 9002 1000
a contact +82000 +82200 9002 2009 1000
a contact +82200 +83700 2008 9002 1000
a contact +82200 +83700 9002 2008 1000
a contact +83800 +84800 2008 9002 1000
a contact +83800 +84800 9002 2008 1000
a contact +84900 +86300 2008 9002 1000
a contact +84900 +86300 9002 2008 1000
a contact +73000 +86400 1001 2006 1000
a contact +73000 +86400 1001 2010 1000
a contact +69100 +86400 2004 9001 1000
a contact +73000 +86400 2006 1001 1000
a contact +73000 +86400 2010 1001 1000
a contact +69100 +86400 9001 2004 1000

a range +0 +500 1001 9003 0.0593
a range +0 +500 9003 1001 0.0593
a range +500 +1500 1001 9003 0.0593
a range +500 +1500 9003 1001 0.0593
a range +1500 +1600 1001 9003 0.0593
a range +1500 +1600 9003 1001 0.0593
a range +1600 +2400 1001 9003 0.0593
a range +1600 +2400 9003 1001 0.0593
a range +0 +15300 2013 9001 1102.3341
a range +0 +15300 9001 2013 1102.3341
a range +2400 +17700 1001 2005 1102.4888
a range +2400 +17700 1001 2009 1102.5215
a range +2400 +17700 2005 1001 1102.4888
a range +2400 +17700 2009 1001 1102.5215
a range +17700 +23200 1001 2008 1102.711
a range +17700 +23200 1001 2012 1102.7101
a range +17700 +23200 2008 1001 1102.711
a range +17700 +23200 2012 1001 1102.7101
a range +23200 +23500 1001 9003 0.0591
a range +23200 +23500 9003 1001 0.0591
a range +23200 +23600 1001 9001 0.0595
a range +23200 +23600 9001 1001 0.0595
a range +23600 +24100 1001 9003 0.0591
a range +23600 +24100 1001 9001 0.0595
a range +23600 +24100 9001 1001 0.0595
a range +23600 +24100 9003 1001 0.0591
a range +24600 +25200 1001 9001 0.0595
a range +24600 +25200 9001 1001 0.0595
a range +25500 +25600 1001 9001 0.0595
a range +25500 +25600 9001 1001 0.0595
a range +25600 +26000 1001 9001 0.0595
a range +25600 +26000 9001 1001 0.0595
a range +0 +34500 2003 9002 1103.3677
a range +0 +34500 9002 2003 1103.3677
a range +34500 +42200 2008 9002 1103.393
a range +34500 +42200 9002 2008 1103.393
a range +26000 +46800 1001 2001 1103.5919
a range +26000 +46800 1001 2015 1103.6086
a range +26000 +46800 2001 1001 1103.5919
a range +26000 +46800 2015 1001 1103.6086
a range +46800 +46900 1001 9001 0.0593
a range +46800 +46900 9001 1001 0.0593
a range +46900 +47600 1001 9001 0.0593
a range +46900 +47600 9001 1001 0.0593
a range +48100 +48800 1001 9001 0.0593
a range +48100 +48800 9001 1001 0.0593
a range +46900 +48900 1001 9002 0.0591
a range +29800 +48900 2014 9003 1104.7545
a range +46900 +48900 9002 1001 0.0591
a range +29800 +48900 9003 2014 1104.7545
a range +48900 +49500 1001 9002 0.0591
a range +48900 +49500 9002 1001 0.0591
a range +49500 +54600 1001 2011 1104.3329
a range +49500 +54600 2011 1001 1104.3329
a range +54600 +55900 1001 2004 1104.4974
a range +54600 +55900 2004 1001 1104.4974
a range +49500 +65900 1001 2007 1104.3114
a range +55900 +65900 1001 2011 1104.3329
a range +49500 +65900 2007 1001 1104.3114
a range +55900 +65900 2011 1001 1104.3329
a range +51900 +69100 2002 9001 1105.0594
a range +48900 +69100 2016 9003 1104.7634
a range +51900 +69100 9001 2002 1105.0594
a range +48900 +69100 9003 2016 1104.7634
a range +65900 +70300 1001 2006 1104.527
a range +65900 +70300 1001 2010 1104.5262
a range +65900 +70300 2006 1001 1104.527
a range +65900 +70300 2010 1001 1104.5262
a range +70300 +73000 1001 9002 0.0594
a range +70300 +73000 9002 1001 0.0594
a range +69100 +78200 2012 9003 1104.7712
a range +69100 +78200 9003 2012 1104.7712
a range +78600 +79500 2008 9002 1104.8514
a range +78600 +79500 9002 2008 1104.8514
a range +79600 +80100 2008 9002 1104.8514
a range +79600 +80100 9002 2008 1104.8514
a range +80300 +81500 2009 9002 1105.0432
a range +80300 +81500 9002 2009 1105.0432
a range +81500 +81800 2005 9002 1105.0424
a range +81500 +81800 9002 2005 1105.0424
a range +82000 +82200 2009 9002 1105.0432
a range +82000 +82200 9002 2009 1105.0432
a range +82200 +83700 2008 9002 1105.0607
a range +82200 +83700 9002 2008 1105.0607
a range +83800 +84800 2008 9002 1105.0607
a range +83800 +84800 9002 2008 1105.0607
a range +84900 +86300 2008 9002 1105.0607
a range +84900 +86300 9002 2008 1105.0607
a range +73000 +86400 1001 2006 1105.0339
a range +73000 +86400 1001 2010 1105.0337
a range +69100 +86400 2004 9001 1105.0558
a range +73000 +86400 2006 1001 1105.0339
a range +73000 +86400 2010 1001 1105.0337
a range +69100 +86400 9001 2004 1105.0558
