a contact +600 +1200 2002 9002 1000
a contact +600 +1200 9002 2002 1000
a contact +3000 +3600 1002 2034 1000
a contact +3000 +3600 2034 1002 1000
a contact +3600 +4200 2011 2021 1000
a contact +3600 +4200 2021 2011 1000
a contact +4200 +4800 2015 2023 1000
a contact +4200 +4800 2016 9002 1000
a contact +4200 +4800 2018 2026 1000
a contact +4200 +4800 2023 2015 1000
a contact +4200 +4800 2026 2018 1000
a contact +4200 +4800 9002 2016 1000
a contact +5400 +6000 1003 2007 1000
a contact +5400 +6000 2007 1003 1000
a contact +5400 +6000 2022 2023 1000
a contact +5400 +6000 2023 2022 1000
a contact +6600 +7200 2012 2021 1000
a contact +6600 +7200 2021 2012 1000
a contact +9600 +10200 2005 2027 1000
a contact +9600 +10200 2022 2034 1000
a contact +9600 +10200 2027 2005 1000
a contact +9600 +10200 2034 2022 1000
a contact +12000 +12600 1002 2009 1000
a contact +12000 +12600 2009 1002 1000
a contact +18600 +19200 2002 2021 1000
a contact +18600 +19200 2021 2002 1000
a contact +19200 +19800 2027 9002 1000
a contact +19200 +19800 9002 2027 1000
a contact +19800 +20400 2010 2019 1000
a contact +19800 +20400 2019 2010 1000
a contact +20400 +21000 1003 2020 1000
a contact +20400 +21000 2003 2023 1000
a contact +20400 +21000 2020 1003 1000
a contact +20400 +21000 2023 2003 1000
a contact +21000 +21600 2006 2008 1000
a contact +21000 +21600 2008 2006 1000

a range +600 +1200 2002 9002 1102.5606
a range +600 +1200 9002 2002 1102.5606
a range +3000 +3600 1002 2034 1102.3908
a range +3000 +3600 2034 1002 1102.3908
a range +3600 +4200 2011 2021 0.0154
a range +3600 +4200 2021 2011 0.0154
a range +4200 +4800 2015 2023 0.0218
a range +4200 +4800 2016 9002 1102.0047
a range +4200 +4800 2018 2026 0.0226
a range +4200 +4800 2023 2015 0.0218
a range +4200 +4800 2026 2018 0.0226
a range +4200 +4800 9002 2016 1102.0047
a range +5400 +6000 1003 2007 1102.1075
a range +5400 +6000 2007 1003 1102.1075
a range +5400 +6000 2022 2023 0.0166
a range +5400 +6000 2023 2022 0.0166
a range +6600 +7200 2012 2021 0.0074
a range +6600 +7200 2021 2012 0.0074
a range +9600 +10200 2005 2027 0.0445
a range +9600 +10200 2022 2034 0.043
a range +9600 +10200 2027 2005 0.0445
a range +9600 +10200 2034 2022 0.043
a range +12000 +12600 1002 2009 1102.3926
a range +12000 +12600 2009 1002 1102.3926
a range +18600 +19200 2002 2021 0.0119
a range +18600 +19200 2021 2002 0.0119
a range +19200 +19800 2027 9002 1102.5792
a range +19200 +19800 9002 2027 1102.5792
a range +19800 +20400 2010 2019 0.0155
a range +19800 +20400 2019 2010 0.0155
a range +20400 +21000 1003 2020 1102.5224
a range +20400 +21000 2003 2023 0.0379
a range +20400 +21000 2020 1003 1102.5224
a range +20400 +21000 2023 2003 0.0379
a range +21000 +21600 2006 2008 0.0312
a range +21000 +21600 2008 2006 0.0312
