a contact +100 +200 2003 9001 1000
a contact +100 +200 2018 2050 1000
a contact +100 +200 2023 2043 1000
a contact +100 +200 2024 2044 1000
a contact +100 +200 2043 2023 1000
a contact +100 +200 2044 2024 1000
a contact +100 +200 2050 2018 1000
a contact +100 +200 9001 2003 1000
a contact +200 +300 2018 2049 1000
a contact +200 +300 2024 2043 1000
a contact +200 +300 2025 2044 1000
a contact +200 +300 2043 2024 1000
a contact +200 +300 2044 2025 1000
a contact +200 +300 2049 2018 1000
a contact +300 +400 2025 2043 1000
a contact +300 +400 2043 2025 1000
a contact +400 +500 2013 2053 1000
a contact +400 +500 2026 2044 1000
a contact +400 +500 2027 2043 1000
a contact +400 +500 2043 2027 1000
a contact +400 +500 2044 2026 1000
a contact +400 +500 2053 2013 1000
a contact +500 +600 2007 2059 1000
a contact +500 +600 2059 2007 1000
a contact +800 +900 2028 2043 1000
a contact +800 +900 2043 2028 1000
a contact +900 +1000 2008 2059 1000
a contact +900 +1000 2029 2043 1000
a contact +900 +1000 2030 2044 1000
a contact +900 +1000 2043 2029 1000
a contact +900 +1000 2044 2030 1000
a contact +900 +1000 2059 2008 1000
a contact +1100 +1200 2019 2044 1000
a contact +1100 +1200 2044 2019 1000
a contact +1500 +1600 2012 2052 1000
a contact +1500 +1600 2052 2012 1000
a contact +2100 +2200 2019 2034 1000
a contact +2100 +2200 2034 2019 1000
a contact +2300 +2400 2013 2050 1000
a contact +2300 +2400 2050 2013 1000
a contact +2700 +2800 2010 2045 1000
a contact +2700 +2800 2045 2010 1000
a contact +2800 +2900 1003 2008 1000
a contact +2800 +2900 2008 1003 1000
a contact +2800 +2900 2037 2050 1000
a contact +2800 +2900 2050 2037 1000
a contact +2900 +3000 2038 2050 1000
a contact +2900 +3000 2050 2038 1000
a contact +3200 +3300 2026 2056 1000
a contact +3200 +3300 2056 2026 1000
a contact +3400 +3500 1004 2024 1000
a contact +3400 +3500 2024 1004 1000
a contact +3400 +3500 2043 2055 1000
a contact +3400 +3500 2055 2043 1000
a contact +3500 +3600 1001 2006 1000
a contact +3500 +3600 2006 1001 1000
a contact +3700 +3800 2047 2057 1000
a contact +3700 +3800 2057 2047 1000
a contact +3900 +4000 1002 2019 1000
a contact +3900 +4000 2011 2037 1000
a contact +3900 +4000 2019 1002 1000
a contact +3900 +4000 2037 2011 1000
a contact +4100 +4200 2006 2040 1000
a contact +4100 +4200 2040 2006 1000
a contact +4300 +4400 1003 2021 1000
a contact +4300 +4400 2003 2020 1000
a contact +4300 +4400 2020 2003 1000
a contact +4300 +4400 2021 1003 1000
a contact +4300 +4400 2045 2056 1000
a contact +4300 +4400 2046 2059 1000
a contact +4300 +4400 2056 2045 1000
a contact +4300 +4400 2059 2046 1000
a contact +4600 +4700 2003 2021 1000
a contact +4600 +4700 2021 2003 1000
a contact +4700 +4800 2018 2021 1000
a contact +4700 +4800 2021 2018 1000
a contact +4700 +4800 2048 2058 1000
a contact +4700 +4800 2058 2048 1000
a contact +4900 +5000 2013 2038 1000
a contact +4900 +5000 2038 2013 1000
a contact +5000 +5100 1002 2035 1000
a contact +5000 +5100 2006 2009 1000
a contact +5000 +5100 2009 2006 1000
a contact +5000 +5100 2035 1002 1000
a contact +5100 +5200 2008 2036 1000
a contact +5100 +5200 2036 2008 1000
a contact +5300 +5400 2054 2059 1000
a contact +5300 +5400 2059 2054 1000
a contact +5500 +5600 2006 2019 1000
a contact +5500 +5600 2019 2006 1000
a contact +5800 +5900 2055 2058 1000
a contact +5800 +5900 2058 2055 1000
a contact +5900 +6000 1004 9003 1000
a contact +5900 +6000 2026 2045 1000
a contact +5900 +6000 2045 2026 1000
a contact +5900 +6000 9003 1004 1000
a contact +6000 +6100 2010 2011 1000
a contact +6000 +6100 2011 2010 1000
a contact +6200 +6300 2001 2004 1000
a contact +6200 +6300 2004 2001 1000
a contact +6300 +6400 2001 2003 1000
a contact +6300 +6400 2003 2001 1000
a contact +6300 +6400 2017 2055 1000
a contact +6300 +6400 2055 2017 1000
a contact +6400 +6500 2013 2059 1000
a contact +6400 +6500 2059 2013 1000
a contact +6500 +6600 2015 2057 1000
a contact +6500 +6600 2057 2015 1000
a contact +6600 +6700 1002 2033 1000
a contact +6600 +6700 2033 1002 1000
a contact +6700 +6800 2011 2060 1000
a contact +6700 +6800 2016 2055 1000
a contact +6700 +6800 2055 2016 1000
a contact +6700 +6800 2060 2011 1000
a contact +7100 +7200 2006 9001 1000
a contact +7100 +7200 9001 2006 1000
a contact +7200 +7300 2029 2043 1000
a contact +7200 +7300 2043 2029 1000
a contact +7300 +7400 2037 2056 1000
a contact +7300 +7400 2056 2037 1000
a contact +7700 +7800 2034 2046 1000
a contact +7700 +7800 2046 2034 1000
a contact +8200 +8300 2007 2047 1000
a contact +8200 +8300 2016 2029 1000
a contact +8200 +8300 2029 2016 1000
a contact +8200 +8300 2036 2055 1000
a contact +8200 +8300 2045 2048 1000
a contact +8200 +8300 2047 2007 1000
a contact +8200 +8300 2048 2045 1000
a contact +8200 +8300 2055 2036 1000
a contact +8500 +8600 2013 2047 1000
a contact +8500 +8600 2047 2013 1000
a contact +8600 +8700 2009 2058 1000
a contact +8600 +8700 2058 2009 1000
a contact +8700 +8800 2019 2057 1000
a contact +8700 +8800 2023 9001 1000
a contact +8700 +8800 2057 2019 1000
a contact +8700 +8800 9001 2023 1000
a contact +8900 +9000 2013 2041 1000
a contact +8900 +9000 2041 2013 1000
a contact +9000 +9100 2012 2044 1000
a contact +9000 +9100 2044 2012 1000
a contact +9200 +9300 2018 2036 1000
a contact +9200 +9300 2036 2018 1000
a contact +9300 +9400 1004 2060 1000
a contact +9300 +9400 2060 1004 1000
a contact +9600 +9700 1002 2013 1000
a contact +9600 +9700 2010 2024 1000
a contact +9600 +9700 2013 1002 1000
a contact +9600 +9700 2024 2010 1000
a contact +9800 +9900 2002 2013 1000
a contact +9800 +9900 2013 2002 1000
a contact +9900 +10000 2010 2039 1000
a contact +9900 +10000 2039 2010 1000
a contact +10300 +10400 1002 2041 1000
a contact +10300 +10400 1004 2018 1000
a contact +10300 +10400 2013 2040 1000
a contact +10300 +10400 2018 1004 1000
a contact +10300 +10400 2040 2013 1000
a contact +10300 +10400 2041 1002 1000
a contact +10400 +10500 1001 2041 1000
a contact +10400 +10500 2006 2023 1000
a contact +10400 +10500 2023 2006 1000
a contact +10400 +10500 2041 1001 1000
a contact +10700 +10800 2042 2053 1000
a contact +10700 +10800 2044 9001 1000
a contact +10700 +10800 2053 2042 1000
a contact +10700 +10800 9001 2044 1000
a contact +10900 +11000 2016 2019 1000
a contact +10900 +11000 2019 2016 1000
a contact +11100 +11200 2009 2019 1000
a contact +11100 +11200 2019 2009 1000
a contact +11100 +11200 2054 2056 1000
a contact +11100 +11200 2056 2054 1000
a contact +11200 +11300 2003 2030 1000
a contact +11200 +11300 2030 2003 1000
a contact +11400 +11500 1002 2043 1000
a contact +11400 +11500 2002 2037 1000
a contact +11400 +11500 2037 2002 1000
a contact +11400 +11500 2043 1002 1000
a contact +11600 +11700 2017 2022 1000
a contact +11600 +11700 2022 2017 1000
a contact +12000 +12100 2031 2048 1000
a contact +12000 +12100 2048 2031 1000
a contact +12200 +12300 1004 2054 1000
a contact +12200 +12300 2054 1004 1000
a contact +12300 +12400 2016 2059 1000
a contact +12300 +12400 2021 2056 1000
a contact +12300 +12400 2035 2036 1000
a contact +12300 +12400 2036 2035 1000
a contact +12300 +12400 2056 2021 1000
a contact +12300 +12400 2059 2016 1000
a contact +12400 +12500 2030 2043 1000
a contact +12400 +12500 2043 2030 1000
a contact +12500 +12600 2025 2044 1000
a contact +12500 +12600 2044 2025 1000
a contact +12600 +12700 2024 9001 1000
a contact +12600 +12700 9001 2024 1000
a contact +12700 +12800 1004 2002 1000
a contact +12700 +12800 2002 1004 1000
a contact +12800 +12900 2028 2045 1000
a contact +12800 +12900 2045 2028 1000
a contact +13300 +13400 2011 2057 1000
a contact +13300 +13400 2057 2011 1000
a contact +13500 +13600 2038 2058 1000
a contact +13500 +13600 2058 2038 1000
a contact +13600 +13700 1004 2023 1000
a contact +13600 +13700 2023 1004 1000
a contact +13700 +13800 2028 2033 1000
a contact +13700 +13800 2033 2028 1000
a contact +13900 +14000 1002 9003 1000
a contact +13900 +14000 2003 2056 1000
a contact +13900 +14000 2056 2003 1000
a contact +13900 +14000 9003 1002 1000
a contact +14100 +14200 2039 2058 1000
a contact +14100 +14200 2058 2039 1000
a contact +14600 +14700 2029 2053 1000
a contact +14600 +14700 2053 2029 1000
a contact +14700 +14800 1004 2013 1000
a contact +14700 +14800 2013 1004 1000
a contact +14800 +14900 1003 2013 1000
a contact +14800 +14900 2013 1003 1000
a contact +15100 +15200 2012 2044 1000
a contact +15100 +15200 2025 2059 1000
a contact +15100 +15200 2044 2012 1000
a contact +15100 +15200 2059 2025 1000
a contact +15300 +15400 2016 2032 1000
a contact +15300 +15400 2032 2016 1000
a contact +15500 +15600 2023 2036 1000
a contact +15500 +15600 2028 2052 1000
a contact +15500 +15600 2036 2023 1000
a contact +15500 +15600 2052 2028 1000
a contact +15600 +15700 2019 2020 1000
a contact +15600 +15700 2020 2019 1000
a contact +15700 +15800 2029 2051 1000
a contact +15700 +15800 2051 2029 1000
a contact +15900 +16000 1002 2005 1000
a contact +15900 +16000 2005 1002 1000
a contact +15900 +16000 2020 2030 1000
a contact +15900 +16000 2030 2020 1000
a contact +16000 +16100 1003 2015 1000
a contact +16000 +16100 2015 1003 1000
a contact +16200 +16300 2047 2050 1000
a contact +16200 +16300 2050 2047 1000
a contact +16300 +16400 2020 9002 1000
a contact +16300 +16400 9002 2020 1000
a contact +16400 +16500 2006 2043 1000
a contact +16400 +16500 2020 2031 1000
a contact +16400 +16500 2031 2020 1000
a contact +16400 +16500 2043 2006 1000
a contact +16600 +16700 2015 2034 1000
a contact +16600 +16700 2034 2015 1000
a contact +16700 +16800 2006 2042 1000
a contact +16700 +16800 2042 2006 1000
a contact +16800 +16900 1003 2040 1000
a contact +16800 +16900 2040 1003 1000
a contact +17100 +17200 2014 2027 1000
a contact +17100 +17200 2027 2014 1000
a contact +17200 +17300 2002 2041 1000
a contact +17200 +17300 2041 2002 1000
a contact +18400 +18500 2029 2044 1000
a contact +18400 +18500 2044 2029 1000
a contact +18700 +18800 1002 9001 1000
a contact +18700 +18800 9001 1002 1000
a contact +18800 +18900 2014 2054 1000
a contact +18800 +18900 2054 2014 1000
a contact +19000 +19100 2014 2052 1000
a contact +19000 +19100 2052 2014 1000
a contact +19100 +19200 2003 2016 1000
a contact +19100 +19200 2016 2003 1000
a contact +19300 +19400 2015 2058 1000
a contact +19300 +19400 2058 2015 1000
a contact +19500 +19600 2007 2044 1000
a contact +19500 +19600 2011 2048 1000
a contact +19500 +19600 2044 2007 1000
a contact +19500 +19600 2048 2011 1000
a contact +19900 +20000 2011 2047 1000
a contact +19900 +20000 2047 2011 1000
a contact +20300 +20400 2029 2057 1000
a contact +20300 +20400 2057 2029 1000
a contact +20400 +20500 1002 2014 1000
a contact +20400 +20500 2014 1002 1000
a contact +20500 +20600 2011 2030 1000
a contact +20500 +20600 2030 2011 1000
a contact +20600 +20700 2006 2049 1000
a contact +20600 +20700 2049 2006 1000
a contact +20700 +20800 2044 2056 1000
a contact +20700 +20800 2056 2044 1000
a contact +20800 +20900 2043 9002 1000
a contact +20800 +20900 9002 2043 1000
a contact +20900 +21000 2011 2052 1000
a contact +20900 +21000 2052 2011 1000
a contact +21200 +21300 1004 2020 1000
a contact +21200 +21300 2020 1004 1000
a contact +21200 +21300 2025 9002 1000
a contact +21200 +21300 9002 2025 1000
a contact +21300 +21400 2032 2033 1000
a contact +21300 +21400 2033 2032 1000
a contact +21600 +21700 2016 2042 1000
a contact +21600 +21700 2021 2057 1000
a contact +21600 +21700 2042 2016 1000
a contact +21600 +21700 2057 2021 1000
a contact +21700 +21800 1004 2048 1000
a contact +21700 +21800 2048 1004 1000
a contact +21900 +22000 2008 2042 1000
a contact +21900 +22000 2042 2008 1000
a contact +22000 +22100 2031 2056 1000
a contact +22000 +22100 2056 2031 1000
a contact +22100 +22200 2029 2030 1000
a contact +22100 +22200 2030 2029 1000
a contact +22300 +22400 2010 2027 1000
a contact +22300 +22400 2027 2010 1000
a contact +22300 +22400 2030 2058 1000
a contact +22300 +22400 2058 2030 1000
a contact +22400 +22500 2041 9002 1000
a contact +22400 +22500 9002 2041 1000
a contact +22600 +22700 1002 2026 1000
a contact +22600 +22700 2005 2041 1000
a contact +22600 +22700 2024 2059 1000
a contact +22600 +22700 2026 1002 1000
a contact +22600 +22700 2041 2005 1000
a contact +22600 +22700 2059 2024 1000
a contact +22700 +22800 2012 2023 1000
a contact +22700 +22800 2014 2025 1000
a contact +22700 +22800 2023 2012 1000
a contact +22700 +22800 2025 2014 1000
a contact +22800 +22900 2003 2046 1000
a contact +22800 +22900 2046 2003 1000
a contact +23300 +23400 2051 2054 1000
a contact +23300 +23400 2054 2051 1000
a contact +23300 +23400 2055 2058 1000
a contact +23300 +23400 2058 2055 1000
a contact +23400 +23500 2011 2013 1000
a contact +23400 +23500 2013 2011 1000
a contact +23500 +23600 2005 2056 1000
a contact +23500 +23600 2056 2005 1000
a contact +23600 +23700 2009 2012 1000
a contact +23600 +23700 2012 2009 1000
a contact +24200 +24300 1003 2026 1000
a contact +24200 +24300 2021 2052 1000
a contact +24200 +24300 2026 1003 1000
a contact +24200 +24300 2052 2021 1000
a contact +24300 +24400 2020 2053 1000
a contact +24300 +24400 2053 2020 1000
a contact +24400 +24500 1002 2004 1000
a contact +24400 +24500 2001 2011 1000
a contact +24400 +24500 2004 1002 1000
a contact +24400 +24500 2011 2001 1000
a contact +24600 +24700 2009 2055 1000
a contact +24600 +24700 2055 2009 1000
a contact +24700 +24800 2013 2060 1000
a contact +24700 +24800 2060 2013 1000
a contact +24800 +24900 2012 2059 1000
a contact +24800 +24900 2059 2012 1000
a contact +24900 +25000 2008 2056 1000
a contact +24900 +25000 2056 2008 1000
a contact +25000 +25100 2025 2040 1000
a contact +25000 +25100 2040 2025 1000
a contact +25200 +25300 2013 2053 1000
a contact +25200 +25300 2020 2048 1000
a contact +25200 +25300 2040 2060 1000
a contact +25200 +25300 2048 2020 1000
a contact +25200 +25300 2053 2013 1000
a contact +25200 +25300 2060 2040 1000
a contact +25400 +25500 2023 2048 1000
a contact +25400 +25500 2048 2023 1000
a contact +25600 +25700 2022 2036 1000
a contact +25600 +25700 2036 2022 1000
a contact +25700 +25800 1004 2057 1000
a contact +25700 +25800 2004 2025 1000
a contact +25700 +25800 2025 2004 1000
a contact +25700 +25800 2057 1004 1000
a contact +25800 +25900 2008 2054 1000
a contact +25800 +25900 2054 2008 1000
a contact +26100 +26200 1002 2029 1000
a contact +26100 +26200 2029 1002 1000
a contact +27300 +27400 2018 2033 1000
a contact +27300 +27400 2033 2018 1000
a contact +27300 +27400 2046 2060 1000
a contact +27300 +27400 2060 2046 1000
a contact +27600 +27700 2003 2021 1000
a contact +27600 +27700 2021 2003 1000
a contact +27700 +27800 2008 2024 1000
a contact +27700 +27800 2024 2008 1000
a contact +28000 +28100 2014 2038 1000
a contact +28000 +28100 2038 2014 1000
a contact +28500 +28600 2002 2037 1000
a contact +28500 +28600 2037 2002 1000
a contact +28600 +28700 2045 2048 1000
a contact +28600 +28700 2048 2045 1000
a contact +28700 +28800 1002 2026 1000
a contact +28700 +28800 2026 1002 1000
a contact +28800 +28900 2029 2031 1000
a contact +28800 +28900 2031 2029 1000
a contact +29000 +29100 2006 2011 1000
a contact +29000 +29100 2011 2006 1000
a contact +29500 +29600 2052 2053 1000
a contact +29500 +29600 2053 2052 1000
a contact +29800 +29900 1002 2060 1000
a contact +29800 +29900 2060 1002 1000
a contact +29900 +30000 2030 2045 1000
a contact +29900 +30000 2045 2030 1000
a contact +30300 +30400 1001 2054 1000
a contact +30300 +30400 2054 1001 1000
a contact +30900 +31000 2009 2026 1000
a contact +30900 +31000 2021 2048 1000
a contact +30900 +31000 2026 2009 1000
a contact +30900 +31000 2048 2021 1000
a contact +31100 +31200 2016 2026 1000
a contact +31100 +31200 2026 2016 1000
a contact +31200 +31300 2018 2030 1000
a contact +31200 +31300 2030 2018 1000
a contact +31500 +31600 2009 2025 1000
a contact +31500 +31600 2020 2033 1000
a contact +31500 +31600 2025 2009 1000
a contact +31500 +31600 2033 2020 1000
a contact +31700 +31800 2012 2024 1000
a contact +31700 +31800 2024 2012 1000
a contact +32100 +32200 2009 2029 1000
a contact +32100 +32200 2029 2009 1000
a contact +32100 +32200 2030 2056 1000
a contact +32100 +32200 2056 2030 1000
a contact +32300 +32400 2013 2041 1000
a contact +32300 +32400 2041 2013 1000
a contact +32700 +32800 2008 2028 1000
a contact +32700 +32800 2028 2008 1000
a contact +33000 +33100 1001 2059 1000
a contact +33000 +33100 2007 2019 1000
a contact +33000 +33100 2019 2007 1000
a contact +33000 +33100 2059 1001 1000
a contact +33400 +33500 1003 2056 1000
a contact +33400 +33500 2007 2039 1000
a contact +33400 +33500 2039 2007 1000
a contact +33400 +33500 2056 1003 1000
a contact +33500 +33600 1002 2052 1000
a contact +33500 +33600 2052 1002 1000
a contact +33800 +33900 2010 2049 1000
a contact +33800 +33900 2049 2010 1000
a contact +33900 +34000 1004 2044 1000
a contact +33900 +34000 2044 1004 1000
a contact +34300 +34400 2003 2034 1000
a contact +34300 +34400 2008 2049 1000
a contact +34300 +34400 2034 2003 1000
a contact +34300 +34400 2049 2008 1000
a contact +34600 +34700 2006 2044 1000
a contact +34600 +34700 2008 2034 1000
a contact +34600 +34700 2034 2008 1000
a contact +34600 +34700 2044 2006 1000
a contact +34600 +34700 2054 2055 1000
a contact +34600 +34700 2055 2054 1000
a contact +34900 +35000 2002 2045 1000
a contact +34900 +35000 2045 2002 1000
a contact +35000 +35100 2031 2036 1000
a contact +35000 +35100 2036 2031 1000
a contact +35300 +35400 1004 2041 1000
a contact +35300 +35400 2041 1004 1000
a contact +35400 +35500 2011 2059 1000
a contact +35400 +35500 2059 2011 1000
a contact +35600 +35700 2010 2052 1000
a contact +35600 +35700 2052 2010 1000
a contact +35900 +36000 2048 2049 1000
a contact +35900 +36000 2049 2048 1000
a contact +36100 +36200 1003 9001 1000
a contact +36100 +36200 2025 2042 1000
a contact +36100 +36200 2042 2025 1000
a contact +36100 +36200 9001 1003 1000
a contact +36600 +36700 2003 2017 1000
a contact +36600 +36700 2017 2003 1000
a contact +36800 +36900 1003 9001 1000
a contact +36800 +36900 2033 2045 1000
a contact +36800 +36900 2045 2033 1000
a contact +36800 +36900 9001 1003 1000
a contact +37100 +37200 2009 2036 1000
a contact +37100 +37200 2036 2009 1000
a contact +37300 +37400 2025 2051 1000
a contact +37300 +37400 2051 2025 1000
a contact +37500 +37600 2012 2048 1000
a contact +37500 +37600 2048 2012 1000
a contact +37600 +37700 1004 2001 1000
a contact +37600 +37700 2001 1004 1000
a contact +37700 +37800 1004 2050 1000
a contact +37700 +37800 2050 1004 1000
a contact +37900 +38000 2017 2028 1000
a contact +37900 +38000 2028 2017 1000
a contact +38000 +38100 2006 2038 1000
a contact +38000 +38100 2016 2036 1000
a contact +38000 +38100 2017 2029 1000
a contact +38000 +38100 2029 2017 1000
a contact +38000 +38100 2036 2016 1000
a contact +38000 +38100 2038 2006 1000
a contact +38100 +38200 2017 2030 1000
a contact +38100 +38200 2027 2028 1000
a contact +38100 +38200 2028 2027 1000
a contact +38100 +38200 2030 2017 1000
a contact +38200 +38300 2041 2052 1000
a contact +38200 +38300 2052 2041 1000
a contact +38900 +39000 2048 2060 1000
a contact +38900 +39000 2060 2048 1000
a contact +39200 +39300 2033 2059 1000
a contact +39200 +39300 2059 2033 1000
a contact +39400 +39500 2008 2028 1000
a contact +39400 +39500 2028 2008 1000
a contact +39900 +40000 1003 2039 1000
a contact +39900 +40000 2013 2027 1000
a contact +39900 +40000 2027 2013 1000
a contact +39900 +40000 2039 1003 1000
a contact +40100 +40200 2011 2046 1000
a contact +40100 +40200 2046 2011 1000
a contact +40400 +40500 1002 2044 1000
a contact +40400 +40500 2006 2041 1000
a contact +40400 +40500 2041 2006 1000
a contact +40400 +40500 2044 1002 1000
a contact +40500 +40600 2028 2050 1000
a contact +40500 +40600 2050 2028 1000
a contact +41000 +41100 2024 2044 1000
a contact +41000 +41100 2044 2024 1000
a contact +41600 +41700 2039 9003 1000
a contact +41600 +41700 9003 2039 1000
a contact +41700 +41800 2022 2042 1000
a contact +41700 +41800 2042 2022 1000
a contact +41800 +41900 2002 2016 1000
a contact +41800 +41900 2016 2002 1000
a contact +42400 +42500 2005 2046 1000
a contact +42400 +42500 2046 2005 1000
a contact +42500 +42600 1002 9002 1000
a contact +42500 +42600 9002 1002 1000
a contact +42600 +42700 2020 2048 1000
a contact +42600 +42700 2048 2020 1000
a contact +42700 +42800 2013 2053 1000
a contact +42700 +42800 2020 2046 1000
a contact +42700 +42800 2021 2048 1000
a contact +42700 +42800 2046 2020 1000
a contact +42700 +42800 2048 2021 1000
a contact +42700 +42800 2053 2013 1000
a contact +42800 +42900 2003 2055 1000
a contact +42800 +42900 2006 2060 1000
a contact +42800 +42900 2055 2003 1000
a contact +42800 +42900 2060 2006 1000
a contact +43700 +43800 2005 2021 1000
a contact +43700 +43800 2021 2005 1000
a contact +43700 +43800 2036 2051 1000
a contact +43700 +43800 2051 2036 1000
a contact +43900 +44000 2015 2030 1000
a contact +43900 +44000 2030 2015 1000
a contact +44100 +44200 1001 2007 1000
a contact +44100 +44200 2007 1001 1000
a contact +44400 +44500 2041 2056 1000
a contact +44400 +44500 2056 2041 1000
a contact +44500 +44600 2027 2028 1000
a contact +44500 +44600 2028 2027 1000
a contact +44700 +44800 2004 2024 1000
a contact +44700 +44800 2024 2004 1000
a contact +44900 +45000 2037 2053 1000
a contact +44900 +45000 2053 2037 1000
a contact +45000 +45100 1002 2051 1000
a contact +45000 +45100 1003 2055 1000
a contact +45000 +45100 2051 1002 1000
a contact +45000 +45100 2055 1003 1000
a contact +45100 +45300 1003 9002 1000
a contact +45100 +45300 9002 1003 1000
a contact +45500 +45600 2028 2055 1000
a contact +45500 +45600 2055 2028 1000
a contact +45600 +45700 2036 2055 1000
a contact +45600 +45700 2055 2036 1000
a contact +45700 +45800 1001 2031 1000
a contact +45700 +45800 2030 2056 1000
a contact +45700 +45800 2031 1001 1000
a contact +45700 +45800 2056 2030 1000
a contact +46000 +46100 2030 2055 1000
a contact +46000 +46100 2055 2030 1000
a contact +46100 +46200 2030 2054 1000
a contact +46100 +46200 2054 2030 1000
a contact +46400 +46500 2012 2023 1000
a contact +46400 +46500 2013 2024 1000
a contact +46400 +46500 2023 2012 1000
a contact +46400 +46500 2024 2013 1000
a contact +46500 +46600 2014 2024 1000
a contact +46500 +46600 2024 2014 1000
a contact +46800 +46900 2004 2048 1000
a contact +46800 +46900 2048 2004 1000
a contact +47000 +47100 2034 2037 1000
a contact +47000 +47100 2037 2034 1000
a contact +47100 +47200 2035 2037 1000
a contact +47100 +47200 2037 2035 1000
a contact +47100 +47200 2051 2056 1000
a contact +47100 +47200 2056 2051 1000
a contact +47500 +47600 2011 2013 1000
a contact +47500 +47600 2013 2011 1000
a contact +47700 +47800 1003 2038 1000
a contact +47700 +47800 2038 1003 1000
a contact +47900 +48000 2009 2011 1000
a contact +47900 +48000 2011 2009 1000
a contact +47900 +48000 2016 2018 1000
a contact +47900 +48000 2018 2016 1000
a contact +48500 +48600 2007 2008 1000
a contact +48500 +48600 2008 2007 1000
a contact +48600 +48700 2013 9003 1000
a contact +48600 +48700 9003 2013 1000
a contact +49200 +49300 1003 2012 1000
a contact +49200 +49300 2012 1003 1000
a contact +49300 +49400 2006 2037 1000
a contact +49300 +49400 2037 2006 1000
a contact +49400 +49500 2017 2033 1000
a contact +49400 +49500 2033 2017 1000
a contact +49500 +49600 1003 2009 1000
a contact +49500 +49600 2009 1003 1000
a contact +49700 +49800 2002 2019 1000
a contact +49700 +49800 2019 2002 1000
a contact +49800 +49900 2026 2027 1000
a contact +49800 +49900 2027 2026 1000
a contact +50200 +50300 2015 2048 1000
a contact +50200 +50300 2048 2015 1000
a contact +50300 +50400 1004 2035 1000
a contact +50300 +50400 2034 2051 1000
a contact +50300 +50400 2035 1004 1000
a contact +50300 +50400 2051 2034 1000
a contact +51100 +51200 2013 2024 1000
a contact +51100 +51200 2024 2013 1000
a contact +51600 +51700 2023 2060 1000
a contact +51600 +51700 2024 2058 1000
a contact +51600 +51700 2058 2024 1000
a contact +51600 +51700 2060 2023 1000
a contact +51700 +51800 1001 2030 1000
a contact +51700 +51800 2009 2044 1000
a contact +51700 +51800 2030 1001 1000
a contact +51700 +51800 2044 2009 1000
a contact +52100 +52200 1002 2045 1000
a contact +52100 +52200 2045 1002 1000
a contact +52200 +52300 2015 2037 1000
a contact +52200 +52300 2037 2015 1000
a contact +52300 +52400 2008 2011 1000
a contact +52300 +52400 2011 2008 1000
a contact +52800 +52900 2002 2005 1000
a contact +52800 +52900 2005 2002 1000
a contact +52900 +53000 1003 2048 1000
a contact +52900 +53000 2048 1003 1000
a contact +53000 +53100 2015 2057 1000
a contact +53000 +53100 2025 2045 1000
a contact +53000 +53100 2045 2025 1000
a contact +53000 +53100 2057 2015 1000
a contact +53100 +53200 2033 2036 1000
a contact +53100 +53200 2036 2033 1000
a contact +53200 +53300 2005 2015 1000
a contact +53200 +53300 2015 2005 1000
a contact +53200 +53300 2026 2041 1000
a contact +53200 +53300 2041 2026 1000
a contact +53600 +53700 2029 2041 1000
a contact +53600 +53700 2041 2029 1000
a contact +53800 +53900 2027 2038 1000
a contact +53800 +53900 2038 2027 1000
a contact +54000 +54100 2042 2045 1000
a contact +54000 +54100 2045 2042 1000
a contact +54100 +54200 1003 2032 1000
a contact +54100 +54200 2032 1003 1000
a contact +54400 +54500 2015 2018 1000
a contact +54400 +54500 2018 2015 1000
a contact +54500 +54600 2041 2060 1000
a contact +54500 +54600 2060 2041 1000
a contact +54800 +54900 1004 9002 1000
a contact +54800 +54900 9002 1004 1000
a contact +54900 +55000 2011 2026 1000
a contact +54900 +55000 2026 2011 1000
a contact +55100 +55200 2008 2033 1000
a contact +55100 +55200 2033 2008 1000
a contact +55300 +55400 2035 2055 1000
a contact +55300 +55400 2055 2035 1000
a contact +55500 +55600 2020 2046 1000
a contact +55500 +55600 2046 2020 1000
a contact +55600 +55700 2005 2047 1000
a contact +55600 +55700 2047 2005 1000
a contact +55800 +55900 2015 2039 1000
a contact +55800 +55900 2039 2015 1000
a contact +56500 +56600 2009 2034 1000
a contact +56500 +56600 2034 2009 1000
a contact +56600 +56700 1003 2031 1000
a contact +56600 +56700 2013 2042 1000
a contact +56600 +56700 2031 1003 1000
a contact +56600 +56700 2042 2013 1000
a contact +56700 +56800 2034 2051 1000
a contact +56700 +56800 2051 2034 1000
a contact +56800 +56900 2013 2046 1000
a contact +56800 +56900 2046 2013 1000
a contact +57000 +57100 2011 2029 1000
a contact +57000 +57100 2029 2011 1000
a contact +57100 +57200 1004 2022 1000
a contact +57100 +57200 2022 1004 1000
a contact +57500 +57600 2030 9001 1000
a contact +57500 +57600 9001 2030 1000
a contact +57600 +57700 2033 2051 1000
a contact +57600 +57700 2051 2033 1000
a contact +57800 +57900 2029 2051 1000
a contact +57800 +57900 2030 2057 1000
a contact +57800 +57900 2051 2029 1000
a contact +57800 +57900 2057 2030 1000
a contact +57900 +58000 2006 2039 1000
a contact +57900 +58000 2039 2006 1000
a contact +58100 +58200 2045 2055 1000
a contact +58100 +58200 2055 2045 1000
a contact +58200 +58300 2010 2030 1000
a contact +58200 +58300 2030 2010 1000
a contact +58400 +58500 2024 9003 1000
a contact +58400 +58500 9003 2024 1000
a contact +58500 +58600 1001 2022 1000
a contact +58500 +58600 2022 1001 1000
a contact +59200 +59300 2022 2034 1000
a contact +59200 +59300 2034 2022 1000
a contact +59300 +59400 1002 2016 1000
a contact +59300 +59400 2016 1002 1000
a contact +59500 +59600 2016 9003 1000
a contact +59500 +59600 9003 2016 1000
a contact +60000 +60100 2012 2051 1000
a contact +60000 +60100 2051 2012 1000
a contact +60100 +60200 2009 2012 1000
a contact +60100 +60200 2012 2009 1000
a contact +60400 +60500 2055 2056 1000
a contact +60400 +60500 2056 2055 1000
a contact +61100 +61200 2024 2035 1000
a contact +61100 +61200 2035 2024 1000
a contact +61200 +61300 2019 2056 1000
a contact +61200 +61300 2038 2057 1000
a contact +61200 +61300 2056 2019 1000
a contact +61200 +61300 2057 2038 1000
a contact +61300 +61400 1004 2009 1000
a contact +61300 +61400 2009 1004 1000
a contact +61300 +61400 2042 2060 1000
a contact +61300 +61400 2060 2042 1000
a contact +61500 +61600 2022 2025 1000
a contact +61500 +61600 2025 2022 1000
a contact +61700 +61800 1002 2012 1000
a contact +61700 +61800 2012 1002 1000
a contact +61700 +61800 2027 2030 1000
a contact +61700 +61800 2030 2027 1000
a contact +61900 +62000 2024 2054 1000
a contact +61900 +62000 2054 2024 1000
a contact +62000 +62100 2017 2032 1000
a contact +62000 +62100 2029 2030 1000
a contact +62000 +62100 2030 2029 1000
a contact +62000 +62100 2032 2017 1000
a contact +62100 +62200 1003 2052 1000
a contact +62100 +62200 2003 2042 1000
a contact +62100 +62200 2042 2003 1000
a contact +62100 +62200 2052 1003 1000
a contact +62200 +62300 2001 2056 1000
a contact +62200 +62300 2003 2016 1000
a contact +62200 +62300 2016 2003 1000
a contact +62200 +62300 2056 2001 1000
a contact +62800 +62900 2021 9003 1000
a contact +62800 +62900 9003 2021 1000
a contact +62900 +63000 2029 2051 1000
a contact +62900 +63000 2051 2029 1000
a contact +63200 +63300 1002 2041 1000
a contact +63200 +63300 2041 1002 1000
a contact +63300 +63400 2004 2044 1000
a contact +63300 +63400 2044 2004 1000
a contact +63700 +63800 2011 2042 1000
a contact +63700 +63800 2042 2011 1000
a contact +63700 +63800 2044 2054 1000
a contact +63700 +63800 2054 2044 1000
a contact +64000 +64100 1003 2022 1000
a contact +64000 +64100 2013 2042 1000
a contact +64000 +64100 2022 1003 1000
a contact +64000 +64100 2042 2013 1000
a contact +64100 +64200 2007 2040 1000
a contact +64100 +64200 2014 2048 1000
a contact +64100 +64200 2040 2007 1000
a contact +64100 +64200 2048 2014 1000
a contact +64400 +64500 2054 2059 1000
a contact +64400 +64500 2059 2054 1000
a contact +64500 +64600 2030 2054 1000
a contact +64500 +64600 2054 2030 1000
a contact +64800 +64900 2011 2057 1000
a contact +64800 +64900 2057 2011 1000
a contact +65000 +65100 2011 2058 1000
a contact +65000 +65100 2058 2011 1000
a contact +65500 +65600 2007 2060 1000
a contact +65500 +65600 2060 2007 1000
a contact +65600 +65700 2025 2028 1000
a contact +65600 +65700 2028 2025 1000
a contact +65700 +65800 2020 2035 1000
a contact +65700 +65800 2035 2020 1000
a contact +65900 +66000 2013 2015 1000
a contact +65900 +66000 2015 2013 1000
a contact +66000 +66100 1002 1003 1000
a contact +66000 +66100 1003 1002 1000
a contact +66000 +66100 1004 2001 1000
a contact +66000 +66100 2001 1004 1000
a contact +66200 +66300 2007 2052 1000
a contact +66200 +66300 2022 2035 1000
a contact +66200 +66300 2026 2039 1000
a contact +66200 +66300 2035 2022 1000
a contact +66200 +66300 2039 2026 1000
a contact +66200 +66300 2052 2007 1000
a contact +66300 +66400 2024 2034 1000
a contact +66300 +66400 2033 2035 1000
a contact +66300 +66400 2034 2024 1000
a contact +66300 +66400 2035 2033 1000
a contact +66400 +66500 2028 2039 1000
a contact +66400 +66500 2039 2028 1000
a contact +66800 +66900 2017 2028 1000
a contact +66800 +66900 2028 2017 1000
a contact +67300 +67400 2026 2057 1000
a contact +67300 +67400 2057 2026 1000
a contact +67500 +67600 1004 2046 1000
a contact +67500 +67600 2046 1004 1000
a contact +67600 +67700 2015 2048 1000
a contact +67600 +67700 2048 2015 1000
a contact +67800 +67900 2042 9003 1000
a contact +67800 +67900 9003 2042 1000
a contact +68000 +68100 1003 2054 1000
a contact +68000 +68100 2054 1003 1000
a contact +68200 +68300 2026 2053 1000
a contact +68200 +68300 2030 2057 1000
a contact +68200 +68300 2034 9001 1000
a contact +68200 +68300 2053 2026 1000
a contact +68200 +68300 2057 2030 1000
a contact +68200 +68300 9001 2034 1000
a contact +68600 +68700 2004 2038 1000
a contact +68600 +68700 2012 2031 1000
a contact +68600 +68700 2019 2047 1000
a contact +68600 +68700 2020 2050 1000
a contact +68600 +68700 2031 2012 1000
a contact +68600 +68700 2038 2004 1000
a contact +68600 +68700 2047 2019 1000
a contact +68600 +68700 2050 2020 1000
a contact +68900 +69000 1002 2053 1000
a contact +68900 +69000 2053 1002 1000
a contact +69100 +69200 2010 2025 1000
a contact +69100 +69200 2025 2010 1000
a contact +69200 +69300 2006 2034 1000
a contact +69200 +69300 2034 2006 1000
a contact +69300 +69400 2014 2031 1000
a contact +69300 +69400 2031 2014 1000
a contact +69300 +69400 2043 2059 1000
a contact +69300 +69400 2059 2043 1000
a contact +69500 +69600 2002 2036 1000
a contact +69500 +69600 2036 2002 1000
a contact +69700 +69800 2013 2049 1000
a contact +69700 +69800 2049 2013 1000
a contact +70000 +70100 2038 2056 1000
a contact +70000 +70100 2056 2038 1000
a contact +70100 +70200 2026 9001 1000
a contact +70100 +70200 9001 2026 1000
a contact +70200 +70300 2043 2053 1000
a contact +70200 +70300 2053 2043 1000
a contact +70300 +70400 2039 2053 1000
a contact +70300 +70400 2053 2039 1000
a contact +70400 +70500 2014 2017 1000
a contact +70400 +70500 2017 2014 1000
a contact +71100 +71200 2060 9003 1000
a contact +71100 +71200 9003 2060 1000
a contact +71200 +71300 2020 2030 1000
a contact +71200 +71300 2030 2020 1000
a contact +71300 +71400 2020 2023 1000
a contact +71300 +71400 2023 2020 1000
a contact +71300 +71400 2034 2045 1000
a contact +71300 +71400 2045 2034 1000
a contact +71600 +71700 2006 9001 1000
a contact +71600 +71700 9001 2006 1000
a contact +71800 +71900 2040 2045 1000
a contact +71800 +71900 2045 2040 1000
a contact +71900 +72000 1001 1004 1000
a contact +71900 +72000 1004 1001 1000
a contact +71900 +72000 2038 2041 1000
a contact +71900 +72000 2041 2038 1000
a contact +72000 +72100 2001 2050 1000
a contact +72000 +72100 2007 9001 1000
a contact +72000 +72100 2050 2001 1000
a contact +72000 +72100 9001 2007 1000
a contact +72100 +72200 2002 2050 1000
a contact +72100 +72200 2050 2002 1000
a contact +72700 +72800 2031 2043 1000
a contact +72700 +72800 2043 2031 1000
a contact +72900 +73000 1001 1004 1000
a contact +72900 +73000 1004 1001 1000
a contact +72900 +73000 2006 2018 1000
a contact +72900 +73000 2018 2006 1000
a contact +73100 +73200 2016 2050 1000
a contact +73100 +73200 2018 2033 1000
a contact +73100 +73200 2033 2018 1000
a contact +73100 +73200 2050 2016 1000
a contact +73200 +73300 2007 2018 1000
a contact +73200 +73300 2018 2007 1000
a contact +73300 +73400 2045 2056 1000
a contact +73300 +73400 2056 2045 1000
a contact +73900 +74000 2025 2052 1000
a contact +73900 +74000 2052 2025 1000
a contact +74000 +74100 1004 2006 1000
a contact +74000 +74100 2006 1004 1000
a contact +74500 +74600 1004 2025 1000
a contact +74500 +74600 2025 1004 1000
a contact +74700 +74800 1001 2011 1000
a contact +74700 +74800 2011 1001 1000
a contact +74800 +74900 1004 2027 1000
a contact +74800 +74900 2027 1004 1000
a contact +75000 +75100 2027 9001 1000
a contact +75000 +75100 9001 2027 1000
a contact +75100 +75200 2007 2022 1000
a contact +75100 +75200 2022 2007 1000
a contact +75500 +75600 1002 2028 1000
a contact +75500 +75600 2006 2040 1000
a contact +75500 +75600 2028 1002 1000
a contact +75500 +75600 2031 9001 1000
a contact +75500 +75600 2040 2006 1000
a contact +75500 +75600 9001 2031 1000
a contact +75900 +76000 2002 2038 1000
a contact +75900 +76000 2038 2002 1000
a contact +76100 +76200 2006 2031 1000
a contact +76100 +76200 2031 2006 1000
a contact +76300 +76400 1002 2038 1000
a contact +76300 +76400 2038 1002 1000
a contact +76500 +76600 2031 2056 1000
a contact +76500 +76600 2056 2031 1000
a contact +76800 +76900 2029 2034 1000
a contact +76800 +76900 2034 2029 1000
a contact +77100 +77200 2008 2051 1000
a contact +77100 +77200 2051 2008 1000
a contact +77200 +77300 2019 2059 1000
a contact +77200 +77300 2051 2056 1000
a contact +77200 +77300 2056 2051 1000
a contact +77200 +77300 2059 2019 1000
a contact +77500 +77600 2011 2052 1000
a contact +77500 +77600 2035 2040 1000
a contact +77500 +77600 2040 2035 1000
a contact +77500 +77600 2052 2011 1000
a contact +77800 +77900 2022 2039 1000
a contact +77800 +77900 2039 2022 1000
a contact +78000 +78100 2041 2044 1000
a contact +78000 +78100 2044 2041 1000
a contact +78100 +78200 2007 2054 1000
a contact +78100 +78200 2054 2007 1000
a contact +78300 +78400 2028 2041 1000
a contact +78300 +78400 2041 2028 1000
a contact +78500 +78600 2059 2060 1000
a contact +78500 +78600 2060 2059 1000
a contact +78700 +78800 2038 2041 1000
a contact +78700 +78800 2041 2038 1000
a contact +78900 +79000 2010 2060 1000
a contact +78900 +79000 2060 2010 1000
a contact +79000 +79100 2041 2043 1000
a contact +79000 +79100 2043 2041 1000
a contact +79200 +79300 2005 2039 1000
a contact +79200 +79300 2039 2005 1000
a contact +79300 +79400 2003 2034 1000
a contact +79300 +79400 2034 2003 1000
a contact +79300 +79400 2046 9001 1000
a contact +79300 +79400 9001 2046 1000
a contact +79400 +79500 1002 2012 1000
a contact +79400 +79500 2012 1002 1000
a contact +79500 +79600 1002 2052 1000
a contact +79500 +79600 2030 2040 1000
a contact +79500 +79600 2040 2030 1000
a contact +79500 +79600 2052 1002 1000
a contact +79600 +79700 2046 9002 1000
a contact +79600 +79700 9002 2046 1000
a contact +79800 +79900 2014 2033 1000
a contact +79800 +79900 2033 2014 1000
a contact +80100 +80200 1003 2009 1000
a contact +80100 +80200 2009 1003 1000
a contact +80500 +80600 2042 2054 1000
a contact +80500 +80600 2044 2057 1000
a contact +80500 +80600 2054 2042 1000
a contact +80500 +80600 2057 2044 1000
a contact +80800 +80900 2009 2021 1000
a contact +80800 +80900 2021 2009 1000
a contact +80800 +80900 2042 2055 1000
a contact +80800 +80900 2055 2042 1000
a contact +81000 +81100 2002 2016 1000
a contact +81000 +81100 2016 2002 1000
a contact +81200 +81300 2003 2016 1000
a contact +81200 +81300 2016 2003 1000
a contact +81300 +81400 2013 2038 1000
a contact +81300 +81400 2038 2013 1000
a contact +81400 +81500 1004 2028 1000
a contact +81400 +81500 2028 1004 1000
a contact +81500 +81600 2011 2044 1000
a contact +81500 +81600 2044 2011 1000
a contact +81600 +81700 1003 2025 1000
a contact +81600 +81700 2025 1003 1000
a contact +82000 +82100 2011 2024 1000
a contact +82000 +82100 2024 2011 1000
a contact +82700 +82800 1004 2046 1000
a contact +82700 +82800 2046 1004 1000
a contact +83100 +83200 2005 2010 1000
a contact +83100 +83200 2010 2005 1000
a contact +83200 +83300 2009 2060 1000
a contact +83200 +83300 2060 2009 1000
a contact +83300 +83400 2010 2053 1000
a contact +83300 +83400 2023 2041 1000
a contact +83300 +83400 2041 2023 1000
a contact +83300 +83400 2053 2010 1000
a contact +83400 +83500 2020 2039 1000
a contact +83400 +83500 2039 2020 1000
a contact +83800 +83900 1001 2030 1000
a contact +83800 +83900 2030 1001 1000
a contact +84500 +84600 2034 2044 1000
a contact +84500 +84600 2044 2034 1000
a contact +84600 +84700 2024 2035 1000
a contact +84600 +84700 2035 2024 1000
a contact +84700 +84800 2014 9001 1000
a contact +84700 +84800 9001 2014 1000
a contact +84900 +85000 2030 2033 1000
a contact +84900 +85000 2033 2030 1000
a contact +85800 +85900 2003 2029 1000
a contact +85800 +85900 2029 2003 1000
a contact +85900 +86000 2001 2020 1000
a contact +85900 +86000 2020 2001 1000
a contact +86100 +86200 2010 2028 1000
a contact +86100 +86200 2028 2010 1000
a contact +86200 +86300 2045 2060 1000
a contact +86200 +86300 2060 2045 1000

a range +100 +200 2003 9001 1102.342
a range +100 +200 2018 2050 0.0146
a range +100 +200 2023 2043 0.043
a range +100 +200 2024 2044 0.043
a range +100 +200 2043 2023 0.043
a range +100 +200 2044 2024 0.043
a range +100 +200 2050 2018 0.0146
a range +100 +200 9001 2003 1102.342
a range +200 +300 2018 2049 0.0133
a range +200 +300 2024 2043 0.0339
a range +200 +300 2025 2044 0.0334
a range +200 +300 2043 2024 0.0339
a range +200 +300 2044 2025 0.0334
a range +200 +300 2049 2018 0.0133
a range +300 +400 2025 2043 0.0265
a range +300 +400 2043 2025 0.0265
a range +400 +500 2013 2053 0.0432
a range +400 +500 2026 2044 0.0269
a range +400 +500 2027 2043 0.0108
a range +400 +500 2043 2027 0.0108
a range +400 +500 2044 2026 0.0269
a range +400 +500 2053 2013 0.0432
a range +500 +600 2007 2059 0.0435
a range +500 +600 2059 2007 0.0435
a range +800 +900 2028 2043 0.009
a range +800 +900 2043 2028 0.009
a range +900 +1000 2008 2059 0.0434
a range +900 +1000 2029 2043 0.0153
a range +900 +1000 2030 2044 0.0192
a range +900 +1000 2043 2029 0.0153
a range +900 +1000 2044 2030 0.0192
a range +900 +1000 2059 2008 0.0434
a range +1100 +1200 2019 2044 0.043
a range +1100 +1200 2044 2019 0.043
a range +1500 +1600 2012 2052 0.0435
a range +1500 +1600 2052 2012 0.0435
a range +2100 +2200 2019 2034 0.0023
a range +2100 +2200 2034 2019 0.0023
a range +2300 +2400 2013 2050 0.0436
a range +2300 +2400 2050 2013 0.0436
a range +2700 +2800 2010 2045 0.0431
a range +2700 +2800 2045 2010 0.0431
a range +2800 +2900 1003 2008 1102.2494
a range +2800 +2900 2008 1003 1102.2494
a range +2800 +2900 2037 2050 0.0219
a range +2800 +2900 2050 2037 0.0219
a range +2900 +3000 2038 2050 0.0302
a range +2900 +3000 2050 2038 0.0302
a range +3200 +3300 2026 2056 0.0112
a range +3200 +3300 2056 2026 0.0112
a range +3400 +3500 1004 2024 1102.0147
a range +3400 +3500 2024 1004 1102.0147
a range +3400 +3500 2043 2055 0.0265
a range +3400 +3500 2055 2043 0.0265
a range +3500 +3600 1001 2006 1102.6799
a range +3500 +3600 2006 1001 1102.6799
a range +3700 +3800 2047 2057 0.0421
a range +3700 +3800 2057 2047 0.0421
a range +3900 +4000 1002 2019 1102.3783
a range +3900 +4000 2011 2037 0.0406
a range +3900 +4000 2019 1002 1102.3783
a range +3900 +4000 2037 2011 0.0406
a range +4100 +4200 2006 2040 0.0428
a range +4100 +4200 2040 2006 0.0428
a range +4300 +4400 1003 2021 1102.2566
a range +4300 +4400 2003 2020 0.0184
a range +4300 +4400 2020 2003 0.0184
a range +4300 +4400 2021 1003 1102.2566
a range +4300 +4400 2045 2056 0.0345
a range +4300 +4400 2046 2059 0.0198
a range +4300 +4400 2056 2045 0.0345
a range +4300 +4400 2059 2046 0.0198
a range +4600 +4700 2003 2021 0.0264
a range +4600 +4700 2021 2003 0.0264
a range +4700 +4800 2018 2021 0.0285
a range +4700 +4800 2021 2018 0.0285
a range +4700 +4800 2048 2058 0.0421
a range +4700 +4800 2058 2048 0.0421
a range +4900 +5000 2013 2038 0.0431
a range +4900 +5000 2038 2013 0.0431
a range +5000 +5100 1002 2035 1102.3362
a range +5000 +5100 2006 2009 0.0285
a range +5000 +5100 2009 2006 0.0285
a range +5000 +5100 2035 1002 1102.3362
a range +5100 +5200 2008 2036 0.0341
a range +5100 +5200 2036 2008 0.0341
a range +5300 +5400 2054 2059 0.0421
a range +5300 +5400 2059 2054 0.0421
a range +5500 +5600 2006 2019 0.019
a range +5500 +5600 2019 2006 0.019
a range +5800 +5900 2055 2058 0.0285
a range +5800 +5900 2058 2055 0.0285
a range +5900 +6000 1004 9003 0.0593
a range +5900 +6000 2026 2045 0.0345
a range +5900 +6000 2045 2026 0.0345
a range +5900 +6000 9003 1004 0.0593
a range +6000 +6100 2010 2011 0.0101
a range +6000 +6100 2011 2010 0.0101
a range +6200 +6300 2001 2004 0.0285
a range +6200 +6300 2004 2001 0.0285
a range +6300 +6400 2001 2003 0.0198
a range +6300 +6400 2003 2001 0.0198
a range +6300 +6400 2017 2055 0.0433
a range +6300 +6400 2055 2017 0.0433
a range +6400 +6500 2013 2059 0.0432
a range +6400 +6500 2059 2013 0.0432
a range +6500 +6600 2015 2057 0.043
a range +6500 +6600 2057 2015 0.043
a range +6600 +6700 1002 2033 1102.4614
a range +6600 +6700 2033 1002 1102.4614
a range +6700 +6800 2011 2060 0.0431
a range +6700 +6800 2016 2055 0.0433
a range +6700 +6800 2055 2016 0.0433
a range +6700 +6800 2060 2011 0.0431
a range +7100 +7200 2006 9001 1102.3428
a range +7100 +7200 9001 2006 1102.3428
a range +7200 +7300 2029 2043 0.0153
a range +7200 +7300 2043 2029 0.0153
a range +7300 +7400 2037 2056 0.0375
a range +7300 +7400 2056 2037 0.0375
a range +7700 +7800 2034 2046 0.0293
a range +7700 +7800 2046 2034 0.0293
a range +8200 +8300 2007 2047 0.0436
a range +8200 +8300 2016 2029 0.0198
a range +8200 +8300 2029 2016 0.0198
a range +8200 +8300 2036 2055 0.0382
a range +8200 +8300 2045 2048 0.0314
a range +8200 +8300 2047 2007 0.0436
a range +8200 +8300 2048 2045 0.0314
a range +8200 +8300 2055 2036 0.0382
a range +8500 +8600 2013 2047 0.0432
a range +8500 +8600 2047 2013 0.0432
a range +8600 +8700 2009 2058 0.043
a range +8600 +8700 2058 2009 0.043
a range +8700 +8800 2019 2057 0.0434
a range +8700 +8800 2023 9001 1102.1438
a range +8700 +8800 2057 2019 0.0434
a range +8700 +8800 9001 2023 1102.1438
a range +8900 +9000 2013 2041 0.0143
a range +8900 +9000 2041 2013 0.0143
a range +9000 +9100 2012 2044 0.0217
a range +9000 +9100 2044 2012 0.0217
a range +9200 +9300 2018 2036 0.0264
a range +9200 +9300 2036 2018 0.0264
a range +9300 +9400 1004 2060 1102.9112
a range +9300 +9400 2060 1004 1102.9112
a range +9600 +9700 1002 2013 1102.457
a range +9600 +9700 2010 2024 0.0179
a range +9600 +9700 2013 1002 1102.457
a range +9600 +9700 2024 2010 0.0179
a range +9800 +9900 2002 2013 0.0361
a range +9800 +9900 2013 2002 0.0361
a range +9900 +10000 2010 2039 0.0291
a range +9900 +10000 2039 2010 0.0291
a range +10300 +10400 1002 2041 1102.4411
a range +10300 +10400 1004 2018 1102.3423
a range +10300 +10400 2013 2040 0.0206
a range +10300 +10400 2018 1004 1102.3423
a range +10300 +10400 2040 2013 0.0206
a range +10300 +10400 2041 1002 1102.4411
a range +10400 +10500 1001 2041 1102.7026
a range +10400 +10500 2006 2023 0.0248
a range +10400 +10500 2023 2006 0.0248
a range +10400 +10500 2041 1001 1102.7026
a range +10700 +10800 2042 2053 0.0357
a range +10700 +10800 2044 9001 1102.3183
a range +10700 +10800 2053 2042 0.0357
a range +10700 +10800 9001 2044 1102.3183
a range +10900 +11000 2016 2019 0.0285
a range +10900 +11000 2019 2016 0.0285
a range +11100 +11200 2009 2019 0.043
a range +11100 +11200 2019 2009 0.043
a range +11100 +11200 2054 2056 0.0198
a range +11100 +11200 2056 2054 0.0198
a range +11200 +11300 2003 2030 0.0314
a range +11200 +11300 2030 2003 0.0314
a range +11400 +11500 1002 2043 1102.4513
a range +11400 +11500 2002 2037 0.0433
a range +11400 +11500 2037 2002 0.0433
a range +11400 +11500 2043 1002 1102.4513
a range +11600 +11700 2017 2022 0.0421
a range +11600 +11700 2022 2017 0.0421
a range +12000 +12100 2031 2048 0.0238
a range +12000 +12100 2048 2031 0.0238
a range +12200 +12300 1004 2054 1102.9262
a range +12200 +12300 2054 1004 1102.9262
a range +12300 +12400 2016 2059 0.0362
a range +12300 +12400 2021 2056 0.0433
a range +12300 +12400 2035 2036 0.0101
a range +12300 +12400 2036 2035 0.0101
a range +12300 +12400 2056 2021 0.0433
a range +12300 +12400 2059 2016 0.0362
a range +12400 +12500 2030 2043 0.0235
a range +12400 +12500 2043 2030 0.0235
a range +12500 +12600 2025 2044 0.0334
a range +12500 +12600 2044 2025 0.0334
a range +12600 +12700 2024 9001 1102.3279
a range +12600 +12700 9001 2024 1102.3279
a range +12700 +12800 1004 2002 1102.9084
a range +12700 +12800 2002 1004 1102.9084
a range +12800 +12900 2028 2045 0.0235
a range +12800 +12900 2045 2028 0.0235
a range +13300 +13400 2011 2057 0.0432
a range +13300 +13400 2057 2011 0.0432
a range +13500 +13600 2038 2058 0.043
a range +13500 +13600 2058 2038 0.043
a range +13600 +13700 1004 2023 1102.931
a range +13600 +13700 2023 1004 1102.931
a range +13700 +13800 2028 2033 0.043
a range +13700 +13800 2033 2028 0.043
a range +13900 +14000 1002 9003 0.0591
a range +13900 +14000 2003 2056 0.0433
a range +13900 +14000 2056 2003 0.0433
a range +13900 +14000 9003 1002 0.0591
a range +14100 +14200 2039 2058 0.0339
a range +14100 +14200 2058 2039 0.0339
a range +14600 +14700 2029 2053 0.0433
a range +14600 +14700 2053 2029 0.0433
a range +14700 +14800 1004 2013 1102.9158
a range +14700 +14800 2013 1004 1102.9158
a range +14800 +14900 1003 2013 1103.1376
a range +14800 +14900 2013 1003 1103.1376
a range +15100 +15200 2012 2044 0.0217
a range +15100 +15200 2025 2059 0.0257
a range +15100 +15200 2044 2012 0.0217
a range +15100 +15200 2059 2025 0.0257
a range +15300 +15400 2016 2032 0.0195
a range +15300 +15400 2032 2016 0.0195
a range +15500 +15600 2023 2036 0.0248
a range +15500 +15600 2028 2052 0.043
a range +15500 +15600 2036 2023 0.0248
a range +15500 +15600 2052 2028 0.043
a range +15600 +15700 2019 2020 0.0101
a range +15600 +15700 2020 2019 0.0101
a range +15700 +15800 2029 2051 0.0433
a range +15700 +15800 2051 2029 0.0433
a range +15900 +16000 1002 2005 1102.4698
a range +15900 +16000 2005 1002 1102.4698
a range +15900 +16000 2020 2030 0.0421
a range +15900 +16000 2030 2020 0.0421
a range +16000 +16100 1003 2015 1103.1451
a range +16000 +16100 2015 1003 1103.1451
a range +16200 +16300 2047 2050 0.0285
a range +16200 +16300 2050 2047 0.0285
a range +16300 +16400 2020 9002 1103.016
a range +16300 +16400 9002 2020 1103.016
a range +16400 +16500 2006 2043 0.0432
a range +16400 +16500 2020 2031 0.0347
a range +16400 +16500 2031 2020 0.0347
a range +16400 +16500 2043 2006 0.0432
a range +16600 +16700 2015 2034 0.038
a range +16600 +16700 2034 2015 0.038
a range +16700 +16800 2006 2042 0.0432
a range +16700 +16800 2042 2006 0.0432
a range +16800 +16900 1003 2040 1102.7516
a range +16800 +16900 2040 1003 1102.7516
a range +17100 +17200 2014 2027 0.0203
a range +17100 +17200 2027 2014 0.0203
a range +17200 +17300 2002 2041 0.043
a range +17200 +17300 2041 2002 0.043
a range +18400 +18500 2029 2044 0.0148
a range +18400 +18500 2044 2029 0.0148
a range +18700 +18800 1002 9001 0.0596
a range +18700 +18800 9001 1002 0.0596
a range +18800 +18900 2014 2054 0.0432
a range +18800 +18900 2054 2014 0.0432
a range +19000 +19100 2014 2052 0.0432
a range +19000 +19100 2052 2014 0.0432
a range +19100 +19200 2003 2016 0.0238
a range +19100 +19200 2016 2003 0.0238
a range +19300 +19400 2015 2058 0.0433
a range +19300 +19400 2058 2015 0.0433
a range +19500 +19600 2007 2044 0.0433
a range +19500 +19600 2011 2048 0.0433
a range +19500 +19600 2044 2007 0.0433
a range +19500 +19600 2048 2011 0.0433
a range +19900 +20000 2011 2047 0.0435
a range +19900 +20000 2047 2011 0.0435
a range +20300 +20400 2029 2057 0.0217
a range +20300 +20400 2057 2029 0.0217
a range +20400 +20500 1002 2014 1103.3842
a range +20400 +20500 2014 1002 1103.3842
a range +20500 +20600 2011 2030 0.0345
a range +20500 +20600 2030 2011 0.0345
a range +20600 +20700 2006 2049 0.0434
a range +20600 +20700 2049 2006 0.0434
a range +20700 +20800 2044 2056 0.0269
a range +20700 +20800 2056 2044 0.0269
a range +20800 +20900 2043 9002 1102.6375
a range +20800 +20900 9002 2043 1102.6375
a range +20900 +21000 2011 2052 0.0434
a range +20900 +21000 2052 2011 0.0434
a range +21200 +21300 1004 2020 1102.9192
a range +21200 +21300 2020 1004 1102.9192
a range +21200 +21300 2025 9002 1102.767
a range +21200 +21300 9002 2025 1102.767
a range +21300 +21400 2032 2033 0.0101
a range +21300 +21400 2033 2032 0.0101
a range +21600 +21700 2016 2042 0.0365
a range +21600 +21700 2021 2057 0.0431
a range +21600 +21700 2042 2016 0.0365
a range +21600 +21700 2057 2021 0.0431
a range +21700 +21800 1004 2048 1102.9125
a range +21700 +21800 2048 1004 1102.9125
a range +21900 +22000 2008 2042 0.0347
a range +21900 +22000 2042 2008 0.0347
a range +22000 +22100 2031 2056 0.043
a range +22000 +22100 2056 2031 0.043
a range +22100 +22200 2029 2030 0.0101
a range +22100 +22200 2030 2029 0.0101
a range +22300 +22400 2010 2027 0.0192
a range +22300 +22400 2027 2010 0.0192
a range +22300 +22400 2030 2058 0.0307
a range +22300 +22400 2058 2030 0.0307
a range +22400 +22500 2041 9002 1102.7354
a range +22400 +22500 9002 2041 1102.7354
a range +22600 +22700 1002 2026 1102.7212
a range +22600 +22700 2005 2041 0.0433
a range +22600 +22700 2024 2059 0.0431
a range +22600 +22700 2026 1002 1102.7212
a range +22600 +22700 2041 2005 0.0433
a range +22600 +22700 2059 2024 0.0431
a range +22700 +22800 2012 2023 0.0357
a range +22700 +22800 2014 2025 0.0334
a range +22700 +22800 2023 2012 0.0357
a range +22700 +22800 2025 2014 0.0334
a range +22800 +22900 2003 2046 0.043
a range +22800 +22900 2046 2003 0.043
a range +23300 +23400 2051 2054 0.0285
a range +23300 +23400 2054 2051 0.0285
a range +23300 +23400 2055 2058 0.0285
a range +23300 +23400 2058 2055 0.0285
a range +23400 +23500 2011 2013 0.0198
a range +23400 +23500 2013 2011 0.0198
a range +23500 +23600 2005 2056 0.0432
a range +23500 +23600 2056 2005 0.0432
a range +23600 +23700 2009 2012 0.0285
a range +23600 +23700 2012 2009 0.0285
a range +24200 +24300 1003 2026 1102.6714
a range +24200 +24300 2021 2052 0.0283
a range +24200 +24300 2026 1003 1102.6714
a range +24200 +24300 2052 2021 0.0283
a range +24300 +24400 2020 2053 0.034
a range +24300 +24400 2053 2020 0.034
a range +24400 +24500 1002 2004 1103.3696
a range +24400 +24500 2001 2011 0.0421
a range +24400 +24500 2004 1002 1103.3696
a range +24400 +24500 2011 2001 0.0421
a range +24600 +24700 2009 2055 0.043
a range +24600 +24700 2055 2009 0.043
a range +24700 +24800 2013 2060 0.0432
a range +24700 +24800 2060 2013 0.0432
a range +24800 +24900 2012 2059 0.0434
a range +24800 +24900 2059 2012 0.0434
a range +24900 +25000 2008 2056 0.0432
a range +24900 +25000 2056 2008 0.0432
a range +25000 +25100 2025 2040 0.0127
a range +25000 +25100 2040 2025 0.0127
a range +25200 +25300 2013 2053 0.0435
a range +25200 +25300 2020 2048 0.0146
a range +25200 +25300 2040 2060 0.043
a range +25200 +25300 2048 2020 0.0146
a range +25200 +25300 2053 2013 0.0435
a range +25200 +25300 2060 2040 0.043
a range +25400 +25500 2023 2048 0.0433
a range +25400 +25500 2048 2023 0.0433
a range +25600 +25700 2022 2036 0.0175
a range +25600 +25700 2036 2022 0.0175
a range +25700 +25800 1004 2057 1102.9197
a range +25700 +25800 2004 2025 0.043
a range +25700 +25800 2025 2004 0.043
a range +25700 +25800 2057 1004 1102.9197
a range +25800 +25900 2008 2054 0.0432
a range +25800 +25900 2054 2008 0.0432
a range +26100 +26200 1002 2029 1103.3636
a range +26100 +26200 2029 1002 1103.3636
a range +27300 +27400 2018 2033 0.0096
a range +27300 +27400 2033 2018 0.0096
a range +27300 +27400 2046 2060 0.0101
a range +27300 +27400 2060 2046 0.0101
a range +27600 +27700 2003 2021 0.0264
a range +27600 +27700 2021 2003 0.0264
a range +27700 +27800 2008 2024 0.0205
a range +27700 +27800 2024 2008 0.0205
a range +28000 +28100 2014 2038 0.043
a range +28000 +28100 2038 2014 0.043
a range +28500 +28600 2002 2037 0.0431
a range +28500 +28600 2037 2002 0.0431
a range +28600 +28700 2045 2048 0.0314
a range +28600 +28700 2048 2045 0.0314
a range +28700 +28800 1002 2026 1103.3784
a range +28700 +28800 2026 1002 1103.3784
a range +28800 +28900 2029 2031 0.0257
a range +28800 +28900 2031 2029 0.0257
a range +29000 +29100 2006 2011 0.0421
a range +29000 +29100 2011 2006 0.0421
a range +29500 +29600 2052 2053 0.0101
a range +29500 +29600 2053 2052 0.0101
a range +29800 +29900 1002 2060 1103.3815
a range +29800 +29900 2060 1002 1103.3815
a range +29900 +30000 2030 2045 0.0181
a range +29900 +30000 2045 2030 0.0181
a range +30300 +30400 1001 2054 1103.6092
a range +30300 +30400 2054 1001 1103.6092
a range +30900 +31000 2009 2026 0.0222
a range +30900 +31000 2021 2048 0.0204
a range +30900 +31000 2026 2009 0.0222
a range +30900 +31000 2048 2021 0.0204
a range +31100 +31200 2016 2026 0.0421
a range +31100 +31200 2026 2016 0.0421
a range +31200 +31300 2018 2030 0.0285
a range +31200 +31300 2030 2018 0.0285
a range +31500 +31600 2009 2025 0.0179
a range +31500 +31600 2020 2033 0.0184
a range +31500 +31600 2025 2009 0.0179
a range +31500 +31600 2033 2020 0.0184
a range +31700 +31800 2012 2024 0.0281
a range +31700 +31800 2024 2012 0.0281
a range +32100 +32200 2009 2029 0.043
a range +32100 +32200 2029 2009 0.043
a range +32100 +32200 2030 2056 0.0304
a range +32100 +32200 2056 2030 0.0304
a range +32300 +32400 2013 2041 0.0143
a range +32300 +32400 2041 2013 0.0143
a range +32700 +32800 2008 2028 0.043
a range +32700 +32800 2028 2008 0.043
a range +33000 +33100 1001 2059 1103.595
a range +33000 +33100 2007 2019 0.0279
a range +33000 +33100 2019 2007 0.0279
a range +33000 +33100 2059 1001 1103.595
a range +33400 +33500 1003 2056 1103.1382
a range +33400 +33500 2007 2039 0.0371
a range +33400 +33500 2039 2007 0.0371
a range +33400 +33500 2056 1003 1103.1382
a range +33500 +33600 1002 2052 1103.3657
a range +33500 +33600 2052 1002 1103.3657
a range +33800 +33900 2010 2049 0.0433
a range +33800 +33900 2049 2010 0.0433
a range +33900 +34000 1004 2044 1103.2773
a range +33900 +34000 2044 1004 1103.2773
a range +34300 +34400 2003 2034 0.0133
a range +34300 +34400 2008 2049 0.0434
a range +34300 +34400 2034 2003 0.0133
a range +34300 +34400 2049 2008 0.0434
a range +34600 +34700 2006 2044 0.043
a range +34600 +34700 2008 2034 0.034
a range +34600 +34700 2034 2008 0.034
a range +34600 +34700 2044 2006 0.043
a range +34600 +34700 2054 2055 0.0101
a range +34600 +34700 2055 2054 0.0101
a range +34900 +35000 2002 2045 0.0365
a range +34900 +35000 2045 2002 0.0365
a range +35000 +35100 2031 2036 0.0421
a range +35000 +35100 2036 2031 0.0421
a range +35300 +35400 1004 2041 1103.4302
a range +35300 +35400 2041 1004 1103.4302
a range +35400 +35500 2011 2059 0.0433
a range +35400 +35500 2059 2011 0.0433
a range +35600 +35700 2010 2052 0.0433
a range +35600 +35700 2052 2010 0.0433
a range +35900 +36000 2048 2049 0.0101
a range +35900 +36000 2049 2048 0.0101
a range +36100 +36200 1003 9001 0.0594
a range +36100 +36200 2025 2042 0.0192
a range +36100 +36200 2042 2025 0.0192
a range +36100 +36200 9001 1003 0.0594
a range +36600 +36700 2003 2017 0.0158
a range +36600 +36700 2017 2003 0.0158
a range +36800 +36900 1003 9001 0.0594
a range +36800 +36900 2033 2045 0.0285
a range +36800 +36900 2045 2033 0.0285
a range +36800 +36900 9001 1003 0.0594
a range +37100 +37200 2009 2036 0.0391
a range +37100 +37200 2036 2009 0.0391
a range +37300 +37400 2025 2051 0.0428
a range +37300 +37400 2051 2025 0.0428
a range +37500 +37600 2012 2048 0.0435
a range +37500 +37600 2048 2012 0.0435
a range +37600 +37700 1004 2001 1103.8235
a range +37600 +37700 2001 1004 1103.8235
a range +37700 +37800 1004 2050 1103.8326
a range +37700 +37800 2050 1004 1103.8326
a range +37900 +38000 2017 2028 0.0361
a range +37900 +38000 2028 2017 0.0361
a range +38000 +38100 2006 2038 0.0341
a range +38000 +38100 2016 2036 0.043
a range +38000 +38100 2017 2029 0.0285
a range +38000 +38100 2029 2017 0.0285
a range +38000 +38100 2036 2016 0.043
a range +38000 +38100 2038 2006 0.0341
a range +38100 +38200 2017 2030 0.0198
a range +38100 +38200 2027 2028 0.0101
a range +38100 +38200 2028 2027 0.0101
a range +38100 +38200 2030 2017 0.0198
a range +38200 +38300 2041 2052 0.0375
a range +38200 +38300 2052 2041 0.0375
a range +38900 +39000 2048 2060 0.0285
a range +38900 +39000 2060 2048 0.0285
a range +39200 +39300 2033 2059 0.038
a range +39200 +39300 2059 2033 0.038
a range +39400 +39500 2008 2028 0.043
a range +39400 +39500 2028 2008 0.043
a range +39900 +40000 1003 2039 1103.5181
a range +39900 +40000 2013 2027 0.0108
a range +39900 +40000 2027 2013 0.0108
a range +39900 +40000 2039 1003 1103.5181
a range +40100 +40200 2011 2046 0.0436
a range +40100 +40200 2046 2011 0.0436
a range +40400 +40500 1002 2044 1103.3864
a range +40400 +40500 2006 2041 0.043
a range +40400 +40500 2041 2006 0.043
a range +40400 +40500 2044 1002 1103.3864
a range +40500 +40600 2028 2050 0.0431
a range +40500 +40600 2050 2028 0.0431
a range +41000 +41100 2024 2044 0.043
a range +41000 +41100 2044 2024 0.043
a range +41600 +41700 2039 9003 1103.5596
a range +41600 +41700 9003 2039 1103.5596
a range +41700 +41800 2022 2042 0.043
a range +41700 +41800 2042 2022 0.043
a range +41800 +41900 2002 2016 0.0195
a range +41800 +41900 2016 2002 0.0195
a range +42400 +42500 2005 2046 0.0435
a range +42400 +42500 2046 2005 0.0435
a range +42500 +42600 1002 9002 0.0592
a range +42500 +42600 9002 1002 0.0592
a range +42600 +42700 2020 2048 0.0146
a range +42600 +42700 2048 2020 0.0146
a range +42700 +42800 2013 2053 0.0431
a range +42700 +42800 2020 2046 0.0311
a range +42700 +42800 2021 2048 0.0204
a range +42700 +42800 2046 2020 0.0311
a range +42700 +42800 2048 2021 0.0204
a range +42700 +42800 2053 2013 0.0431
a range +42800 +42900 2003 2055 0.0433
a range +42800 +42900 2006 2060 0.0431
a range +42800 +42900 2055 2003 0.0433
a range +42800 +42900 2060 2006 0.0431
a range +43700 +43800 2005 2021 0.0129
a range +43700 +43800 2021 2005 0.0129
a range +43700 +43800 2036 2051 0.0122
a range +43700 +43800 2051 2036 0.0122
a range +43900 +44000 2015 2030 0.0181
a range +43900 +44000 2030 2015 0.0181
a range +44100 +44200 1001 2007 1103.6015
a range +44100 +44200 2007 1001 1103.6015
a range +44400 +44500 2041 2056 0.0061
a range +44400 +44500 2056 2041 0.0061
a range +44500 +44600 2027 2028 0.0101
a range +44500 +44600 2028 2027 0.0101
a range +44700 +44800 2004 2024 0.043
a range +44700 +44800 2024 2004 0.043
a range +44900 +45000 2037 2053 0.0204
a range +44900 +45000 2053 2037 0.0204
a range +45000 +45100 1002 2051 1104.2765
a range +45000 +45100 1003 2055 1104.047
a range +45000 +45100 2051 1002 1104.2765
a range +45000 +45100 2055 1003 1104.047
a range +45100 +45300 1003 9002 0.0592
a range +45100 +45300 9002 1003 0.0592
a range +45500 +45600 2028 2055 0.0206
a range +45500 +45600 2055 2028 0.0206
a range +45600 +45700 2036 2055 0.0382
a range +45600 +45700 2055 2036 0.0382
a range +45700 +45800 1001 2031 1103.5775
a range +45700 +45800 2030 2056 0.0304
a range +45700 +45800 2031 1001 1103.5775
a range +45700 +45800 2056 2030 0.0304
a range +46000 +46100 2030 2055 0.043
a range +46000 +46100 2055 2030 0.043
a range +46100 +46200 2030 2054 0.043
a range +46100 +46200 2054 2030 0.043
a range +46400 +46500 2012 2023 0.0357
a range +46400 +46500 2013 2024 0.0339
a range +46400 +46500 2023 2012 0.0357
a range +46400 +46500 2024 2013 0.0339
a range +46500 +46600 2014 2024 0.043
a range +46500 +46600 2024 2014 0.043
a range +46800 +46900 2004 2048 0.043
a range +46800 +46900 2048 2004 0.043
a range +47000 +47100 2034 2037 0.0285
a range +47000 +47100 2037 2034 0.0285
a range +47100 +47200 2035 2037 0.0198
a range +47100 +47200 2037 2035 0.0198
a range +47100 +47200 2051 2056 0.0421
a range +47100 +47200 2056 2051 0.0421
a range +47500 +47600 2011 2013 0.0198
a range +47500 +47600 2013 2011 0.0198
a range +47700 +47800 1003 2038 1103.5619
a range +47700 +47800 2038 1003 1103.5619
a range +47900 +48000 2009 2011 0.0198
a range +47900 +48000 2011 2009 0.0198
a range +47900 +48000 2016 2018 0.0198
a range +47900 +48000 2018 2016 0.0198
a range +48500 +48600 2007 2008 0.0101
a range +48500 +48600 2008 2007 0.0101
a range +48600 +48700 2013 9003 1104.7671
a range +48600 +48700 9003 2013 1104.7671
a range +49200 +49300 1003 2012 1104.054
a range +49200 +49300 2012 1003 1104.054
a range +49300 +49400 2006 2037 0.0283
a range +49300 +49400 2037 2006 0.0283
a range +49400 +49500 2017 2033 0.0158
a range +49400 +49500 2033 2017 0.0158
a range +49500 +49600 1003 2009 1104.0428
a range +49500 +49600 2009 1003 1104.0428
a range +49700 +49800 2002 2019 0.0206
a range +49700 +49800 2019 2002 0.0206
a range +49800 +49900 2026 2027 0.0101
a range +49800 +49900 2027 2026 0.0101
a range +50200 +50300 2015 2048 0.0432
a range +50200 +50300 2048 2015 0.0432
a range +50300 +50400 1004 2035 1103.8188
a range +50300 +50400 2034 2051 0.019
a range +50300 +50400 2035 1004 1103.8188
a range +50300 +50400 2051 2034 0.019
a range +51100 +51200 2013 2024 0.0339
a range +51100 +51200 2024 2013 0.0339
a range +51600 +51700 2023 2060 0.0432
a range +51600 +51700 2024 2058 0.0279
a range +51600 +51700 2058 2024 0.0279
a range +51600 +51700 2060 2023 0.0432
a range +51700 +51800 1001 2030 1103.9405
a range +51700 +51800 2009 2044 0.0432
a range +51700 +51800 2030 1001 1103.9405
a range +51700 +51800 2044 2009 0.0432
a range +52100 +52200 1002 2045 1103.9867
a range +52100 +52200 2045 1002 1103.9867
a range +52200 +52300 2015 2037 0.0431
a range +52200 +52300 2037 2015 0.0431
a range +52300 +52400 2008 2011 0.0285
a range +52300 +52400 2011 2008 0.0285
a range +52800 +52900 2002 2005 0.0285
a range +52800 +52900 2005 2002 0.0285
a range +52900 +53000 1003 2048 1104.0554
a range +52900 +53000 2048 1003 1104.0554
a range +53000 +53100 2015 2057 0.0433
a range +53000 +53100 2025 2045 0.043
a range +53000 +53100 2045 2025 0.043
a range +53000 +53100 2057 2015 0.0433
a range +53100 +53200 2033 2036 0.0285
a range +53100 +53200 2036 2033 0.0285
a range +53200 +53300 2005 2015 0.0421
a range +53200 +53300 2015 2005 0.0421
a range +53200 +53300 2026 2041 0.0061
a range +53200 +53300 2041 2026 0.0061
a range +53600 +53700 2029 2041 0.0269
a range +53600 +53700 2041 2029 0.0269
a range +53800 +53900 2027 2038 0.0357
a range +53800 +53900 2038 2027 0.0357
a range +54000 +54100 2042 2045 0.0285
a range +54000 +54100 2045 2042 0.0285
a range +54100 +54200 1003 2032 1103.942
a range +54100 +54200 2032 1003 1103.942
a range +54400 +54500 2015 2018 0.0314
a range +54400 +54500 2018 2015 0.0314
a range +54500 +54600 2041 2060 0.0345
a range +54500 +54600 2060 2041 0.0345
a range +54800 +54900 1004 9002 0.0591
a range +54800 +54900 9002 1004 0.0591
a range +54900 +55000 2011 2026 0.0061
a range +54900 +55000 2026 2011 0.0061
a range +55100 +55200 2008 2033 0.043
a range +55100 +55200 2033 2008 0.043
a range +55300 +55400 2035 2055 0.043
a range +55300 +55400 2055 2035 0.043
a range +55500 +55600 2020 2046 0.0311
a range +55500 +55600 2046 2020 0.0311
a range +55600 +55700 2005 2047 0.0431
a range +55600 +55700 2047 2005 0.0431
a range +55800 +55900 2015 2039 0.0433
a range +55800 +55900 2039 2015 0.0433
a range +56500 +56600 2009 2034 0.0432
a range +56500 +56600 2034 2009 0.0432
a range +56600 +56700 1003 2031 1104.0032
a range +56600 +56700 2013 2042 0.0123
a range +56600 +56700 2031 1003 1104.0032
a range +56600 +56700 2042 2013 0.0123
a range +56700 +56800 2034 2051 0.019
a range +56700 +56800 2051 2034 0.019
a range +56800 +56900 2013 2046 0.0431
a range +56800 +56900 2046 2013 0.0431
a range +57000 +57100 2011 2029 0.0269
a range +57000 +57100 2029 2011 0.0269
a range +57100 +57200 1004 2022 1104.3308
a range +57100 +57200 2022 1004 1104.3308
a range +57500 +57600 2030 9001 1103.9873
a range +57500 +57600 9001 2030 1103.9873
a range +57600 +57700 2033 2051 0.0264
a range +57600 +57700 2051 2033 0.0264
a range +57800 +57900 2029 2051 0.0431
a range +57800 +57900 2030 2057 0.0302
a range +57800 +57900 2051 2029 0.0431
a range +57800 +57900 2057 2030 0.0302
a range +57900 +58000 2006 2039 0.0391
a range +57900 +58000 2039 2006 0.0391
a range +58100 +58200 2045 2055 0.043
a range +58100 +58200 2055 2045 0.043
a range +58200 +58300 2010 2030 0.043
a range +58200 +58300 2030 2010 0.043
a range +58400 +58500 2024 9003 1104.2724
a range +58400 +58500 9003 2024 1104.2724
a range +58500 +58600 1001 2022 1104.4127
a range +58500 +58600 2022 1001 1104.4127
a range +59200 +59300 2022 2034 0.0279
a range +59200 +59300 2034 2022 0.0279
a range +59300 +59400 1002 2016 1104.2645
a range +59300 +59400 2016 1002 1104.2645
a range +59500 +59600 2016 9003 1104.6691
a range +59500 +59600 9003 2016 1104.6691
a range +60000 +60100 2012 2051 0.0435
a range +60000 +60100 2051 2012 0.0435
a range +60100 +60200 2009 2012 0.0285
a range +60100 +60200 2012 2009 0.0285
a range +60400 +60500 2055 2056 0.0101
a range +60400 +60500 2056 2055 0.0101
a range +61100 +61200 2024 2035 0.0373
a range +61100 +61200 2035 2024 0.0373
a range +61200 +61300 2019 2056 0.0434
a range +61200 +61300 2038 2057 0.0357
a range +61200 +61300 2056 2019 0.0434
a range +61200 +61300 2057 2038 0.0357
a range +61300 +61400 1004 2009 1104.7235
a range +61300 +61400 2009 1004 1104.7235
a range +61300 +61400 2042 2060 0.029
a range +61300 +61400 2060 2042 0.029
a range +61500 +61600 2022 2025 0.0285
a range +61500 +61600 2025 2022 0.0285
a range +61700 +61800 1002 2012 1104.288
a range +61700 +61800 2012 1002 1104.288
a range +61700 +61800 2027 2030 0.0285
a range +61700 +61800 2030 2027 0.0285
a range +61900 +62000 2024 2054 0.0316
a range +61900 +62000 2054 2024 0.0316
a range +62000 +62100 2017 2032 0.0152
a range +62000 +62100 2029 2030 0.0101
a range +62000 +62100 2030 2029 0.0101
a range +62000 +62100 2032 2017 0.0152
a range +62100 +62200 1003 2052 1104.9537
a range +62100 +62200 2003 2042 0.0431
a range +62100 +62200 2042 2003 0.0431
a range +62100 +62200 2052 1003 1104.9537
a range +62200 +62300 2001 2056 0.0431
a range +62200 +62300 2003 2016 0.0238
a range +62200 +62300 2016 2003 0.0238
a range +62200 +62300 2056 2001 0.0431
a range +62800 +62900 2021 9003 1104.4187
a range +62800 +62900 9003 2021 1104.4187
a range +62900 +63000 2029 2051 0.0431
a range +62900 +63000 2051 2029 0.0431
a range +63200 +63300 1002 2041 1104.2502
a range +63200 +63300 2041 1002 1104.2502
a range +63300 +63400 2004 2044 0.0433
a range +63300 +63400 2044 2004 0.0433
a range +63700 +63800 2011 2042 0.0083
a range +63700 +63800 2042 2011 0.0083
a range +63700 +63800 2044 2054 0.043
a range +63700 +63800 2054 2044 0.043
a range +64000 +64100 1003 2022 1104.3477
a range +64000 +64100 2013 2042 0.0123
a range +64000 +64100 2022 1003 1104.3477
a range +64000 +64100 2042 2013 0.0123
a range +64100 +64200 2007 2040 0.0393
a range +64100 +64200 2014 2048 0.0431
a range +64100 +64200 2040 2007 0.0393
a range +64100 +64200 2048 2014 0.0431
a range +64400 +64500 2054 2059 0.0421
a range +64400 +64500 2059 2054 0.0421
a range +64500 +64600 2030 2054 0.0432
a range +64500 +64600 2054 2030 0.0432
a range +64800 +64900 2011 2057 0.0433
a range +64800 +64900 2057 2011 0.0433
a range +65000 +65100 2011 2058 0.043
a range +65000 +65100 2058 2011 0.043
a range +65500 +65600 2007 2060 0.0431
a range +65500 +65600 2060 2007 0.0431
a range +65600 +65700 2025 2028 0.0285
a range +65600 +65700 2028 2025 0.0285
a range +65700 +65800 2020 2035 0.0054
a range +65700 +65800 2035 2020 0.0054
a range +65900 +66000 2013 2015 0.0198
a range +65900 +66000 2015 2013 0.0198
a range +66000 +66100 1002 1003 0.0837
a range +66000 +66100 1003 1002 0.0837
a range +66000 +66100 1004 2001 1104.7442
a range +66000 +66100 2001 1004 1104.7442
a range +66200 +66300 2007 2052 0.043
a range +66200 +66300 2022 2035 0.0219
a range +66200 +66300 2026 2039 0.0222
a range +66200 +66300 2035 2022 0.0219
a range +66200 +66300 2039 2026 0.0222
a range +66200 +66300 2052 2007 0.043
a range +66300 +66400 2024 2034 0.043
a range +66300 +66400 2033 2035 0.0198
a range +66300 +66400 2034 2024 0.043
a range +66300 +66400 2035 2033 0.0198
a range +66400 +66500 2028 2039 0.0339
a range +66400 +66500 2039 2028 0.0339
a range +66800 +66900 2017 2028 0.0361
a range +66800 +66900 2028 2017 0.0361
a range +67300 +67400 2026 2057 0.0083
a range +67300 +67400 2057 2026 0.0083
a range +67500 +67600 1004 2046 1104.742
a range +67500 +67600 2046 1004 1104.742
a range +67600 +67700 2015 2048 0.0434
a range +67600 +67700 2048 2015 0.0434
a range +67800 +67900 2042 9003 1104.7692
a range +67800 +67900 9003 2042 1104.7692
a range +68000 +68100 1003 2054 1104.9604
a range +68000 +68100 2054 1003 1104.9604
a range +68200 +68300 2026 2053 0.0346
a range +68200 +68300 2030 2057 0.0302
a range +68200 +68300 2034 9001 1104.525
a range +68200 +68300 2053 2026 0.0346
a range +68200 +68300 2057 2030 0.0302
a range +68200 +68300 9001 2034 1104.525
a range +68600 +68700 2004 2038 0.034
a range +68600 +68700 2012 2031 0.0374
a range +68600 +68700 2019 2047 0.0226
a range +68600 +68700 2020 2050 0.01
a range +68600 +68700 2031 2012 0.0374
a range +68600 +68700 2038 2004 0.034
a range +68600 +68700 2047 2019 0.0226
a range +68600 +68700 2050 2020 0.01
a range +68900 +69000 1002 2053 1105.1216
a range +68900 +69000 2053 1002 1105.1216
a range +69100 +69200 2010 2025 0.0127
a range +69100 +69200 2025 2010 0.0127
a range +69200 +69300 2006 2034 0.0172
a range +69200 +69300 2034 2006 0.0172
a range +69300 +69400 2014 2031 0.0362
a range +69300 +69400 2031 2014 0.0362
a range +69300 +69400 2043 2059 0.0153
a range +69300 +69400 2059 2043 0.0153
a range +69500 +69600 2002 2036 0.0259
a range +69500 +69600 2036 2002 0.0259
a range +69700 +69800 2013 2049 0.0431
a range +69700 +69800 2049 2013 0.0431
a range +70000 +70100 2038 2056 0.0305
a range +70000 +70100 2056 2038 0.0305
a range +70100 +70200 2026 9001 1104.8951
a range +70100 +70200 9001 2026 1104.8951
a range +70200 +70300 2043 2053 0.043
a range +70200 +70300 2053 2043 0.043
a range +70300 +70400 2039 2053 0.0205
a range +70300 +70400 2053 2039 0.0205
a range +70400 +70500 2014 2017 0.0323
a range +70400 +70500 2017 2014 0.0323
a range +71100 +71200 2060 9003 1104.767
a range +71100 +71200 9003 2060 1104.767
a range +71200 +71300 2020 2030 0.0421
a range +71200 +71300 2030 2020 0.0421
a range +71300 +71400 2020 2023 0.0285
a range +71300 +71400 2023 2020 0.0285
a range +71300 +71400 2034 2045 0.0361
a range +71300 +71400 2045 2034 0.0361
a range +71600 +71700 2006 9001 1105.0642
a range +71600 +71700 9001 2006 1105.0642
a range +71800 +71900 2040 2045 0.0421
a range +71800 +71900 2045 2040 0.0421
a range +71900 +72000 1001 1004 0.0837
a range +71900 +72000 1004 1001 0.0837
a range +71900 +72000 2038 2041 0.0285
a range +71900 +72000 2041 2038 0.0285
a range +72000 +72100 2001 2050 0.0431
a range +72000 +72100 2007 9001 1105.0669
a range +72000 +72100 2050 2001 0.0431
a range +72000 +72100 9001 2007 1105.0669
a range +72100 +72200 2002 2050 0.0435
a range +72100 +72200 2050 2002 0.0435
a range +72700 +72800 2031 2043 0.0285
a range +72700 +72800 2043 2031 0.0285
a range +72900 +73000 1001 1004 0.0837
a range +72900 +73000 1004 1001 0.0837
a range +72900 +73000 2006 2018 0.0264
a range +72900 +73000 2018 2006 0.0264
a range +73100 +73200 2016 2050 0.0311
a range +73100 +73200 2018 2033 0.0096
a range +73100 +73200 2033 2018 0.0096
a range +73100 +73200 2050 2016 0.0311
a range +73200 +73300 2007 2018 0.0338
a range +73200 +73300 2018 2007 0.0338
a range +73300 +73400 2045 2056 0.0345
a range +73300 +73400 2056 2045 0.0345
a range +73900 +74000 2025 2052 0.0393
a range +73900 +74000 2052 2025 0.0393
a range +74000 +74100 1004 2006 1104.7294
a range +74000 +74100 2006 1004 1104.7294
a range +74500 +74600 1004 2025 1104.7144
a range +74500 +74600 2025 1004 1104.7144
a range +74700 +74800 1001 2011 1105.0333
a range +74700 +74800 2011 1001 1105.0333
a range +74800 +74900 1004 2027 1104.7297
a range +74800 +74900 2027 1004 1104.7297
a range +75000 +75100 2027 9001 1104.8485
a range +75000 +75100 9001 2027 1104.8485
a range +75100 +75200 2007 2022 0.0168
a range +75100 +75200 2022 2007 0.0168
a range +75500 +75600 1002 2028 1104.7621
a range +75500 +75600 2006 2040 0.0428
a range +75500 +75600 2028 1002 1104.7621
a range +75500 +75600 2031 9001 1104.6705
a range +75500 +75600 2040 2006 0.0428
a range +75500 +75600 9001 2031 1104.6705
a range +75900 +76000 2002 2038 0.0432
a range +75900 +76000 2038 2002 0.0432
a range +76100 +76200 2006 2031 0.0431
a range +76100 +76200 2031 2006 0.0431
a range +76300 +76400 1002 2038 1105.1099
a range +76300 +76400 2038 1002 1105.1099
a range +76500 +76600 2031 2056 0.043
a range +76500 +76600 2056 2031 0.043
a range +76800 +76900 2029 2034 0.043
a range +76800 +76900 2034 2029 0.043
a range +77100 +77200 2008 2051 0.0431
a range +77100 +77200 2051 2008 0.0431
a range +77200 +77300 2019 2059 0.0431
a range +77200 +77300 2051 2056 0.0421
a range +77200 +77300 2056 2051 0.0421
a range +77200 +77300 2059 2019 0.0431
a range +77500 +77600 2011 2052 0.043
a range +77500 +77600 2035 2040 0.0421
a range +77500 +77600 2040 2035 0.0421
a range +77500 +77600 2052 2011 0.043
a range +77800 +77900 2022 2039 0.026
a range +77800 +77900 2039 2022 0.026
a range +78000 +78100 2041 2044 0.0285
a range +78000 +78100 2044 2041 0.0285
a range +78100 +78200 2007 2054 0.0433
a range +78100 +78200 2054 2007 0.0433
a range +78300 +78400 2028 2041 0.0183
a range +78300 +78400 2041 2028 0.0183
a range +78500 +78600 2059 2060 0.0101
a range +78500 +78600 2060 2059 0.0101
a range +78700 +78800 2038 2041 0.0285
a range +78700 +78800 2041 2038 0.0285
a range +78900 +79000 2010 2060 0.0432
a range +78900 +79000 2060 2010 0.0432
a range +79000 +79100 2041 2043 0.0198
a range +79000 +79100 2043 2041 0.0198
a range +79200 +79300 2005 2039 0.0402
a range +79200 +79300 2039 2005 0.0402
a range +79300 +79400 2003 2034 0.0133
a range +79300 +79400 2034 2003 0.0133
a range +79300 +79400 2046 9001 1105.0495
a range +79300 +79400 9001 2046 1105.0495
a range +79400 +79500 1002 2012 1105.1127
a range +79400 +79500 2012 1002 1105.1127
a range +79500 +79600 1002 2052 1105.1207
a range +79500 +79600 2030 2040 0.043
a range +79500 +79600 2040 2030 0.043
a range +79500 +79600 2052 1002 1105.1207
a range +79600 +79700 2046 9002 1105.0567
a range +79600 +79700 9002 2046 1105.0567
a range +79800 +79900 2014 2033 0.0423
a range +79800 +79900 2033 2014 0.0423
a range +80100 +80200 1003 2009 1104.9614
a range +80100 +80200 2009 1003 1104.9614
a range +80500 +80600 2042 2054 0.0281
a range +80500 +80600 2044 2057 0.0203
a range +80500 +80600 2054 2042 0.0281
a range +80500 +80600 2057 2044 0.0203
a range +80800 +80900 2009 2021 0.032
a range +80800 +80900 2021 2009 0.032
a range +80800 +80900 2042 2055 0.0192
a range +80800 +80900 2055 2042 0.0192
a range +81000 +81100 2002 2016 0.0195
a range +81000 +81100 2016 2002 0.0195
a range +81200 +81300 2003 2016 0.0238
a range +81200 +81300 2016 2003 0.0238
a range +81300 +81400 2013 2038 0.043
a range +81300 +81400 2038 2013 0.043
a range +81400 +81500 1004 2028 1105.0169
a range +81400 +81500 2028 1004 1105.0169
a range +81500 +81600 2011 2044 0.0225
a range +81500 +81600 2044 2011 0.0225
a range +81600 +81700 1003 2025 1104.9747
a range +81600 +81700 2025 1003 1104.9747
a range +82000 +82100 2011 2024 0.0222
a range +82000 +82100 2024 2011 0.0222
a range +82700 +82800 1004 2046 1105.0197
a range +82700 +82800 2046 1004 1105.0197
a range +83100 +83200 2005 2010 0.0421
a range +83100 +83200 2010 2005 0.0421
a range +83200 +83300 2009 2060 0.0181
a range +83200 +83300 2060 2009 0.0181
a range +83300 +83400 2010 2053 0.0431
a range +83300 +83400 2023 2041 0.0305
a range +83300 +83400 2041 2023 0.0305
a range +83300 +83400 2053 2010 0.0431
a range +83400 +83500 2020 2039 0.0373
a range +83400 +83500 2039 2020 0.0373
a range +83800 +83900 1001 2030 1105.0075
a range +83800 +83900 2030 1001 1105.0075
a range +84500 +84600 2034 2044 0.0421
a range +84500 +84600 2044 2034 0.0421
a range +84600 +84700 2024 2035 0.0373
a range +84600 +84700 2035 2024 0.0373
a range +84700 +84800 2014 9001 1105.0494
a range +84700 +84800 9001 2014 1105.0494
a range +84900 +85000 2030 2033 0.0314
a range +84900 +85000 2033 2030 0.0314
a range +85800 +85900 2003 2029 0.038
a range +85800 +85900 2029 2003 0.038
a range +85900 +86000 2001 2020 0.0347
a range +85900 +86000 2020 2001 0.0347
a range +86100 +86200 2010 2028 0.0265
a range +86100 +86200 2028 2010 0.0265
a range +86200 +86300 2045 2060 0.0181
a range +86200 +86300 2060 2045 0.0181
