a contact +0 +100 1002 1003 1000
a contact +0 +100 1003 1002 1000
a contact +100 +200 1002 1004 1000
a contact +100 +200 1004 1002 1000
a contact +200 +300 2009 2059 1000
a contact +200 +300 2059 2009 1000
a contact +400 +500 2012 2052 1000
a contact +400 +500 2052 2012 1000
a contact +700 +800 2003 9002 1000
a contact +700 +800 9002 2003 1000
a contact +1200 +1300 2004 9001 1000
a contact +1200 +1300 2016 2056 1000
a contact +1200 +1300 2056 2016 1000
a contact +1200 +1300 9001 2004 1000
a contact +1300 +1500 1001 9003 1000
a contact +1300 +1500 1004 9002 1000
a contact +1300 +1500 9002 1004 1000
a contact +1300 +1500 9003 1001 1000
a contact +3000 +3100 2002 2016 1000
a contact +3000 +3100 2016 2002 1000
a contact +3100 +3200 2007 2027 1000
a contact +3100 +3200 2027 2007 1000
a contact +3100 +3200 2031 2060 1000
a contact +3100 +3200 2060 2031 1000
a contact +3200 +3300 2012 2050 1000
a contact +3200 +3300 2050 2012 1000
a contact +3500 +3600 2037 2059 1000
a contact +3500 +3600 2059 2037 1000
a contact +3700 +3900 2028 2064 1000
a contact +3700 +3900 2064 2028 1000
a contact +3900 +4000 2008 2049 1000
a contact +3900 +4000 2049 2008 1000
a contact +4000 +4200 2039 2063 1000
a contact +4000 +4200 2063 2039 1000
a contact +5100 +5200 1001 1006 1000
a contact +5100 +5200 1006 1001 1000
a contact +5100 +5200 2043 2064 1000
a contact +5100 +5200 2064 2043 1000
a contact +5200 +5300 2045 2053 1000
a contact +5200 +5300 2053 2045 1000
a contact +5500 +5600 2014 2036 1000
a contact +5500 +5600 2036 2014 1000
a contact +5600 +5700 2007 2041 1000
a contact +5600 +5700 2041 2007 1000
a contact +5600 +5700 2052 2053 1000
a contact +5600 +5700 2053 2052 1000
a contact +6000 +6100 2054 9002 1000
a contact +6000 +6100 9002 2054 1000
a contact +6200 +6300 2005 2010 1000
a contact +6200 +6300 2010 2005 1000
a contact +6200 +6300 2017 2039 1000
a contact +6200 +6300 2039 2017 1000
a contact +6300 +6400 2021 2026 1000
a contact +6300 +6400 2026 2021 1000
a contact +6400 +6500 1004 2048 1000
a contact +6400 +6500 2048 1004 1000
a contact +7500 +7600 2007 2008 1000
a contact +7500 +7600 2008 2007 1000
a contact +7600 +7700 2005 2050 1000
a contact +7600 +7700 2050 2005 1000
a contact +7700 +7800 2001 2054 1000
a contact +7700 +7800 2054 2001 1000
a contact +7800 +7900 2032 2034 1000
a contact +7800 +7900 2034 2032 1000
a contact +8100 +8200 2007 2020 1000
a contact +8100 +8200 2020 2007 1000
a contact +8800 +8900 2018 2055 1000
a contact +8800 +8900 2055 2018 1000
a contact +9000 +9200 2004 2050 1000
a contact +9000 +9200 2050 2004 1000
a contact +10100 +10200 2026 2056 1000
a contact +10100 +10200 2056 2026 1000
a contact +10900 +11000 1004 2009 1000
a contact +10900 +11000 2009 1004 1000
a contact +11200 +11300 2027 2063 1000
a contact +11200 +11300 2063 2027 1000
a contact +12400 +12500 2003 2012 1000
a contact +12400 +12500 2012 2003 1000
a contact +12500 +12600 2004 2012 1000
a contact +12500 +12600 2012 2004 1000
a contact +12600 +12800 1006 2016 1000
a contact +12600 +12800 2006 2019 1000
a contact +12600 +12800 2012 2025 1000
a contact +12600 +12800 2016 1006 1000
a contact +12600 +12800 2019 2006 1000
a contact +12600 +12800 2025 2012 1000
a contact +12800 +12900 1002 2034 1000
a contact +12800 +12900 2022 2029 1000
a contact +12800 +12900 2029 2022 1000
a contact +12800 +12900 2034 1002 1000
a contact +12800 +12900 2055 2056 1000
a contact +12800 +12900 2056 2055 1000
a contact +13000 +13100 2011 2034 1000
a contact +13000 +13100 2034 2011 1000
a contact +13300 +13500 2055 2064 1000
a contact +13300 +13500 2064 2055 1000
a contact +13500 +13600 2035 9002 1000
a contact +13500 +13600 9002 2035 1000
a contact +13700 +13900 1003 2045 1000
a contact +13700 +13900 2045 1003 1000
a contact +14400 +14500 1005 2058 1000
a contact +14400 +14500 2058 1005 1000
a contact +14700 +14800 2033 2040 1000
a contact +14700 +14800 2040 2033 1000
a contact +16600 +16700 2015 2059 1000
a contact +16600 +16700 2059 2015 1000
a contact +16800 +16900 2040 2048 1000
a contact +16800 +16900 2048 2040 1000
a contact +17200 +17300 2011 9003 1000
a contact +17200 +17300 9003 2011 1000
a contact +17700 +17800 1004 2048 1000
a contact +17700 +17800 2048 1004 1000
a contact +17800 +17900 2015 2050 1000
a contact +17800 +17900 2050 2015 1000
a contact +17900 +18000 2026 9002 1000
a contact +17900 +18000 9002 2026 1000
a contact +18000 +18100 2016 2033 1000
a contact +18000 +18100 2028 2057 1000
a contact +18000 +18100 2033 2016 1000
a contact +18000 +18100 2057 2028 1000
a contact +18300 +18400 1001 2036 1000
a contact +18300 +18400 2036 1001 1000
a contact +18400 +18600 1004 2037 1000
a contact +18400 +18600 2037 1004 1000
a contact +18800 +19000 2012 2026 1000
a contact +18800 +19000 2026 2012 1000
a contact +19000 +19100 2007 2051 1000
a contact +19000 +19100 2029 2060 1000
a contact +19000 +19100 2051 2007 1000
a contact +19000 +19100 2060 2029 1000
a contact +19100 +19200 2009 2016 1000
a contact +19100 +19200 2011 2056 1000
a contact +19100 +19200 2016 2009 1000
a contact +19100 +19200 2056 2011 1000
a contact +19200 +19300 1003 2034 1000
a contact +19200 +19300 2034 1003 1000
a contact +19500 +19600 2016 9002 1000
a contact +19500 +19600 9002 2016 1000
a contact +19700 +20000 2060 9003 1000
a contact +19700 +20000 9003 2060 1000
a contact +20100 +20200 2004 2033 1000
a contact +20100 +20200 2033 2004 1000
a contact +20800 +20900 2004 2041 1000
a contact +20800 +20900 2041 2004 1000
a contact +21200 +21300 2053 2054 1000
a contact +21200 +21300 2054 2053 1000
a contact +21500 +21600 2008 2058 1000
a contact +21500 +21600 2058 2008 1000
a contact +21600 +21700 1003 2061 1000
a contact +21600 +21700 2061 1003 1000
a contact +21800 +21900 2025 2049 1000
a contact +21800 +21900 2049 2025 1000
a contact +22500 +22600 2038 2039 1000
a contact +22500 +22600 2039 2038 1000
a contact +22600 +22700 1003 2010 1000
a contact +22600 +22700 2010 1003 1000
a contact +22800 +22900 1001 2030 1000
a contact +22800 +22900 2030 1001 1000
a contact +23000 +23100 2026 2059 1000
a contact +23000 +23100 2059 2026 1000
a contact +23100 +23300 2001 2014 1000
a contact +23100 +23300 2014 2001 1000
a contact +23400 +23500 2011 2050 1000
a contact +23400 +23500 2050 2011 1000
a contact +23800 +23900 2037 2059 1000
a contact +23800 +23900 2059 2037 1000
a contact +24200 +24300 2038 2055 1000
a contact +24200 +24300 2039 2056 1000
a contact +24200 +24300 2055 2038 1000
a contact +24200 +24300 2056 2039 1000
a contact +24400 +24700 2030 2064 1000
a contact +24400 +24700 2064 2030 1000
a contact +25100 +25300 2002 2025 1000
a contact +25100 +25300 2025 2002 1000
a contact +25100 +25300 2029 2063 1000
a contact +25100 +25300 2063 2029 1000
a contact +25300 +25400 2009 2043 1000
a contact +25300 +25400 2043 2009 1000
a contact +25400 +25500 2023 2031 1000
a contact +25400 +25500 2031 2023 1000
a contact +25400 +25500 2046 2053 1000
a contact +25400 +25500 2053 2046 1000
a contact +25700 +25800 2008 2064 1000
a contact +25700 +25800 2064 2008 1000
a contact +26800 +27000 2028 2038 1000
a contact +26800 +27000 2038 2028 1000
a contact +27000 +27100 2049 9003 1000
a contact +27000 +27100 9003 2049 1000
a contact +27100 +27200 2041 2062 1000
a contact +27100 +27200 2062 2041 1000
a contact +27200 +27300 2022 2038 1000
a contact +27200 +27300 2038 2022 1000
a contact +27300 +27500 2022 2041 1000
a contact +27300 +27500 2041 2022 1000
a contact +27500 +27600 1002 2037 1000
a contact +27500 +27600 2037 1002 1000
a contact +27700 +27800 2047 9003 1000
a contact +27700 +27800 9003 2047 1000
a contact +28000 +28100 2058 9003 1000
a contact +28000 +28100 9003 2058 1000
a contact +28100 +28200 2034 2059 1000
a contact +28100 +28200 2059 2034 1000
a contact +28500 +28700 2002 2049 1000
a contact +28500 +28700 2049 2002 1000
a contact +29000 +29100 2020 2048 1000
a contact +29000 +29100 2048 2020 1000
a contact +29100 +29200 1002 2014 1000
a contact +29100 +29200 2014 1002 1000
a contact +29200 +29500 2015 2059 1000
a contact +29200 +29500 2043 2045 1000
a contact +29200 +29500 2045 2043 1000
a contact +29200 +29500 2059 2015 1000
a contact +29500 +29600 2004 2056 1000
a contact +29500 +29600 2032 2045 1000
a contact +29500 +29600 2045 2032 1000
a contact +29500 +29600 2056 2004 1000
a contact +29600 +29700 2015 2057 1000
a contact +29600 +29700 2057 2015 1000
a contact +29700 +29800 2015 2056 1000
a contact +29700 +29800 2056 2015 1000
a contact +30500 +30600 2031 2051 1000
a contact +30500 +30600 2032 2047 1000
a contact +30500 +30600 2047 2032 1000
a contact +30500 +30600 2051 2031 1000
a contact +30600 +30800 1001 2022 1000
a contact +30600 +30800 2022 1001 1000
a contact +31400 +31500 2027 9003 1000
a contact +31400 +31500 9003 2027 1000
a contact +32100 +32200 2015 2024 1000
a contact +32100 +32200 2024 2015 1000
a contact +32900 +33000 2038 2062 1000
a contact +32900 +33000 2062 2038 1000
a contact +33000 +33100 2053 2062 1000
a contact +33000 +33100 2062 2053 1000
a contact +33100 +33200 2046 2056 1000
a contact +33100 +33200 2056 2046 1000
a contact +33500 +33600 2025 2032 1000
a contact +33500 +33600 2032 2025 1000
a contact +33700 +33800 2052 2060 1000
a contact +33700 +33800 2060 2052 1000
a contact +33900 +34100 2009 2016 1000
a contact +33900 +34100 2016 2009 1000
a contact +33900 +34100 2052 9003 1000
a contact +33900 +34100 9003 2052 1000
a contact +34300 +34500 1003 2057 1000
a contact +34300 +34500 1004 2055 1000
a contact +34300 +34500 2055 1004 1000
a contact +34300 +34500 2057 1003 1000
a contact +35600 +35700 1006 9002 1000
a contact +35600 +35700 1006 9002 1000
a contact +35600 +35700 2033 9003 1000
a contact +35600 +35700 9002 1006 1000
a contact +35600 +35700 9002 1006 1000
a contact +35600 +35700 9003 2033 1000
a contact +35800 +35900 2004 2061 1000
a contact +35800 +35900 2027 2054 1000
a contact +35800 +35900 2029 2042 1000
a contact +35800 +35900 2042 2029 1000
a contact +35800 +35900 2054 2027 1000
a contact +35800 +35900 2061 2004 1000
a contact +36100 +36200 2011 9003 1000
a contact +36100 +36200 9003 2011 1000
a contact +36500 +36600 1004 2023 1000
a contact +36500 +36600 2023 1004 1000
a contact +36500 +36600 2040 2062 1000
a contact +36500 +36600 2062 2040 1000
a contact +36900 +37000 1004 2054 1000
a contact +36900 +37000 2054 1004 1000
a contact +37100 +37200 1004 2011 1000
a contact +37100 +37200 2011 1004 1000
a contact +37800 +37900 2011 2048 1000
a contact +37800 +37900 2034 2058 1000
a contact +37800 +37900 2048 2011 1000
a contact +37800 +37900 2058 2034 1000
a contact +37900 +38000 2008 2050 1000
a contact +37900 +38000 2050 2008 1000
a contact +38000 +38100 2007 2038 1000
a contact +38000 +38100 2038 2007 1000
a contact +38200 +38300 2002 2042 1000
a contact +38200 +38300 2042 2002 1000
a contact +38500 +38900 2007 2045 1000
a contact +38500 +38900 2045 2007 1000
a contact +38900 +39000 2041 2050 1000
a contact +38900 +39000 2050 2041 1000
a contact +39500 +39600 2041 2061 1000
a contact +39500 +39600 2061 2041 1000
a contact +39600 +39700 2019 2028 1000
a contact +39600 +39700 2028 2019 1000
a contact +39700 +39800 2008 2031 1000
a contact +39700 +39800 2031 2008 1000
a contact +40000 +40200 2042 9001 1000
a contact +40000 +40200 9001 2042 1000
a contact +40200 +40300 2042 2063 1000
a contact +40200 +40300 2063 2042 1000
a contact +40300 +40400 1002 2021 1000
a contact +40300 +40400 2021 1002 1000
a contact +40400 +40500 1004 2028 1000
a contact +40400 +40500 2028 1004 1000
a contact +40400 +40500 2048 2062 1000
a contact +40400 +40500 2062 2048 1000
a contact +40500 +40600 1006 2036 1000
a contact +40500 +40600 2036 1006 1000
a contact +40800 +40900 2055 2063 1000
a contact +40800 +40900 2063 2055 1000
a contact +40900 +41000 2022 2060 1000
a contact +40900 +41000 2058 2059 1000
a contact +40900 +41000 2059 2058 1000
a contact +40900 +41000 2060 2022 1000
a contact +42300 +42400 1003 9002 1000
a contact +42300 +42400 1003 9002 1000
a contact +42300 +42400 9002 1003 1000
a contact +42300 +42400 9002 1003 1000
a contact +42500 +42600 2011 9003 1000
a contact +42500 +42600 2032 2040 1000
a contact +42500 +42600 2040 2032 1000
a contact +42500 +42600 9003 2011 1000
a contact +43300 +43600 2024 9001 1000
a contact +43300 +43600 9001 2024 1000
a contact +44000 +44100 2005 2059 1000
a contact +44000 +44100 2016 2056 1000
a contact +44000 +44100 2056 2016 1000
a contact +44000 +44100 2059 2005 1000
a contact +44100 +44200 2032 2063 1000
a contact +44100 +44200 2063 2032 1000
a contact +44300 +44400 1004 2052 1000
a contact +44300 +44400 2052 1004 1000
a contact +45000 +45200 2004 9003 1000
a contact +45000 +45200 9003 2004 1000
a contact +46000 +46100 2002 2049 1000
a contact +46000 +46100 2049 2002 1000
a contact +46100 +46200 2002 2025 1000
a contact +46100 +46200 2025 2002 1000
a contact +46200 +46300 2028 2063 1000
a contact +46200 +46300 2063 2028 1000
a contact +46500 +46600 2001 2045 1000
a contact +46500 +46600 2045 2001 1000
a contact +46600 +46700 2017 2025 1000
a contact +46600 +46700 2025 2017 1000
a contact +47500 +47600 2050 2063 1000
a contact +47500 +47600 2063 2050 1000
a contact +47600 +47700 2049 2064 1000
a contact +47600 +47700 2064 2049 1000
a contact +47900 +48000 2023 2061 1000
a contact +47900 +48000 2061 2023 1000
a contact +48300 +48400 1001 2052 1000
a contact +48300 +48400 2002 2030 1000
a contact +48300 +48400 2030 2002 1000
a contact +48300 +48400 2052 1001 1000
a contact +48600 +48700 2040 9003 1000
a contact +48600 +48700 2058 9001 1000
a contact +48600 +48700 9001 2058 1000
a contact +48600 +48700 9003 2040 1000
a contact +49100 +49300 1003 2045 1000
a contact +49100 +49300 2021 9003 1000
a contact +49100 +49300 2045 1003 1000
a contact +49100 +49300 9003 2021 1000
a contact +49300 +49400 2013 2038 1000
a contact +49300 +49400 2038 2013 1000
a contact +49300 +49600 2002 2041 1000
a contact +49400 +49600 2031 2039 1000
a contact +49400 +49600 2039 2031 1000
a contact +49300 +49600 2041 2002 1000
a contact +49700 +49800 2023 2047 1000
a contact +49700 +49800 2047 2023 1000
a contact +49900 +50000 2015 2059 1000
a contact +49900 +50000 2059 2015 1000
a contact +50200 +50300 2020 2056 1000
a contact +50200 +50300 2056 2020 1000
a contact +50700 +50800 2011 2054 1000
a contact +50700 +50800 2054 2011 1000
a contact +51600 +51700 1005 2035 1000
a contact +51600 +51700 2035 1005 1000
a contact +51600 +51700 2037 2064 1000
a contact +51600 +51700 2064 2037 1000
a contact +51800 +52000 1006 2016 1000
a contact +51800 +52000 2016 1006 1000
a contact +52000 +52100 1006 2027 1000
a contact +52000 +52100 2027 1006 1000
a contact +52400 +52500 1001 9002 1000
a contact +52400 +52500 9002 1001 1000
a contact +52700 +52800 1005 2018 1000
a contact +52700 +52800 2018 1005 1000
a contact +52900 +53000 2014 2042 1000
a contact +52900 +53000 2042 2014 1000
a contact +53600 +53700 1004 2014 1000
a contact +53600 +53700 2014 1004 1000
a contact +53800 +54000 2054 2056 1000
a contact +53800 +54000 2056 2054 1000
a contact +54100 +54300 1005 9002 1000
a contact +54100 +54300 2003 2027 1000
a contact +54100 +54300 2011 2046 1000
a contact +54100 +54300 2027 2003 1000
a contact +54100 +54300 2046 2011 1000
a contact +54100 +54300 9002 1005 1000
a contact +54400 +54500 2013 2034 1000
a contact +54400 +54500 2034 2013 1000
a contact +54500 +54600 2013 2033 1000
a contact +54500 +54600 2033 2013 1000
a contact +55100 +55400 1006 2057 1000
a contact +55100 +55400 2057 1006 1000
a contact +55900 +56000 2027 2050 1000
a contact +55900 +56000 2050 2027 1000
a contact +56300 +56400 2031 2045 1000
a contact +56300 +56400 2045 2031 1000
a contact +56400 +56500 1001 1005 1000
a contact +56400 +56500 1005 1001 1000
a contact +56400 +56500 2017 2053 1000
a contact +56400 +56500 2053 2017 1000
a contact +56500 +56600 2003 2061 1000
a contact +56500 +56600 2061 2003 1000
a contact +56900 +57000 2003 2060 1000
a contact +56900 +57000 2060 2003 1000
a contact +57400 +57700 2009 2035 1000
a contact +57400 +57700 2035 2009 1000
a contact +57700 +57800 2007 2043 1000
a contact +57700 +57800 2014 2040 1000
a contact +57700 +57800 2040 2014 1000
a contact +57700 +57800 2043 2007 1000
a contact +58100 +58200 2020 2051 1000
a contact +58100 +58200 2027 2060 1000
a contact +58100 +58200 2051 2020 1000
a contact +58100 +58200 2060 2027 1000
a contact +58300 +58400 2040 2064 1000
a contact +58300 +58400 2064 2040 1000
a contact +58900 +59100 2002 9001 1000
a contact +58900 +59100 2006 2039 1000
a contact +58900 +59100 2039 2006 1000
a contact +58900 +59100 9001 2002 1000
a contact +59300 +59400 1005 2042 1000
a contact +59300 +59400 2042 1005 1000
a contact +60200 +60400 1004 2017 1000
a contact +60200 +60400 2017 1004 1000
a contact +60200 +60400 2052 2059 1000
a contact +60200 +60400 2059 2052 1000
a contact +60700 +60800 2056 2064 1000
a contact +60700 +60800 2064 2056 1000
a contact +60800 +60900 2003 2025 1000
a contact +60800 +60900 2025 2003 1000
a contact +61000 +61100 2002 2042 1000
a contact +61000 +61100 2042 2002 1000
a contact +61100 +61200 2006 2014 1000
a contact +61100 +61200 2014 2006 1000
a contact +61300 +61400 2010 2033 1000
a contact +61300 +61400 2033 2010 1000
a contact +61400 +61500 2016 2033 1000
a contact +61400 +61500 2033 2016 1000
a contact +61500 +61700 2049 9002 1000
a contact +61500 +61700 9002 2049 1000
a contact +62300 +62500 1003 2058 1000
a contact +62300 +62500 2008 2040 1000
a contact +62300 +62500 2040 2008 1000
a contact +62300 +62500 2058 1003 1000
a contact +62500 +62600 1003 2057 1000
a contact +62500 +62600 2057 1003 1000
a contact +62600 +62800 2027 2044 1000
a contact +62600 +62800 2044 2027 1000
a contact +63100 +63200 2029 2044 1000
a contact +63100 +63200 2044 2029 1000
a contact +63400 +63500 2031 2053 1000
a contact +63400 +63500 2053 2031 1000
a contact +63600 +63800 1005 2063 1000
a contact +63600 +63800 2063 1005 1000
a contact +64000 +64100 2016 9001 1000
a contact +64000 +64100 9001 2016 1000
a contact +64100 +64200 2010 2040 1000
a contact +64100 +64200 2040 2010 1000
a contact +64300 +64400 2019 2048 1000
a contact +64300 +64400 2025 2054 1000
a contact +64300 +64400 2038 2040 1000
a contact +64300 +64400 2040 2038 1000
a contact +64300 +64400 2048 2019 1000
a contact +64300 +64400 2054 2025 1000
a contact +64400 +64500 1005 2057 1000
a contact +64400 +64500 2004 2063 1000
a contact +64400 +64500 2057 1005 1000
a contact +64400 +64500 2063 2004 1000
a contact +64500 +64800 2007 2039 1000
a contact +64500 +64800 2039 2007 1000
a contact +64900 +65200 2024 9001 1000
a contact +64900 +65200 9001 2024 1000
a contact +65300 +65400 2010 2061 1000
a contact +65300 +65400 2028 2048 1000
a contact +65300 +65400 2048 2028 1000
a contact +65300 +65400 2061 2010 1000
a contact +65600 +65800 2005 2041 1000
a contact +65600 +65800 2041 2005 1000
a contact +65800 +65900 2011 2050 1000
a contact +65800 +65900 2050 2011 1000
a contact +65900 +66100 1005 2046 1000
a contact +65900 +66100 2046 1005 1000
a contact +66200 +66300 2038 2062 1000
a contact +66200 +66300 2062 2038 1000
a contact +66300 +66400 2007 2046 1000
a contact +66300 +66400 2046 2007 1000
a contact +66400 +66500 2034 2058 1000
a contact +66400 +66500 2058 2034 1000
a contact +66500 +66700 2018 2025 1000
a contact +66500 +66700 2025 2018 1000
a contact +66700 +66800 2016 2024 1000
a contact +66700 +66800 2024 2016 1000
a contact +67300 +67500 2008 2031 1000
a contact +67300 +67500 2031 2008 1000
a contact +67500 +67700 1005 2042 1000
a contact +67500 +67700 2042 1005 1000
a contact +67700 +67800 2028 2059 1000
a contact +67700 +67800 2059 2028 1000
a contact +67900 +68100 1001 2049 1000
a contact +67900 +68100 2046 2054 1000
a contact +67900 +68100 2049 1001 1000
a contact +67900 +68100 2054 2046 1000
a contact +68300 +68500 1005 2035 1000
a contact +68300 +68500 2014 2040 1000
a contact +68300 +68500 2035 1005 1000
a contact +68300 +68500 2040 2014 1000
a contact +68300 +68500 2045 2053 1000
a contact +68300 +68500 2053 2045 1000
a contact +68700 +68800 2025 2032 1000
a contact +68700 +68800 2032 2025 1000
a contact +68900 +69000 1003 2025 1000
a contact +68900 +69000 2011 2018 1000
a contact +68900 +69000 2018 2011 1000
a contact +68900 +69000 2025 1003 1000
a contact +69100 +69200 1005 2019 1000
a contact +69100 +69200 2019 1005 1000
a contact +69700 +69900 2057 9002 1000
a contact +69700 +69900 9002 2057 1000
a contact +70300 +70500 1003 2057 1000
a contact +70300 +70500 2057 1003 1000
a contact +70900 +71000 2028 2044 1000
a contact +70900 +71000 2044 2028 1000
a contact +71000 +71100 1003 2063 1000
a contact +71000 +71100 2063 1003 1000
a contact +71200 +71400 2042 9002 1000
a contact +71200 +71400 9002 2042 1000
a contact +71900 +72000 1006 2060 1000
a contact +71900 +72000 2060 1006 1000
a contact +72000 +72100 2005 2063 1000
a contact +72000 +72100 2009 2060 1000
a contact +72000 +72100 2030 2045 1000
a contact +72000 +72100 2045 2030 1000
a contact +72000 +72100 2060 2009 1000
a contact +72000 +72100 2063 2005 1000
a contact +72300 +72400 2006 2018 1000
a contact +72300 +72400 2017 2053 1000
a contact +72300 +72400 2018 2006 1000
a contact +72300 +72400 2053 2017 1000
a contact +72400 +72500 1005 2033 1000
a contact +72400 +72500 2033 1005 1000
a contact +72500 +72600 2028 2063 1000
a contact +72500 +72600 2063 2028 1000
a contact +72600 +72700 2012 9002 1000
a contact +72600 +72700 2025 2062 1000
a contact +72600 +72700 2062 2025 1000
a contact +72600 +72700 9002 2012 1000
a contact +73500 +73600 2025 2058 1000
a contact +73500 +73600 2058 2025 1000
a contact +73700 +73800 1004 2029 1000
a contact +73700 +73800 2029 1004 1000
a contact +74000 +74300 2011 2056 1000
a contact +74000 +74300 2038 2061 1000
a contact +74000 +74300 2056 2011 1000
a contact +74000 +74300 2061 2038 1000
a contact +74400 +74500 2046 2051 1000
a contact +74400 +74500 2051 2046 1000
a contact +74600 +74700 2036 2057 1000
a contact +74600 +74700 2057 2036 1000
a contact +74700 +74800 2013 2043 1000
a contact +74700 +74800 2043 2013 1000
a contact +74800 +74900 2053 2062 1000
a contact +74800 +74900 2062 2053 1000
a contact +74900 +75000 2011 2042 1000
a contact +74900 +75000 2042 2011 1000
a contact +75000 +75200 2045 2055 1000
a contact +75000 +75200 2055 2045 1000
a contact +75400 +75600 2021 2033 1000
a contact +75400 +75600 2033 2021 1000
a contact +75700 +75800 1004 2011 1000
a contact +75700 +75800 2011 1004 1000
a contact +75900 +76000 2012 2033 1000
a contact +75900 +76000 2033 2012 1000
a contact +75900 +76000 2050 2051 1000
a contact +75900 +76000 2051 2050 1000
a contact +76600 +76700 2006 2025 1000
a contact +76600 +76700 2025 2006 1000
a contact +76700 +76900 2006 2024 1000
a contact +76700 +76900 2024 2006 1000
a contact +77200 +77300 1004 2010 1000
a contact +77200 +77300 2010 1004 1000
a contact +77400 +77600 2020 2061 1000
a contact +77400 +77600 2061 2020 1000
a contact +77600 +77700 2026 2049 1000
a contact +77600 +77700 2049 2026 1000
a contact +77600 +77800 1003 9003 1000
a contact +77600 +77800 1003 9003 1000
a contact +77700 +77800 2020 2056 1000
a contact +77700 +77800 2056 2020 1000
a contact +77600 +77800 9003 1003 1000
a contact +77600 +77800 9003 1003 1000
a contact +78000 +78200 1003 1005 1000
a contact +78000 +78200 1005 1003 1000
a contact +78200 +78300 2035 2057 1000
a contact +78200 +78300 2057 2035 1000
a contact +79000 +79100 2039 2062 1000
a contact +79000 +79100 2062 2039 1000
a contact +79100 +79300 1002 2017 1000
a contact +79100 +79300 2017 1002 1000
a contact +79300 +79400 2013 2029 1000
a contact +79300 +79400 2029 2013 1000
a contact +79500 +79600 2018 2046 1000
a contact +79500 +79600 2046 2018 1000
a contact +79600 +79700 2035 2051 1000
a contact +79600 +79700 2051 2035 1000
a contact +79900 +80100 1002 9003 1000
a contact +79900 +80100 1002 9003 1000
a contact +79900 +80100 9003 1002 1000
a contact +79900 +80100 9003 1002 1000
a contact +80300 +80400 2006 2048 1000
a contact +80300 +80400 2030 2057 1000
a contact +80300 +80400 2048 2006 1000
a contact +80300 +80400 2057 2030 1000
a contact +81900 +82000 2033 9002 1000
a contact +81900 +82000 9002 2033 1000
a contact +82000 +82100 2004 2054 1000
a contact +82000 +82100 2054 2004 1000
a contact +82100 +82200 2024 2034 1000
a contact +82100 +82200 2034 2024 1000
a contact +82200 +82300 2049 2059 1000
a contact +82200 +82300 2059 2049 1000
a contact +82400 +82500 2002 2036 1000
a contact +82400 +82500 2036 2002 1000
a contact +82700 +82800 2030 9002 1000
a contact +82700 +82800 9002 2030 1000
a contact +82900 +83000 2056 2057 1000
a contact +82900 +83000 2057 2056 1000
a contact +83000 +83200 2049 9002 1000
a contact +83000 +83200 9002 2049 1000
a contact +83700 +83800 2007 2008 1000
a contact +83700 +83800 2008 2007 1000
a contact +85200 +85300 2034 2041 1000
a contact +85200 +85300 2041 2034 1000
a contact +85300 +85400 2002 2009 1000
a contact +85300 +85400 2009 2002 1000
a contact +85300 +85400 2031 2053 1000
a contact +85300 +85400 2053 2031 1000
a contact +85500 +85600 2034 2062 1000
a contact +85500 +85600 2062 2034 1000
a contact +85600 +85700 2018 2047 1000
a contact +85600 +85700 2047 2018 1000
a contact +85700 +86100 2023 2049 1000
a contact +85700 +86100 2049 2023 1000
a contact +86100 +86200 2032 2046 1000
a contact +86100 +86200 2046 2032 1000

a range +0 +100 1002 1003 0.0823
a range +0 +100 1003 1002 0.0823
a range +100 +200 1002 1004 0.0486
a range +100 +200 1004 1002 0.0486
a range +200 +300 2009 2059 0.0154
a range +200 +300 2059 2009 0.0154
a range +400 +500 2012 2052 0.043
a range +400 +500 2052 2012 0.043
a range +700 +800 2003 9002 1102.5163
a range +700 +800 9002 2003 1102.5163
a range +1200 +1300 2004 9001 1101.8301
a range +1200 +1300 2016 2056 0.043
a range +1200 +1300 2056 2016 0.043
a range +1200 +1300 9001 2004 1101.8301
a range +1300 +1500 1001 9003 0.0463
a range +1300 +1500 1004 9002 0.0469
a range +1300 +1500 9002 1004 0.0469
a range +1300 +1500 9003 1001 0.0463
a range +3000 +3100 2002 2016 0.0259
a range +3000 +3100 2016 2002 0.0259
a range +3100 +3200 2007 2027 0.0363
a range +3100 +3200 2027 2007 0.0363
a range +3100 +3200 2031 2060 0.0315
a range +3100 +3200 2060 2031 0.0315
a range +3200 +3300 2012 2050 0.0431
a range +3200 +3300 2050 2012 0.0431
a range +3500 +3600 2037 2059 0.0279
a range +3500 +3600 2059 2037 0.0279
a range +3700 +3900 2028 2064 0.0193
a range +3700 +3900 2064 2028 0.0193
a range +3900 +4000 2008 2049 0.0255
a range +3900 +4000 2049 2008 0.0255
a range +4000 +4200 2039 2063 0.0431
a range +4000 +4200 2063 2039 0.0431
a range +5100 +5200 1001 1006 0.0465
a range +5100 +5200 1006 1001 0.0465
a range +5100 +5200 2043 2064 0.0302
a range +5100 +5200 2064 2043 0.0302
a range +5200 +5300 2045 2053 0.0184
a range +5200 +5300 2053 2045 0.0184
a range +5500 +5600 2014 2036 0.0325
a range +5500 +5600 2036 2014 0.0325
a range +5600 +5700 2007 2041 0.0279
a range +5600 +5700 2041 2007 0.0279
a range +5600 +5700 2052 2053 0.0186
a range +5600 +5700 2053 2052 0.0186
a range +6000 +6100 2054 9002 1102.3543
a range +6000 +6100 9002 2054 1102.3543
a range +6200 +6300 2005 2010 0.0371
a range +6200 +6300 2010 2005 0.0371
a range +6200 +6300 2017 2039 0.0213
a range +6200 +6300 2039 2017 0.0213
a range +6300 +6400 2021 2026 0.0371
a range +6300 +6400 2026 2021 0.0371
a range +6400 +6500 1004 2048 1102.2714
a range +6400 +6500 2048 1004 1102.2714
a range +7500 +7600 2007 2008 0.0186
a range +7500 +7600 2008 2007 0.0186
a range +7600 +7700 2005 2050 0.0432
a range +7600 +7700 2050 2005 0.0432
a range +7700 +7800 2001 2054 0.0432
a range +7700 +7800 2054 2001 0.0432
a range +7800 +7900 2032 2034 0.043
a range +7800 +7900 2034 2032 0.043
a range +8100 +8200 2007 2020 0.0302
a range +8100 +8200 2020 2007 0.0302
a range +8800 +8900 2018 2055 0.0361
a range +8800 +8900 2055 2018 0.0361
a range +9000 +9200 2004 2050 0.043
a range +9000 +9200 2050 2004 0.043
a range +10100 +10200 2026 2056 0.0325
a range +10100 +10200 2056 2026 0.0325
a range +10900 +11000 1004 2009 1102.256
a range +10900 +11000 2009 1004 1102.256
a range +11200 +11300 2027 2063 0.0337
a range +11200 +11300 2063 2027 0.0337
a range +12400 +12500 2003 2012 0.0302
a range +12400 +12500 2012 2003 0.0302
a range +12500 +12600 2004 2012 0.0171
a range +12500 +12600 2012 2004 0.0171
a range +12600 +12800 1006 2016 1102.4937
a range +12600 +12800 2006 2019 0.0327
a range +12600 +12800 2012 2025 0.023
a range +12600 +12800 2016 1006 1102.4937
a range +12600 +12800 2019 2006 0.0327
a range +12600 +12800 2025 2012 0.023
a range +12800 +12900 1002 2034 1102.3813
a range +12800 +12900 2022 2029 0.0121
a range +12800 +12900 2029 2022 0.0121
a range +12800 +12900 2034 1002 1102.3813
a range +12800 +12900 2055 2056 0.0186
a range +12800 +12900 2056 2055 0.0186
a range +13000 +13100 2011 2034 0.0231
a range +13000 +13100 2034 2011 0.0231
a range +13300 +13500 2055 2064 0.0302
a range +13300 +13500 2064 2055 0.0302
a range +13500 +13600 2035 9002 1102.4838
a range +13500 +13600 9002 2035 1102.4838
a range +13700 +13900 1003 2045 1102.4622
a range +13700 +13900 2045 1003 1102.4622
a range +14400 +14500 1005 2058 1102.7264
a range +14400 +14500 2058 1005 1102.7264
a range +14700 +14800 2033 2040 0.0186
a range +14700 +14800 2040 2033 0.0186
a range +16600 +16700 2015 2059 0.0418
a range +16600 +16700 2059 2015 0.0418
a range +16800 +16900 2040 2048 0.0171
a range +16800 +16900 2048 2040 0.0171
a range +17200 +17300 2011 9003 1103.0381
a range +17200 +17300 9003 2011 1103.0381
a range +17700 +17800 1004 2048 1102.9437
a range +17700 +17800 2048 1004 1102.9437
a range +17800 +17900 2015 2050 0.0315
a range +17800 +17900 2050 2015 0.0315
a range +17900 +18000 2026 9002 1102.4956
a range +17900 +18000 9002 2026 1102.4956
a range +18000 +18100 2016 2033 0.0433
a range +18000 +18100 2028 2057 0.0148
a range +18000 +18100 2033 2016 0.0433
a range +18000 +18100 2057 2028 0.0148
a range +18300 +18400 1001 2036 1102.6056
a range +18300 +18400 2036 1001 1102.6056
a range +18400 +18600 1004 2037 1102.916
a range +18400 +18600 2037 1004 1102.916
a range +18800 +19000 2012 2026 0.0085
a range +18800 +19000 2026 2012 0.0085
a range +19000 +19100 2007 2051 0.0418
a range +19000 +19100 2029 2060 0.0433
a range +19000 +19100 2051 2007 0.0418
a range +19000 +19100 2060 2029 0.0433
a range +19100 +19200 2009 2016 0.0186
a range +19100 +19200 2011 2056 0.043
a range +19100 +19200 2016 2009 0.0186
a range +19100 +19200 2056 2011 0.043
a range +19200 +19300 1003 2034 1102.8266
a range +19200 +19300 2034 1003 1102.8266
a range +19500 +19600 2016 9002 1102.5104
a range +19500 +19600 9002 2016 1102.5104
a range +19700 +20000 2060 9003 1104.0043
a range +19700 +20000 9003 2060 1104.0043
a range +20100 +20200 2004 2033 0.0148
a range +20100 +20200 2033 2004 0.0148
a range +20800 +20900 2004 2041 0.043
a range +20800 +20900 2041 2004 0.043
a range +21200 +21300 2053 2054 0.0186
a range +21200 +21300 2054 2053 0.0186
a range +21500 +21600 2008 2058 0.0259
a range +21500 +21600 2058 2008 0.0259
a range +21600 +21700 1003 2061 1102.7992
a range +21600 +21700 2061 1003 1102.7992
a range +21800 +21900 2025 2049 0.0432
a range +21800 +21900 2049 2025 0.0432
a range +22500 +22600 2038 2039 0.0186
a range +22500 +22600 2039 2038 0.0186
a range +22600 +22700 1003 2010 1102.7939
a range +22600 +22700 2010 1003 1102.7939
a range +22800 +22900 1001 2030 1103.255
a range +22800 +22900 2030 1001 1103.255
a range +23000 +23100 2026 2059 0.0432
a range +23000 +23100 2059 2026 0.0432
a range +23100 +23300 2001 2014 0.0371
a range +23100 +23300 2014 2001 0.0371
a range +23400 +23500 2011 2050 0.0433
a range +23400 +23500 2050 2011 0.0433
a range +23800 +23900 2037 2059 0.0279
a range +23800 +23900 2059 2037 0.0279
a range +24200 +24300 2038 2055 0.043
a range +24200 +24300 2039 2056 0.043
a range +24200 +24300 2055 2038 0.043
a range +24200 +24300 2056 2039 0.043
a range +24400 +24700 2030 2064 0.0251
a range +24400 +24700 2064 2030 0.0251
a range +25100 +25300 2002 2025 0.0346
a range +25100 +25300 2025 2002 0.0346
a range +25100 +25300 2029 2063 0.031
a range +25100 +25300 2063 2029 0.031
a range +25300 +25400 2009 2043 0.031
a range +25300 +25400 2043 2009 0.031
a range +25400 +25500 2023 2031 0.0134
a range +25400 +25500 2031 2023 0.0134
a range +25400 +25500 2046 2053 0.0121
a range +25400 +25500 2053 2046 0.0121
a range +25700 +25800 2008 2064 0.0171
a range +25700 +25800 2064 2008 0.0171
a range +26800 +27000 2028 2038 0.043
a range +26800 +27000 2038 2028 0.043
a range +27000 +27100 2049 9003 1102.7967
a range +27000 +27100 9003 2049 1102.7967
a range +27100 +27200 2041 2062 0.0261
a range +27100 +27200 2062 2041 0.0261
a range +27200 +27300 2022 2038 0.0278
a range +27200 +27300 2038 2022 0.0278
a range +27300 +27500 2022 2041 0.043
a range +27300 +27500 2041 2022 0.043
a range +27500 +27600 1002 2037 1103.0184
a range +27500 +27600 2037 1002 1103.0184
a range +27700 +27800 2047 9003 1103.0382
a range +27700 +27800 9003 2047 1103.0382
a range +28000 +28100 2058 9003 1104.0026
a range +28000 +28100 9003 2058 1104.0026
a range +28100 +28200 2034 2059 0.0432
a range +28100 +28200 2059 2034 0.0432
a range +28500 +28700 2002 2049 0.043
a range +28500 +28700 2049 2002 0.043
a range +29000 +29100 2020 2048 0.0257
a range +29000 +29100 2048 2020 0.0257
a range +29100 +29200 1002 2014 1103.0358
a range +29100 +29200 2014 1002 1103.0358
a range +29200 +29500 2015 2059 0.0418
a range +29200 +29500 2043 2045 0.0343
a range +29200 +29500 2045 2043 0.0343
a range +29200 +29500 2059 2015 0.0418
a range +29500 +29600 2004 2056 0.0369
a range +29500 +29600 2032 2045 0.023
a range +29500 +29600 2045 2032 0.023
a range +29500 +29600 2056 2004 0.0369
a range +29600 +29700 2015 2057 0.0213
a range +29600 +29700 2057 2015 0.0213
a range +29700 +29800 2015 2056 0.0282
a range +29700 +29800 2056 2015 0.0282
a range +30500 +30600 2031 2051 0.0363
a range +30500 +30600 2032 2047 0.0163
a range +30500 +30600 2047 2032 0.0163
a range +30500 +30600 2051 2031 0.0363
a range +30600 +30800 1001 2022 1103.2386
a range +30600 +30800 2022 1001 1103.2386
a range +31400 +31500 2027 9003 1103.9751
a range +31400 +31500 9003 2027 1103.9751
a range +32100 +32200 2015 2024 0.0302
a range +32100 +32200 2024 2015 0.0302
a range +32900 +33000 2038 2062 0.043
a range +32900 +33000 2062 2038 0.043
a range +33000 +33100 2053 2062 0.0313
a range +33000 +33100 2062 2053 0.0313
a range +33100 +33200 2046 2056 0.043
a range +33100 +33200 2056 2046 0.043
a range +33500 +33600 2025 2032 0.0186
a range +33500 +33600 2032 2025 0.0186
a range +33700 +33800 2052 2060 0.0171
a range +33700 +33800 2060 2052 0.0171
a range +33900 +34100 2009 2016 0.0186
a range +33900 +34100 2016 2009 0.0186
a range +33900 +34100 2052 9003 1103.2516
a range +33900 +34100 9003 2052 1103.2516
a range +34300 +34500 1003 2057 1103.4856
a range +34300 +34500 1004 2055 1103.5764
a range +34300 +34500 2055 1004 1103.5764
a range +34300 +34500 2057 1003 1103.4856
a range +35600 +35700 1006 9002 0.0463
a range +35600 +35700 1006 9002 0.0463
a range +35600 +35700 2033 9003 1103.9752
a range +35600 +35700 9002 1006 0.0463
a range +35600 +35700 9002 1006 0.0463
a range +35600 +35700 9003 2033 1103.9752
a range +35800 +35900 2004 2061 0.0138
a range +35800 +35900 2027 2054 0.043
a range +35800 +35900 2029 2042 0.0261
a range +35800 +35900 2042 2029 0.0261
a range +35800 +35900 2054 2027 0.043
a range +35800 +35900 2061 2004 0.0138
a range +36100 +36200 2011 9003 1103.776
a range +36100 +36200 9003 2011 1103.776
a range +36500 +36600 1004 2023 1103.3346
a range +36500 +36600 2023 1004 1103.3346
a range +36500 +36600 2040 2062 0.0111
a range +36500 +36600 2062 2040 0.0111
a range +36900 +37000 1004 2054 1103.5615
a range +36900 +37000 2054 1004 1103.5615
a range +37100 +37200 1004 2011 1103.5643
a range +37100 +37200 2011 1004 1103.5643
a range +37800 +37900 2011 2048 0.0315
a range +37800 +37900 2034 2058 0.0432
a range +37800 +37900 2048 2011 0.0315
a range +37800 +37900 2058 2034 0.0432
a range +37900 +38000 2008 2050 0.0249
a range +37900 +38000 2050 2008 0.0249
a range +38000 +38100 2007 2038 0.043
a range +38000 +38100 2038 2007 0.043
a range +38200 +38300 2002 2042 0.0432
a range +38200 +38300 2042 2002 0.0432
a range +38500 +38900 2007 2045 0.0432
a range +38500 +38900 2045 2007 0.0432
a range +38900 +39000 2041 2050 0.0313
a range +38900 +39000 2050 2041 0.0313
a range +39500 +39600 2041 2061 0.0346
a range +39500 +39600 2061 2041 0.0346
a range +39600 +39700 2019 2028 0.0302
a range +39600 +39700 2028 2019 0.0302
a range +39700 +39800 2008 2031 0.0282
a range +39700 +39800 2031 2008 0.0282
a range +40000 +40200 2042 9001 1103.5052
a range +40000 +40200 9001 2042 1103.5052
a range +40200 +40300 2042 2063 0.0327
a range +40200 +40300 2063 2042 0.0327
a range +40300 +40400 1002 2021 1103.5448
a range +40300 +40400 2021 1002 1103.5448
a range +40400 +40500 1004 2028 1103.5982
a range +40400 +40500 2028 1004 1103.5982
a range +40400 +40500 2048 2062 0.0085
a range +40400 +40500 2062 2048 0.0085
a range +40500 +40600 1006 2036 1103.7831
a range +40500 +40600 2036 1006 1103.7831
a range +40800 +40900 2055 2063 0.0134
a range +40800 +40900 2063 2055 0.0134
a range +40900 +41000 2022 2060 0.043
a range +40900 +41000 2058 2059 0.0186
a range +40900 +41000 2059 2058 0.0186
a range +40900 +41000 2060 2022 0.043
a range +42300 +42400 1003 9002 0.0467
a range +42300 +42400 1003 9002 0.0467
a range +42300 +42400 9002 1003 0.0467
a range +42300 +42400 9002 1003 0.0467
a range +42500 +42600 2011 9003 1103.776
a range +42500 +42600 2032 2040 0.0171
a range +42500 +42600 2040 2032 0.0171
a range +42500 +42600 9003 2011 1103.776
a range +43300 +43600 2024 9001 1103.9772
a range +43300 +43600 9001 2024 1103.9772
a range +44000 +44100 2005 2059 0.043
a range +44000 +44100 2016 2056 0.0432
a range +44000 +44100 2056 2016 0.0432
a range +44000 +44100 2059 2005 0.043
a range +44100 +44200 2032 2063 0.0431
a range +44100 +44200 2063 2032 0.0431
a range +44300 +44400 1004 2052 1103.5672
a range +44300 +44400 2052 1004 1103.5672
a range +45000 +45200 2004 9003 1103.9883
a range +45000 +45200 9003 2004 1103.9883
a range +46000 +46100 2002 2049 0.043
a range +46000 +46100 2049 2002 0.043
a range +46100 +46200 2002 2025 0.0346
a range +46100 +46200 2025 2002 0.0346
a range +46200 +46300 2028 2063 0.0315
a range +46200 +46300 2063 2028 0.0315
a range +46500 +46600 2001 2045 0.0195
a range +46500 +46600 2045 2001 0.0195
a range +46600 +46700 2017 2025 0.0184
a range +46600 +46700 2025 2017 0.0184
a range +47500 +47600 2050 2063 0.0386
a range +47500 +47600 2063 2050 0.0386
a range +47600 +47700 2049 2064 0.0138
a range +47600 +47700 2064 2049 0.0138
a range +47900 +48000 2023 2061 0.0431
a range +47900 +48000 2061 2023 0.0431
a range +48300 +48400 1001 2052 1103.9103
a range +48300 +48400 2002 2030 0.0322
a range +48300 +48400 2030 2002 0.0322
a range +48300 +48400 2052 1001 1103.9103
a range +48600 +48700 2040 9003 1103.9882
a range +48600 +48700 2058 9001 1105.0637
a range +48600 +48700 9001 2058 1105.0637
a range +48600 +48700 9003 2040 1103.9882
a range +49100 +49300 1003 2045 1103.9585
a range +49100 +49300 2021 9003 1103.9689
a range +49100 +49300 2045 1003 1103.9585
a range +49100 +49300 9003 2021 1103.9689
a range +49300 +49400 2013 2038 0.0431
a range +49300 +49400 2038 2013 0.0431
a range +49300 +49600 2002 2041 0.0431
a range +49400 +49600 2031 2039 0.0134
a range +49400 +49600 2039 2031 0.0134
a range +49300 +49600 2041 2002 0.0431
a range +49700 +49800 2023 2047 0.043
a range +49700 +49800 2047 2023 0.043
a range +49900 +50000 2015 2059 0.0418
a range +49900 +50000 2059 2015 0.0418
a range +50200 +50300 2020 2056 0.0193
a range +50200 +50300 2056 2020 0.0193
a range +50700 +50800 2011 2054 0.0315
a range +50700 +50800 2054 2011 0.0315
a range +51600 +51700 1005 2035 1104.002
a range +51600 +51700 2035 1005 1104.002
a range +51600 +51700 2037 2064 0.0431
a range +51600 +51700 2064 2037 0.0431
a range +51800 +52000 1006 2016 1103.7783
a range +51800 +52000 2016 1006 1103.7783
a range +52000 +52100 1006 2027 1103.8112
a range +52000 +52100 2027 1006 1103.8112
a range +52400 +52500 1001 9002 0.0467
a range +52400 +52500 9002 1001 0.0467
a range +52700 +52800 1005 2018 1103.797
a range +52700 +52800 2018 1005 1103.797
a range +52900 +53000 2014 2042 0.0284
a range +52900 +53000 2042 2014 0.0284
a range +53600 +53700 1004 2014 1104.2508
a range +53600 +53700 2014 1004 1104.2508
a range +53800 +54000 2054 2056 0.0343
a range +53800 +54000 2056 2054 0.0343
a range +54100 +54300 1005 9002 0.0467
a range +54100 +54300 2003 2027 0.0432
a range +54100 +54300 2011 2046 0.0361
a range +54100 +54300 2027 2003 0.0432
a range +54100 +54300 2046 2011 0.0361
a range +54100 +54300 9002 1005 0.0467
a range +54400 +54500 2013 2034 0.0182
a range +54400 +54500 2034 2013 0.0182
a range +54500 +54600 2013 2033 0.0195
a range +54500 +54600 2033 2013 0.0195
a range +55100 +55400 1006 2057 1104.4464
a range +55100 +55400 2057 1006 1104.4464
a range +55900 +56000 2027 2050 0.0231
a range +55900 +56000 2050 2027 0.0231
a range +56300 +56400 2031 2045 0.0154
a range +56300 +56400 2045 2031 0.0154
a range +56400 +56500 1001 1005 0.0486
a range +56400 +56500 1005 1001 0.0486
a range +56400 +56500 2017 2053 0.0065
a range +56400 +56500 2053 2017 0.0065
a range +56500 +56600 2003 2061 0.0249
a range +56500 +56600 2061 2003 0.0249
a range +56900 +57000 2003 2060 0.0088
a range +56900 +57000 2060 2003 0.0088
a range +57400 +57700 2009 2035 0.043
a range +57400 +57700 2035 2009 0.043
a range +57700 +57800 2007 2043 0.0363
a range +57700 +57800 2014 2040 0.0432
a range +57700 +57800 2040 2014 0.0432
a range +57700 +57800 2043 2007 0.0363
a range +58100 +58200 2020 2051 0.043
a range +58100 +58200 2027 2060 0.043
a range +58100 +58200 2051 2020 0.043
a range +58100 +58200 2060 2027 0.043
a range +58300 +58400 2040 2064 0.0431
a range +58300 +58400 2064 2040 0.0431
a range +58900 +59100 2002 9001 1105.0538
a range +58900 +59100 2006 2039 0.0432
a range +58900 +59100 2039 2006 0.0432
a range +58900 +59100 9001 2002 1105.0538
a range +59300 +59400 1005 2042 1104.2125
a range +59300 +59400 2042 1005 1104.2125
a range +60200 +60400 1004 2017 1104.2162
a range +60200 +60400 2017 1004 1104.2162
a range +60200 +60400 2052 2059 0.0088
a range +60200 +60400 2059 2052 0.0088
a range +60700 +60800 2056 2064 0.0171
a range +60700 +60800 2064 2056 0.0171
a range +60800 +60900 2003 2025 0.0201
a range +60800 +60900 2025 2003 0.0201
a range +61000 +61100 2002 2042 0.0431
a range +61000 +61100 2042 2002 0.0431
a range +61100 +61200 2006 2014 0.0151
a range +61100 +61200 2014 2006 0.0151
a range +61300 +61400 2010 2033 0.0346
a range +61300 +61400 2033 2010 0.0346
a range +61400 +61500 2016 2033 0.0432
a range +61400 +61500 2033 2016 0.0432
a range +61500 +61700 2049 9002 1104.258
a range +61500 +61700 9002 2049 1104.258
a range +62300 +62500 1003 2058 1104.7868
a range +62300 +62500 2008 2040 0.0431
a range +62300 +62500 2040 2008 0.0431
a range +62300 +62500 2058 1003 1104.7868
a range +62500 +62600 1003 2057 1104.7735
a range +62500 +62600 2057 1003 1104.7735
a range +62600 +62800 2027 2044 0.043
a range +62600 +62800 2044 2027 0.043
a range +63100 +63200 2029 2044 0.0255
a range +63100 +63200 2044 2029 0.0255
a range +63400 +63500 2031 2053 0.0201
a range +63400 +63500 2053 2031 0.0201
a range +63600 +63800 1005 2063 1104.657
a range +63600 +63800 2063 1005 1104.657
a range +64000 +64100 2016 9001 1104.7713
a range +64000 +64100 9001 2016 1104.7713
a range +64100 +64200 2010 2040 0.0325
a range +64100 +64200 2040 2010 0.0325
a range +64300 +64400 2019 2048 0.027
a range +64300 +64400 2025 2054 0.0182
a range +64300 +64400 2038 2040 0.0343
a range +64300 +64400 2040 2038 0.0343
a range +64300 +64400 2048 2019 0.027
a range +64300 +64400 2054 2025 0.0182
a range +64400 +64500 1005 2057 1104.6515
a range +64400 +64500 2004 2063 0.038
a range +64400 +64500 2057 1005 1104.6515
a range +64400 +64500 2063 2004 0.038
a range +64500 +64800 2007 2039 0.0433
a range +64500 +64800 2039 2007 0.0433
a range +64900 +65200 2024 9001 1104.7076
a range +64900 +65200 9001 2024 1104.7076
a range +65300 +65400 2010 2061 0.0261
a range +65300 +65400 2028 2048 0.0369
a range +65300 +65400 2048 2028 0.0369
a range +65300 +65400 2061 2010 0.0261
a range +65600 +65800 2005 2041 0.0195
a range +65600 +65800 2041 2005 0.0195
a range +65800 +65900 2011 2050 0.0431
a range +65800 +65900 2050 2011 0.0431
a range +65900 +66100 1005 2046 1104.6339
a range +65900 +66100 2046 1005 1104.6339
a range +66200 +66300 2038 2062 0.043
a range +66200 +66300 2062 2038 0.043
a range +66300 +66400 2007 2046 0.0431
a range +66300 +66400 2046 2007 0.0431
a range +66400 +66500 2034 2058 0.043
a range +66400 +66500 2058 2034 0.043
a range +66500 +66700 2018 2025 0.0121
a range +66500 +66700 2025 2018 0.0121
a range +66700 +66800 2016 2024 0.0171
a range +66700 +66800 2024 2016 0.0171
a range +67300 +67500 2008 2031 0.0282
a range +67300 +67500 2031 2008 0.0282
a range +67500 +67700 1005 2042 1104.6433
a range +67500 +67700 2042 1005 1104.6433
a range +67700 +67800 2028 2059 0.0433
a range +67700 +67800 2059 2028 0.0433
a range +67900 +68100 1001 2049 1104.5461
a range +67900 +68100 2046 2054 0.0151
a range +67900 +68100 2049 1001 1104.5461
a range +67900 +68100 2054 2046 0.0151
a range +68300 +68500 1005 2035 1104.6483
a range +68300 +68500 2014 2040 0.0431
a range +68300 +68500 2035 1005 1104.6483
a range +68300 +68500 2040 2014 0.0431
a range +68300 +68500 2045 2053 0.0184
a range +68300 +68500 2053 2045 0.0184
a range +68700 +68800 2025 2032 0.0186
a range +68700 +68800 2032 2025 0.0186
a range +68900 +69000 1003 2025 1104.776
a range +68900 +69000 2011 2018 0.0057
a range +68900 +69000 2018 2011 0.0057
a range +68900 +69000 2025 1003 1104.776
a range +69100 +69200 1005 2019 1104.4266
a range +69100 +69200 2019 1005 1104.4266
a range +69700 +69900 2057 9002 1105.0607
a range +69700 +69900 9002 2057 1105.0607
a range +70300 +70500 1003 2057 1104.7735
a range +70300 +70500 2057 1003 1104.7735
a range +70900 +71000 2028 2044 0.0315
a range +70900 +71000 2044 2028 0.0315
a range +71000 +71100 1003 2063 1104.7566
a range +71000 +71100 2063 1003 1104.7566
a range +71200 +71400 2042 9002 1104.9453
a range +71200 +71400 9002 2042 1104.9453
a range +71900 +72000 1006 2060 1105.085
a range +71900 +72000 2060 1006 1105.085
a range +72000 +72100 2005 2063 0.0236
a range +72000 +72100 2009 2060 0.023
a range +72000 +72100 2030 2045 0.0223
a range +72000 +72100 2045 2030 0.0223
a range +72000 +72100 2060 2009 0.023
a range +72000 +72100 2063 2005 0.0236
a range +72300 +72400 2006 2018 0.0398
a range +72300 +72400 2017 2053 0.0065
a range +72300 +72400 2018 2006 0.0398
a range +72300 +72400 2053 2017 0.0065
a range +72400 +72500 1005 2033 1104.6657
a range +72400 +72500 2033 1005 1104.6657
a range +72500 +72600 2028 2063 0.0315
a range +72500 +72600 2063 2028 0.0315
a range +72600 +72700 2012 9002 1105.0713
a range +72600 +72700 2025 2062 0.023
a range +72600 +72700 2062 2025 0.023
a range +72600 +72700 9002 2012 1105.0713
a range +73500 +73600 2025 2058 0.0433
a range +73500 +73600 2058 2025 0.0433
a range +73700 +73800 1004 2029 1104.9005
a range +73700 +73800 2029 1004 1104.9005
a range +74000 +74300 2011 2056 0.0431
a range +74000 +74300 2038 2061 0.0346
a range +74000 +74300 2056 2011 0.0431
a range +74000 +74300 2061 2038 0.0346
a range +74400 +74500 2046 2051 0.0386
a range +74400 +74500 2051 2046 0.0386
a range +74600 +74700 2036 2057 0.0081
a range +74600 +74700 2057 2036 0.0081
a range +74700 +74800 2013 2043 0.0374
a range +74700 +74800 2043 2013 0.0374
a range +74800 +74900 2053 2062 0.0313
a range +74800 +74900 2062 2053 0.0313
a range +74900 +75000 2011 2042 0.043
a range +74900 +75000 2042 2011 0.043
a range +75000 +75200 2045 2055 0.043
a range +75000 +75200 2055 2045 0.043
a range +75400 +75600 2021 2033 0.0346
a range +75400 +75600 2033 2021 0.0346
a range +75700 +75800 1004 2011 1104.8652
a range +75700 +75800 2011 1004 1104.8652
a range +75900 +76000 2012 2033 0.0081
a range +75900 +76000 2033 2012 0.0081
a range +75900 +76000 2050 2051 0.0186
a range +75900 +76000 2051 2050 0.0186
a range +76600 +76700 2006 2025 0.043
a range +76600 +76700 2025 2006 0.043
a range +76700 +76900 2006 2024 0.043
a range +76700 +76900 2024 2006 0.043
a range +77200 +77300 1004 2010 1104.8788
a range +77200 +77300 2010 1004 1104.8788
a range +77400 +77600 2020 2061 0.0382
a range +77400 +77600 2061 2020 0.0382
a range +77600 +77700 2026 2049 0.0346
a range +77600 +77700 2049 2026 0.0346
a range +77600 +77800 1003 9003 0.0466
a range +77600 +77800 1003 9003 0.0466
a range +77700 +77800 2020 2056 0.0193
a range +77700 +77800 2056 2020 0.0193
a range +77600 +77800 9003 1003 0.0466
a range +77600 +77800 9003 1003 0.0466
a range +78000 +78200 1003 1005 0.0588
a range +78000 +78200 1005 1003 0.0588
a range +78200 +78300 2035 2057 0.0201
a range +78200 +78300 2057 2035 0.0201
a range +79000 +79100 2039 2062 0.0231
a range +79000 +79100 2062 2039 0.0231
a range +79100 +79300 1002 2017 1104.9705
a range +79100 +79300 2017 1002 1104.9705
a range +79300 +79400 2013 2029 0.034
a range +79300 +79400 2029 2013 0.034
a range +79500 +79600 2018 2046 0.0322
a range +79500 +79600 2046 2018 0.0322
a range +79600 +79700 2035 2051 0.0247
a range +79600 +79700 2051 2035 0.0247
a range +79900 +80100 1002 9003 0.0467
a range +79900 +80100 1002 9003 0.0467
a range +79900 +80100 9003 1002 0.0467
a range +79900 +80100 9003 1002 0.0467
a range +80300 +80400 2006 2048 0.0111
a range +80300 +80400 2030 2057 0.023
a range +80300 +80400 2048 2006 0.0111
a range +80300 +80400 2057 2030 0.023
a range +81900 +82000 2033 9002 1105.0688
a range +81900 +82000 9002 2033 1105.0688
a range +82000 +82100 2004 2054 0.0249
a range +82000 +82100 2054 2004 0.0249
a range +82100 +82200 2024 2034 0.043
a range +82100 +82200 2034 2024 0.043
a range +82200 +82300 2049 2059 0.043
a range +82200 +82300 2059 2049 0.043
a range +82400 +82500 2002 2036 0.0251
a range +82400 +82500 2036 2002 0.0251
a range +82700 +82800 2030 9002 1105.047
a range +82700 +82800 9002 2030 1105.047
a range +82900 +83000 2056 2057 0.032
a range +82900 +83000 2057 2056 0.032
a range +83000 +83200 2049 9002 1104.9723
a range +83000 +83200 9002 2049 1104.9723
a range +83700 +83800 2007 2008 0.0186
a range +83700 +83800 2008 2007 0.0186
a range +85200 +85300 2034 2041 0.0121
a range +85200 +85300 2041 2034 0.0121
a range +85300 +85400 2002 2009 0.0121
a range +85300 +85400 2009 2002 0.0121
a range +85300 +85400 2031 2053 0.0201
a range +85300 +85400 2053 2031 0.0201
a range +85500 +85600 2034 2062 0.0322
a range +85500 +85600 2062 2034 0.0322
a range +85600 +85700 2018 2047 0.0315
a range +85600 +85700 2047 2018 0.0315
a range +85700 +86100 2023 2049 0.0374
a range +85700 +86100 2049 2023 0.0374
a range +86100 +86200 2032 2046 0.0085
a range +86100 +86200 2046 2032 0.0085
