a contact +0 +600 1002 2037 50
a contact +0 +600 1004 2038 50
a contact +0 +600 1007 2047 50
a contact +0 +600 1008 2032 50
a contact +0 +600 1009 2007 50
a contact +0 +600 2007 1009 50
a contact +0 +600 2032 1008 50
a contact +0 +600 2037 1002 50
a contact +0 +600 2038 1004 50
a contact +0 +600 2047 1007 50
a contact +0 +1200 1006 2019 50
a contact +0 +1200 2019 1006 50
a contact +0 +1800 1001 2008 50
a contact +0 +1800 1003 2021 50
a contact +0 +1800 1005 2001 50
a contact +600 +1800 1009 2030 50
a contact +0 +1800 2001 1005 50
a contact +0 +1800 2008 1001 50
a contact +0 +1800 2021 1003 50
a contact +600 +1800 2030 1009 50
a contact +600 +3000 1008 9001 50
a contact +600 +3000 9001 1008 50
a contact +1800 +3600 1001 2043 50
a contact +1200 +3600 1006 9002 50
a contact +1800 +3600 1009 2006 50
a contact +1800 +3600 2006 1009 50
a contact +1800 +3600 2043 1001 50
a contact +1200 +3600 9002 1006 50
a contact +600 +4200 1002 2045 50
a contact +1800 +4200 1003 9004 50
a contact +600 +4200 2045 1002 50
a contact +1800 +4200 9004 1003 50
a contact +4200 +4800 1003 2010 50
a contact +4200 +4800 2010 1003 50
a contact +3600 +5400 1006 2042 50
a contact +3600 +5400 1009 2035 50
a contact +3600 +5400 2035 1009 50
a contact +3600 +5400 2042 1006 50
a contact +4200 +6000 1002 9001 50
a contact +4800 +6000 1003 2034 50
a contact +5400 +6000 1009 2027 50
a contact +5400 +6000 2027 1009 50
a contact +4800 +6000 2034 1003 50
a contact +4200 +6000 9001 1002 50
a contact +6000 +6600 1002 2026 50
a contact +600 +6600 1004 9007 50
a contact +6000 +6600 1009 2005 50
a contact +6000 +6600 2005 1009 50
a contact +6000 +6600 2026 1002 50
a contact +600 +6600 9007 1004 50
a contact +6000 +7200 1003 2048 50
a contact +3000 +7200 1008 2022 50
a contact +3000 +7200 2022 1008 50
a contact +6000 +7200 2048 1003 50
a contact +3600 +7800 1001 9002 50
a contact +6600 +7800 1004 2016 50
a contact +600 +7800 1007 9008 50
a contact +7200 +7800 1008 2033 50
a contact +6600 +7800 2016 1004 50
a contact +7200 +7800 2033 1008 50
a contact +3600 +7800 9002 1001 50
a contact +600 +7800 9008 1007 50
a contact +7200 +8400 1003 2030 50
a contact +1800 +8400 1005 9005 50
a contact +7200 +8400 2030 1003 50
a contact +1800 +8400 9005 1005 50
a contact +8400 +9600 1005 2001 50
a contact +7800 +9600 1007 2041 50
a contact +7800 +9600 1008 9002 50
a contact +8400 +9600 2001 1005 50
a contact +7800 +9600 2041 1007 50
a contact +7800 +9600 9002 1008 50
a contact +7800 +10200 1001 2046 50
a contact +5400 +10200 1006 9004 50
a contact +9600 +10200 1008 2034 50
a contact +9600 +10200 2034 1008 50
a contact +7800 +10200 2046 1001 50
a contact +5400 +10200 9004 1006 50
a contact +9600 +10800 1005 9002 50
a contact +10200 +10800 1008 2037 50
a contact +10200 +10800 2037 1008 50
a contact +9600 +10800 9002 1005 50
a contact +6600 +12600 1009 9007 50
a contact +6600 +12600 9007 1009 50
a contact +7800 +13200 1004 9008 50
a contact +10200 +13200 1006 2002 50
a contact +10200 +13200 2002 1006 50
a contact +7800 +13200 9008 1004 50
a contact +6600 +13800 1002 9001 50
a contact +9600 +13800 1007 2031 50
a contact +9600 +13800 2031 1007 50
a contact +6600 +13800 9001 1002 50
a contact +10200 +14400 1001 9004 50
a contact +13200 +14400 1004 2038 50
a contact +13200 +14400 1006 2029 50
a contact +13200 +14400 2029 1006 50
a contact +13200 +14400 2038 1004 50
a contact +10200 +14400 9004 1001 50
a contact +14400 +15000 1004 9004 50
a contact +14400 +15000 9004 1004 50
a contact +12600 +15600 1009 2044 50
a contact +12600 +15600 2044 1009 50
a contact +13800 +16200 1007 9008 50
a contact +10800 +16200 1008 9002 50
a contact +10800 +16200 9002 1008 50
a contact +13800 +16200 9008 1007 50
a contact +14400 +16800 1001 2014 50
a contact +13800 +16800 1002 2028 50
a contact +14400 +16800 2014 1001 50
a contact +13800 +16800 2028 1002 50
a contact +10800 +17400 1005 2008 50
a contact +14400 +17400 1006 2035 50
a contact +15600 +17400 1009 2027 50
a contact +10800 +17400 2008 1005 50
a contact +15600 +17400 2027 1009 50
a contact +14400 +17400 2035 1006 50
a contact +15000 +18000 1004 2007 50
a contact +15000 +18000 2007 1004 50
a contact +16800 +18600 1002 9002 50
a contact +8400 +18600 1003 9005 50
a contact +17400 +18600 1005 2043 50
a contact +17400 +18600 1006 2025 50
a contact +17400 +18600 2025 1006 50
a contact +17400 +18600 2043 1005 50
a contact +16800 +18600 9002 1002 50
a contact +8400 +18600 9005 1003 50
a contact +18000 +19200 1004 2047 50
a contact +18600 +19200 1006 2014 50
a contact +16200 +19200 1008 2011 50
a contact +16200 +19200 2011 1008 50
a contact +18600 +19200 2014 1006 50
a contact +18000 +19200 2047 1004 50
a contact +19200 +19800 1006 2046 50
a contact +19200 +19800 1008 2047 50
a contact +17400 +19800 1009 2041 50
a contact +17400 +19800 2041 1009 50
a contact +19200 +19800 2046 1006 50
a contact +19200 +19800 2047 1008 50
a contact +19800 +21000 1006 9005 50
a contact +19800 +21000 9005 1006 50
a contact +16200 +21600 1007 2013 50
a contact +19800 +21600 1009 2021 50
a contact +16200 +21600 2013 1007 50
a contact +19800 +21600 2021 1009 50
a contact +19200 +22200 1004 2048 50
a contact +19200 +22200 2048 1004 50
a contact +18600 +22800 1005 2007 50
a contact +21000 +22800 1006 2016 50
a contact +19800 +22800 1008 9002 50
a contact +18600 +22800 2007 1005 50
a contact +21000 +22800 2016 1006 50
a contact +19800 +22800 9002 1008 50
a contact +18600 +23400 1002 2025 50
a contact +18600 +23400 1003 2005 50
a contact +21600 +23400 1007 2020 50
a contact +18600 +23400 2005 1003 50
a contact +21600 +23400 2020 1007 50
a contact +18600 +23400 2025 1002 50
a contact +23400 +24000 1002 2038 50
a contact +22200 +24000 1004 2023 50
a contact +23400 +24000 1007 2032 50
a contact +22800 +24000 1008 2036 50
a contact +21600 +24000 1009 9005 50
a contact +22200 +24000 2023 1004 50
a contact +23400 +24000 2032 1007 50
a contact +22800 +24000 2036 1008 50
a contact +23400 +24000 2038 1002 50
a contact +21600 +24000 9005 1009 50
a contact +23400 +24600 1003 2014 50
a contact +24000 +24600 1004 2030 50
a contact +22800 +24600 1006 2048 50
a contact +23400 +24600 2014 1003 50
a contact +24000 +24600 2030 1004 50
a contact +22800 +24600 2048 1006 50
a contact +16800 +25200 1001 9008 50
a contact +24000 +25200 1009 2027 50
a contact +24000 +25200 2027 1009 50
a contact +16800 +25200 9008 1001 50
a contact +24600 +25800 1003 2036 50
a contact +24600 +25800 2036 1003 50
a contact +25200 +26400 1001 2047 50
a contact +24000 +26400 1002 2003 50
a contact +24600 +26400 1006 2004 50
a contact +24000 +26400 1007 9005 50
a contact +24000 +26400 1008 2037 50
a contact +24000 +26400 2003 1002 50
a contact +24600 +26400 2004 1006 50
a contact +24000 +26400 2037 1008 50
a contact +25200 +26400 2047 1001 50
a contact +24000 +26400 9005 1007 50
a contact +26400 +27000 1002 2032 50
a contact +26400 +27000 2032 1002 50
a contact +22800 +27600 1005 9002 50
a contact +25200 +27600 1009 2029 50
a contact +25200 +27600 2029 1009 50
a contact +22800 +27600 9002 1005 50
a contact +26400 +28200 1001 2037 50
a contact +27000 +28200 1002 2006 50
a contact +24600 +28200 1004 2002 50
a contact +26400 +28200 1007 2021 50
a contact +27600 +28200 1009 9002 50
a contact +24600 +28200 2002 1004 50
a contact +27000 +28200 2006 1002 50
a contact +26400 +28200 2021 1007 50
a contact +26400 +28200 2037 1001 50
a contact +27600 +28200 9002 1009 50
a contact +27600 +28800 1005 2017 50
a contact +27600 +28800 2017 1005 50
a contact +28200 +29400 1002 2023 50
a contact +28200 +29400 1004 2036 50
a contact +26400 +29400 1008 2040 50
a contact +28200 +29400 1009 2001 50
a contact +28200 +29400 2001 1009 50
a contact +28200 +29400 2023 1002 50
a contact +28200 +29400 2036 1004 50
a contact +26400 +29400 2040 1008 50
a contact +28200 +30000 1001 2004 50
a contact +28800 +30000 1005 2027 50
a contact +28200 +30000 2004 1001 50
a contact +28800 +30000 2027 1005 50
a contact +29400 +30600 1002 2026 50
a contact +25800 +30600 1003 9008 50
a contact +29400 +30600 1004 2033 50
a contact +28200 +30600 1007 2010 50
a contact +29400 +30600 1008 9002 50
a contact +29400 +30600 1009 2011 50
a contact +28200 +30600 2010 1007 50
a contact +29400 +30600 2011 1009 50
a contact +29400 +30600 2026 1002 50
a contact +29400 +30600 2033 1004 50
a contact +29400 +30600 9002 1008 50
a contact +25800 +30600 9008 1003 50
a contact +30600 +31200 1003 2041 50
a contact +30600 +31200 2041 1003 50
a contact +30000 +31800 1001 2019 50
a contact +30000 +31800 1005 2044 50
a contact +30000 +31800 2019 1001 50
a contact +30000 +31800 2044 1005 50
a contact +31800 +33000 1001 2017 50
a contact +30600 +33000 1002 2030 50
a contact +31800 +33000 2017 1001 50
a contact +30600 +33000 2030 1002 50
a contact +33000 +33600 1002 9002 50
a contact +33000 +33600 9002 1002 50
a contact +33600 +34200 1002 2001 50
a contact +33600 +34200 2001 1002 50
a contact +30600 +34800 1008 2018 50
a contact +30600 +34800 2018 1008 50
a contact +33000 +35400 1001 9003 50
a contact +26400 +35400 1006 9005 50
a contact +33000 +35400 9003 1001 50
a contact +26400 +35400 9005 1006 50
a contact +31200 +36000 1003 9009 50
a contact +31800 +36000 1005 2035 50
a contact +30600 +36000 1009 2009 50
a contact +30600 +36000 2009 1009 50
a contact +31800 +36000 2035 1005 50
a contact +31200 +36000 9009 1003 50
a contact +36000 +36600 1003 2022 50
a contact +36000 +36600 2022 1003 50
a contact +30600 +37200 1007 9008 50
a contact +30600 +37200 9008 1007 50
a contact +35400 +37800 1001 2014 50
a contact +35400 +37800 1006 2003 50
a contact +34800 +37800 1008 2017 50
a contact +36000 +37800 1009 9005 50
a contact +35400 +37800 2003 1006 50
a contact +35400 +37800 2014 1001 50
a contact +34800 +37800 2017 1008 50
a contact +36000 +37800 9005 1009 50
a contact +36600 +38400 1003 9003 50
a contact +37200 +38400 1007 2039 50
a contact +37800 +38400 1008 9008 50
a contact +37200 +38400 2039 1007 50
a contact +36600 +38400 9003 1003 50
a contact +37800 +38400 9008 1008 50
a contact +37800 +39000 1001 2024 50
a contact +37800 +39000 1009 2008 50
a contact +37800 +39000 2008 1009 50
a contact +37800 +39000 2024 1001 50
a contact +37800 +39600 1006 9005 50
a contact +37800 +39600 9005 1006 50
a contact +39000 +40200 1001 2015 50
a contact +34200 +40200 1002 9002 50
a contact +38400 +40200 1003 2025 50
a contact +30600 +40200 1004 9006 50
a contact +38400 +40200 1007 2032 50
a contact +38400 +40200 1008 2027 50
a contact +39000 +40200 2015 1001 50
a contact +38400 +40200 2025 1003 50
a contact +38400 +40200 2027 1008 50
a contact +38400 +40200 2032 1007 50
a contact +34200 +40200 9002 1002 50
a contact +30600 +40200 9006 1004 50
a contact +40200 +41400 1002 2023 50
a contact +40200 +41400 1003 9006 50
a contact +40200 +41400 1004 9005 50
a contact +40200 +41400 2023 1002 50
a contact +40200 +41400 9005 1004 50
a contact +40200 +41400 9006 1003 50
a contact +41400 +42000 1002 9005 50
a contact +41400 +42000 1004 9006 50
a contact +40200 +42000 1008 9002 50
a contact +39000 +42000 1009 9008 50
a contact +40200 +42000 9002 1008 50
a contact +41400 +42000 9005 1002 50
a contact +41400 +42000 9006 1004 50
a contact +39000 +42000 9008 1009 50
a contact +42000 +42600 1004 9005 50
a contact +40200 +42600 1007 2017 50
a contact +40200 +42600 2017 1007 50
a contact +42000 +42600 9005 1004 50
a contact +36000 +43200 1005 9009 50
a contact +39600 +43200 1006 2016 50
a contact +42000 +43200 1009 2036 50
a contact +39600 +43200 2016 1006 50
a contact +42000 +43200 2036 1009 50
a contact +36000 +43200 9009 1005 50
a contact +40200 +43800 1001 9003 50
a contact +42000 +43800 1002 2023 50
a contact +42600 +43800 1007 9006 50
a contact +42000 +43800 2023 1002 50
a contact +40200 +43800 9003 1001 50
a contact +42600 +43800 9006 1007 50
a contact +41400 +44400 1003 2038 50
a contact +42600 +44400 1004 2040 50
a contact +41400 +44400 2038 1003 50
a contact +42600 +44400 2040 1004 50
a contact +43200 +45000 1006 2042 50
a contact +43800 +45000 1007 9009 50
a contact +42000 +45000 1008 2010 50
a contact +42000 +45000 2010 1008 50
a contact +43200 +45000 2042 1006 50
a contact +43800 +45000 9009 1007 50
a contact +44400 +45600 1003 9006 50
a contact +43200 +45600 1009 2018 50
a contact +43200 +45600 2018 1009 50
a contact +44400 +45600 9006 1003 50
a contact +43800 +46200 1002 2046 50
a contact +45000 +46200 1006 9009 50
a contact +43800 +46200 2046 1002 50
a contact +45000 +46200 9009 1006 50
a contact +43800 +46800 1001 2036 50
a contact +43200 +46800 1005 2039 50
a contact +43800 +46800 2036 1001 50
a contact +43200 +46800 2039 1005 50
a contact +46800 +47400 1001 2034 50
a contact +44400 +47400 1004 2029 50
a contact +46200 +47400 1006 2006 50
a contact +45000 +47400 1007 2025 50
a contact +46200 +47400 2006 1006 50
a contact +45000 +47400 2025 1007 50
a contact +44400 +47400 2029 1004 50
a contact +46800 +47400 2034 1001 50
a contact +45600 +48600 1003 2031 50
a contact +45600 +48600 2031 1003 50
a contact +47400 +49200 1001 2004 50
a contact +46200 +49200 1002 9009 50
a contact +47400 +49200 1004 2034 50
a contact +47400 +49200 1006 2033 50
a contact +47400 +49200 1007 2037 50
a contact +47400 +49200 2004 1001 50
a contact +47400 +49200 2033 1006 50
a contact +47400 +49200 2034 1004 50
a contact +47400 +49200 2037 1007 50
a contact +46200 +49200 9009 1002 50
a contact +49200 +49800 1001 2031 50
a contact +46800 +49800 1005 2044 50
a contact +49200 +49800 1007 9009 50
a contact +49200 +49800 2031 1001 50
a contact +46800 +49800 2044 1005 50
a contact +49200 +49800 9009 1007 50
a contact +49200 +50400 1006 2043 50
a contact +49200 +50400 2043 1006 50
a contact +50400 +51000 1006 2041 50
a contact +45600 +51000 1009 9006 50
a contact +50400 +51000 2041 1006 50
a contact +45600 +51000 9006 1009 50
a contact +49800 +51600 1001 2013 50
a contact +49800 +51600 2013 1001 50
a contact +49800 +52200 1007 2020 50
a contact +49800 +52200 2020 1007 50
a contact +49200 +52800 1002 2042 50
a contact +51000 +52800 1009 2034 50
a contact +51000 +52800 2034 1009 50
a contact +49200 +52800 2042 1002 50
a contact +51000 +53400 1006 2046 50
a contact +51000 +53400 2046 1006 50
a contact +52800 +54000 1002 2019 50
a contact +49200 +54000 1004 2006 50
a contact +49800 +54000 1005 9009 50
a contact +49200 +54000 2006 1004 50
a contact +52800 +54000 2019 1002 50
a contact +49800 +54000 9009 1005 50
a contact +48600 +54600 1003 2018 50
a contact +48600 +54600 2018 1003 50
a contact +51600 +55200 1001 9006 50
a contact +54600 +55200 1003 2029 50
a contact +54000 +55200 1005 2015 50
a contact +53400 +55200 1006 2023 50
a contact +45000 +55200 1008 9003 50
a contact +54000 +55200 2015 1005 50
a contact +53400 +55200 2023 1006 50
a contact +54600 +55200 2029 1003 50
a contact +45000 +55200 9003 1008 50
a contact +51600 +55200 9006 1001 50
a contact +54000 +56400 1004 9001 50
a contact +55200 +56400 1005 9009 50
a contact +54000 +56400 9001 1004 50
a contact +55200 +56400 9009 1005 50
a contact +54000 +57000 1002 2003 50
a contact +54000 +57000 2003 1002 50
a contact +55200 +57600 1008 2032 50
a contact +55200 +57600 2032 1008 50
a contact +55200 +58200 1003 9003 50
a contact +56400 +58200 1005 2019 50
a contact +52200 +58200 1007 9007 50
a contact +52800 +58200 1009 9004 50
a contact +56400 +58200 2019 1005 50
a contact +55200 +58200 9003 1003 50
a contact +52800 +58200 9004 1009 50
a contact +52200 +58200 9007 1007 50
a contact +58200 +58800 1007 2013 50
a contact +58200 +58800 2013 1007 50
a contact +56400 +59400 1004 2010 50
a contact +55200 +59400 1006 9006 50
a contact +56400 +59400 2010 1004 50
a contact +55200 +59400 9006 1006 50
a contact +55200 +60000 1001 2026 50
a contact +58200 +60000 1003 2048 50
a contact +58200 +60000 1009 2015 50
a contact +58200 +60000 2015 1009 50
a contact +55200 +60000 2026 1001 50
a contact +58200 +60000 2048 1003 50
a contact +57000 +60600 1002 9009 50
a contact +57600 +60600 1008 9001 50
a contact +57600 +60600 9001 1008 50
a contact +57000 +60600 9009 1002 50
a contact +60000 +61200 1001 2045 50
a contact +59400 +61200 1006 2024 50
a contact +60000 +61200 1009 2038 50
a contact +59400 +61200 2024 1006 50
a contact +60000 +61200 2038 1009 50
a contact +60000 +61200 2045 1001 50
a contact +61200 +61800 1001 9009 50
a contact +60600 +61800 1002 2020 50
a contact +61200 +61800 1006 2037 50
a contact +60600 +61800 2020 1002 50
a contact +61200 +61800 2037 1006 50
a contact +61200 +61800 9009 1001 50
a contact +61800 +63000 1001 2038 50
a contact +58200 +63000 1005 9003 50
a contact +61800 +63000 2038 1001 50
a contact +58200 +63000 9003 1005 50
a contact +60000 +63600 1003 9004 50
a contact +61200 +63600 1009 2010 50
a contact +61200 +63600 2010 1009 50
a contact +60000 +63600 9004 1003 50
a contact +63600 +64200 1003 2015 50
a contact +63600 +64200 2015 1003 50
a contact +64200 +64800 1003 2019 50
a contact +60600 +64800 1008 2033 50
a contact +64200 +64800 2019 1003 50
a contact +60600 +64800 2033 1008 50
a contact +59400 +65400 1004 9006 50
a contact +63000 +65400 1005 2030 50
a contact +64800 +65400 1008 2048 50
a contact +63000 +65400 2030 1005 50
a contact +64800 +65400 2048 1008 50
a contact +59400 +65400 9006 1004 50
a contact +64800 +66000 1003 2016 50
a contact +65400 +66000 1004 2047 50
a contact +64800 +66000 2016 1003 50
a contact +65400 +66000 2047 1004 50
a contact +58800 +66600 1007 9007 50
a contact +58800 +66600 9007 1007 50
a contact +66000 +67200 1004 2021 50
a contact +61800 +67200 1006 9009 50
a contact +65400 +67200 1008 2025 50
a contact +66000 +67200 2021 1004 50
a contact +65400 +67200 2025 1008 50
a contact +61800 +67200 9009 1006 50
a contact +66600 +67800 1007 2026 50
a contact +63600 +67800 1009 9004 50
a contact +66600 +67800 2026 1007 50
a contact +63600 +67800 9004 1009 50
a contact +65400 +68400 1005 9006 50
a contact +67800 +68400 1009 2009 50
a contact +67800 +68400 2009 1009 50
a contact +65400 +68400 9006 1005 50
a contact +61800 +69000 1002 9001 50
a contact +66000 +69000 1003 2015 50
a contact +67800 +69000 1007 2016 50
a contact +66000 +69000 2015 1003 50
a contact +67800 +69000 2016 1007 50
a contact +61800 +69000 9001 1002 50
a contact +67200 +69600 1004 9007 50
a contact +67200 +69600 1006 2014 50
a contact +67200 +69600 1008 9009 50
a contact +67200 +69600 2014 1006 50
a contact +67200 +69600 9007 1004 50
a contact +67200 +69600 9009 1008 50
a contact +69000 +70800 1002 2009 50
a contact +69600 +70800 1008 2016 50
a contact +69000 +70800 2009 1002 50
a contact +69600 +70800 2016 1008 50
a contact +69600 +72600 1004 2028 50
a contact +69600 +72600 2028 1004 50
a contact +68400 +73200 1005 2045 50
a contact +69600 +73200 1006 2022 50
a contact +69000 +73200 1007 2011 50
a contact +70800 +73200 1008 9007 50
a contact +69000 +73200 2011 1007 50
a contact +69600 +73200 2022 1006 50
a contact +68400 +73200 2045 1005 50
a contact +70800 +73200 9007 1008 50
a contact +69000 +74400 1003 9006 50
a contact +73200 +74400 1008 2021 50
a contact +73200 +74400 2021 1008 50
a contact +69000 +74400 9006 1003 50
a contact +63000 +75000 1001 9003 50
a contact +63000 +75000 9003 1001 50
a contact +74400 +75600 1003 2039 50
a contact +72600 +75600 1004 9001 50
a contact +73200 +75600 1005 2020 50
a contact +73200 +75600 2020 1005 50
a contact +74400 +75600 2039 1003 50
a contact +72600 +75600 9001 1004 50
a contact +73200 +76200 1007 2012 50
a contact +73200 +76200 2012 1007 50
a contact +73200 +76800 1006 9007 50
a contact +76200 +76800 1007 9003 50
a contact +76200 +76800 9003 1007 50
a contact +73200 +76800 9007 1006 50
a contact +75600 +77400 1004 2039 50
a contact +75600 +77400 1005 2028 50
a contact +75600 +77400 2028 1005 50
a contact +75600 +77400 2039 1004 50
a contact +75000 +78000 1001 2001 50
a contact +75600 +78000 1003 9001 50
a contact +74400 +78000 1008 9006 50
a contact +75000 +78000 2001 1001 50
a contact +75600 +78000 9001 1003 50
a contact +74400 +78000 9006 1008 50
a contact +78000 +78600 1001 9003 50
a contact +70800 +78600 1002 9009 50
a contact +68400 +78600 1009 9004 50
a contact +78000 +78600 9003 1001 50
a contact +68400 +78600 9004 1009 50
a contact +70800 +78600 9009 1002 50
a contact +76800 +79200 1006 2047 50
a contact +76800 +79200 2047 1006 50
a contact +78600 +79800 1001 9002 50
a contact +78600 +79800 1002 9004 50
a contact +76800 +79800 1007 2040 50
a contact +76800 +79800 2040 1007 50
a contact +78600 +79800 9002 1001 50
a contact +78600 +79800 9004 1002 50
a contact +78000 +81000 1003 2005 50
a contact +78000 +81000 2005 1003 50
a contact +79800 +82800 1002 2004 50
a contact +81000 +82800 1003 2002 50
a contact +77400 +82800 1004 2012 50
a contact +78000 +82800 1008 2024 50
a contact +78600 +82800 1009 2020 50
a contact +81000 +82800 2002 1003 50
a contact +79800 +82800 2004 1002 50
a contact +77400 +82800 2012 1004 50
a contact +78600 +82800 2020 1009 50
a contact +78000 +82800 2024 1008 50
a contact +82800 +83400 1002 2042 50
a contact +82800 +83400 1003 2037 50
a contact +82800 +83400 2037 1003 50
a contact +82800 +83400 2042 1002 50
a contact +79800 +84000 1001 2043 50
a contact +83400 +84000 1002 2032 50
a contact +83400 +84000 2032 1002 50
a contact +79800 +84000 2043 1001 50
a contact +82800 +84600 1009 2019 50
a contact +82800 +84600 2019 1009 50
a contact +84000 +85200 1002 2027 50
a contact +79800 +85200 1007 9008 50
a contact +84000 +85200 2027 1002 50
a contact +79800 +85200 9008 1007 50
a contact +77400 +85800 1005 9007 50
a contact +77400 +85800 9007 1005 50
a contact +84000 +86400 1001 2041 50
a contact +85200 +86400 1002 2032 50
a contact +83400 +86400 1003 2034 50
a contact +82800 +86400 1004 9004 50
a contact +85800 +86400 1005 2029 50
a contact +79200 +86400 1006 9001 50
a contact +85200 +86400 1007 2047 50
a contact +82800 +86400 1008 9005 50
a contact +84600 +86400 1009 9002 50
a contact +85800 +86400 2029 1005 50
a contact +85200 +86400 2032 1002 50
a contact +83400 +86400 2034 1003 50
a contact +84000 +86400 2041 1001 50
a contact +85200 +86400 2047 1007 50
a contact +79200 +86400 9001 1006 50
a contact +84600 +86400 9002 1009 50
a contact +82800 +86400 9004 1004 50
a contact +82800 +86400 9005 1008 50

a range +0 +600 1002 2037 0.0554
a range +0 +600 1004 2038 0.0547
a range +0 +600 1007 2047 0.0547
a range +0 +600 1008 2032 0.055
a range +0 +600 1009 2007 0.055
a range +0 +600 2007 1009 0.055
a range +0 +600 2032 1008 0.055
a range +0 +600 2037 1002 0.0554
a range +0 +600 2038 1004 0.0547
a range +0 +600 2047 1007 0.0547
a range +0 +1200 1006 2019 0.055
a range +0 +1200 2019 1006 0.055
a range +0 +1800 1001 2008 0.054
a range +0 +1800 1003 2021 0.0546
a range +0 +1800 1005 2001 0.054
a range +600 +1800 1009 2030 0.0547
a range +0 +1800 2001 1005 0.054
a range +0 +1800 2008 1001 0.054
a range +0 +1800 2021 1003 0.0546
a range +600 +1800 2030 1009 0.0547
a range +600 +3000 1008 9001 1101.9221
a range +600 +3000 9001 1008 1101.9221
a range +1800 +3600 1001 2043 0.0542
a range +1200 +3600 1006 9002 1102.1727
a range +1800 +3600 1009 2006 0.054
a range +1800 +3600 2006 1009 0.054
a range +1800 +3600 2043 1001 0.0542
a range +1200 +3600 9002 1006 1102.1727
a range +600 +4200 1002 2045 0.0543
a range +1800 +4200 1003 9004 1102.3521
a range +600 +4200 2045 1002 0.0543
a range +1800 +4200 9004 1003 1102.3521
a range +4200 +4800 1003 2010 0.0554
a range +4200 +4800 2010 1003 0.0554
a range +3600 +5400 1006 2042 0.0557
a range +3600 +5400 1009 2035 0.055
a range +3600 +5400 2035 1009 0.055
a range +3600 +5400 2042 1006 0.0557
a range +4200 +6000 1002 9001 1102.33
a range +4800 +6000 1003 2034 0.0541
a range +5400 +6000 1009 2027 0.0543
a range +5400 +6000 2027 1009 0.0543
a range +4800 +6000 2034 1003 0.0541
a range +4200 +6000 9001 1002 1102.33
a range +6000 +6600 1002 2026 0.0544
a range +600 +6600 1004 9007 1102.3712
a range +6000 +6600 1009 2005 0.0547
a range +6000 +6600 2005 1009 0.0547
a range +6000 +6600 2026 1002 0.0544
a range +600 +6600 9007 1004 1102.3712
a range +6000 +7200 1003 2048 0.0551
a range +3000 +7200 1008 2022 0.0543
a range +3000 +7200 2022 1008 0.0543
a range +6000 +7200 2048 1003 0.0551
a range +3600 +7800 1001 9002 1102.7998
a range +6600 +7800 1004 2016 0.055
a range +600 +7800 1007 9008 1102.0593
a range +7200 +7800 1008 2033 0.0555
a range +6600 +7800 2016 1004 0.055
a range +7200 +7800 2033 1008 0.0555
a range +3600 +7800 9002 1001 1102.7998
a range +600 +7800 9008 1007 1102.0593
a range +7200 +8400 1003 2030 0.0554
a range +1800 +8400 1005 9005 1102.3108
a range +7200 +8400 2030 1003 0.0554
a range +1800 +8400 9005 1005 1102.3108
a range +8400 +9600 1005 2001 0.054
a range +7800 +9600 1007 2041 0.0553
a range +7800 +9600 1008 9002 1103.061
a range +8400 +9600 2001 1005 0.054
a range +7800 +9600 2041 1007 0.0553
a range +7800 +9600 9002 1008 1103.061
a range +7800 +10200 1001 2046 0.054
a range +5400 +10200 1006 9004 1102.1853
a range +9600 +10200 1008 2034 0.0543
a range +9600 +10200 2034 1008 0.0543
a range +7800 +10200 2046 1001 0.054
a range +5400 +10200 9004 1006 1102.1853
a range +9600 +10800 1005 9002 1102.3108
a range +10200 +10800 1008 2037 0.0549
a range +10200 +10800 2037 1008 0.0549
a range +9600 +10800 9002 1005 1102.3108
a range +6600 +12600 1009 9007 1102.3149
a range +6600 +12600 9007 1009 1102.3149
a range +7800 +13200 1004 9008 1102.4258
a range +10200 +13200 1006 2002 0.0558
a range +10200 +13200 2002 1006 0.0558
a range +7800 +13200 9008 1004 1102.4258
a range +6600 +13800 1002 9001 1102.33
a range +9600 +13800 1007 2031 0.054
a range +9600 +13800 2031 1007 0.054
a range +6600 +13800 9001 1002 1102.33
a range +10200 +14400 1001 9004 1102.3154
a range +13200 +14400 1004 2038 0.0547
a range +13200 +14400 1006 2029 0.0544
a range +13200 +14400 2029 1006 0.0544
a range +13200 +14400 2038 1004 0.0547
a range +10200 +14400 9004 1001 1102.3154
a range +14400 +15000 1004 9004 1102.3712
a range +14400 +15000 9004 1004 1102.3712
a range +12600 +15600 1009 2044 0.0542
a range +12600 +15600 2044 1009 0.0542
a range +13800 +16200 1007 9008 1103.2048
a range +10800 +16200 1008 9002 1103.061
a range +10800 +16200 9002 1008 1103.061
a range +13800 +16200 9008 1007 1103.2048
a range +14400 +16800 1001 2014 0.0553
a range +13800 +16800 1002 2028 0.0541
a range +14400 +16800 2014 1001 0.0553
a range +13800 +16800 2028 1002 0.0541
a range +10800 +17400 1005 2008 0.0545
a range +14400 +17400 1006 2035 0.054
a range +15600 +17400 1009 2027 0.0547
a range +10800 +17400 2008 1005 0.0545
a range +15600 +17400 2027 1009 0.0547
a range +14400 +17400 2035 1006 0.054
a range +15000 +18000 1004 2007 0.0548
a range +15000 +18000 2007 1004 0.0548
a range +16800 +18600 1002 9002 1102.6825
a range +8400 +18600 1003 9005 1102.5414
a range +17400 +18600 1005 2043 0.054
a range +17400 +18600 1006 2025 0.0552
a range +17400 +18600 2025 1006 0.0552
a range +17400 +18600 2043 1005 0.054
a range +16800 +18600 9002 1002 1102.6825
a range +8400 +18600 9005 1003 1102.5414
a range +18000 +19200 1004 2047 0.0545
a range +18600 +19200 1006 2014 0.0547
a range +16200 +19200 1008 2011 0.0541
a range +16200 +19200 2011 1008 0.0541
a range +18600 +19200 2014 1006 0.0547
a range +18000 +19200 2047 1004 0.0545
a range +19200 +19800 1006 2046 0.0552
a range +19200 +19800 1008 2047 0.0543
a range +17400 +19800 1009 2041 0.054
a range +17400 +19800 2041 1009 0.054
a range +19200 +19800 2046 1006 0.0552
a range +19200 +19800 2047 1008 0.0543
a range +19800 +21000 1006 9005 1103.3236
a range +19800 +21000 9005 1006 1103.3236
a range +16200 +21600 1007 2013 0.0559
a range +19800 +21600 1009 2021 0.0547
a range +16200 +21600 2013 1007 0.0559
a range +19800 +21600 2021 1009 0.0547
a range +19200 +22200 1004 2048 0.0541
a range +19200 +22200 2048 1004 0.0541
a range +18600 +22800 1005 2007 0.0541
a range +21000 +22800 1006 2016 0.0549
a range +19800 +22800 1008 9002 1103.061
a range +18600 +22800 2007 1005 0.0541
a range +21000 +22800 2016 1006 0.0549
a range +19800 +22800 9002 1008 1103.061
a range +18600 +23400 1002 2025 0.0551
a range +18600 +23400 1003 2005 0.0551
a range +21600 +23400 1007 2020 0.0545
a range +18600 +23400 2005 1003 0.0551
a range +21600 +23400 2020 1007 0.0545
a range +18600 +23400 2025 1002 0.0551
a range +23400 +24000 1002 2038 0.054
a range +22200 +24000 1004 2023 0.0548
a range +23400 +24000 1007 2032 0.0548
a range +22800 +24000 1008 2036 0.0547
a range +21600 +24000 1009 9005 1102.9426
a range +22200 +24000 2023 1004 0.0548
a range +23400 +24000 2032 1007 0.0548
a range +22800 +24000 2036 1008 0.0547
a range +23400 +24000 2038 1002 0.054
a range +21600 +24000 9005 1009 1102.9426
a range +23400 +24600 1003 2014 0.0556
a range +24000 +24600 1004 2030 0.055
a range +22800 +24600 1006 2048 0.055
a range +23400 +24600 2014 1003 0.0556
a range +24000 +24600 2030 1004 0.055
a range +22800 +24600 2048 1006 0.055
a range +16800 +25200 1001 9008 1102.7998
a range +24000 +25200 1009 2027 0.0547
a range +24000 +25200 2027 1009 0.0547
a range +16800 +25200 9008 1001 1102.7998
a range +24600 +25800 1003 2036 0.0552
a range +24600 +25800 2036 1003 0.0552
a range +25200 +26400 1001 2047 0.0554
a range +24000 +26400 1002 2003 0.0553
a range +24600 +26400 1006 2004 0.0553
a range +24000 +26400 1007 9005 1103.2048
a range +24000 +26400 1008 2037 0.0549
a range +24000 +26400 2003 1002 0.0553
a range +24600 +26400 2004 1006 0.0553
a range +24000 +26400 2037 1008 0.0549
a range +25200 +26400 2047 1001 0.0554
a range +24000 +26400 9005 1007 1103.2048
a range +26400 +27000 1002 2032 0.0549
a range +26400 +27000 2032 1002 0.0549
a range +22800 +27600 1005 9002 1103.4167
a range +25200 +27600 1009 2029 0.0545
a range +25200 +27600 2029 1009 0.0545
a range +22800 +27600 9002 1005 1103.4167
a range +26400 +28200 1001 2037 0.0553
a range +27000 +28200 1002 2006 0.0557
a range +24600 +28200 1004 2002 0.0545
a range +26400 +28200 1007 2021 0.0546
a range +27600 +28200 1009 9002 1102.9426
a range +24600 +28200 2002 1004 0.0545
a range +27000 +28200 2006 1002 0.0557
a range +26400 +28200 2021 1007 0.0546
a range +26400 +28200 2037 1001 0.0553
a range +27600 +28200 9002 1009 1102.9426
a range +27600 +28800 1005 2017 0.0554
a range +27600 +28800 2017 1005 0.0554
a range +28200 +29400 1002 2023 0.0547
a range +28200 +29400 1004 2036 0.054
a range +26400 +29400 1008 2040 0.0546
a range +28200 +29400 1009 2001 0.0544
a range +28200 +29400 2001 1009 0.0544
a range +28200 +29400 2023 1002 0.0547
a range +28200 +29400 2036 1004 0.054
a range +26400 +29400 2040 1008 0.0546
a range +28200 +30000 1001 2004 0.0543
a range +28800 +30000 1005 2027 0.0548
a range +28200 +30000 2004 1001 0.0543
a range +28800 +30000 2027 1005 0.0548
a range +29400 +30600 1002 2026 0.0547
a range +25800 +30600 1003 9008 1103.3778
a range +29400 +30600 1004 2033 0.0543
a range +28200 +30600 1007 2010 0.0552
a range +29400 +30600 1008 9002 1103.061
a range +29400 +30600 1009 2011 0.0542
a range +28200 +30600 2010 1007 0.0552
a range +29400 +30600 2011 1009 0.0542
a range +29400 +30600 2026 1002 0.0547
a range +29400 +30600 2033 1004 0.0543
a range +29400 +30600 9002 1008 1103.061
a range +25800 +30600 9008 1003 1103.3778
a range +30600 +31200 1003 2041 0.0543
a range +30600 +31200 2041 1003 0.0543
a range +30000 +31800 1001 2019 0.0549
a range +30000 +31800 1005 2044 0.0554
a range +30000 +31800 2019 1001 0.0549
a range +30000 +31800 2044 1005 0.0554
a range +31800 +33000 1001 2017 0.0466
a range +30600 +33000 1002 2030 0.0547
a range +31800 +33000 2017 1001 0.0466
a range +30600 +33000 2030 1002 0.0547
a range +33000 +33600 1002 9002 1103.3602
a range +33000 +33600 9002 1002 1103.3602
a range +33600 +34200 1002 2001 0.0554
a range +33600 +34200 2001 1002 0.0554
a range +30600 +34800 1008 2018 0.0557
a range +30600 +34800 2018 1008 0.0557
a range +33000 +35400 1001 9003 1103.9292
a range +26400 +35400 1006 9005 1103.3236
a range +33000 +35400 9003 1001 1103.9292
a range +26400 +35400 9005 1006 1103.3236
a range +31200 +36000 1003 9009 1103.6752
a range +31800 +36000 1005 2035 0.0557
a range +30600 +36000 1009 2009 0.0543
a range +30600 +36000 2009 1009 0.0543
a range +31800 +36000 2035 1005 0.0557
a range +31200 +36000 9009 1003 1103.6752
a range +36000 +36600 1003 2022 0.054
a range +36000 +36600 2022 1003 0.054
a range +30600 +37200 1007 9008 1103.2048
a range +30600 +37200 9008 1007 1103.2048
a range +35400 +37800 1001 2014 0.0554
a range +35400 +37800 1006 2003 0.055
a range +34800 +37800 1008 2017 0.0553
a range +36000 +37800 1009 9005 1103.3661
a range +35400 +37800 2003 1006 0.055
a range +35400 +37800 2014 1001 0.0554
a range +34800 +37800 2017 1008 0.0553
a range +36000 +37800 9005 1009 1103.3661
a range +36600 +38400 1003 9003 1103.6752
a range +37200 +38400 1007 2039 0.0549
a range +37800 +38400 1008 9008 1103.3868
a range +37200 +38400 2039 1007 0.0549
a range +36600 +38400 9003 1003 1103.6752
a range +37800 +38400 9008 1008 1103.3868
a range +37800 +39000 1001 2024 0.0552
a range +37800 +39000 1009 2008 0.0541
a range +37800 +39000 2008 1009 0.0541
a range +37800 +39000 2024 1001 0.0552
a range +37800 +39600 1006 9005 1103.3236
a range +37800 +39600 9005 1006 1103.3236
a range +39000 +40200 1001 2015 0.0549
a range +34200 +40200 1002 9002 1103.3602
a range +38400 +40200 1003 2025 0.0553
a range +30600 +40200 1004 9006 1103.5617
a range +38400 +40200 1007 2032 0.0545
a range +38400 +40200 1008 2027 0.0547
a range +39000 +40200 2015 1001 0.0549
a range +38400 +40200 2025 1003 0.0553
a range +38400 +40200 2027 1008 0.0547
a range +38400 +40200 2032 1007 0.0545
a range +34200 +40200 9002 1002 1103.3602
a range +30600 +40200 9006 1004 1103.5617
a range +40200 +41400 1002 2023 0.0547
a range +40200 +41400 1003 9006 1103.6752
a range +40200 +41400 1004 9005 1103.4001
a range +40200 +41400 2023 1002 0.0547
a range +40200 +41400 9005 1004 1103.4001
a range +40200 +41400 9006 1003 1103.6752
a range +41400 +42000 1002 9005 1103.3602
a range +41400 +42000 1004 9006 1103.5617
a range +40200 +42000 1008 9002 1103.3868
a range +39000 +42000 1009 9008 1103.3661
a range +40200 +42000 9002 1008 1103.3868
a range +41400 +42000 9005 1002 1103.3602
a range +41400 +42000 9006 1004 1103.5617
a range +39000 +42000 9008 1009 1103.3661
a range +42000 +42600 1004 9005 1103.4001
a range +40200 +42600 1007 2017 0.0544
a range +40200 +42600 2017 1007 0.0544
a range +42000 +42600 9005 1004 1103.4001
a range +36000 +43200 1005 9009 1103.4488
a range +39600 +43200 1006 2016 0.0549
a range +42000 +43200 1009 2036 0.0542
a range +39600 +43200 2016 1006 0.0549
a range +42000 +43200 2036 1009 0.0542
a range +36000 +43200 9009 1005 1103.4488
a range +40200 +43800 1001 9003 1103.9292
a range +42000 +43800 1002 2023 0.0547
a range +42600 +43800 1007 9006 1104.3298
a range +42000 +43800 2023 1002 0.0547
a range +40200 +43800 9003 1001 1103.9292
a range +42600 +43800 9006 1007 1104.3298
a range +41400 +44400 1003 2038 0.0544
a range +42600 +44400 1004 2040 0.054
a range +41400 +44400 2038 1003 0.0544
a range +42600 +44400 2040 1004 0.054
a range +43200 +45000 1006 2042 0.0545
a range +43800 +45000 1007 9009 1104.3298
a range +42000 +45000 1008 2010 0.0548
a range +42000 +45000 2010 1008 0.0548
a range +43200 +45000 2042 1006 0.0545
a range +43800 +45000 9009 1007 1104.3298
a range +44400 +45600 1003 9006 1103.6752
a range +43200 +45600 1009 2018 0.0545
a range +43200 +45600 2018 1009 0.0545
a range +44400 +45600 9006 1003 1103.6752
a range +43800 +46200 1002 2046 0.0373
a range +45000 +46200 1006 9009 1104.4482
a range +43800 +46200 2046 1002 0.0373
a range +45000 +46200 9009 1006 1104.4482
a range +43800 +46800 1001 2036 0.0493
a range +43200 +46800 1005 2039 0.0343
a range +43800 +46800 2036 1001 0.0493
a range +43200 +46800 2039 1005 0.0343
a range +46800 +47400 1001 2034 0.0555
a range +44400 +47400 1004 2029 0.0474
a range +46200 +47400 1006 2006 0.0555
a range +45000 +47400 1007 2025 0.0547
a range +46200 +47400 2006 1006 0.0555
a range +45000 +47400 2025 1007 0.0547
a range +44400 +47400 2029 1004 0.0474
a range +46800 +47400 2034 1001 0.0555
a range +45600 +48600 1003 2031 0.0549
a range +45600 +48600 2031 1003 0.0549
a range +47400 +49200 1001 2004 0.0554
a range +46200 +49200 1002 9009 1103.8139
a range +47400 +49200 1004 2034 0.0546
a range +47400 +49200 1006 2033 0.0553
a range +47400 +49200 1007 2037 0.0542
a range +47400 +49200 2004 1001 0.0554
a range +47400 +49200 2033 1006 0.0553
a range +47400 +49200 2034 1004 0.0546
a range +47400 +49200 2037 1007 0.0542
a range +46200 +49200 9009 1002 1103.8139
a range +49200 +49800 1001 2031 0.0543
a range +46800 +49800 1005 2044 0.0554
a range +49200 +49800 1007 9009 1104.3298
a range +49200 +49800 2031 1001 0.0543
a range +46800 +49800 2044 1005 0.0554
a range +49200 +49800 9009 1007 1104.3298
a range +49200 +50400 1006 2043 0.0546
a range +49200 +50400 2043 1006 0.0546
a range +50400 +51000 1006 2041 0.0477
a range +45600 +51000 1009 9006 1104.0701
a range +50400 +51000 2041 1006 0.0477
a range +45600 +51000 9006 1009 1104.0701
a range +49800 +51600 1001 2013 0.0541
a range +49800 +51600 2013 1001 0.0541
a range +49800 +52200 1007 2020 0.0558
a range +49800 +52200 2020 1007 0.0558
a range +49200 +52800 1002 2042 0.0545
a range +51000 +52800 1009 2034 0.0368
a range +51000 +52800 2034 1009 0.0368
a range +49200 +52800 2042 1002 0.0545
a range +51000 +53400 1006 2046 0.0552
a range +51000 +53400 2046 1006 0.0552
a range +52800 +54000 1002 2019 0.0558
a range +49200 +54000 1004 2006 0.0554
a range +49800 +54000 1005 9009 1104.5918
a range +49200 +54000 2006 1004 0.0554
a range +52800 +54000 2019 1002 0.0558
a range +49800 +54000 9009 1005 1104.5918
a range +48600 +54600 1003 2018 0.0509
a range +48600 +54600 2018 1003 0.0509
a range +51600 +55200 1001 9006 1103.9292
a range +54600 +55200 1003 2029 0.0463
a range +54000 +55200 1005 2015 0.055
a range +53400 +55200 1006 2023 0.0471
a range +45000 +55200 1008 9003 1104.1871
a range +54000 +55200 2015 1005 0.055
a range +53400 +55200 2023 1006 0.0471
a range +54600 +55200 2029 1003 0.0463
a range +45000 +55200 9003 1008 1104.1871
a range +51600 +55200 9006 1001 1103.9292
a range +54000 +56400 1004 9001 1104.6917
a range +55200 +56400 1005 9009 1104.5918
a range +54000 +56400 9001 1004 1104.6917
a range +55200 +56400 9009 1005 1104.5918
a range +54000 +57000 1002 2003 0.0543
a range +54000 +57000 2003 1002 0.0543
a range +55200 +57600 1008 2032 0.0175
a range +55200 +57600 2032 1008 0.0175
a range +55200 +58200 1003 9003 1104.8039
a range +56400 +58200 1005 2019 0.0285
a range +52200 +58200 1007 9007 1104.3267
a range +52800 +58200 1009 9004 1104.0793
a range +56400 +58200 2019 1005 0.0285
a range +55200 +58200 9003 1003 1104.8039
a range +52800 +58200 9004 1009 1104.0793
a range +52200 +58200 9007 1007 1104.3267
a range +58200 +58800 1007 2013 0.0542
a range +58200 +58800 2013 1007 0.0542
a range +56400 +59400 1004 2010 0.0364
a range +55200 +59400 1006 9006 1104.4482
a range +56400 +59400 2010 1004 0.0364
a range +55200 +59400 9006 1006 1104.4482
a range +55200 +60000 1001 2026 0.054
a range +58200 +60000 1003 2048 0.0512
a range +58200 +60000 1009 2015 0.0391
a range +58200 +60000 2015 1009 0.0391
a range +55200 +60000 2026 1001 0.054
a range +58200 +60000 2048 1003 0.0512
a range +57000 +60600 1002 9009 1104.7876
a range +57600 +60600 1008 9001 1104.1909
a range +57600 +60600 9001 1008 1104.1909
a range +57000 +60600 9009 1002 1104.7876
a range +60000 +61200 1001 2045 0.0296
a range +59400 +61200 1006 2024 0.0541
a range +60000 +61200 1009 2038 0.0555
a range +59400 +61200 2024 1006 0.0541
a range +60000 +61200 2038 1009 0.0555
a range +60000 +61200 2045 1001 0.0296
a range +61200 +61800 1001 9009 1104.7653
a range +60600 +61800 1002 2020 0.0542
a range +61200 +61800 1006 2037 0.012
a range +60600 +61800 2020 1002 0.0542
a range +61200 +61800 2037 1006 0.012
a range +61200 +61800 9009 1001 1104.7653
a range +61800 +63000 1001 2038 0.0542
a range +58200 +63000 1005 9003 1104.5918
a range +61800 +63000 2038 1001 0.0542
a range +58200 +63000 9003 1005 1104.5918
a range +60000 +63600 1003 9004 1104.807
a range +61200 +63600 1009 2010 0.0557
a range +61200 +63600 2010 1009 0.0557
a range +60000 +63600 9004 1003 1104.807
a range +63600 +64200 1003 2015 0.0291
a range +63600 +64200 2015 1003 0.0291
a range +64200 +64800 1003 2019 0.0542
a range +60600 +64800 1008 2033 0.0272
a range +64200 +64800 2019 1003 0.0542
a range +60600 +64800 2033 1008 0.0272
a range +59400 +65400 1004 9006 1104.7107
a range +63000 +65400 1005 2030 0.0524
a range +64800 +65400 1008 2048 0.0541
a range +63000 +65400 2030 1005 0.0524
a range +64800 +65400 2048 1008 0.0541
a range +59400 +65400 9006 1004 1104.7107
a range +64800 +66000 1003 2016 0.0373
a range +65400 +66000 1004 2047 0.0414
a range +64800 +66000 2016 1003 0.0373
a range +65400 +66000 2047 1004 0.0414
a range +58800 +66600 1007 9007 1104.3267
a range +58800 +66600 9007 1007 1104.3267
a range +66000 +67200 1004 2021 0.0543
a range +61800 +67200 1006 9009 1104.4482
a range +65400 +67200 1008 2025 0.055
a range +66000 +67200 2021 1004 0.0543
a range +65400 +67200 2025 1008 0.055
a range +61800 +67200 9009 1006 1104.4482
a range +66600 +67800 1007 2026 0.0543
a range +63600 +67800 1009 9004 1105.078
a range +66600 +67800 2026 1007 0.0543
a range +63600 +67800 9004 1009 1105.078
a range +65400 +68400 1005 9006 1104.5918
a range +67800 +68400 1009 2009 0.0543
a range +67800 +68400 2009 1009 0.0543
a range +65400 +68400 9006 1005 1104.5918
a range +61800 +69000 1002 9001 1104.9479
a range +66000 +69000 1003 2015 0.0291
a range +67800 +69000 1007 2016 0.0542
a range +66000 +69000 2015 1003 0.0291
a range +67800 +69000 2016 1007 0.0542
a range +61800 +69000 9001 1002 1104.9479
a range +67200 +69600 1004 9007 1104.6917
a range +67200 +69600 1006 2014 0.0547
a range +67200 +69600 1008 9009 1104.7425
a range +67200 +69600 2014 1006 0.0547
a range +67200 +69600 9007 1004 1104.6917
a range +67200 +69600 9009 1008 1104.7425
a range +69000 +70800 1002 2009 0.0416
a range +69600 +70800 1008 2016 0.0551
a range +69000 +70800 2009 1002 0.0416
a range +69600 +70800 2016 1008 0.0551
a range +69600 +72600 1004 2028 0.0372
a range +69600 +72600 2028 1004 0.0372
a range +68400 +73200 1005 2045 0.0553
a range +69600 +73200 1006 2022 0.0372
a range +69000 +73200 1007 2011 0.0385
a range +70800 +73200 1008 9007 1105.0568
a range +69000 +73200 2011 1007 0.0385
a range +69600 +73200 2022 1006 0.0372
a range +68400 +73200 2045 1005 0.0553
a range +70800 +73200 9007 1008 1105.0568
a range +69000 +74400 1003 9006 1104.8039
a range +73200 +74400 1008 2021 0.034
a range +73200 +74400 2021 1008 0.034
a range +69000 +74400 9006 1003 1104.8039
a range +63000 +75000 1001 9003 1104.7653
a range +63000 +75000 9003 1001 1104.7653
a range +74400 +75600 1003 2039 0.0556
a range +72600 +75600 1004 9001 1104.6917
a range +73200 +75600 1005 2020 0.0294
a range +73200 +75600 2020 1005 0.0294
a range +74400 +75600 2039 1003 0.0556
a range +72600 +75600 9001 1004 1104.6917
a range +73200 +76200 1007 2012 0.0347
a range +73200 +76200 2012 1007 0.0347
a range +73200 +76800 1006 9007 1105.0253
a range +76200 +76800 1007 9003 1104.7526
a range +76200 +76800 9003 1007 1104.7526
a range +73200 +76800 9007 1006 1105.0253
a range +75600 +77400 1004 2039 0.0546
a range +75600 +77400 1005 2028 0.0372
a range +75600 +77400 2028 1005 0.0372
a range +75600 +77400 2039 1004 0.0546
a range +75000 +78000 1001 2001 0.0279
a range +75600 +78000 1003 9001 1104.807
a range +74400 +78000 1008 9006 1104.7425
a range +75000 +78000 2001 1001 0.0279
a range +75600 +78000 9001 1003 1104.807
a range +74400 +78000 9006 1008 1104.7425
a range +78000 +78600 1001 9003 1104.7653
a range +70800 +78600 1002 9009 1104.7876
a range +68400 +78600 1009 9004 1105.078
a range +78000 +78600 9003 1001 1104.7653
a range +68400 +78600 9004 1009 1105.078
a range +70800 +78600 9009 1002 1104.7876
a range +76800 +79200 1006 2047 0.0347
a range +76800 +79200 2047 1006 0.0347
a range +78600 +79800 1001 9002 1105.0733
a range +78600 +79800 1002 9004 1104.9479
a range +76800 +79800 1007 2040 0.0373
a range +76800 +79800 2040 1007 0.0373
a range +78600 +79800 9002 1001 1105.0733
a range +78600 +79800 9004 1002 1104.9479
a range +78000 +81000 1003 2005 0.037
a range +78000 +81000 2005 1003 0.037
a range +79800 +82800 1002 2004 0.041
a range +81000 +82800 1003 2002 0.0533
a range +77400 +82800 1004 2012 0.0542
a range +78000 +82800 1008 2024 0.0472
a range +78600 +82800 1009 2020 0.0457
a range +81000 +82800 2002 1003 0.0533
a range +79800 +82800 2004 1002 0.041
a range +77400 +82800 2012 1004 0.0542
a range +78600 +82800 2020 1009 0.0457
a range +78000 +82800 2024 1008 0.0472
a range +82800 +83400 1002 2042 0.0218
a range +82800 +83400 1003 2037 0.0545
a range +82800 +83400 2037 1003 0.0545
a range +82800 +83400 2042 1002 0.0218
a range +79800 +84000 1001 2043 0.0199
a range +83400 +84000 1002 2032 0.0425
a range +83400 +84000 2032 1002 0.0425
a range +79800 +84000 2043 1001 0.0199
a range +82800 +84600 1009 2019 0.0462
a range +82800 +84600 2019 1009 0.0462
a range +84000 +85200 1002 2027 0.0416
a range +79800 +85200 1007 9008 1105.0433
a range +84000 +85200 2027 1002 0.0416
a range +79800 +85200 9008 1007 1105.0433
a range +77400 +85800 1005 9007 1105.0297
a range +77400 +85800 9007 1005 1105.0297
a range +84000 +86400 1001 2041 0.0355
a range +85200 +86400 1002 2032 0.0425
a range +83400 +86400 1003 2034 0.0439
a range +82800 +86400 1004 9004 1105.0472
a range +85800 +86400 1005 2029 0.046
a range +79200 +86400 1006 9001 1105.0253
a range +85200 +86400 1007 2047 0.0358
a range +82800 +86400 1008 9005 1105.0641
a range +84600 +86400 1009 9002 1105.0852
a range +85800 +86400 2029 1005 0.046
a range +85200 +86400 2032 1002 0.0425
a range +83400 +86400 2034 1003 0.0439
a range +84000 +86400 2041 1001 0.0355
a range +85200 +86400 2047 1007 0.0358
a range +79200 +86400 9001 1006 1105.0253
a range +84600 +86400 9002 1009 1105.0852
a range +82800 +86400 9004 1004 1105.0472
a range +82800 +86400 9005 1008 1105.0641
