a contact +0 +200 1002 2021 50
a contact +0 +200 2021 1002 50
a contact +0 +200 2040 9002 50
a contact +0 +200 9002 2040 50
a contact +300 +400 1002 2040 50
a contact +300 +400 2040 1002 50
a contact +600 +800 1002 2040 50
a contact +600 +800 2040 1002 50
a contact +600 +1400 2006 9002 50
a contact +600 +1400 9002 2006 50
a contact +1400 +1500 1002 2041 50
a contact +0 +1500 1003 2018 50
a contact +0 +1500 2018 1003 50
a contact +1400 +1500 2041 1002 50
a contact +1500 +1600 1003 2037 50
a contact +1500 +1600 2037 1003 50
a contact +1600 +1700 1003 2040 50
a contact +1600 +1700 2040 1003 50
a contact +1700 +1800 1002 2040 50
a contact +1700 +1800 2040 1002 50
a contact +1800 +1900 1002 2001 25
a contact +1800 +1900 2001 1002 25
a contact +1700 +2000 1003 2027 50
a contact +1700 +2000 2027 1003 50
a contact +2500 +2600 1002 2040 50
a contact +2000 +2600 2006 9002 50
a contact +2500 +2600 2040 1002 50
a contact +2000 +2600 9002 2006 50
a contact +2800 +2900 1002 2037 50
a contact +2800 +2900 2037 1002 50
a contact +2700 +3000 2006 9002 50
a contact +2700 +3000 9002 2006 50
a contact +3500 +3600 2041 9002 50
a contact +3500 +3600 9002 2041 50
a contact +0 +3800 2025 9001 50
a contact +0 +3800 9001 2025 50
a contact +3800 +3900 2037 9001 50
a contact +3800 +3900 9001 2037 50
a contact +3900 +4000 2040 9001 50
a contact +3900 +4000 9001 2040 50
a contact +4100 +4500 2014 9001 50
a contact +4100 +4500 9001 2014 50
a contact +4500 +4600 2040 9001 50
a contact +4500 +4600 9001 2040 50
a contact +4800 +5100 2014 9001 50
a contact +4800 +5100 9001 2014 50
a contact +5100 +5300 2040 9001 50
a contact +5100 +5300 9001 2040 50
a contact +5300 +5600 2014 9001 50
a contact +5300 +5600 9001 2014 50
a contact +0 +6100 1001 9003 50
a contact +2000 +6100 1003 2019 50
a contact +2000 +6100 2019 1003 50
a contact +0 +6100 9003 1001 50
a contact +6100 +6200 1003 9003 50
a contact +6100 +6200 9003 1003 50
a contact +6300 +6500 2009 9001 50
a contact +6300 +6500 9001 2009 50
a contact +6500 +6600 2037 9001 50
a contact +6500 +6600 9001 2037 50
a contact +6600 +6700 2040 9001 50
a contact +6600 +6700 9001 2040 50
a contact +7000 +7100 2005 9001 50
a contact +7000 +7100 9001 2005 50
a contact +3000 +7200 1002 2015 50
a contact +3000 +7200 2015 1002 50
a contact +7400 +7500 1002 2040 50
a contact +7400 +7500 2040 1002 50
a contact +7900 +8100 1002 2040 50
a contact +7900 +8100 2040 1002 50
a contact +3600 +8100 2044 9002 50
a contact +3600 +8100 9002 2044 50
a contact +8500 +8600 1002 2040 50
a contact +8500 +8600 2040 1002 50
a contact +8600 +8700 1002 2010 50
a contact +8600 +8700 2010 1002 50
a contact +8700 +9100 1002 2031 50
a contact +8700 +9100 2031 1002 50
a contact +8100 +9300 2039 9002 50
a contact +8100 +9300 9002 2039 50
a contact +9300 +9400 2005 9002 50
a contact +9300 +9400 9002 2005 50
a contact +6500 +9500 1001 2021 50
a contact +6500 +9500 2021 1001 50
a contact +9500 +9700 2040 9002 50
a contact +9500 +9700 9002 2040 50
a contact +9500 +9800 1001 2032 50
a contact +9500 +9800 2032 1001 50
a contact +9700 +10000 2006 9002 50
a contact +9700 +10000 9002 2006 50
a contact +9800 +10400 1001 2023 50
a contact +9800 +10400 2023 1001 50
a contact +10400 +10600 1001 2032 50
a contact +10400 +10600 2032 1001 50
a contact +10500 +10600 2041 9002 50
a contact +10500 +10600 9002 2041 50
a contact +9100 +10800 1002 2001 25
a contact +9100 +10800 2001 1002 25
a contact +10600 +10900 1001 2023 50
a contact +10600 +10900 2023 1001 50
a contact +10800 +11000 1002 2005 50
a contact +10800 +11000 2005 1002 50
a contact +11000 +11100 1002 2001 25
a contact +11000 +11100 2001 1002 25
a contact +11200 +11400 1002 2003 25
a contact +11200 +11400 2003 1002 25
a contact +10600 +11500 2006 9002 50
a contact +10600 +11500 9002 2006 50
a contact +11500 +11600 1002 2005 50
a contact +11500 +11600 2005 1002 50
a contact +6300 +11700 1003 9003 50
a contact +6300 +11700 9003 1003 50
a contact +11700 +11800 1002 9003 50
a contact +11700 +11800 9003 1002 50
a contact +11800 +11900 1003 2040 50
a contact +11800 +11900 2040 1003 50
a contact +11900 +12000 1002 2040 50
a contact +11900 +12000 2040 1002 50
a contact +12200 +12300 1003 2041 50
a contact +12200 +12300 2041 1003 50
a contact +11600 +12500 2038 9002 50
a contact +11600 +12500 9002 2038 50
a contact +13100 +13400 1003 2036 50
a contact +12500 +13400 2006 9002 50
a contact +13100 +13400 2036 1003 50
a contact +12500 +13400 9002 2006 50
a contact +13400 +13500 1003 2037 50
a contact +13400 +13500 2037 1003 50
a contact +7100 +13900 2024 9001 50
a contact +7100 +13900 9001 2024 50
a contact +13900 +14200 2025 9001 50
a contact +13900 +14200 9001 2025 50
a contact +10900 +14600 1001 2032 50
a contact +10900 +14600 2032 1001 50
a contact +14600 +14700 1001 2041 50
a contact +14600 +14700 2041 1001 50
a contact +14700 +15500 1001 2021 50
a contact +14700 +15500 2021 1001 50
a contact +13400 +15600 2038 9002 50
a contact +13400 +15600 9002 2038 50
a contact +15500 +17400 1001 2033 50
a contact +15500 +17400 2033 1001 50
a contact +17400 +17900 1001 2021 50
a contact +12000 +17900 1002 9003 50
a contact +14200 +17900 1003 9001 50
a contact +17400 +17900 2021 1001 50
a contact +14200 +17900 9001 1003 50
a contact +12000 +17900 9003 1002 50
a contact +17900 +18000 1001 9003 50
a contact +17900 +18000 1002 9001 50
a contact +17900 +18000 9001 1002 50
a contact +17900 +18000 9003 1001 50
a contact +18100 +18200 1002 2040 50
a contact +18100 +18200 2040 1002 50
a contact +18000 +18500 1003 2014 50
a contact +18000 +18500 2014 1003 50
a contact +15600 +18800 2036 9002 50
a contact +15600 +18800 9002 2036 50
a contact +18800 +19100 2006 9002 50
a contact +18800 +19100 9002 2006 50
a contact +19100 +19200 2005 9002 50
a contact +19100 +19200 9002 2005 50
a contact +19400 +19500 2005 9002 50
a contact +19400 +19500 9002 2005 50
a contact +18700 +19600 1003 2014 50
a contact +18700 +19600 2014 1003 50
a contact +19600 +19900 1003 2027 50
a contact +19600 +19900 2027 1003 50
a contact +19900 +20200 1003 2014 50
a contact +19900 +20200 2014 1003 50
a contact +20600 +20700 2026 9002 50
a contact +20600 +20700 9002 2026 50
a contact +20700 +21800 2038 9002 50
a contact +20700 +21800 9002 2038 50
a contact +21800 +21900 2026 9002 50
a contact +21800 +21900 9002 2026 50
a contact +21900 +23000 2034 9002 50
a contact +21900 +23000 9002 2034 50
a contact +20200 +23800 1003 2027 50
a contact +20200 +23800 2027 1003 50
a contact +18100 +24000 1001 9003 50
a contact +18200 +24000 1002 9001 50
a contact +23800 +24000 1003 2010 50
a contact +23800 +24000 2010 1003 50
a contact +18200 +24000 9001 1002 50
a contact +18100 +24000 9003 1001 50
a contact +24000 +24200 1001 9001 50
a contact +24000 +24200 9001 1001 50
a contact +24300 +25000 1002 2033 50
a contact +24300 +25000 2033 1002 50
a contact +25000 +25300 1002 2030 50
a contact +25000 +25300 2030 1002 50
a contact +24000 +26200 2034 9002 50
a contact +24000 +26200 9002 2034 50
a contact +26400 +26500 2040 9002 50
a contact +26400 +26500 9002 2040 50
a contact +25300 +26900 1002 2033 50
a contact +25300 +26900 2033 1002 50
a contact +26900 +27000 1002 2041 50
a contact +26900 +27000 2041 1002 50
a contact +27000 +27100 1002 2005 50
a contact +27000 +27100 2005 1002 50
a contact +27100 +27600 1002 2031 50
a contact +27100 +27600 2031 1002 50
a contact +27500 +27600 2040 9002 50
a contact +27500 +27600 9002 2040 50
a contact +27600 +27700 1002 2040 50
a contact +27600 +27700 2040 1002 50
a contact +27700 +27800 1002 2009 50
a contact +27700 +27800 2009 1002 50
a contact +28100 +28200 1002 2025 50
a contact +28100 +28200 2025 1002 50
a contact +28300 +28400 1002 2040 50
a contact +28300 +28400 2040 1002 50
a contact +28400 +28500 1002 2037 50
a contact +28400 +28500 2037 1002 50
a contact +24300 +29800 1001 9001 50
a contact +24000 +29800 1003 9003 50
a contact +24300 +29800 9001 1001 50
a contact +24000 +29800 9003 1003 50
a contact +29800 +30000 1001 2018 50
a contact +29800 +30000 2018 1001 50
a contact +30500 +30600 2009 9003 50
a contact +30500 +30600 9003 2009 50
a contact +28000 +31000 2034 9002 50
a contact +28000 +31000 9002 2034 50
a contact +31200 +31400 2009 9003 50
a contact +31200 +31400 9003 2009 50
a contact +28500 +31800 1002 2031 50
a contact +28500 +31800 2031 1002 50
a contact +32500 +32600 2041 9003 50
a contact +32500 +32600 9003 2041 50
a contact +32100 +32700 1002 2023 50
a contact +32100 +32700 2023 1002 50
a contact +32600 +33000 2043 9003 50
a contact +32600 +33000 9003 2043 50
a contact +33200 +33400 1002 2023 50
a contact +33200 +33400 2023 1002 50
a contact +33400 +33500 1002 2041 50
a contact +33400 +33500 2041 1002 50
a contact +33600 +33700 1002 2037 50
a contact +33600 +33700 2037 1002 50
a contact +33700 +34000 1002 2023 50
a contact +33700 +34000 2023 1002 50
a contact +34100 +34200 2009 9003 50
a contact +34100 +34200 9003 2009 50
a contact +30100 +34300 1001 2020 50
a contact +30100 +34300 2020 1001 50
a contact +34200 +34500 1002 2023 50
a contact +34200 +34500 2023 1002 50
a contact +31100 +34600 2034 9002 50
a contact +31100 +34600 9002 2034 50
a contact +34300 +35000 1001 2018 50
a contact +29800 +35000 1003 9001 50
a contact +34300 +35000 2018 1001 50
a contact +29800 +35000 9001 1003 50
a contact +35000 +35100 1002 9001 50
a contact +35000 +35100 2009 9003 50
a contact +35000 +35100 9001 1002 50
a contact +35000 +35100 9003 2009 50
a contact +35100 +35700 2034 9002 50
a contact +35100 +35700 9002 2034 50
a contact +35000 +35800 1003 2017 50
a contact +35000 +35800 2017 1003 50
a contact +36100 +36200 1001 2001 25
a contact +36100 +36200 2001 1001 25
a contact +36000 +36200 2009 9003 50
a contact +36000 +36200 9003 2009 50
a contact +36300 +36400 2041 9002 50
a contact +36300 +36400 9002 2041 50
a contact +36400 +36600 2009 9003 50
a contact +36400 +36600 9003 2009 50
a contact +36700 +37100 1001 2018 50
a contact +36700 +37100 2018 1001 50
a contact +37000 +37600 2036 9002 50
a contact +37000 +37600 9002 2036 50
a contact +36000 +37700 1003 2016 50
a contact +36000 +37700 2016 1003 50
a contact +37700 +37800 1003 2005 50
a contact +37700 +37800 2005 1003 50
a contact +37300 +37800 2035 9003 50
a contact +37300 +37800 9003 2035 50
a contact +37900 +38000 2005 9003 50
a contact +37900 +38000 9003 2005 50
a contact +38500 +38600 1003 2037 50
a contact +38300 +38600 2036 9002 50
a contact +38500 +38600 2037 1003 50
a contact +38300 +38600 9002 2036 50
a contact +38100 +38800 1001 2018 50
a contact +38700 +38800 2005 9002 50
a contact +38100 +38800 2018 1001 50
a contact +38700 +38800 9002 2005 50
a contact +38600 +39200 1003 2028 50
a contact +38600 +39200 2028 1003 50
a contact +39300 +39600 1003 2028 50
a contact +39300 +39600 2028 1003 50
a contact +39600 +39700 1001 2026 50
a contact +39600 +39700 2026 1001 50
a contact +39700 +39800 2006 9002 50
a contact +39700 +39800 9002 2006 50
a contact +39800 +40300 1003 2028 50
a contact +39800 +40300 2028 1003 50
a contact +40300 +40400 1003 2026 50
a contact +40300 +40400 2026 1003 50
a contact +40600 +40700 2040 9002 50
a contact +40600 +40700 9002 2040 50
a contact +40700 +40800 1001 2037 50
a contact +40700 +40800 2037 1001 50
a contact +41100 +41200 1001 2019 50
a contact +35300 +41200 1002 9001 50
a contact +41100 +41200 2019 1001 50
a contact +35300 +41200 9001 1002 50
a contact +41200 +41300 1001 9001 50
a contact +41200 +41300 1002 9002 50
a contact +41200 +41300 9001 1001 50
a contact +41200 +41300 9002 1002 50
a contact +38000 +42900 2011 9003 50
a contact +38000 +42900 9003 2011 50
a contact +42900 +43000 2018 9003 50
a contact +42900 +43000 9003 2018 50
a contact +43000 +43300 2009 9003 50
a contact +43000 +43300 9003 2009 50
a contact +43600 +43700 2010 9003 50
a contact +43600 +43700 9003 2010 50
a contact +40400 +43800 1003 2017 50
a contact +40400 +43800 2017 1003 50
a contact +44900 +45000 2037 9003 50
a contact +44900 +45000 9003 2037 50
a contact +41500 +47300 1001 9001 50
a contact +41500 +47300 1002 9002 50
a contact +44400 +47300 1003 2016 50
a contact +44400 +47300 2016 1003 50
a contact +41500 +47300 9001 1001 50
a contact +41500 +47300 9002 1002 50
a contact +47300 +47400 1003 9001 50
a contact +47300 +47400 9001 1003 50
a contact +45000 +48800 2035 9003 50
a contact +45000 +48800 9003 2035 50
a contact +48800 +48900 2037 9003 50
a contact +48800 +48900 9003 2037 50
a contact +50000 +50100 2010 9003 50
a contact +50000 +50100 9003 2010 50
a contact +50400 +50500 2037 9003 50
a contact +50400 +50500 9003 2037 50
a contact +50500 +50700 2010 9003 50
a contact +50500 +50700 9003 2010 50
a contact +47300 +51000 1002 2003 25
a contact +47300 +51000 2003 1002 25
a contact +51300 +51400 2005 9003 50
a contact +51300 +51400 9003 2005 50
a contact +51500 +51600 2010 9003 50
a contact +51500 +51600 9003 2010 50
a contact +51600 +51800 2009 9003 50
a contact +51600 +51800 9003 2009 50
a contact +47500 +51900 1003 9001 50
a contact +47500 +51900 9001 1003 50
a contact +51000 +52700 1002 2001 25
a contact +51000 +52700 2001 1002 25
a contact +47300 +53400 1001 9002 50
a contact +47300 +53400 9002 1001 50
a contact +51900 +53500 1003 2022 50
a contact +51900 +53500 2022 1003 50
a contact +51900 +55300 2007 9001 50
a contact +51900 +55300 9001 2007 50
a contact +52200 +55700 2039 9003 50
a contact +52200 +55700 9003 2039 50
a contact +55900 +56000 2041 9003 50
a contact +55900 +56000 9003 2041 50
a contact +56100 +56200 2010 9003 50
a contact +56100 +56200 9003 2010 50
a contact +52800 +56300 1002 2002 25
a contact +52800 +56300 2002 1002 25
a contact +53500 +56400 1001 2029 50
a contact +53500 +56400 2029 1001 50
a contact +56400 +56500 1001 2005 50
a contact +56300 +56500 1002 2014 50
a contact +56400 +56500 2005 1001 50
a contact +56300 +56500 2014 1002 50
a contact +57000 +57100 2009 9003 50
a contact +57000 +57100 9003 2009 50
a contact +56500 +57300 1002 2002 25
a contact +56500 +57300 2002 1002 25
a contact +57200 +57300 2010 9003 50
a contact +57200 +57300 9003 2010 50
a contact +57600 +57700 1002 2037 50
a contact +57600 +57700 2037 1002 50
a contact +57800 +58000 1002 2003 25
a contact +57800 +58000 2003 1002 25
a contact +57900 +58100 2009 9003 50
a contact +57900 +58100 9003 2009 50
a contact +58000 +58200 1002 2041 50
a contact +58000 +58200 2041 1002 50
a contact +58500 +58600 2010 9003 50
a contact +58500 +58600 9003 2010 50
a contact +58500 +58900 1002 2001 25
a contact +58500 +58900 2001 1002 25
a contact +53600 +59300 1003 9002 50
a contact +59200 +59300 2010 9003 50
a contact +53600 +59300 9002 1003 50
a contact +59200 +59300 9003 2010 50
a contact +59300 +59400 1002 9002 50
a contact +59300 +59400 9002 1002 50
a contact +56500 +59500 1001 2026 50
a contact +56500 +59500 2026 1001 50
a contact +55300 +59800 2042 9001 50
a contact +55300 +59800 9001 2042 50
a contact +59800 +59900 1003 2037 50
a contact +59800 +59900 2005 9001 50
a contact +59800 +59900 2037 1003 50
a contact +59800 +59900 9001 2005 50
a contact +59900 +60000 2010 9003 50
a contact +59900 +60000 9003 2010 50
a contact +60100 +60200 1003 2041 50
a contact +60100 +60200 2005 9001 50
a contact +60100 +60200 2041 1003 50
a contact +60100 +60200 9001 2005 50
a contact +60200 +60300 2009 9001 50
a contact +60200 +60300 2010 9003 50
a contact +60200 +60300 9001 2009 50
a contact +60200 +60300 9003 2010 50
a contact +60500 +60600 2009 9003 50
a contact +60500 +60600 9003 2009 50
a contact +60700 +60800 2010 9003 50
a contact +60700 +60800 9003 2010 50
a contact +60400 +60900 1003 2014 50
a contact +60400 +60900 2014 1003 50
a contact +61600 +61800 2009 9003 50
a contact +61600 +61800 9003 2009 50
a contact +60900 +62000 1003 2012 50
a contact +60900 +62000 2012 1003 50
a contact +59500 +62600 1001 2028 50
a contact +59500 +62600 2028 1001 50
a contact +62600 +62700 1001 2037 50
a contact +62600 +62700 2037 1001 50
a contact +62900 +63100 1001 2026 50
a contact +62900 +63100 2026 1001 50
a contact +63100 +63400 1001 2028 50
a contact +63300 +63400 2010 9003 50
a contact +63100 +63400 2028 1001 50
a contact +63300 +63400 9003 2010 50
a contact +63500 +63700 2010 9003 50
a contact +63500 +63700 9003 2010 50
a contact +63900 +64000 2010 9003 50
a contact +63900 +64000 9003 2010 50
a contact +62200 +64300 1003 2013 50
a contact +62200 +64300 2013 1003 50
a contact +64300 +64500 1003 2023 50
a contact +64300 +64500 2023 1003 50
a contact +64500 +65000 1003 2014 50
a contact +64500 +65000 2014 1003 50
a contact +65100 +65200 1003 2037 50
a contact +65100 +65200 2037 1003 50
a contact +63900 +65300 1001 2029 50
a contact +63900 +65300 2029 1001 50
a contact +65300 +65400 1001 2005 50
a contact +59600 +65400 1002 9002 50
a contact +65300 +65400 2005 1001 50
a contact +65200 +65400 2009 9003 50
a contact +59600 +65400 9002 1002 50
a contact +65200 +65400 9003 2009 50
a contact +65400 +65500 1001 9002 50
a contact +65400 +65500 1002 2010 50
a contact +65400 +65500 2010 1002 50
a contact +65400 +65500 9002 1001 50
a contact +65600 +65700 1001 2026 50
a contact +65500 +65700 1002 2030 50
a contact +65600 +65700 2026 1001 50
a contact +65500 +65700 2030 1002 50
a contact +65700 +65800 1002 2010 50
a contact +65700 +65800 2010 1002 50
a contact +65900 +66000 1002 2037 50
a contact +65900 +66000 2037 1002 50
a contact +66100 +66200 2009 9003 50
a contact +66100 +66200 9003 2009 50
a contact +66000 +66300 1002 2030 50
a contact +66000 +66300 2030 1002 50
a contact +66400 +66500 1002 2010 50
a contact +66400 +66500 2010 1002 50
a contact +66500 +66600 2010 9003 50
a contact +66500 +66600 9003 2010 50
a contact +66700 +66800 1002 2010 50
a contact +66700 +66800 2010 1002 50
a contact +66800 +67100 1002 2026 50
a contact +66800 +67100 2026 1002 50
a contact +65300 +67300 1003 2013 50
a contact +65300 +67300 2013 1003 50
a contact +67300 +67400 1002 2010 50
a contact +67300 +67400 2010 1002 50
a contact +67000 +67400 2043 9003 50
a contact +67000 +67400 9003 2043 50
a contact +67400 +67500 1002 2026 50
a contact +67400 +67500 2010 9003 50
a contact +67400 +67500 2026 1002 50
a contact +67400 +67500 9003 2010 50
a contact +67300 +67600 1003 2014 50
a contact +60400 +67600 2004 9001 50
a contact +67300 +67600 2014 1003 50
a contact +60400 +67600 9001 2004 50
a contact +67600 +67700 1003 2026 50
a contact +67600 +67700 2026 1003 50
a contact +67700 +67800 2041 9001 50
a contact +67700 +67800 9001 2041 50
a contact +67800 +67900 1003 2001 25
a contact +67800 +67900 2001 1003 25
a contact +67900 +68100 1002 2009 50
a contact +67900 +68100 2009 1002 50
a contact +68000 +68100 2041 9001 50
a contact +68000 +68100 9001 2041 50
a contact +68300 +68400 2010 9003 50
a contact +68300 +68400 9003 2010 50
a contact +68100 +68700 1002 2018 50
a contact +68500 +68700 2009 9003 50
a contact +68100 +68700 2018 1002 50
a contact +68500 +68700 9003 2009 50
a contact +68800 +68900 2009 9003 50
a contact +68800 +68900 9003 2009 50
a contact +68000 +69300 1003 2013 50
a contact +68000 +69300 2013 1003 50
a contact +68700 +70200 1002 2022 50
a contact +68700 +70200 2022 1002 50
a contact +69400 +70300 1003 2023 50
a contact +69400 +70300 2023 1003 50
a contact +70300 +70400 2009 9003 50
a contact +70300 +70400 9003 2009 50
a contact +70500 +70600 2009 9003 50
a contact +70500 +70600 9003 2009 50
a contact +70400 +70800 1003 2023 50
a contact +70400 +70800 2023 1003 50
a contact +70800 +70900 1003 2005 50
a contact +70800 +70900 2005 1003 50
a contact +70800 +70900 2009 9003 50
a contact +70800 +70900 9003 2009 50
a contact +70900 +71000 2010 9003 50
a contact +70900 +71000 9003 2010 50
a contact +70900 +71500 1003 2023 50
a contact +70900 +71500 2023 1003 50
a contact +71500 +71600 1003 2041 50
a contact +71500 +71600 2041 1003 50
a contact +70300 +71800 1002 2022 50
a contact +70300 +71800 2022 1002 50
a contact +65700 +72000 1001 9002 50
a contact +71900 +72000 1003 2005 50
a contact +71900 +72000 2005 1003 50
a contact +71800 +72000 2009 9003 50
a contact +65700 +72000 9002 1001 50
a contact +71800 +72000 9003 2009 50
a contact +72000 +72100 1003 9002 50
a contact +72000 +72100 9002 1003 50
a contact +72100 +72200 1001 9002 50
a contact +72100 +72200 9002 1001 50
a contact +72300 +72400 2010 9003 50
a contact +72300 +72400 9003 2010 50
a contact +72400 +72900 2009 9003 50
a contact +72400 +72900 9003 2009 50
a contact +73000 +73100 2010 9003 50
a contact +73000 +73100 9003 2010 50
a contact +68200 +74400 2008 9001 50
a contact +68200 +74400 9001 2008 50
a contact +71900 +75200 1002 2012 50
a contact +71900 +75200 2012 1002 50
a contact +75500 +75600 1002 2010 50
a contact +75500 +75600 2010 1002 50
a contact +73000 +76400 1001 2030 50
a contact +73000 +76400 2030 1001 50
a contact +76400 +76500 1001 2041 50
a contact +74600 +76500 2007 9001 50
a contact +76400 +76500 2041 1001 50
a contact +73100 +76500 2043 9003 50
a contact +74600 +76500 9001 2007 50
a contact +73100 +76500 9003 2043 50
a contact +76600 +76700 1002 2010 50
a contact +76600 +76700 2010 1002 50
a contact +76600 +76700 2041 9001 50
a contact +76600 +76700 9001 2041 50
a contact +76700 +76800 2010 9001 50
a contact +76700 +76800 9001 2010 50
a contact +76800 +76900 1002 2005 50
a contact +76800 +76900 2005 1002 50
a contact +77000 +77100 2010 9001 50
a contact +77000 +77100 9001 2010 50
a contact +77100 +77200 1002 2040 50
a contact +77100 +77200 2040 1002 50
a contact +77200 +77300 1002 2041 50
a contact +77200 +77300 2041 1002 50
a contact +77200 +77400 2005 9001 50
a contact +77200 +77400 9001 2005 50
a contact +77500 +77600 2005 9001 50
a contact +77500 +77600 9001 2005 50
a contact +77600 +77700 1002 2010 50
a contact +72200 +77700 1003 9002 50
a contact +77600 +77700 2010 1002 50
a contact +72200 +77700 9002 1003 50
a contact +77700 +77800 1002 9002 50
a contact +77700 +77800 9002 1002 50
a contact +77900 +78000 1002 2041 50
a contact +77900 +78000 2005 9001 50
a contact +77900 +78000 2041 1002 50
a contact +77900 +78000 9001 2005 50
a contact +78000 +78100 1003 2041 50
a contact +78000 +78100 2037 9001 50
a contact +78000 +78100 2041 1003 50
a contact +78000 +78100 9001 2037 50
a contact +78100 +78200 2041 9001 50
a contact +78100 +78200 9001 2041 50
a contact +78300 +78400 2037 9001 50
a contact +78300 +78400 9001 2037 50
a contact +78500 +78600 2005 9001 50
a contact +78500 +78600 9001 2005 50
a contact +78600 +78700 2041 9001 50
a contact +78600 +78700 9001 2041 50
a contact +78700 +78800 2037 9001 50
a contact +78700 +78800 9001 2037 50
a contact +78900 +79000 2041 9001 50
a contact +78900 +79000 9001 2041 50
a contact +79000 +79100 2037 9001 50
a contact +79000 +79100 9001 2037 50
a contact +79100 +79200 2005 9001 50
a contact +79100 +79200 9001 2005 50
a contact +79200 +79300 2041 9001 50
a contact +79200 +79300 9001 2041 50
a contact +76500 +79800 1001 9003 50
a contact +79600 +79800 2037 9001 50
a contact +79600 +79800 9001 2037 50
a contact +76500 +79800 9003 1001 50
a contact +79800 +79900 2005 9001 50
a contact +79800 +79900 9001 2005 50
a contact +79900 +80000 1001 2005 50
a contact +79900 +80000 2005 1001 50
a contact +79900 +80000 2037 9001 50
a contact +79900 +80000 9001 2037 50
a contact +80100 +80200 1001 2010 50
a contact +80100 +80200 2010 1001 50
a contact +80200 +80300 1001 2037 50
a contact +80200 +80300 2005 9001 50
a contact +80200 +80300 2037 1001 50
a contact +80200 +80300 9001 2005 50
a contact +80300 +80400 2041 9001 50
a contact +80300 +80400 9001 2041 50
a contact +80400 +80500 1001 2005 50
a contact +80400 +80500 2005 1001 50
a contact +80500 +80600 1001 2041 50
a contact +80500 +80600 2040 9001 50
a contact +80500 +80600 2041 1001 50
a contact +80500 +80600 9001 2040 50
a contact +80600 +80700 1001 2037 50
a contact +80600 +80700 2037 1001 50
a contact +80700 +80800 1001 2005 50
a contact +80700 +80800 2005 1001 50
a contact +80800 +80900 1001 2003 25
a contact +80800 +80900 2003 1001 25
a contact +80800 +80900 2005 9001 50
a contact +80800 +80900 9001 2005 50
a contact +80900 +81000 1001 2005 50
a contact +80900 +81000 2005 1001 50
a contact +81000 +81100 1001 2037 50
a contact +81000 +81100 2037 1001 50
a contact +81100 +81200 2037 9001 50
a contact +81100 +81200 9001 2037 50
a contact +81200 +81300 1001 2005 50
a contact +81200 +81300 2005 1001 50
a contact +81400 +81500 2040 9001 50
a contact +81400 +81500 9001 2040 50
a contact +81400 +81600 1001 2005 50
a contact +81400 +81600 2005 1001 50
a contact +81600 +81700 2005 9001 50
a contact +81600 +81700 9001 2005 50
a contact +81700 +81800 1001 2037 50
a contact +81700 +81800 2037 1001 50
a contact +81800 +81900 1001 2041 50
a contact +81800 +81900 2040 9001 50
a contact +81800 +81900 2041 1001 50
a contact +81800 +81900 9001 2040 50
a contact +81900 +82000 2041 9001 50
a contact +81900 +82000 9001 2041 50
a contact +82000 +82100 2040 9001 50
a contact +82000 +82100 9001 2040 50
a contact +82100 +82200 2037 9001 50
a contact +82100 +82200 9001 2037 50
a contact +82200 +82300 2005 9001 50
a contact +82200 +82300 9001 2005 50
a contact +82300 +82400 1001 2041 50
a contact +82300 +82400 2041 1001 50
a contact +82500 +82700 1001 2040 50
a contact +82600 +82700 2005 9001 50
a contact +82500 +82700 2040 1001 50
a contact +82600 +82700 9001 2005 50
a contact +82700 +82800 1001 2037 50
a contact +82700 +82800 2010 9001 50
a contact +82700 +82800 2037 1001 50
a contact +82700 +82800 9001 2010 50
a contact +82800 +82900 2037 9001 50
a contact +82800 +82900 9001 2037 50
a contact +82900 +83000 2040 9001 50
a contact +82900 +83000 9001 2040 50
a contact +83000 +83100 1001 2037 50
a contact +83000 +83100 2037 1001 50
a contact +83100 +83200 1001 2041 50
a contact +83100 +83200 2040 9001 50
a contact +83100 +83200 2041 1001 50
a contact +83100 +83200 9001 2040 50
a contact +83200 +83300 1001 2037 50
a contact +83200 +83300 2010 9001 50
a contact +83200 +83300 2037 1001 50
a contact +83200 +83300 9001 2010 50
a contact +83300 +83500 2041 9001 50
a contact +83300 +83500 9001 2041 50
a contact +83500 +83600 1001 2041 50
a contact +83500 +83600 2041 1001 50
a contact +83600 +83700 1001 2037 50
a contact +83600 +83700 2037 1001 50
a contact +83600 +83700 2041 9001 50
a contact +83600 +83700 9001 2041 50
a contact +83900 +84000 1001 2037 50
a contact +83900 +84000 2037 1001 50
a contact +84000 +84100 1001 2041 50
a contact +83900 +84100 2010 9001 50
a contact +84000 +84100 2041 1001 50
a contact +83900 +84100 9001 2010 50
a contact +84100 +84200 1001 2005 50
a contact +78000 +84200 1002 9002 50
a contact +84100 +84200 2005 1001 50
a contact +78000 +84200 9002 1002 50
a contact +84200 +84300 1001 9002 50
a contact +84200 +84300 9002 1001 50
a contact +84300 +84400 1001 2041 50
a contact +84200 +84400 1002 2037 50
a contact +84200 +84400 2037 1002 50
a contact +84300 +84400 2041 1001 50
a contact +84400 +84500 1001 2005 50
a contact +84400 +84500 2005 1001 50
a contact +84400 +84500 2040 9001 50
a contact +84400 +84500 2041 9002 50
a contact +84400 +84500 9001 2040 50
a contact +84400 +84500 9002 2041 50
a contact +84600 +84700 1002 2040 50
a contact +84600 +84700 2040 1002 50
a contact +84800 +84900 1002 2010 50
a contact +84800 +84900 2010 1002 50
a contact +84800 +84900 2041 9001 50
a contact +84800 +84900 9001 2041 50
a contact +84900 +85000 2037 9001 50
a contact +84900 +85000 9001 2037 50
a contact +85000 +85100 2040 9001 50
a contact +85000 +85100 9001 2040 50
a contact +85100 +85200 1002 2005 50
a contact +85100 +85200 2005 1002 50
a contact +85200 +85300 2041 9001 50
a contact +85200 +85300 9001 2041 50
a contact +85400 +85500 1002 2037 50
a contact +79800 +85500 1003 9003 50
a contact +85400 +85500 2037 1002 50
a contact +79800 +85500 9003 1003 50
a contact +85500 +85600 1002 9003 50
a contact +85500 +85600 9003 1002 50
a contact +85600 +85700 1002 2040 50
a contact +85600 +85700 1003 9003 50
a contact +85600 +85700 2040 1002 50
a contact +85600 +85700 9003 1003 50
a contact +85700 +85800 2040 9001 50
a contact +85700 +85800 9001 2040 50
a contact +85800 +85900 2041 9001 50
a contact +85800 +85900 9001 2041 50
a contact +85900 +86000 2037 9001 50
a contact +85900 +86000 9001 2037 50
a contact +86000 +86100 1003 2040 50
a contact +86000 +86100 2040 1003 50
a contact +86100 +86200 1003 2037 50
a contact +86100 +86200 2010 9001 50
a contact +86100 +86200 2037 1003 50
a contact +86100 +86200 9001 2010 50
a contact +86200 +86300 2041 9001 50
a contact +86200 +86300 9001 2041 50
a contact +84500 +86400 1001 9002 50
a contact +85800 +86400 1002 9003 50
a contact +86300 +86400 2005 9001 50
a contact +86300 +86400 9001 2005 50
a contact +84500 +86400 9002 1001 50
a contact +85800 +86400 9003 1002 50

a range +0 +200 1002 2021 1101.8375
a range +0 +200 2021 1002 1101.8375
a range +0 +200 2040 9002 1103.3709
a range +0 +200 9002 2040 1103.3709
a range +300 +400 1002 2040 1102.3867
a range +300 +400 2040 1002 1102.3867
a range +600 +800 1002 2040 1102.3867
a range +600 +800 2040 1002 1102.3867
a range +600 +1400 2006 9002 1103.3652
a range +600 +1400 9002 2006 1103.3652
a range +1400 +1500 1002 2041 1102.3831
a range +0 +1500 1003 2018 1102.1016
a range +0 +1500 2018 1003 1102.1016
a range +1400 +1500 2041 1002 1102.3831
a range +1500 +1600 1003 2037 1102.078
a range +1500 +1600 2037 1003 1102.078
a range +1600 +1700 1003 2040 1102.09
a range +1600 +1700 2040 1003 1102.09
a range +1700 +1800 1002 2040 1102.3867
a range +1700 +1800 2040 1002 1102.3867
a range +1800 +1900 1002 2001 1102.3903
a range +1800 +1900 2001 1002 1102.3903
a range +1700 +2000 1003 2027 1102.0782
a range +1700 +2000 2027 1003 1102.0782
a range +2500 +2600 1002 2040 1102.3867
a range +2000 +2600 2006 9002 1103.3652
a range +2500 +2600 2040 1002 1102.3867
a range +2000 +2600 9002 2006 1103.3652
a range +2800 +2900 1002 2037 1102.3973
a range +2800 +2900 2037 1002 1102.3973
a range +2700 +3000 2006 9002 1103.3652
a range +2700 +3000 9002 2006 1103.3652
a range +3500 +3600 2041 9002 1103.3754
a range +3500 +3600 9002 2041 1103.3754
a range +0 +3800 2025 9001 1102.3541
a range +0 +3800 9001 2025 1102.3541
a range +3800 +3900 2037 9001 1102.3417
a range +3800 +3900 9001 2037 1102.3417
a range +3900 +4000 2040 9001 1102.3313
a range +3900 +4000 9001 2040 1102.3313
a range +4100 +4500 2014 9001 1102.3552
a range +4100 +4500 9001 2014 1102.3552
a range +4500 +4600 2040 9001 1102.3313
a range +4500 +4600 9001 2040 1102.3313
a range +4800 +5100 2014 9001 1102.3552
a range +4800 +5100 9001 2014 1102.3552
a range +5100 +5300 2040 9001 1102.3313
a range +5100 +5300 9001 2040 1102.3313
a range +5300 +5600 2014 9001 1102.3552
a range +5300 +5600 9001 2014 1102.3552
a range +0 +6100 1001 9003 0.0593
a range +2000 +6100 1003 2019 1102.0736
a range +2000 +6100 2019 1003 1102.0736
a range +0 +6100 9003 1001 0.0593
a range +6100 +6200 1003 9003 0.0591
a range +6100 +6200 9003 1003 0.0591
a range +6300 +6500 2009 9001 1102.3233
a range +6300 +6500 9001 2009 1102.3233
a range +6500 +6600 2037 9001 1102.3417
a range +6500 +6600 9001 2037 1102.3417
a range +6600 +6700 2040 9001 1102.3313
a range +6600 +6700 9001 2040 1102.3313
a range +7000 +7100 2005 9001 1102.3415
a range +7000 +7100 9001 2005 1102.3415
a range +3000 +7200 1002 2015 1102.331
a range +3000 +7200 2015 1002 1102.331
a range +7400 +7500 1002 2040 1102.3867
a range +7400 +7500 2040 1002 1102.3867
a range +7900 +8100 1002 2040 1102.3867
a range +7900 +8100 2040 1002 1102.3867
a range +3600 +8100 2044 9002 1103.3788
a range +3600 +8100 9002 2044 1103.3788
a range +8500 +8600 1002 2040 1102.3867
a range +8500 +8600 2040 1002 1102.3867
a range +8600 +8700 1002 2010 1102.3802
a range +8600 +8700 2010 1002 1102.3802
a range +8700 +9100 1002 2031 1102.3677
a range +8700 +9100 2031 1002 1102.3677
a range +8100 +9300 2039 9002 1103.3668
a range +8100 +9300 9002 2039 1103.3668
a range +9300 +9400 2005 9002 1103.362
a range +9300 +9400 9002 2005 1103.362
a range +6500 +9500 1001 2021 1102.6708
a range +6500 +9500 2021 1001 1102.6708
a range +9500 +9700 2040 9002 1103.3709
a range +9500 +9700 9002 2040 1103.3709
a range +9500 +9800 1001 2032 1102.694
a range +9500 +9800 2032 1001 1102.694
a range +9700 +10000 2006 9002 1103.3652
a range +9700 +10000 9002 2006 1103.3652
a range +9800 +10400 1001 2023 1102.5215
a range +9800 +10400 2023 1001 1102.5215
a range +10400 +10600 1001 2032 1102.694
a range +10400 +10600 2032 1001 1102.694
a range +10500 +10600 2041 9002 1103.3754
a range +10500 +10600 9002 2041 1103.3754
a range +9100 +10800 1002 2001 1102.3903
a range +9100 +10800 2001 1002 1102.3903
a range +10600 +10900 1001 2023 1102.5215
a range +10600 +10900 2023 1001 1102.5215
a range +10800 +11000 1002 2005 1102.3969
a range +10800 +11000 2005 1002 1102.3969
a range +11000 +11100 1002 2001 1102.3903
a range +11000 +11100 2001 1002 1102.3903
a range +11200 +11400 1002 2003 1102.3994
a range +11200 +11400 2003 1002 1102.3994
a range +10600 +11500 2006 9002 1103.3652
a range +10600 +11500 9002 2006 1103.3652
a range +11500 +11600 1002 2005 1102.3969
a range +11500 +11600 2005 1002 1102.3969
a range +6300 +11700 1003 9003 0.0591
a range +6300 +11700 9003 1003 0.0591
a range +11700 +11800 1002 9003 0.0594
a range +11700 +11800 9003 1002 0.0594
a range +11800 +11900 1003 2040 1103.0008
a range +11800 +11900 2040 1003 1103.0008
a range +11900 +12000 1002 2040 1102.3867
a range +11900 +12000 2040 1002 1102.3867
a range +12200 +12300 1003 2041 1102.9967
a range +12200 +12300 2041 1003 1102.9967
a range +11600 +12500 2038 9002 1103.3643
a range +11600 +12500 9002 2038 1103.3643
a range +13100 +13400 1003 2036 1102.997
a range +12500 +13400 2006 9002 1103.3652
a range +13100 +13400 2036 1003 1102.997
a range +12500 +13400 9002 2006 1103.3652
a range +13400 +13500 1003 2037 1103.0011
a range +13400 +13500 2037 1003 1103.0011
a range +7100 +13900 2024 9001 1102.3466
a range +7100 +13900 9001 2024 1102.3466
a range +13900 +14200 2025 9001 1102.3541
a range +13900 +14200 9001 2025 1102.3541
a range +10900 +14600 1001 2032 1102.694
a range +10900 +14600 2032 1001 1102.694
a range +14600 +14700 1001 2041 1102.6934
a range +14600 +14700 2041 1001 1102.6934
a range +14700 +15500 1001 2021 1102.6708
a range +14700 +15500 2021 1001 1102.6708
a range +13400 +15600 2038 9002 1103.3643
a range +13400 +15600 9002 2038 1103.3643
a range +15500 +17400 1001 2033 1102.6114
a range +15500 +17400 2033 1001 1102.6114
a range +17400 +17900 1001 2021 1102.6708
a range +12000 +17900 1002 9003 0.0594
a range +14200 +17900 1003 9001 0.0595
a range +17400 +17900 2021 1001 1102.6708
a range +14200 +17900 9001 1003 0.0595
a range +12000 +17900 9003 1002 0.0594
a range +17900 +18000 1001 9003 0.0591
a range +17900 +18000 1002 9001 0.0592
a range +17900 +18000 9001 1002 0.0592
a range +17900 +18000 9003 1001 0.0591
a range +18100 +18200 1002 2040 1103.2888
a range +18100 +18200 2040 1002 1103.2888
a range +18000 +18500 1003 2014 1102.9997
a range +18000 +18500 2014 1003 1102.9997
a range +15600 +18800 2036 9002 1103.3667
a range +15600 +18800 9002 2036 1103.3667
a range +18800 +19100 2006 9002 1103.3652
a range +18800 +19100 9002 2006 1103.3652
a range +19100 +19200 2005 9002 1103.362
a range +19100 +19200 9002 2005 1103.362
a range +19400 +19500 2005 9002 1103.362
a range +19400 +19500 9002 2005 1103.362
a range +18700 +19600 1003 2014 1102.9997
a range +18700 +19600 2014 1003 1102.9997
a range +19600 +19900 1003 2027 1103.0169
a range +19600 +19900 2027 1003 1103.0169
a range +19900 +20200 1003 2014 1102.9997
a range +19900 +20200 2014 1003 1102.9997
a range +20600 +20700 2026 9002 1103.0318
a range +20600 +20700 9002 2026 1103.0318
a range +20700 +21800 2038 9002 1103.3643
a range +20700 +21800 9002 2038 1103.3643
a range +21800 +21900 2026 9002 1103.0318
a range +21800 +21900 9002 2026 1103.0318
a range +21900 +23000 2034 9002 1103.3753
a range +21900 +23000 9002 2034 1103.3753
a range +20200 +23800 1003 2027 1103.0169
a range +20200 +23800 2027 1003 1103.0169
a range +18100 +24000 1001 9003 0.0591
a range +18200 +24000 1002 9001 0.0592
a range +23800 +24000 1003 2010 1102.9867
a range +23800 +24000 2010 1003 1102.9867
a range +18200 +24000 9001 1002 0.0592
a range +18100 +24000 9003 1001 0.0591
a range +24000 +24200 1001 9001 0.0595
a range +24000 +24200 9001 1001 0.0595
a range +24300 +25000 1002 2033 1103.3155
a range +24300 +25000 2033 1002 1103.3155
a range +25000 +25300 1002 2030 1102.7237
a range +25000 +25300 2030 1002 1102.7237
a range +24000 +26200 2034 9002 1103.3753
a range +24000 +26200 9002 2034 1103.3753
a range +26400 +26500 2040 9002 1103.3709
a range +26400 +26500 9002 2040 1103.3709
a range +25300 +26900 1002 2033 1103.3155
a range +25300 +26900 2033 1002 1103.3155
a range +26900 +27000 1002 2041 1103.2914
a range +26900 +27000 2041 1002 1103.2914
a range +27000 +27100 1002 2005 1103.2891
a range +27000 +27100 2005 1002 1103.2891
a range +27100 +27600 1002 2031 1103.2946
a range +27100 +27600 2031 1002 1103.2946
a range +27500 +27600 2040 9002 1103.3709
a range +27500 +27600 9002 2040 1103.3709
a range +27600 +27700 1002 2040 1103.2888
a range +27600 +27700 2040 1002 1103.2888
a range +27700 +27800 1002 2009 1103.2954
a range +27700 +27800 2009 1002 1103.2954
a range +28100 +28200 1002 2025 1103.1114
a range +28100 +28200 2025 1002 1103.1114
a range +28300 +28400 1002 2040 1103.2888
a range +28300 +28400 2040 1002 1103.2888
a range +28400 +28500 1002 2037 1103.2949
a range +28400 +28500 2037 1002 1103.2949
a range +24300 +29800 1001 9001 0.0595
a range +24000 +29800 1003 9003 0.0594
a range +24300 +29800 9001 1001 0.0595
a range +24000 +29800 9003 1003 0.0594
a range +29800 +30000 1001 2018 1103.6006
a range +29800 +30000 2018 1001 1103.6006
a range +30500 +30600 2009 9003 1104.7634
a range +30500 +30600 9003 2009 1104.7634
a range +28000 +31000 2034 9002 1103.3753
a range +28000 +31000 9002 2034 1103.3753
a range +31200 +31400 2009 9003 1104.7634
a range +31200 +31400 9003 2009 1104.7634
a range +28500 +31800 1002 2031 1103.2946
a range +28500 +31800 2031 1002 1103.2946
a range +32500 +32600 2041 9003 1104.7578
a range +32500 +32600 9003 2041 1104.7578
a range +32100 +32700 1002 2023 1103.2862
a range +32100 +32700 2023 1002 1103.2862
a range +32600 +33000 2043 9003 1104.7659
a range +32600 +33000 9003 2043 1104.7659
a range +33200 +33400 1002 2023 1103.2862
a range +33200 +33400 2023 1002 1103.2862
a range +33400 +33500 1002 2041 1103.2914
a range +33400 +33500 2041 1002 1103.2914
a range +33600 +33700 1002 2037 1103.2949
a range +33600 +33700 2037 1002 1103.2949
a range +33700 +34000 1002 2023 1103.2862
a range +33700 +34000 2023 1002 1103.2862
a range +34100 +34200 2009 9003 1104.7634
a range +34100 +34200 9003 2009 1104.7634
a range +30100 +34300 1001 2020 1103.4224
a range +30100 +34300 2020 1001 1103.4224
a range +34200 +34500 1002 2023 1103.2862
a range +34200 +34500 2023 1002 1103.2862
a range +31100 +34600 2034 9002 1103.3753
a range +31100 +34600 9002 2034 1103.3753
a range +34300 +35000 1001 2018 1103.6006
a range +29800 +35000 1003 9001 0.0592
a range +34300 +35000 2018 1001 1103.6006
a range +29800 +35000 9001 1003 0.0592
a range +35000 +35100 1002 9001 0.0595
a range +35000 +35100 2009 9003 1104.7634
a range +35000 +35100 9001 1002 0.0595
a range +35000 +35100 9003 2009 1104.7634
a range +35100 +35700 2034 9002 1103.3753
a range +35100 +35700 9002 2034 1103.3753
a range +35000 +35800 1003 2017 1103.5829
a range +35000 +35800 2017 1003 1103.5829
a range +36100 +36200 1001 2001 1103.5919
a range +36100 +36200 2001 1001 1103.5919
a range +36000 +36200 2009 9003 1104.7634
a range +36000 +36200 9003 2009 1104.7634
a range +36300 +36400 2041 9002 1103.3754
a range +36300 +36400 9002 2041 1103.3754
a range +36400 +36600 2009 9003 1104.7634
a range +36400 +36600 9003 2009 1104.7634
a range +36700 +37100 1001 2018 1103.6006
a range +36700 +37100 2018 1001 1103.6006
a range +37000 +37600 2036 9002 1103.3667
a range +37000 +37600 9002 2036 1103.3667
a range +36000 +37700 1003 2016 1103.6737
a range +36000 +37700 2016 1003 1103.6737
a range +37700 +37800 1003 2005 1103.9047
a range +37700 +37800 2005 1003 1103.9047
a range +37300 +37800 2035 9003 1104.7623
a range +37300 +37800 9003 2035 1104.7623
a range +37900 +38000 2005 9003 1104.7489
a range +37900 +38000 9003 2005 1104.7489
a range +38500 +38600 1003 2037 1103.9079
a range +38300 +38600 2036 9002 1103.3667
a range +38500 +38600 2037 1003 1103.9079
a range +38300 +38600 9002 2036 1103.3667
a range +38100 +38800 1001 2018 1103.6006
a range +38700 +38800 2005 9002 1103.362
a range +38100 +38800 2018 1001 1103.6006
a range +38700 +38800 9002 2005 1103.362
a range +38600 +39200 1003 2028 1103.6091
a range +38600 +39200 2028 1003 1103.6091
a range +39300 +39600 1003 2028 1103.6091
a range +39300 +39600 2028 1003 1103.6091
a range +39600 +39700 1001 2026 1103.5897
a range +39600 +39700 2026 1001 1103.5897
a range +39700 +39800 2006 9002 1103.3652
a range +39700 +39800 9002 2006 1103.3652
a range +39800 +40300 1003 2028 1103.6091
a range +39800 +40300 2028 1003 1103.6091
a range +40300 +40400 1003 2026 1103.792
a range +40300 +40400 2026 1003 1103.792
a range +40600 +40700 2040 9002 1103.3709
a range +40600 +40700 9002 2040 1103.3709
a range +40700 +40800 1001 2037 1103.5942
a range +40700 +40800 2037 1001 1103.5942
a range +41100 +41200 1001 2019 1103.5179
a range +35300 +41200 1002 9001 0.0595
a range +41100 +41200 2019 1001 1103.5179
a range +35300 +41200 9001 1002 0.0595
a range +41200 +41300 1001 9001 0.0593
a range +41200 +41300 1002 9002 0.0594
a range +41200 +41300 9001 1001 0.0593
a range +41200 +41300 9002 1002 0.0594
a range +38000 +42900 2011 9003 1104.7693
a range +38000 +42900 9003 2011 1104.7693
a range +42900 +43000 2018 9003 1103.5332
a range +42900 +43000 9003 2018 1103.5332
a range +43000 +43300 2009 9003 1104.7634
a range +43000 +43300 9003 2009 1104.7634
a range +43600 +43700 2010 9003 1104.7677
a range +43600 +43700 9003 2010 1104.7677
a range +40400 +43800 1003 2017 1103.5829
a range +40400 +43800 2017 1003 1103.5829
a range +44900 +45000 2037 9003 1104.7535
a range +44900 +45000 9003 2037 1104.7535
a range +41500 +47300 1001 9001 0.0593
a range +41500 +47300 1002 9002 0.0594
a range +44400 +47300 1003 2016 1103.6737
a range +44400 +47300 2016 1003 1103.6737
a range +41500 +47300 9001 1001 0.0593
a range +41500 +47300 9002 1002 0.0594
a range +47300 +47400 1003 9001 0.0595
a range +47300 +47400 9001 1003 0.0595
a range +45000 +48800 2035 9003 1104.7623
a range +45000 +48800 9003 2035 1104.7623
a range +48800 +48900 2037 9003 1104.7535
a range +48800 +48900 9003 2037 1104.7535
a range +50000 +50100 2010 9003 1104.7677
a range +50000 +50100 9003 2010 1104.7677
a range +50400 +50500 2037 9003 1104.7535
a range +50400 +50500 9003 2037 1104.7535
a range +50500 +50700 2010 9003 1104.7677
a range +50500 +50700 9003 2010 1104.7677
a range +47300 +51000 1002 2003 1104.1924
a range +47300 +51000 2003 1002 1104.1924
a range +51300 +51400 2005 9003 1104.7489
a range +51300 +51400 9003 2005 1104.7489
a range +51500 +51600 2010 9003 1104.7677
a range +51500 +51600 9003 2010 1104.7677
a range +51600 +51800 2009 9003 1104.7634
a range +51600 +51800 9003 2009 1104.7634
a range +47500 +51900 1003 9001 0.0595
a range +47500 +51900 9001 1003 0.0595
a range +51000 +52700 1002 2001 1104.2018
a range +51000 +52700 2001 1002 1104.2018
a range +47300 +53400 1001 9002 0.0591
a range +47300 +53400 9002 1001 0.0591
a range +51900 +53500 1003 2022 1103.902
a range +51900 +53500 2022 1003 1103.902
a range +51900 +55300 2007 9001 1105.0669
a range +51900 +55300 9001 2007 1105.0669
a range +52200 +55700 2039 9003 1104.7511
a range +52200 +55700 9003 2039 1104.7511
a range +55900 +56000 2041 9003 1104.7578
a range +55900 +56000 9003 2041 1104.7578
a range +56100 +56200 2010 9003 1104.7677
a range +56100 +56200 9003 2010 1104.7677
a range +52800 +56300 1002 2002 1104.1962
a range +52800 +56300 2002 1002 1104.1962
a range +53500 +56400 1001 2029 1104.2896
a range +53500 +56400 2029 1001 1104.2896
a range +56400 +56500 1001 2005 1104.5167
a range +56300 +56500 1002 2014 1104.1809
a range +56400 +56500 2005 1001 1104.5167
a range +56300 +56500 2014 1002 1104.1809
a range +57000 +57100 2009 9003 1104.7634
a range +57000 +57100 9003 2009 1104.7634
a range +56500 +57300 1002 2002 1104.1962
a range +56500 +57300 2002 1002 1104.1962
a range +57200 +57300 2010 9003 1104.7677
a range +57200 +57300 9003 2010 1104.7677
a range +57600 +57700 1002 2037 1104.194
a range +57600 +57700 2037 1002 1104.194
a range +57800 +58000 1002 2003 1104.1924
a range +57800 +58000 2003 1002 1104.1924
a range +57900 +58100 2009 9003 1104.7634
a range +57900 +58100 9003 2009 1104.7634
a range +58000 +58200 1002 2041 1104.2083
a range +58000 +58200 2041 1002 1104.2083
a range +58500 +58600 2010 9003 1104.7677
a range +58500 +58600 9003 2010 1104.7677
a range +58500 +58900 1002 2001 1104.2018
a range +58500 +58900 2001 1002 1104.2018
a range +53600 +59300 1003 9002 0.0594
a range +59200 +59300 2010 9003 1104.7677
a range +53600 +59300 9002 1003 0.0594
a range +59200 +59300 9003 2010 1104.7677
a range +59300 +59400 1002 9002 0.0591
a range +59300 +59400 9002 1002 0.0591
a range +56500 +59500 1001 2026 1104.5274
a range +56500 +59500 2026 1001 1104.5274
a range +55300 +59800 2042 9001 1105.0574
a range +55300 +59800 9001 2042 1105.0574
a range +59800 +59900 1003 2037 1104.8014
a range +59800 +59900 2005 9001 1105.0656
a range +59800 +59900 2037 1003 1104.8014
a range +59800 +59900 9001 2005 1105.0656
a range +59900 +60000 2010 9003 1104.7677
a range +59900 +60000 9003 2010 1104.7677
a range +60100 +60200 1003 2041 1104.8052
a range +60100 +60200 2005 9001 1105.0656
a range +60100 +60200 2041 1003 1104.8052
a range +60100 +60200 9001 2005 1105.0656
a range +60200 +60300 2009 9001 1105.0573
a range +60200 +60300 2010 9003 1104.7677
a range +60200 +60300 9001 2009 1105.0573
a range +60200 +60300 9003 2010 1104.7677
a range +60500 +60600 2009 9003 1104.7634
a range +60500 +60600 9003 2009 1104.7634
a range +60700 +60800 2010 9003 1104.7677
a range +60700 +60800 9003 2010 1104.7677
a range +60400 +60900 1003 2014 1104.514
a range +60400 +60900 2014 1003 1104.514
a range +61600 +61800 2009 9003 1104.7634
a range +61600 +61800 9003 2009 1104.7634
a range +60900 +62000 1003 2012 1104.6967
a range +60900 +62000 2012 1003 1104.6967
a range +59500 +62600 1001 2028 1104.3812
a range +59500 +62600 2028 1001 1104.3812
a range +62600 +62700 1001 2037 1104.5143
a range +62600 +62700 2037 1001 1104.5143
a range +62900 +63100 1001 2026 1104.5274
a range +62900 +63100 2026 1001 1104.5274
a range +63100 +63400 1001 2028 1104.3812
a range +63300 +63400 2010 9003 1104.7677
a range +63100 +63400 2028 1001 1104.3812
a range +63300 +63400 9003 2010 1104.7677
a range +63500 +63700 2010 9003 1104.7677
a range +63500 +63700 9003 2010 1104.7677
a range +63900 +64000 2010 9003 1104.7677
a range +63900 +64000 9003 2010 1104.7677
a range +62200 +64300 1003 2013 1104.6056
a range +62200 +64300 2013 1003 1104.6056
a range +64300 +64500 1003 2023 1104.7227
a range +64300 +64500 2023 1003 1104.7227
a range +64500 +65000 1003 2014 1104.514
a range +64500 +65000 2014 1003 1104.514
a range +65100 +65200 1003 2037 1104.8014
a range +65100 +65200 2037 1003 1104.8014
a range +63900 +65300 1001 2029 1104.2896
a range +63900 +65300 2029 1001 1104.2896
a range +65300 +65400 1001 2005 1104.5167
a range +59600 +65400 1002 9002 0.0591
a range +65300 +65400 2005 1001 1104.5167
a range +65200 +65400 2009 9003 1104.7634
a range +59600 +65400 9002 1002 0.0591
a range +65200 +65400 9003 2009 1104.7634
a range +65400 +65500 1001 9002 0.0594
a range +65400 +65500 1002 2010 1105.1062
a range +65400 +65500 2010 1002 1105.1062
a range +65400 +65500 9002 1001 0.0594
a range +65600 +65700 1001 2026 1104.5274
a range +65500 +65700 1002 2030 1104.9698
a range +65600 +65700 2026 1001 1104.5274
a range +65500 +65700 2030 1002 1104.9698
a range +65700 +65800 1002 2010 1105.1062
a range +65700 +65800 2010 1002 1105.1062
a range +65900 +66000 1002 2037 1105.1123
a range +65900 +66000 2037 1002 1105.1123
a range +66100 +66200 2009 9003 1104.7634
a range +66100 +66200 9003 2009 1104.7634
a range +66000 +66300 1002 2030 1104.9698
a range +66000 +66300 2030 1002 1104.9698
a range +66400 +66500 1002 2010 1105.1062
a range +66400 +66500 2010 1002 1105.1062
a range +66500 +66600 2010 9003 1104.7677
a range +66500 +66600 9003 2010 1104.7677
a range +66700 +66800 1002 2010 1105.1062
a range +66700 +66800 2010 1002 1105.1062
a range +66800 +67100 1002 2026 1104.4715
a range +66800 +67100 2026 1002 1104.4715
a range +65300 +67300 1003 2013 1104.6056
a range +65300 +67300 2013 1003 1104.6056
a range +67300 +67400 1002 2010 1105.1062
a range +67300 +67400 2010 1002 1105.1062
a range +67000 +67400 2043 9003 1104.7659
a range +67000 +67400 9003 2043 1104.7659
a range +67400 +67500 1002 2026 1104.4715
a range +67400 +67500 2010 9003 1104.7677
a range +67400 +67500 2026 1002 1104.4715
a range +67400 +67500 9003 2010 1104.7677
a range +67300 +67600 1003 2014 1104.514
a range +60400 +67600 2004 9001 1105.0608
a range +67300 +67600 2014 1003 1104.514
a range +60400 +67600 9001 2004 1105.0608
a range +67600 +67700 1003 2026 1104.4469
a range +67600 +67700 2026 1003 1104.4469
a range +67700 +67800 2041 9001 1105.0618
a range +67700 +67800 9001 2041 1105.0618
a range +67800 +67900 1003 2001 1104.8155
a range +67800 +67900 2001 1003 1104.8155
a range +67900 +68100 1002 2009 1105.1119
a range +67900 +68100 2009 1002 1105.1119
a range +68000 +68100 2041 9001 1105.0618
a range +68000 +68100 9001 2041 1105.0618
a range +68300 +68400 2010 9003 1104.7677
a range +68300 +68400 9003 2010 1104.7677
a range +68100 +68700 1002 2018 1105.0376
a range +68500 +68700 2009 9003 1104.7634
a range +68100 +68700 2018 1002 1105.0376
a range +68500 +68700 9003 2009 1104.7634
a range +68800 +68900 2009 9003 1104.7634
a range +68800 +68900 9003 2009 1104.7634
a range +68000 +69300 1003 2013 1104.6056
a range +68000 +69300 2013 1003 1104.6056
a range +68700 +70200 1002 2022 1104.6802
a range +68700 +70200 2022 1002 1104.6802
a range +69400 +70300 1003 2023 1104.7227
a range +69400 +70300 2023 1003 1104.7227
a range +70300 +70400 2009 9003 1104.7634
a range +70300 +70400 9003 2009 1104.7634
a range +70500 +70600 2009 9003 1104.7634
a range +70500 +70600 9003 2009 1104.7634
a range +70400 +70800 1003 2023 1104.7227
a range +70400 +70800 2023 1003 1104.7227
a range +70800 +70900 1003 2005 1104.7967
a range +70800 +70900 2005 1003 1104.7967
a range +70800 +70900 2009 9003 1104.7634
a range +70800 +70900 9003 2009 1104.7634
a range +70900 +71000 2010 9003 1104.7677
a range +70900 +71000 9003 2010 1104.7677
a range +70900 +71500 1003 2023 1104.7227
a range +70900 +71500 2023 1003 1104.7227
a range +71500 +71600 1003 2041 1104.8052
a range +71500 +71600 2041 1003 1104.8052
a range +70300 +71800 1002 2022 1104.6802
a range +70300 +71800 2022 1002 1104.6802
a range +65700 +72000 1001 9002 0.0594
a range +71900 +72000 1003 2005 1104.7967
a range +71900 +72000 2005 1003 1104.7967
a range +71800 +72000 2009 9003 1104.7634
a range +65700 +72000 9002 1001 0.0594
a range +71800 +72000 9003 2009 1104.7634
a range +72000 +72100 1003 9002 0.0591
a range +72000 +72100 9002 1003 0.0591
a range +72100 +72200 1001 9002 0.0594
a range +72100 +72200 9002 1001 0.0594
a range +72300 +72400 2010 9003 1104.7677
a range +72300 +72400 9003 2010 1104.7677
a range +72400 +72900 2009 9003 1104.7634
a range +72400 +72900 9003 2009 1104.7634
a range +73000 +73100 2010 9003 1104.7677
a range +73000 +73100 9003 2010 1104.7677
a range +68200 +74400 2008 9001 1105.0629
a range +68200 +74400 9001 2008 1105.0629
a range +71900 +75200 1002 2012 1104.6097
a range +71900 +75200 2012 1002 1104.6097
a range +75500 +75600 1002 2010 1105.1062
a range +75500 +75600 2010 1002 1105.1062
a range +73000 +76400 1001 2030 1104.8916
a range +73000 +76400 2030 1001 1104.8916
a range +76400 +76500 1001 2041 1105.034
a range +74600 +76500 2007 9001 1105.0669
a range +76400 +76500 2041 1001 1105.034
a range +73100 +76500 2043 9003 1104.7659
a range +74600 +76500 9001 2007 1105.0669
a range +73100 +76500 9003 2043 1104.7659
a range +76600 +76700 1002 2010 1105.1062
a range +76600 +76700 2010 1002 1105.1062
a range +76600 +76700 2041 9001 1105.0618
a range +76600 +76700 9001 2041 1105.0618
a range +76700 +76800 2010 9001 1105.0517
a range +76700 +76800 9001 2010 1105.0517
a range +76800 +76900 1002 2005 1105.118
a range +76800 +76900 2005 1002 1105.118
a range +77000 +77100 2010 9001 1105.0517
a range +77000 +77100 9001 2010 1105.0517
a range +77100 +77200 1002 2040 1105.1187
a range +77100 +77200 2040 1002 1105.1187
a range +77200 +77300 1002 2041 1105.116
a range +77200 +77300 2041 1002 1105.116
a range +77200 +77400 2005 9001 1105.0656
a range +77200 +77400 9001 2005 1105.0656
a range +77500 +77600 2005 9001 1105.0656
a range +77500 +77600 9001 2005 1105.0656
a range +77600 +77700 1002 2010 1105.1062
a range +72200 +77700 1003 9002 0.0591
a range +77600 +77700 2010 1002 1105.1062
a range +72200 +77700 9002 1003 0.0591
a range +77700 +77800 1002 9002 0.0594
a range +77700 +77800 9002 1002 0.0594
a range +77900 +78000 1002 2041 1105.116
a range +77900 +78000 2005 9001 1105.0656
a range +77900 +78000 2041 1002 1105.116
a range +77900 +78000 9001 2005 1105.0656
a range +78000 +78100 1003 2041 1104.8052
a range +78000 +78100 2037 9001 1105.0601
a range +78000 +78100 2041 1003 1104.8052
a range +78000 +78100 9001 2037 1105.0601
a range +78100 +78200 2041 9001 1105.0618
a range +78100 +78200 9001 2041 1105.0618
a range +78300 +78400 2037 9001 1105.0601
a range +78300 +78400 9001 2037 1105.0601
a range +78500 +78600 2005 9001 1105.0656
a range +78500 +78600 9001 2005 1105.0656
a range +78600 +78700 2041 9001 1105.0618
a range +78600 +78700 9001 2041 1105.0618
a range +78700 +78800 2037 9001 1105.0601
a range +78700 +78800 9001 2037 1105.0601
a range +78900 +79000 2041 9001 1105.0618
a range +78900 +79000 9001 2041 1105.0618
a range +79000 +79100 2037 9001 1105.0601
a range +79000 +79100 9001 2037 1105.0601
a range +79100 +79200 2005 9001 1105.0656
a range +79100 +79200 9001 2005 1105.0656
a range +79200 +79300 2041 9001 1105.0618
a range +79200 +79300 9001 2041 1105.0618
a range +76500 +79800 1001 9003 0.0594
a range +79600 +79800 2037 9001 1105.0601
a range +79600 +79800 9001 2037 1105.0601
a range +76500 +79800 9003 1001 0.0594
a range +79800 +79900 2005 9001 1105.0656
a range +79800 +79900 9001 2005 1105.0656
a range +79900 +80000 1001 2005 1105.0378
a range +79900 +80000 2005 1001 1105.0378
a range +79900 +80000 2037 9001 1105.0601
a range +79900 +80000 9001 2037 1105.0601
a range +80100 +80200 1001 2010 1105.0239
a range +80100 +80200 2010 1001 1105.0239
a range +80200 +80300 1001 2037 1105.0322
a range +80200 +80300 2005 9001 1105.0656
a range +80200 +80300 2037 1001 1105.0322
a range +80200 +80300 9001 2005 1105.0656
a range +80300 +80400 2041 9001 1105.0618
a range +80300 +80400 9001 2041 1105.0618
a range +80400 +80500 1001 2005 1105.0378
a range +80400 +80500 2005 1001 1105.0378
a range +80500 +80600 1001 2041 1105.034
a range +80500 +80600 2040 9001 1105.065
a range +80500 +80600 2041 1001 1105.034
a range +80500 +80600 9001 2040 1105.065
a range +80600 +80700 1001 2037 1105.0322
a range +80600 +80700 2037 1001 1105.0322
a range +80700 +80800 1001 2005 1105.0378
a range +80700 +80800 2005 1001 1105.0378
a range +80800 +80900 1001 2003 1105.0271
a range +80800 +80900 2003 1001 1105.0271
a range +80800 +80900 2005 9001 1105.0656
a range +80800 +80900 9001 2005 1105.0656
a range +80900 +81000 1001 2005 1105.0378
a range +80900 +81000 2005 1001 1105.0378
a range +81000 +81100 1001 2037 1105.0322
a range +81000 +81100 2037 1001 1105.0322
a range +81100 +81200 2037 9001 1105.0601
a range +81100 +81200 9001 2037 1105.0601
a range +81200 +81300 1001 2005 1105.0378
a range +81200 +81300 2005 1001 1105.0378
a range +81400 +81500 2040 9001 1105.065
a range +81400 +81500 9001 2040 1105.065
a range +81400 +81600 1001 2005 1105.0378
a range +81400 +81600 2005 1001 1105.0378
a range +81600 +81700 2005 9001 1105.0656
a range +81600 +81700 9001 2005 1105.0656
a range +81700 +81800 1001 2037 1105.0322
a range +81700 +81800 2037 1001 1105.0322
a range +81800 +81900 1001 2041 1105.034
a range +81800 +81900 2040 9001 1105.065
a range +81800 +81900 2041 1001 1105.034
a range +81800 +81900 9001 2040 1105.065
a range +81900 +82000 2041 9001 1105.0618
a range +81900 +82000 9001 2041 1105.0618
a range +82000 +82100 2040 9001 1105.065
a range +82000 +82100 9001 2040 1105.065
a range +82100 +82200 2037 9001 1105.0601
a range +82100 +82200 9001 2037 1105.0601
a range +82200 +82300 2005 9001 1105.0656
a range +82200 +82300 9001 2005 1105.0656
a range +82300 +82400 1001 2041 1105.034
a range +82300 +82400 2041 1001 1105.034
a range +82500 +82700 1001 2040 1105.0371
a range +82600 +82700 2005 9001 1105.0656
a range +82500 +82700 2040 1001 1105.0371
a range +82600 +82700 9001 2005 1105.0656
a range +82700 +82800 1001 2037 1105.0322
a range +82700 +82800 2010 9001 1105.0517
a range +82700 +82800 2037 1001 1105.0322
a range +82700 +82800 9001 2010 1105.0517
a range +82800 +82900 2037 9001 1105.0601
a range +82800 +82900 9001 2037 1105.0601
a range +82900 +83000 2040 9001 1105.065
a range +82900 +83000 9001 2040 1105.065
a range +83000 +83100 1001 2037 1105.0322
a range +83000 +83100 2037 1001 1105.0322
a range +83100 +83200 1001 2041 1105.034
a range +83100 +83200 2040 9001 1105.065
a range +83100 +83200 2041 1001 1105.034
a range +83100 +83200 9001 2040 1105.065
a range +83200 +83300 1001 2037 1105.0322
a range +83200 +83300 2010 9001 1105.0517
a range +83200 +83300 2037 1001 1105.0322
a range +83200 +83300 9001 2010 1105.0517
a range +83300 +83500 2041 9001 1105.0618
a range +83300 +83500 9001 2041 1105.0618
a range +83500 +83600 1001 2041 1105.034
a range +83500 +83600 2041 1001 1105.034
a range +83600 +83700 1001 2037 1105.0322
a range +83600 +83700 2037 1001 1105.0322
a range +83600 +83700 2041 9001 1105.0618
a range +83600 +83700 9001 2041 1105.0618
a range +83900 +84000 1001 2037 1105.0322
a range +83900 +84000 2037 1001 1105.0322
a range +84000 +84100 1001 2041 1105.034
a range +83900 +84100 2010 9001 1105.0517
a range +84000 +84100 2041 1001 1105.034
a range +83900 +84100 9001 2010 1105.0517
a range +84100 +84200 1001 2005 1105.0378
a range +78000 +84200 1002 9002 0.0594
a range +84100 +84200 2005 1001 1105.0378
a range +78000 +84200 9002 1002 0.0594
a range +84200 +84300 1001 9002 0.0467
a range +84200 +84300 9002 1001 0.0467
a range +84300 +84400 1001 2041 1105.034
a range +84200 +84400 1002 2037 1105.1123
a range +84200 +84400 2037 1002 1105.1123
a range +84300 +84400 2041 1001 1105.034
a range +84400 +84500 1001 2005 1105.0378
a range +84400 +84500 2005 1001 1105.0378
a range +84400 +84500 2040 9001 1105.065
a range +84400 +84500 2041 9002 1105.0691
a range +84400 +84500 9001 2040 1105.065
a range +84400 +84500 9002 2041 1105.0691
a range +84600 +84700 1002 2040 1105.1187
a range +84600 +84700 2040 1002 1105.1187
a range +84800 +84900 1002 2010 1105.1062
a range +84800 +84900 2010 1002 1105.1062
a range +84800 +84900 2041 9001 1105.0618
a range +84800 +84900 9001 2041 1105.0618
a range +84900 +85000 2037 9001 1105.0601
a range +84900 +85000 9001 2037 1105.0601
a range +85000 +85100 2040 9001 1105.065
a range +85000 +85100 9001 2040 1105.065
a range +85100 +85200 1002 2005 1105.118
a range +85100 +85200 2005 1002 1105.118
a range +85200 +85300 2041 9001 1105.0618
a range +85200 +85300 9001 2041 1105.0618
a range +85400 +85500 1002 2037 1105.1123
a range +79800 +85500 1003 9003 0.0551
a range +85400 +85500 2037 1002 1105.1123
a range +79800 +85500 9003 1003 0.0551
a range +85500 +85600 1002 9003 0.0532
a range +85500 +85600 9003 1002 0.0532
a range +85600 +85700 1002 2040 1105.1187
a range +85600 +85700 1003 9003 0.0551
a range +85600 +85700 2040 1002 1105.1187
a range +85600 +85700 9003 1003 0.0551
a range +85700 +85800 2040 9001 1105.065
a range +85700 +85800 9001 2040 1105.065
a range +85800 +85900 2041 9001 1105.0618
a range +85800 +85900 9001 2041 1105.0618
a range +85900 +86000 2037 9001 1105.0601
a range +85900 +86000 9001 2037 1105.0601
a range +86000 +86100 1003 2040 1105.0613
a range +86000 +86100 2040 1003 1105.0613
a range +86100 +86200 1003 2037 1105.0565
a range +86100 +86200 2010 9001 1105.0517
a range +86100 +86200 2037 1003 1105.0565
a range +86100 +86200 9001 2010 1105.0517
a range +86200 +86300 2041 9001 1105.0618
a range +86200 +86300 9001 2041 1105.0618
a range +84500 +86400 1001 9002 0.0467
a range +85800 +86400 1002 9003 0.0532
a range +86300 +86400 2005 9001 1105.0656
a range +86300 +86400 9001 2005 1105.0656
a range +84500 +86400 9002 1001 0.0467
a range +85800 +86400 9003 1002 0.0532
