a contact +0 +1800 1001 9003 1200
a contact +0 +1800 9003 1001 1200
a contact +1800 +2400 1001 9003 1200
a contact +1800 +2400 9003 1001 1200
a contact +0 +4800 1002 2009 50
a contact +0 +4800 2009 1002 50
a contact +0 +7800 1003 2023 50
a contact +0 +7800 1003 2011 50
a contact +0 +7800 2011 1003 50
a contact +0 +7800 2023 1003 50
a contact +7800 +9600 1003 9003 1200
a contact +7800 +9600 9003 1003 1200
a contact +0 +10800 1002 2019 50
a contact +9600 +10800 1003 9003 1200
a contact +0 +10800 2019 1002 50
a contact +9600 +10800 9003 1003 1200
a contact +0 +12000 2001 9001 50
a contact +0 +12000 9001 2001 50
a contact +0 +13200 2002 9002 50
a contact +0 +13200 9002 2002 50
a contact +2400 +13800 1001 2003 50
a contact +2400 +13800 2003 1001 50
a contact +4800 +15600 1002 2016 50
a contact +10800 +15600 1002 2022 50
a contact +4800 +15600 2016 1002 50
a contact +12000 +15600 2020 9001 50
a contact +10800 +15600 2022 1002 50
a contact +12000 +15600 9001 2020 50
a contact +13800 +16800 1001 2018 50
a contact +15600 +16800 1002 9003 1200
a contact +13800 +16800 2018 1001 50
a contact +15600 +16800 9003 1002 1200
a contact +17400 +18000 1002 9001 1200
a contact +10800 +18000 1003 2006 50
a contact +10800 +18000 2006 1003 50
a contact +17400 +18000 9001 1002 1200
a contact +17400 +18600 1002 9003 1200
a contact +17400 +18600 9003 1002 1200
a contact +16800 +23400 1001 2012 50
a contact +2400 +23400 1001 2014 50
a contact +16800 +23400 2012 1001 50
a contact +2400 +23400 2014 1001 50
a contact +23400 +24000 1001 9001 1200
a contact +23400 +24000 9001 1001 1200
a contact +24000 +25200 1001 9001 1200
a contact +24000 +25200 9001 1001 1200
a contact +25800 +26400 1001 9001 1200
a contact +25800 +26400 9001 1001 1200
a contact +18600 +29400 1002 2010 50
a contact +18600 +29400 2010 1002 50
a contact +13200 +30000 2011 9002 50
a contact +13200 +30000 9002 2011 50
a contact +18000 +31200 1003 2003 50
a contact +10800 +31200 1003 2015 50
a contact +18000 +31200 2003 1003 50
a contact +10800 +31200 2015 1003 50
a contact +26400 +32400 1001 2007 50
a contact +31200 +32400 1003 9001 1200
a contact +26400 +32400 2007 1001 50
a contact +31200 +32400 9001 1003 1200
a contact +29400 +33000 1002 2001 50
a contact +29400 +33000 2001 1002 50
a contact +32400 +34200 1003 9001 1200
a contact +32400 +34200 9001 1003 1200
a contact +18600 +34800 1002 2005 50
a contact +18600 +34800 2005 1002 50
a contact +26400 +36600 1001 2023 50
a contact +26400 +36600 2023 1001 50
a contact +34800 +39000 1002 2019 50
a contact +33000 +39000 1002 2007 50
a contact +33000 +39000 2007 1002 50
a contact +34800 +39000 2019 1002 50
a contact +39000 +39600 1002 9001 1200
a contact +39000 +39600 9001 1002 1200
a contact +39600 +40800 1002 9001 1200
a contact +39600 +40800 9001 1002 1200
a contact +40800 +42000 1002 9001 1200
a contact +40800 +42000 9001 1002 1200
a contact +30000 +42600 2024 9002 50
a contact +30000 +42600 9002 2024 50
a contact +30000 +45600 2013 9003 50
a contact +30000 +45600 9003 2013 50
a contact +36600 +46800 1001 2016 50
a contact +32400 +46800 1001 2018 50
a contact +36600 +46800 2016 1001 50
a contact +32400 +46800 2018 1001 50
a contact +46800 +47400 1001 9001 1200
a contact +34200 +47400 1003 2021 50
a contact +34200 +47400 2021 1003 50
a contact +46800 +47400 9001 1001 1200
a contact +47400 +48600 1001 9001 1200
a contact +47400 +48600 9001 1001 1200
a contact +47400 +49200 1003 2016 50
a contact +47400 +49200 2016 1003 50
a contact +49200 +49800 1001 9002 1200
a contact +49200 +49800 9002 1001 1200
a contact +42000 +51000 1002 2019 50
a contact +42000 +51000 2019 1002 50
a contact +45600 +51600 2024 9003 50
a contact +45600 +51600 9003 2024 50
a contact +49800 +52200 1001 2010 50
a contact +49800 +52200 2010 1001 50
a contact +34200 +54600 1003 2006 50
a contact +49200 +54600 1003 2007 50
a contact +34200 +54600 2006 1003 50
a contact +49200 +54600 2007 1003 50
a contact +42000 +55200 1002 2009 50
a contact +42000 +55200 2009 1002 50
a contact +49800 +56400 1001 2020 50
a contact +51000 +56400 1002 2015 50
a contact +51000 +56400 2015 1002 50
a contact +49800 +56400 2020 1001 50
a contact +55200 +57600 1003 9002 1200
a contact +55200 +57600 9002 1003 1200
a contact +51600 +58200 2008 9003 50
a contact +51600 +58200 9003 2008 50
a contact +56400 +59400 1002 2007 50
a contact +56400 +59400 2007 1002 50
a contact +52200 +59400 2021 9001 50
a contact +52200 +59400 9001 2021 50
a contact +55200 +62400 1002 2022 50
a contact +59400 +62400 1002 2008 50
a contact +57600 +62400 1003 2002 50
a contact +57600 +62400 2002 1003 50
a contact +59400 +62400 2008 1002 50
a contact +55200 +62400 2022 1002 50
a contact +62400 +64200 1002 9002 1200
a contact +62400 +64200 9002 1002 1200
a contact +64200 +64800 1002 9002 1200
a contact +57600 +64800 1003 2018 50
a contact +57600 +64800 2018 1003 50
a contact +64200 +64800 9002 1002 1200
a contact +64800 +65400 1002 9002 1200
a contact +64800 +65400 9002 1002 1200
a contact +52200 +68400 1001 2012 50
a contact +52200 +68400 2012 1001 50
a contact +62400 +70200 1003 2011 50
a contact +62400 +70200 2011 1003 50
a contact +68400 +70800 1001 2007 50
a contact +56400 +70800 1001 2003 50
a contact +56400 +70800 2003 1001 50
a contact +68400 +70800 2007 1001 50
a contact +58200 +70800 2017 9003 50
a contact +58200 +70800 9003 2017 50
a contact +65400 +71400 1002 2021 50
a contact +65400 +71400 2021 1002 50
a contact +70800 +73200 1001 9002 1200
a contact +70800 +73200 9002 1001 1200
a contact +65400 +75000 1002 2024 50
a contact +65400 +75000 2024 1002 50
a contact +73200 +75600 1001 2014 50
a contact +73200 +75600 2014 1001 50
a contact +70200 +76200 1003 2010 50
a contact +70200 +76200 2010 1003 50
a contact +71400 +78000 1002 2023 50
a contact +71400 +78000 2023 1002 50
a contact +76200 +78600 1003 2009 50
a contact +64800 +78600 1003 2008 50
a contact +70800 +78600 2005 9003 50
a contact +64800 +78600 2008 1003 50
a contact +76200 +78600 2009 1003 50
a contact +70800 +78600 9003 2005 50
a contact +79800 +81000 1003 9003 1200
a contact +79800 +81000 9003 1003 1200
a contact +59400 +83400 2004 9001 50
a contact +59400 +83400 9001 2004 50
a contact +75600 +86400 1001 2017 50
a contact +73200 +86400 1001 2020 50
a contact +78000 +86400 1002 2001 50
a contact +75000 +86400 1002 2022 50
a contact +81000 +86400 1003 2002 50
a contact +81000 +86400 1003 2010 50
a contact +78000 +86400 2001 1002 50
a contact +81000 +86400 2002 1003 50
a contact +83400 +86400 2009 9001 50
a contact +81000 +86400 2010 1003 50
a contact +78600 +86400 2013 9002 50
a contact +75600 +86400 2017 1001 50
a contact +73200 +86400 2020 1001 50
a contact +75000 +86400 2022 1002 50
a contact +83400 +86400 9001 2009 50
a contact +78600 +86400 9002 2013 50

a range +0 +1800 1001 9003 0.0593
a range +0 +1800 9003 1001 0.0593
a range +1800 +2400 1001 9003 0.0593
a range +1800 +2400 9003 1001 0.0593
a range +0 +4800 1002 2009 1102.4176
a range +0 +4800 2009 1002 1102.4176
a range +0 +7800 1003 2023 1102.1024
a range +0 +7800 1003 2011 1102.112
a range +0 +7800 2011 1003 1102.112
a range +0 +7800 2023 1003 1102.1024
a range +7800 +9600 1003 9003 0.062
a range +7800 +9600 9003 1003 0.062
a range +0 +10800 1002 2019 1102.3904
a range +9600 +10800 1003 9003 0.062
a range +0 +10800 2019 1002 1102.3904
a range +9600 +10800 9003 1003 0.062
a range +0 +12000 2001 9001 1102.3352
a range +0 +12000 9001 2001 1102.3352
a range +0 +13200 2002 9002 1103.399
a range +0 +13200 9002 2002 1103.399
a range +2400 +13800 1001 2003 1102.6981
a range +2400 +13800 2003 1001 1102.6981
a range +4800 +15600 1002 2016 1102.4196
a range +10800 +15600 1002 2022 1102.406
a range +4800 +15600 2016 1002 1102.4196
a range +12000 +15600 2020 9001 1102.3448
a range +10800 +15600 2022 1002 1102.406
a range +12000 +15600 9001 2020 1102.3448
a range +13800 +16800 1001 2018 1102.7025
a range +15600 +16800 1002 9003 0.0611
a range +13800 +16800 2018 1001 1102.7025
a range +15600 +16800 9003 1002 0.0611
a range +17400 +18000 1002 9001 0.061
a range +10800 +18000 1003 2006 1103.0072
a range +10800 +18000 2006 1003 1103.0072
a range +17400 +18000 9001 1002 0.061
a range +17400 +18600 1002 9003 0.0611
a range +17400 +18600 9003 1002 0.0611
a range +16800 +23400 1001 2012 1102.7022
a range +2400 +23400 1001 2014 1102.7176
a range +16800 +23400 2012 1001 1102.7022
a range +2400 +23400 2014 1001 1102.7176
a range +23400 +24000 1001 9001 0.0601
a range +23400 +24000 9001 1001 0.0601
a range +24000 +25200 1001 9001 0.0601
a range +24000 +25200 9001 1001 0.0601
a range +25800 +26400 1001 9001 0.0601
a range +25800 +26400 9001 1001 0.0601
a range +18600 +29400 1002 2010 1103.0808
a range +18600 +29400 2010 1002 1103.0808
a range +13200 +30000 2011 9002 1102.9591
a range +13200 +30000 9002 2011 1102.9591
a range +18000 +31200 1003 2003 1102.9929
a range +10800 +31200 1003 2015 1102.986
a range +18000 +31200 2003 1003 1102.9929
a range +10800 +31200 2015 1003 1102.986
a range +26400 +32400 1001 2007 1103.5406
a range +31200 +32400 1003 9001 0.0592
a range +26400 +32400 2007 1001 1103.5406
a range +31200 +32400 9001 1003 0.0592
a range +29400 +33000 1002 2001 1103.2961
a range +29400 +33000 2001 1002 1103.2961
a range +32400 +34200 1003 9001 0.0592
a range +32400 +34200 9001 1003 0.0592
a range +18600 +34800 1002 2005 1103.2943
a range +18600 +34800 2005 1002 1103.2943
a range +26400 +36600 1001 2023 1103.6003
a range +26400 +36600 2023 1001 1103.6003
a range +34800 +39000 1002 2019 1103.2975
a range +33000 +39000 1002 2007 1103.2911
a range +33000 +39000 2007 1002 1103.2911
a range +34800 +39000 2019 1002 1103.2975
a range +39000 +39600 1002 9001 0.0618
a range +39000 +39600 9001 1002 0.0618
a range +39600 +40800 1002 9001 0.0618
a range +39600 +40800 9001 1002 0.0618
a range +40800 +42000 1002 9001 0.0618
a range +40800 +42000 9001 1002 0.0618
a range +30000 +42600 2024 9002 1103.385
a range +30000 +42600 9002 2024 1103.385
a range +30000 +45600 2013 9003 1103.5084
a range +30000 +45600 9003 2013 1103.5084
a range +36600 +46800 1001 2016 1103.5797
a range +32400 +46800 1001 2018 1103.6199
a range +36600 +46800 2016 1001 1103.5797
a range +32400 +46800 2018 1001 1103.6199
a range +46800 +47400 1001 9001 0.061
a range +34200 +47400 1003 2021 1103.9029
a range +34200 +47400 2021 1003 1103.9029
a range +46800 +47400 9001 1001 0.061
a range +47400 +48600 1001 9001 0.061
a range +47400 +48600 9001 1001 0.061
a range +47400 +49200 1003 2016 1103.9234
a range +47400 +49200 2016 1003 1103.9234
a range +49200 +49800 1001 9002 0.0591
a range +49200 +49800 9002 1001 0.0591
a range +42000 +51000 1002 2019 1104.2054
a range +42000 +51000 2019 1002 1104.2054
a range +45600 +51600 2024 9003 1104.7671
a range +45600 +51600 9003 2024 1104.7671
a range +49800 +52200 1001 2010 1103.8739
a range +49800 +52200 2010 1001 1103.8739
a range +34200 +54600 1003 2006 1103.9008
a range +49200 +54600 1003 2007 1103.8794
a range +34200 +54600 2006 1003 1103.9008
a range +49200 +54600 2007 1003 1103.8794
a range +42000 +55200 1002 2009 1104.0465
a range +42000 +55200 2009 1002 1104.0465
a range +49800 +56400 1001 2020 1104.5216
a range +51000 +56400 1002 2015 1104.078
a range +51000 +56400 2015 1002 1104.078
a range +49800 +56400 2020 1001 1104.5216
a range +55200 +57600 1003 9002 0.0616
a range +55200 +57600 9002 1003 0.0616
a range +51600 +58200 2008 9003 1104.1567
a range +51600 +58200 9003 2008 1104.1567
a range +56400 +59400 1002 2007 1104.2109
a range +56400 +59400 2007 1002 1104.2109
a range +52200 +59400 2021 9001 1105.055
a range +52200 +59400 9001 2021 1105.055
a range +55200 +62400 1002 2022 1104.1988
a range +59400 +62400 1002 2008 1104.2262
a range +57600 +62400 1003 2002 1104.8281
a range +57600 +62400 2002 1003 1104.8281
a range +59400 +62400 2008 1002 1104.2262
a range +55200 +62400 2022 1002 1104.1988
a range +62400 +64200 1002 9002 0.0608
a range +62400 +64200 9002 1002 0.0608
a range +64200 +64800 1002 9002 0.0608
a range +57600 +64800 1003 2018 1104.3958
a range +57600 +64800 2018 1003 1104.3958
a range +64200 +64800 9002 1002 0.0608
a range +64800 +65400 1002 9002 0.0608
a range +64800 +65400 9002 1002 0.0608
a range +52200 +68400 1001 2012 1104.47
a range +52200 +68400 2012 1001 1104.47
a range +62400 +70200 1003 2011 1104.5483
a range +62400 +70200 2011 1003 1104.5483
a range +68400 +70800 1001 2007 1104.5338
a range +56400 +70800 1001 2003 1104.5173
a range +56400 +70800 2003 1001 1104.5173
a range +68400 +70800 2007 1001 1104.5338
a range +58200 +70800 2017 9003 1104.5835
a range +58200 +70800 9003 2017 1104.5835
a range +65400 +71400 1002 2021 1105.1255
a range +65400 +71400 2021 1002 1105.1255
a range +70800 +73200 1001 9002 0.0599
a range +70800 +73200 9002 1001 0.0599
a range +65400 +75000 1002 2024 1105.1307
a range +65400 +75000 2024 1002 1105.1307
a range +73200 +75600 1001 2014 1104.9194
a range +73200 +75600 2014 1001 1104.9194
a range +70200 +76200 1003 2010 1104.7404
a range +70200 +76200 2010 1003 1104.7404
a range +71400 +78000 1002 2023 1105.1221
a range +71400 +78000 2023 1002 1105.1221
a range +76200 +78600 1003 2009 1104.8495
a range +64800 +78600 1003 2008 1104.8286
a range +70800 +78600 2005 9003 1104.7749
a range +64800 +78600 2008 1003 1104.8286
a range +76200 +78600 2009 1003 1104.8495
a range +70800 +78600 9003 2005 1104.7749
a range +79800 +81000 1003 9003 0.0551
a range +79800 +81000 9003 1003 0.0551
a range +59400 +83400 2004 9001 1105.0469
a range +59400 +83400 9001 2004 1105.0469
a range +75600 +86400 1001 2017 1105.0137
a range +73200 +86400 1001 2020 1105.0357
a range +78000 +86400 1002 2001 1105.1388
a range +75000 +86400 1002 2022 1105.1195
a range +81000 +86400 1003 2002 1105.0619
a range +81000 +86400 1003 2010 1105.0303
a range +78000 +86400 2001 1002 1105.1388
a range +81000 +86400 2002 1003 1105.0619
a range +83400 +86400 2009 9001 1105.0509
a range +81000 +86400 2010 1003 1105.0303
a range +78600 +86400 2013 9002 1105.0877
a range +75600 +86400 2017 1001 1105.0137
a range +73200 +86400 2020 1001 1105.0357
a range +75000 +86400 2022 1002 1105.1195
a range +83400 +86400 9001 2009 1105.0509
a range +78600 +86400 9002 2013 1105.0877
