a contact +100 +200 2002 9002 1000
a contact +100 +200 2022 2041 1000
a contact +100 +200 2023 2040 1000
a contact +100 +200 2040 2023 1000
a contact +100 +200 2041 2022 1000
a contact +100 +200 9002 2002 1000
a contact +200 +300 2022 2040 1000
a contact +200 +300 2029 2032 1000
a contact +200 +300 2032 2029 1000
a contact +200 +300 2040 2022 1000
a contact +300 +400 2022 2038 1000
a contact +300 +400 2038 2022 1000
a contact +400 +500 2008 2054 1000
a contact +400 +500 2054 2008 1000
a contact +500 +600 2012 2050 1000
a contact +500 +600 2050 2012 1000
a contact +600 +700 2004 2049 1000
a contact +600 +700 2049 2004 1000
a contact +700 +800 1003 2056 1000
a contact +700 +800 2056 1003 1000
a contact +900 +1000 2026 2039 1000
a contact +900 +1000 2039 2026 1000
a contact +1800 +1900 2015 2026 1000
a contact +1800 +1900 2026 2015 1000
a contact +2100 +2200 2023 2034 1000
a contact +2100 +2200 2025 2036 1000
a contact +2100 +2200 2034 2023 1000
a contact +2100 +2200 2036 2025 1000
a contact +2200 +2400 2027 2037 1000
a contact +2200 +2400 2037 2027 1000
a contact +2400 +2500 2015 2052 1000
a contact +2400 +2500 2052 2015 1000
a contact +2900 +3000 1003 2007 1000
a contact +2900 +3000 2007 1003 1000
a contact +3000 +3100 2025 2052 1000
a contact +3000 +3100 2029 2056 1000
a contact +3000 +3100 2052 2025 1000
a contact +3000 +3100 2056 2029 1000
a contact +3100 +3200 2026 2052 1000
a contact +3100 +3200 2052 2026 1000
a contact +3200 +3300 2015 2030 1000
a contact +3200 +3300 2030 2015 1000
a contact +3200 +3300 2041 2056 1000
a contact +3200 +3300 2056 2041 1000
a contact +3600 +3700 2006 2052 1000
a contact +3600 +3700 2052 2006 1000
a contact +3700 +3900 2002 2040 1000
a contact +3700 +3900 2040 2002 1000
a contact +3700 +3900 2045 2056 1000
a contact +3700 +3900 2056 2045 1000
a contact +3900 +4000 2010 2034 1000
a contact +3900 +4000 2034 2010 1000
a contact +4200 +4300 1002 2036 1000
a contact +4200 +4300 2036 1002 1000
a contact +4300 +4400 1004 2020 1000
a contact +4300 +4400 2020 1004 1000
a contact +4300 +4400 2023 2025 1000
a contact +4300 +4400 2025 2023 1000
a contact +4300 +4400 2042 2054 1000
a contact +4300 +4400 2054 2042 1000
a contact +4600 +4800 2042 2045 1000
a contact +4600 +4800 2045 2042 1000
a contact +4900 +5100 2008 2011 1000
a contact +4900 +5100 2011 2008 1000
a contact +5100 +5200 2054 2056 1000
a contact +5100 +5200 2056 2054 1000
a contact +5300 +5400 2012 2025 1000
a contact +5300 +5400 2025 2012 1000
a contact +5500 +5600 2053 2054 1000
a contact +5500 +5600 2054 2053 1000
a contact +5600 +5700 1002 2033 1000
a contact +5600 +5700 2010 2026 1000
a contact +5600 +5700 2026 2010 1000
a contact +5600 +5700 2033 1002 1000
a contact +6100 +6200 2056 9001 1000
a contact +6100 +6200 9001 2056 1000
a contact +6600 +6700 1002 2011 1000
a contact +6600 +6700 2011 1002 1000
a contact +6700 +6900 2020 2046 1000
a contact +6700 +6900 2046 2020 1000
a contact +7100 +7200 2018 2045 1000
a contact +7100 +7200 2045 2018 1000
a contact +7200 +7300 2012 2053 1000
a contact +7200 +7300 2053 2012 1000
a contact +7200 +7400 1002 2044 1000
a contact +7200 +7400 2044 1002 1000
a contact +7400 +7500 2034 2035 1000
a contact +7400 +7500 2035 2034 1000
a contact +7600 +7800 2030 2041 1000
a contact +7600 +7800 2041 2030 1000
a contact +7800 +7900 2017 2041 1000
a contact +7800 +7900 2041 2017 1000
a contact +7900 +8000 2020 9002 1000
a contact +7900 +8000 9002 2020 1000
a contact +8200 +8300 1001 2017 1000
a contact +8200 +8300 2017 1001 1000
a contact +9000 +9100 2005 2035 1000
a contact +9000 +9100 2021 2023 1000
a contact +9000 +9100 2023 2021 1000
a contact +9000 +9100 2035 2005 1000
a contact +9700 +9800 2022 2036 1000
a contact +9700 +9800 2036 2022 1000
a contact +9800 +9900 2009 2019 1000
a contact +9800 +9900 2019 2009 1000
a contact +9900 +10000 1003 2044 1000
a contact +9900 +10000 2044 1003 1000
a contact +10200 +10300 1002 2027 1000
a contact +10200 +10300 2011 2012 1000
a contact +10200 +10300 2012 2011 1000
a contact +10200 +10300 2027 1002 1000
a contact +10300 +10400 2016 2017 1000
a contact +10300 +10400 2017 2016 1000
a contact +10400 +10500 1004 2033 1000
a contact +10400 +10500 2033 1004 1000
a contact +10400 +10500 2039 9002 1000
a contact +10400 +10500 9002 2039 1000
a contact +10600 +10700 2004 2035 1000
a contact +10600 +10700 2035 2004 1000
a contact +10800 +10900 2007 2010 1000
a contact +10800 +10900 2010 2007 1000
a contact +10800 +10900 2012 2022 1000
a contact +10800 +10900 2022 2012 1000
a contact +10900 +11000 2048 2050 1000
a contact +10900 +11000 2050 2048 1000
a contact +10900 +11000 2055 2056 1000
a contact +10900 +11000 2056 2055 1000
a contact +11000 +11100 1002 2046 1000
a contact +11000 +11100 2046 1002 1000
a contact +11100 +11200 2007 2009 1000
a contact +11100 +11200 2009 2007 1000
a contact +11300 +11400 1003 2054 1000
a contact +11300 +11400 2054 1003 1000
a contact +12300 +12400 2025 2028 1000
a contact +12300 +12400 2028 2025 1000
a contact +12400 +12500 1001 2017 1000
a contact +12400 +12500 1004 2002 1000
a contact +12400 +12500 2002 1004 1000
a contact +12400 +12500 2011 2049 1000
a contact +12400 +12500 2017 1001 1000
a contact +12400 +12500 2039 2041 1000
a contact +12400 +12500 2041 2039 1000
a contact +12400 +12500 2049 2011 1000
a contact +12600 +12700 2021 2031 1000
a contact +12600 +12700 2031 2021 1000
a contact +12700 +12800 2025 2036 1000
a contact +12700 +12800 2036 2025 1000
a contact +13100 +13200 2010 2019 1000
a contact +13100 +13200 2019 2010 1000
a contact +13300 +13400 2030 2056 1000
a contact +13300 +13400 2037 2047 1000
a contact +13300 +13400 2047 2037 1000
a contact +13300 +13400 2056 2030 1000
a contact +13400 +13500 2006 2018 1000
a contact +13400 +13500 2018 2006 1000
a contact +14000 +14100 2005 2037 1000
a contact +14000 +14100 2037 2005 1000
a contact +14200 +14300 2012 2023 1000
a contact +14200 +14300 2023 2012 1000
a contact +14400 +14500 2013 2031 1000
a contact +14400 +14500 2031 2013 1000
a contact +14600 +14700 2012 2026 1000
a contact +14600 +14700 2026 2012 1000
a contact +14700 +14800 1004 2024 1000
a contact +14700 +14800 2007 2036 1000
a contact +14700 +14800 2024 1004 1000
a contact +14700 +14800 2036 2007 1000
a contact +15100 +15200 1003 2033 1000
a contact +15100 +15200 2033 1003 1000
a contact +15600 +15700 2049 2051 1000
a contact +15600 +15700 2051 2049 1000
a contact +15900 +16000 2008 2018 1000
a contact +15900 +16000 2018 2008 1000
a contact +16000 +16100 2010 2011 1000
a contact +16000 +16100 2011 2010 1000
a contact +16200 +16300 2001 2030 1000
a contact +16200 +16300 2030 2001 1000
a contact +16200 +16300 2031 2042 1000
a contact +16200 +16300 2042 2031 1000
a contact +16300 +16400 2009 2036 1000
a contact +16300 +16400 2036 2009 1000
a contact +16400 +16500 2006 2045 1000
a contact +16400 +16500 2045 2006 1000
a contact +16700 +16900 1003 9001 1000
a contact +16700 +16900 9001 1003 1000
a contact +17000 +17100 2009 9002 1000
a contact +17000 +17100 9002 2009 1000
a contact +17200 +17300 2028 2038 1000
a contact +17200 +17300 2038 2028 1000
a contact +17400 +17500 2036 2038 1000
a contact +17400 +17500 2038 2036 1000
a contact +18200 +18300 2021 2032 1000
a contact +18200 +18300 2032 2021 1000
a contact +18300 +18400 2005 2030 1000
a contact +18300 +18400 2030 2005 1000
a contact +18700 +18800 2008 2042 1000
a contact +18700 +18800 2042 2008 1000
a contact +18800 +18900 2041 2052 1000
a contact +18800 +18900 2052 2041 1000
a contact +19000 +19100 2003 2015 1000
a contact +19000 +19100 2015 2003 1000
a contact +19100 +19200 2002 2015 1000
a contact +19100 +19200 2015 2002 1000
a contact +19400 +19500 2011 2038 1000
a contact +19400 +19500 2038 2011 1000
a contact +19400 +19500 2044 2047 1000
a contact +19400 +19500 2047 2044 1000
a contact +19600 +19700 2009 2039 1000
a contact +19600 +19700 2039 2009 1000
a contact +19700 +19800 2007 2039 1000
a contact +19700 +19800 2039 2007 1000
a contact +19800 +19900 2014 2026 1000
a contact +19800 +19900 2026 2014 1000
a contact +19900 +20000 2004 2022 1000
a contact +19900 +20000 2022 2004 1000
a contact +20000 +20100 2020 2055 1000
a contact +20000 +20100 2055 2020 1000
a contact +20100 +20200 2046 2047 1000
a contact +20100 +20200 2047 2046 1000
a contact +20200 +20300 2013 2049 1000
a contact +20200 +20300 2049 2013 1000
a contact +20500 +20600 2018 2032 1000
a contact +20500 +20600 2032 2018 1000
a contact +20900 +21000 2030 2042 1000
a contact +20900 +21000 2042 2030 1000
a contact +21000 +21100 2020 2037 1000
a contact +21000 +21100 2037 2020 1000
a contact +21400 +21500 2021 2036 1000
a contact +21400 +21500 2022 2038 1000
a contact +21400 +21500 2036 2021 1000
a contact +21400 +21500 2038 2022 1000
a contact +21900 +22000 2021 2049 1000
a contact +21900 +22000 2049 2021 1000
a contact +22600 +22700 2013 2027 1000
a contact +22600 +22700 2027 2013 1000
a contact +23000 +23100 2011 2041 1000
a contact +23000 +23100 2024 2027 1000
a contact +23000 +23100 2027 2024 1000
a contact +23000 +23100 2041 2011 1000
a contact +23000 +23100 2042 2056 1000
a contact +23000 +23100 2056 2042 1000
a contact +23100 +23200 2019 2048 1000
a contact +23100 +23200 2048 2019 1000
a contact +23200 +23300 2032 9002 1000
a contact +23200 +23300 9002 2032 1000
a contact +23500 +23600 1002 2004 1000
a contact +23500 +23600 2004 1002 1000
a contact +23500 +23600 2033 2048 1000
a contact +23500 +23600 2048 2033 1000
a contact +23700 +23800 2028 2056 1000
a contact +23700 +23800 2056 2028 1000
a contact +23800 +23900 2005 2029 1000
a contact +23800 +23900 2029 2005 1000
a contact +24100 +24200 2005 2031 1000
a contact +24100 +24200 2031 2005 1000
a contact +24200 +24400 2027 2054 1000
a contact +24200 +24400 2054 2027 1000
a contact +24600 +24700 2008 2037 1000
a contact +24600 +24700 2037 2008 1000
a contact +24700 +24800 2019 2022 1000
a contact +24700 +24800 2022 2019 1000
a contact +24800 +25000 2008 2020 1000
a contact +24800 +25000 2012 2024 1000
a contact +24800 +25000 2020 2008 1000
a contact +24800 +25000 2024 2012 1000
a contact +25300 +25400 2027 2052 1000
a contact +25300 +25400 2052 2027 1000
a contact +25600 +25700 2006 2021 1000
a contact +25600 +25700 2021 2006 1000
a contact +25700 +25800 2005 2035 1000
a contact +25700 +25800 2035 2005 1000
a contact +26000 +26100 1003 2042 1000
a contact +26000 +26100 2042 1003 1000
a contact +26200 +26300 2016 2049 1000
a contact +26200 +26300 2018 2041 1000
a contact +26200 +26300 2041 2018 1000
a contact +26200 +26300 2049 2016 1000
a contact +26400 +26500 2009 2010 1000
a contact +26400 +26500 2010 2009 1000
a contact +27000 +27100 2006 2007 1000
a contact +27000 +27100 2007 2006 1000
a contact +27200 +27300 2039 2042 1000
a contact +27200 +27300 2042 2039 1000
a contact +28300 +28400 2039 2055 1000
a contact +28300 +28400 2055 2039 1000
a contact +28500 +28600 2041 2042 1000
a contact +28500 +28600 2042 2041 1000
a contact +28700 +28800 2003 2051 1000
a contact +28700 +28800 2051 2003 1000
a contact +28900 +29000 2013 2023 1000
a contact +28900 +29000 2017 2027 1000
a contact +28900 +29000 2023 2013 1000
a contact +28900 +29000 2027 2017 1000
a contact +28900 +29000 2039 2052 1000
a contact +28900 +29000 2052 2039 1000
a contact +29000 +29100 2017 2029 1000
a contact +29000 +29100 2029 2017 1000
a contact +29100 +29200 2020 2048 1000
a contact +29100 +29200 2026 2029 1000
a contact +29100 +29200 2029 2026 1000
a contact +29100 +29200 2048 2020 1000
a contact +29200 +29300 2030 2047 1000
a contact +29200 +29300 2047 2030 1000
a contact +29900 +30000 2024 9003 1000
a contact +29900 +30000 2025 2050 1000
a contact +29900 +30000 2050 2025 1000
a contact +29900 +30000 9003 2024 1000
a contact +30100 +30200 2022 2053 1000
a contact +30100 +30200 2053 2022 1000
a contact +30200 +30300 2001 2037 1000
a contact +30200 +30300 2027 2046 1000
a contact +30200 +30300 2037 2001 1000
a contact +30200 +30300 2046 2027 1000
a contact +30300 +30400 2006 2039 1000
a contact +30300 +30400 2022 2048 1000
a contact +30300 +30400 2039 2006 1000
a contact +30300 +30400 2048 2022 1000
a contact +30400 +30500 2029 2053 1000
a contact +30400 +30500 2053 2029 1000
a contact +30500 +30600 2006 2020 1000
a contact +30500 +30600 2020 2006 1000
a contact +30700 +30800 2032 2055 1000
a contact +30700 +30800 2036 9003 1000
a contact +30700 +30800 2055 2032 1000
a contact +30700 +30800 9003 2036 1000
a contact +30800 +30900 1001 2008 1000
a contact +30800 +30900 2008 1001 1000
a contact +30800 +30900 2019 2055 1000
a contact +30800 +30900 2055 2019 1000
a contact +31000 +31100 1003 2030 1000
a contact +31000 +31100 2030 1003 1000
a contact +31200 +31300 2036 2039 1000
a contact +31200 +31300 2039 2036 1000
a contact +31800 +31900 2021 2038 1000
a contact +31800 +31900 2038 2021 1000
a contact +31900 +32000 1002 2028 1000
a contact +31900 +32000 2028 1002 1000
a contact +32100 +32200 1004 2009 1000
a contact +32100 +32200 2009 1004 1000
a contact +32100 +32200 2026 2040 1000
a contact +32100 +32200 2040 2026 1000
a contact +32400 +32500 2001 2056 1000
a contact +32400 +32500 2056 2001 1000
a contact +33100 +33200 1003 2012 1000
a contact +33100 +33200 2012 1003 1000
a contact +33200 +33300 2009 2037 1000
a contact +33200 +33300 2037 2009 1000
a contact +33800 +33900 1003 2049 1000
a contact +33800 +33900 2049 1003 1000
a contact +33900 +34000 1003 2044 1000
a contact +33900 +34000 2044 1003 1000
a contact +34100 +34200 1001 2044 1000
a contact +34100 +34200 2044 1001 1000
a contact +34300 +34400 2013 2029 1000
a contact +34300 +34400 2029 2013 1000
a contact +34400 +34500 2021 9003 1000
a contact +34400 +34500 9003 2021 1000
a contact +34600 +34700 1003 2047 1000
a contact +34600 +34700 2047 1003 1000
a contact +35000 +35100 2008 2040 1000
a contact +35000 +35100 2040 2008 1000
a contact +35100 +35200 2007 2045 1000
a contact +35100 +35200 2014 2032 1000
a contact +35100 +35200 2032 2014 1000
a contact +35100 +35200 2045 2007 1000
a contact +35400 +35500 2007 2046 1000
a contact +35400 +35500 2046 2007 1000
a contact +35500 +35600 1004 2032 1000
a contact +35500 +35600 2032 1004 1000
a contact +35800 +35900 1004 2037 1000
a contact +35800 +35900 2037 1004 1000
a contact +36000 +36100 1004 2001 1000
a contact +36000 +36100 2001 1004 1000
a contact +36000 +36100 2004 2005 1000
a contact +36000 +36100 2005 2004 1000
a contact +36300 +36400 2030 2041 1000
a contact +36300 +36400 2033 2036 1000
a contact +36300 +36400 2036 2033 1000
a contact +36300 +36400 2041 2030 1000
a contact +36400 +36500 1002 2042 1000
a contact +36400 +36500 2042 1002 1000
a contact +36700 +36800 2003 2013 1000
a contact +36700 +36800 2013 2003 1000
a contact +36900 +37000 2003 2051 1000
a contact +36900 +37000 2051 2003 1000
a contact +37700 +37800 2013 2014 1000
a contact +37700 +37800 2014 2013 1000
a contact +38300 +38400 1001 2040 1000
a contact +38300 +38400 2040 1001 1000
a contact +38900 +39000 1003 2014 1000
a contact +38900 +39000 2014 1003 1000
a contact +39100 +39200 2037 2048 1000
a contact +39100 +39200 2048 2037 1000
a contact +39600 +39700 2003 2033 1000
a contact +39600 +39700 2033 2003 1000
a contact +39700 +39800 2007 2024 1000
a contact +39700 +39800 2024 2007 1000
a contact +39800 +39900 2012 2021 1000
a contact +39800 +39900 2021 2012 1000
a contact +39900 +40000 2012 2035 1000
a contact +39900 +40000 2035 2012 1000
a contact +40000 +40100 2016 2045 1000
a contact +40000 +40100 2045 2016 1000
a contact +40100 +40200 1003 2015 1000
a contact +40100 +40200 2015 1003 1000
a contact +40100 +40200 2022 2045 1000
a contact +40100 +40200 2045 2022 1000
a contact +40200 +40300 1004 2015 1000
a contact +40200 +40300 2015 1004 1000
a contact +40500 +40600 2006 2034 1000
a contact +40500 +40600 2009 2037 1000
a contact +40500 +40600 2034 2006 1000
a contact +40500 +40600 2037 2009 1000
a contact +40500 +40600 2044 2054 1000
a contact +40500 +40600 2054 2044 1000
a contact +40800 +40900 2002 2021 1000
a contact +40800 +40900 2021 2002 1000
a contact +41000 +41100 2027 2043 1000
a contact +41000 +41100 2043 2027 1000
a contact +41100 +41200 2003 2005 1000
a contact +41100 +41200 2005 2003 1000
a contact +41200 +41300 2022 2040 1000
a contact +41200 +41300 2040 2022 1000
a contact +41400 +41500 2023 2042 1000
a contact +41400 +41500 2042 2023 1000
a contact +41500 +41600 2001 9002 1000
a contact +41500 +41600 9002 2001 1000
a contact +41900 +42000 2026 2040 1000
a contact +41900 +42000 2040 2026 1000
a contact +42100 +42200 2018 2052 1000
a contact +42100 +42200 2052 2018 1000
a contact +42600 +42800 1004 2002 1000
a contact +42600 +42800 2002 1004 1000
a contact +42900 +43000 2021 2034 1000
a contact +42900 +43000 2034 2021 1000
a contact +43000 +43100 2023 2024 1000
a contact +43000 +43100 2024 2023 1000
a contact +43200 +43300 2021 2024 1000
a contact +43200 +43300 2024 2021 1000
a contact +43300 +43400 2008 2011 1000
a contact +43300 +43400 2011 2008 1000
a contact +43300 +43400 2023 2034 1000
a contact +43300 +43400 2034 2023 1000
a contact +43500 +43600 2020 9003 1000
a contact +43500 +43600 9003 2020 1000
a contact +44100 +44300 2003 9003 1000
a contact +44100 +44300 9003 2003 1000
a contact +44300 +44400 2041 2053 1000
a contact +44300 +44400 2053 2041 1000
a contact +44400 +44600 2009 2043 1000
a contact +44400 +44600 2043 2009 1000
a contact +44700 +44800 2008 2019 1000
a contact +44700 +44800 2009 2024 1000
a contact +44700 +44800 2019 2008 1000
a contact +44700 +44800 2024 2009 1000
a contact +44800 +44900 2010 2024 1000
a contact +44800 +44900 2024 2010 1000
a contact +45200 +45300 2040 2055 1000
a contact +45200 +45300 2055 2040 1000
a contact +45500 +45600 2008 2038 1000
a contact +45500 +45600 2038 2008 1000
a contact +45600 +45700 1002 2017 1000
a contact +45600 +45700 2001 2016 1000
a contact +45600 +45700 2016 2001 1000
a contact +45600 +45700 2017 1002 1000
a contact +45600 +45700 2028 2053 1000
a contact +45600 +45700 2053 2028 1000
a contact +45700 +45800 2024 2055 1000
a contact +45700 +45800 2055 2024 1000
a contact +45800 +45900 2024 2054 1000
a contact +45800 +45900 2054 2024 1000
a contact +45900 +46000 2024 2053 1000
a contact +45900 +46000 2037 2055 1000
a contact +45900 +46000 2053 2024 1000
a contact +45900 +46000 2055 2037 1000
a contact +46000 +46100 1001 2010 1000
a contact +46000 +46100 2003 2019 1000
a contact +46000 +46100 2010 1001 1000
a contact +46000 +46100 2019 2003 1000
a contact +46200 +46300 2008 2032 1000
a contact +46200 +46300 2032 2008 1000
a contact +46600 +46700 2030 2045 1000
a contact +46600 +46700 2045 2030 1000
a contact +46700 +46800 2031 2045 1000
a contact +46700 +46800 2045 2031 1000
a contact +47000 +47100 2011 2046 1000
a contact +47000 +47100 2046 2011 1000
a contact +47100 +47300 2020 2022 1000
a contact +47100 +47300 2022 2020 1000
a contact +47400 +47500 2019 2021 1000
a contact +47400 +47500 2021 2019 1000
a contact +47600 +47700 2014 2050 1000
a contact +47600 +47700 2050 2014 1000
a contact +48000 +48200 2020 2031 1000
a contact +48000 +48200 2031 2020 1000
a contact +48400 +48500 2023 2035 1000
a contact +48400 +48500 2035 2023 1000
a contact +48500 +48600 2022 2039 1000
a contact +48500 +48600 2039 2022 1000
a contact +48600 +48700 2024 2025 1000
a contact +48600 +48700 2025 2024 1000
a contact +48700 +48800 2001 2054 1000
a contact +48700 +48800 2054 2001 1000
a contact +49200 +49300 2030 2033 1000
a contact +49200 +49300 2033 2030 1000
a contact +49400 +49500 2008 2045 1000
a contact +49400 +49500 2012 2049 1000
a contact +49400 +49500 2025 2056 1000
a contact +49400 +49500 2045 2008 1000
a contact +49400 +49500 2049 2012 1000
a contact +49400 +49500 2056 2025 1000
a contact +50200 +50300 1004 2030 1000
a contact +50200 +50300 2030 1004 1000
a contact +50300 +50400 2008 2023 1000
a contact +50300 +50400 2023 2008 1000
a contact +50400 +50600 2003 2030 1000
a contact +50400 +50600 2030 2003 1000
a contact +50700 +50800 2012 2026 1000
a contact +50700 +50800 2026 2012 1000
a contact +50900 +51000 1001 2054 1000
a contact +50900 +51000 2054 1001 1000
a contact +51200 +51300 2029 2053 1000
a contact +51200 +51300 2053 2029 1000
a contact +51500 +51600 2033 2052 1000
a contact +51500 +51600 2052 2033 1000
a contact +51600 +51700 2030 2047 1000
a contact +51600 +51700 2047 2030 1000
a contact +51800 +51900 1002 2048 1000
a contact +51800 +51900 2048 1002 1000
a contact +51900 +52000 2010 2026 1000
a contact +51900 +52000 2015 2034 1000
a contact +51900 +52000 2026 2010 1000
a contact +51900 +52000 2034 2015 1000
a contact +52200 +52300 1003 2024 1000
a contact +52200 +52300 2024 1003 1000
a contact +52300 +52400 2034 9001 1000
a contact +52300 +52400 9001 2034 1000
a contact +52600 +52700 2022 2023 1000
a contact +52600 +52700 2023 2022 1000
a contact +52700 +52800 1003 2041 1000
a contact +52700 +52800 2032 2034 1000
a contact +52700 +52800 2034 2032 1000
a contact +52700 +52800 2041 1003 1000
a contact +53100 +53200 1002 2025 1000
a contact +53100 +53200 2025 1002 1000
a contact +53300 +53400 2024 2036 1000
a contact +53300 +53400 2026 2038 1000
a contact +53300 +53400 2036 2024 1000
a contact +53300 +53400 2038 2026 1000
a contact +53400 +53500 2020 2034 1000
a contact +53400 +53500 2034 2020 1000
a contact +53600 +53700 2001 2013 1000
a contact +53600 +53700 2013 2001 1000
a contact +54000 +54100 1001 2038 1000
a contact +54000 +54100 2038 1001 1000
a contact +54200 +54300 2010 2020 1000
a contact +54200 +54300 2020 2010 1000
a contact +54300 +54400 2016 2048 1000
a contact +54300 +54400 2045 2047 1000
a contact +54300 +54400 2047 2045 1000
a contact +54300 +54400 2048 2016 1000
a contact +54500 +54600 1003 2038 1000
a contact +54500 +54600 2038 1003 1000
a contact +54800 +54900 1004 9002 1000
a contact +54800 +54900 9002 1004 1000
a contact +54900 +55000 2014 2023 1000
a contact +54900 +55000 2023 2014 1000
a contact +55100 +55200 2006 2019 1000
a contact +55100 +55200 2019 2006 1000
a contact +55200 +55300 2013 2042 1000
a contact +55200 +55300 2042 2013 1000
a contact +55400 +55500 2033 9001 1000
a contact +55400 +55500 9001 2033 1000
a contact +55500 +55600 2004 2019 1000
a contact +55500 +55600 2019 2004 1000
a contact +55700 +55800 2031 2048 1000
a contact +55700 +55800 2048 2031 1000
a contact +55900 +56000 2011 2022 1000
a contact +55900 +56000 2022 2011 1000
a contact +55900 +56000 2031 2055 1000
a contact +55900 +56000 2055 2031 1000
a contact +56300 +56400 2004 2036 1000
a contact +56300 +56400 2026 2044 1000
a contact +56300 +56400 2036 2004 1000
a contact +56300 +56400 2044 2026 1000
a contact +56600 +56700 2023 2053 1000
a contact +56600 +56700 2053 2023 1000
a contact +56900 +57000 2029 2048 1000
a contact +56900 +57000 2048 2029 1000
a contact +57000 +57100 1002 2009 1000
a contact +57000 +57100 2009 1002 1000
a contact +57100 +57200 1004 2008 1000
a contact +57100 +57200 2008 1004 1000
a contact +57200 +57300 2029 2044 1000
a contact +57200 +57300 2044 2029 1000
a contact +57800 +57900 2004 2050 1000
a contact +57800 +57900 2006 2056 1000
a contact +57800 +57900 2007 2053 1000
a contact +57800 +57900 2050 2004 1000
a contact +57800 +57900 2053 2007 1000
a contact +57800 +57900 2056 2006 1000
a contact +58000 +58100 2027 2042 1000
a contact +58000 +58100 2042 2027 1000
a contact +58100 +58200 2029 2039 1000
a contact +58100 +58200 2039 2029 1000
a contact +58200 +58300 1002 2020 1000
a contact +58200 +58300 2019 2035 1000
a contact +58200 +58300 2020 1002 1000
a contact +58200 +58300 2035 2019 1000
a contact +58500 +58600 2004 2047 1000
a contact +58500 +58600 2047 2004 1000
a contact +58600 +58700 2015 2038 1000
a contact +58600 +58700 2038 2015 1000
a contact +58900 +59000 1003 9002 1000
a contact +58900 +59000 2050 2051 1000
a contact +58900 +59000 2051 2050 1000
a contact +58900 +59000 9002 1003 1000
a contact +59100 +59200 1002 2029 1000
a contact +59100 +59200 2029 1002 1000
a contact +59200 +59300 1001 2027 1000
a contact +59200 +59300 2012 2013 1000
a contact +59200 +59300 2013 2012 1000
a contact +59200 +59300 2027 1001 1000
a contact +59200 +59300 2030 2046 1000
a contact +59200 +59300 2046 2030 1000
a contact +59400 +59500 1004 2041 1000
a contact +59400 +59500 2028 2044 1000
a contact +59400 +59500 2041 1004 1000
a contact +59400 +59500 2044 2028 1000
a contact +59500 +59600 2017 2044 1000
a contact +59500 +59600 2044 2017 1000
a contact +59700 +59800 1004 2034 1000
a contact +59700 +59800 2010 2047 1000
a contact +59700 +59800 2034 1004 1000
a contact +59700 +59800 2036 9003 1000
a contact +59700 +59800 2047 2010 1000
a contact +59700 +59800 9003 2036 1000
a contact +60000 +60100 2017 2045 1000
a contact +60000 +60100 2045 2017 1000
a contact +60300 +60400 2010 2041 1000
a contact +60300 +60400 2041 2010 1000
a contact +60400 +60500 2019 2047 1000
a contact +60400 +60500 2040 9003 1000
a contact +60400 +60500 2047 2019 1000
a contact +60400 +60500 9003 2040 1000
a contact +60700 +60800 2035 2052 1000
a contact +60700 +60800 2052 2035 1000
a contact +60800 +60900 2010 2026 1000
a contact +60800 +60900 2026 2010 1000
a contact +60900 +61000 1002 2044 1000
a contact +60900 +61000 2044 1002 1000
a contact +61000 +61100 2008 2025 1000
a contact +61000 +61100 2025 2008 1000
a contact +61200 +61300 2006 2034 1000
a contact +61200 +61300 2010 2038 1000
a contact +61200 +61300 2034 2006 1000
a contact +61200 +61300 2038 2010 1000
a contact +61400 +61500 2012 2036 1000
a contact +61400 +61500 2036 2012 1000
a contact +61400 +61500 2041 2052 1000
a contact +61400 +61500 2052 2041 1000
a contact +61500 +61600 1004 2018 1000
a contact +61500 +61600 2018 1004 1000
a contact +61600 +61700 1002 2053 1000
a contact +61600 +61700 1003 2018 1000
a contact +61600 +61700 2004 2023 1000
a contact +61600 +61700 2018 1003 1000
a contact +61600 +61700 2023 2004 1000
a contact +61600 +61700 2053 1002 1000
a contact +61900 +62000 1003 2014 1000
a contact +61900 +62000 2014 1003 1000
a contact +62000 +62100 2008 2040 1000
a contact +62000 +62100 2009 2025 1000
a contact +62000 +62100 2020 2035 1000
a contact +62000 +62100 2025 2009 1000
a contact +62000 +62100 2035 2020 1000
a contact +62000 +62100 2040 2008 1000
a contact +62200 +62300 1004 2052 1000
a contact +62200 +62300 2052 1004 1000
a contact +62500 +62700 2020 2021 1000
a contact +62500 +62700 2021 2020 1000
a contact +62700 +62800 2019 2022 1000
a contact +62700 +62800 2020 2046 1000
a contact +62700 +62800 2022 2019 1000
a contact +62700 +62800 2046 2020 1000
a contact +62800 +63000 2018 2049 1000
a contact +62800 +63000 2049 2018 1000
a contact +63200 +63300 2002 2052 1000
a contact +63200 +63300 2052 2002 1000
a contact +63600 +63700 2016 2050 1000
a contact +63600 +63700 2050 2016 1000
a contact +63900 +64000 2037 2040 1000
a contact +63900 +64000 2040 2037 1000
a contact +64000 +64100 2019 2020 1000
a contact +64000 +64100 2020 2019 1000
a contact +64100 +64200 1001 2033 1000
a contact +64100 +64200 2010 2056 1000
a contact +64100 +64200 2021 2034 1000
a contact +64100 +64200 2033 1001 1000
a contact +64100 +64200 2034 2021 1000
a contact +64100 +64200 2056 2010 1000
a contact +64200 +64300 2010 2049 1000
a contact +64200 +64300 2014 2053 1000
a contact +64200 +64300 2019 2021 1000
a contact +64200 +64300 2021 2019 1000
a contact +64200 +64300 2049 2010 1000
a contact +64200 +64300 2053 2014 1000
a contact +64400 +64500 2015 2018 1000
a contact +64400 +64500 2018 2015 1000
a contact +64500 +64600 2015 2050 1000
a contact +64500 +64600 2050 2015 1000
a contact +64500 +64600 2051 2053 1000
a contact +64500 +64600 2053 2051 1000
a contact +64600 +64800 2024 2027 1000
a contact +64600 +64800 2026 2042 1000
a contact +64600 +64800 2027 2024 1000
a contact +64600 +64800 2042 2026 1000
a contact +64800 +64900 1001 2019 1000
a contact +64800 +64900 2019 1001 1000
a contact +64900 +65000 2028 2042 1000
a contact +64900 +65000 2042 2028 1000
a contact +65200 +65300 1001 2038 1000
a contact +65200 +65300 2038 1001 1000
a contact +65500 +65700 2005 2022 1000
a contact +65500 +65700 2022 2005 1000
a contact +65800 +65900 2013 2027 1000
a contact +65800 +65900 2027 2013 1000
a contact +65800 +65900 2034 2045 1000
a contact +65800 +65900 2045 2034 1000
a contact +66000 +66100 2035 2053 1000
a contact +66000 +66100 2053 2035 1000
a contact +66400 +66500 2042 9001 1000
a contact +66400 +66500 9001 2042 1000
a contact +66500 +66600 2007 2020 1000
a contact +66500 +66600 2014 2029 1000
a contact +66500 +66600 2020 2007 1000
a contact +66500 +66600 2029 2014 1000
a contact +66700 +66800 2013 2025 1000
a contact +66700 +66800 2025 2013 1000
a contact +66800 +66900 2029 2047 1000
a contact +66800 +66900 2047 2029 1000
a contact +66900 +67000 1002 1003 1000
a contact +66900 +67000 1003 1002 1000
a contact +67000 +67100 2014 2046 1000
a contact +67000 +67100 2018 2050 1000
a contact +67000 +67100 2022 2054 1000
a contact +67000 +67100 2046 2014 1000
a contact +67000 +67100 2050 2018 1000
a contact +67000 +67100 2054 2022 1000
a contact +67300 +67400 2014 2040 1000
a contact +67300 +67400 2038 2052 1000
a contact +67300 +67400 2040 2014 1000
a contact +67300 +67400 2052 2038 1000
a contact +67700 +67800 2008 2032 1000
a contact +67700 +67800 2018 2020 1000
a contact +67700 +67800 2020 2018 1000
a contact +67700 +67800 2032 2008 1000
a contact +67800 +67900 2042 2054 1000
a contact +67800 +67900 2054 2042 1000
a contact +67900 +68100 2014 2032 1000
a contact +67900 +68100 2032 2014 1000
a contact +68200 +68400 2006 2038 1000
a contact +68200 +68400 2038 2006 1000
a contact +68500 +68600 2007 2034 1000
a contact +68500 +68600 2017 2019 1000
a contact +68500 +68600 2019 2017 1000
a contact +68500 +68600 2034 2007 1000
a contact +68800 +68900 2027 2029 1000
a contact +68800 +68900 2029 2027 1000
a contact +68900 +69000 2023 2024 1000
a contact +68900 +69000 2024 2023 1000
a contact +68900 +69000 2037 2039 1000
a contact +68900 +69000 2039 2037 1000
a contact +69000 +69100 1001 2051 1000
a contact +69000 +69100 1002 2055 1000
a contact +69000 +69100 2023 9001 1000
a contact +69000 +69100 2051 1001 1000
a contact +69000 +69100 2055 1002 1000
a contact +69000 +69100 9001 2023 1000
a contact +69100 +69200 1004 2047 1000
a contact +69100 +69200 2047 1004 1000
a contact +69200 +69300 1004 2055 1000
a contact +69200 +69300 2055 1004 1000
a contact +69300 +69400 2013 2053 1000
a contact +69300 +69400 2053 2013 1000
a contact +69400 +69500 2011 2053 1000
a contact +69400 +69500 2053 2011 1000
a contact +69600 +69700 2011 2049 1000
a contact +69600 +69700 2049 2011 1000
a contact +69700 +69900 2024 2033 1000
a contact +69700 +69900 2033 2024 1000
a contact +70000 +70200 1001 2032 1000
a contact +70000 +70200 1002 2036 1000
a contact +70000 +70200 2032 1001 1000
a contact +70000 +70200 2036 1002 1000
a contact +70000 +70200 2053 2054 1000
a contact +70000 +70200 2054 2053 1000
a contact +70600 +70800 2030 2042 1000
a contact +70600 +70800 2042 2030 1000
a contact +70800 +70900 2052 2053 1000
a contact +70800 +70900 2053 2052 1000
a contact +71000 +71100 2001 2011 1000
a contact +71000 +71100 2011 2001 1000
a contact +71400 +71500 2037 2053 1000
a contact +71400 +71500 2053 2037 1000
a contact +72100 +72200 2018 2043 1000
a contact +72100 +72200 2043 2018 1000
a contact +72600 +72700 1001 1004 1000
a contact +72600 +72700 1004 1001 1000
a contact +72600 +72700 2034 9001 1000
a contact +72600 +72700 9001 2034 1000
a contact +73200 +73300 2023 2055 1000
a contact +73200 +73300 2055 2023 1000
a contact +73400 +73500 2024 2055 1000
a contact +73400 +73500 2055 2024 1000
a contact +73600 +73700 2007 2051 1000
a contact +73600 +73700 2051 2007 1000
a contact +73700 +73800 2019 2033 1000
a contact +73700 +73800 2033 2019 1000
a contact +74400 +74500 1004 2024 1000
a contact +74400 +74500 2024 1004 1000
a contact +74500 +74600 2010 2054 1000
a contact +74500 +74600 2038 2040 1000
a contact +74500 +74600 2040 2038 1000
a contact +74500 +74600 2054 2010 1000
a contact +74700 +74800 2001 2048 1000
a contact +74700 +74800 2048 2001 1000
a contact +74900 +75000 2022 2040 1000
a contact +74900 +75000 2040 2022 1000
a contact +75400 +75500 2023 2038 1000
a contact +75400 +75500 2038 2023 1000
a contact +75500 +75600 2006 2009 1000
a contact +75500 +75600 2009 2006 1000
a contact +75500 +75600 2020 2030 1000
a contact +75500 +75600 2030 2020 1000
a contact +75900 +76000 2011 2013 1000
a contact +75900 +76000 2013 2011 1000
a contact +76000 +76100 2036 2055 1000
a contact +76000 +76100 2055 2036 1000
a contact +76100 +76200 2006 2055 1000
a contact +76100 +76200 2055 2006 1000
a contact +76700 +76800 2014 2027 1000
a contact +76700 +76800 2027 2014 1000
a contact +77200 +77300 2014 2045 1000
a contact +77200 +77300 2045 2014 1000
a contact +77400 +77500 2018 2028 1000
a contact +77400 +77500 2023 2051 1000
a contact +77400 +77500 2028 2018 1000
a contact +77400 +77500 2051 2023 1000
a contact +77500 +77600 2016 2044 1000
a contact +77500 +77600 2044 2016 1000
a contact +78000 +78100 1001 2019 1000
a contact +78000 +78100 2019 1001 1000
a contact +78100 +78200 2005 2053 1000
a contact +78100 +78200 2012 2028 1000
a contact +78100 +78200 2028 2012 1000
a contact +78100 +78200 2041 2056 1000
a contact +78100 +78200 2053 2005 1000
a contact +78100 +78200 2056 2041 1000
a contact +78200 +78300 2042 2053 1000
a contact +78200 +78300 2053 2042 1000
a contact +78300 +78400 2039 2051 1000
a contact +78300 +78400 2051 2039 1000
a contact +78700 +78800 2011 2046 1000
a contact +78700 +78800 2046 2011 1000
a contact +78800 +78900 2010 2027 1000
a contact +78800 +78900 2025 2047 1000
a contact +78800 +78900 2027 2010 1000
a contact +78800 +78900 2047 2025 1000
a contact +79100 +79200 2029 2039 1000
a contact +79100 +79200 2039 2029 1000
a contact +79200 +79300 2022 2025 1000
a contact +79200 +79300 2025 2022 1000
a contact +79600 +79700 2031 2042 1000
a contact +79600 +79700 2042 2031 1000
a contact +79700 +79800 2007 2051 1000
a contact +79700 +79800 2051 2007 1000
a contact +80000 +80100 2016 2053 1000
a contact +80000 +80100 2053 2016 1000
a contact +80200 +80300 2034 2037 1000
a contact +80200 +80300 2037 2034 1000
a contact +80300 +80400 1002 2035 1000
a contact +80300 +80400 2035 1002 1000
a contact +80900 +81000 1004 2045 1000
a contact +80900 +81000 2045 1004 1000
a contact +81000 +81100 2008 2009 1000
a contact +81000 +81100 2009 2008 1000
a contact +81000 +81100 2021 2036 1000
a contact +81000 +81100 2036 2021 1000
a contact +81100 +81200 1002 2049 1000
a contact +81100 +81200 2011 2014 1000
a contact +81100 +81200 2014 2011 1000
a contact +81100 +81200 2049 1002 1000
a contact +81300 +81400 2029 2054 1000
a contact +81300 +81400 2054 2029 1000
a contact +81500 +81600 2031 2041 1000
a contact +81500 +81600 2041 2031 1000
a contact +81700 +81800 2011 2040 1000
a contact +81700 +81800 2040 2011 1000
a contact +81800 +81900 1004 2020 1000
a contact +81800 +81900 2006 2031 1000
a contact +81800 +81900 2020 1004 1000
a contact +81800 +81900 2031 2006 1000
a contact +81800 +81900 2033 2056 1000
a contact +81800 +81900 2056 2033 1000
a contact +82100 +82200 2029 2047 1000
a contact +82100 +82200 2047 2029 1000
a contact +82400 +82500 2004 2016 1000
a contact +82400 +82500 2008 2020 1000
a contact +82400 +82500 2016 2004 1000
a contact +82400 +82500 2020 2008 1000
a contact +82900 +83000 2036 2048 1000
a contact +82900 +83000 2048 2036 1000
a contact +83300 +83400 2014 2024 1000
a contact +83300 +83400 2024 2014 1000
a contact +83700 +83800 2020 2023 1000
a contact +83700 +83800 2023 2020 1000
a contact +83800 +83900 1001 2005 1000
a contact +83800 +83900 1004 2054 1000
a contact +83800 +83900 2004 2029 1000
a contact +83800 +83900 2005 1001 1000
a contact +83800 +83900 2029 2004 1000
a contact +83800 +83900 2054 1004 1000
a contact +83900 +84000 2010 2026 1000
a contact +83900 +84000 2014 2030 1000
a contact +83900 +84000 2026 2010 1000
a contact +83900 +84000 2030 2014 1000
a contact +84100 +84200 2013 2036 1000
a contact +84100 +84200 2036 2013 1000
a contact +84200 +84300 2010 2033 1000
a contact +84200 +84300 2014 2037 1000
a contact +84200 +84300 2033 2010 1000
a contact +84200 +84300 2037 2014 1000
a contact +84700 +84800 2012 2031 1000
a contact +84700 +84800 2031 2012 1000
a contact +84800 +84900 2021 2052 1000
a contact +84800 +84900 2052 2021 1000
a contact +84900 +85000 2007 2031 1000
a contact +84900 +85000 2031 2007 1000
a contact +85100 +85200 2003 2036 1000
a contact +85100 +85200 2036 2003 1000
a contact +85200 +85300 2030 2054 1000
a contact +85200 +85300 2033 2051 1000
a contact +85200 +85300 2051 2033 1000
a contact +85200 +85300 2054 2030 1000
a contact +85300 +85400 1003 2044 1000
a contact +85300 +85400 2044 1003 1000
a contact +86000 +86100 2012 2050 1000
a contact +86000 +86100 2050 2012 1000

a range +100 +200 2002 9002 1103.3717
a range +100 +200 2022 2041 0.0431
a range +100 +200 2023 2040 0.0284
a range +100 +200 2040 2023 0.0284
a range +100 +200 2041 2022 0.0431
a range +100 +200 9002 2002 1103.3717
a range +200 +300 2022 2040 0.0361
a range +200 +300 2029 2032 0.0303
a range +200 +300 2032 2029 0.0303
a range +200 +300 2040 2022 0.0361
a range +300 +400 2022 2038 0.0245
a range +300 +400 2038 2022 0.0245
a range +400 +500 2008 2054 0.0431
a range +400 +500 2054 2008 0.0431
a range +500 +600 2012 2050 0.0431
a range +500 +600 2050 2012 0.0431
a range +600 +700 2004 2049 0.0432
a range +600 +700 2049 2004 0.0432
a range +700 +800 1003 2056 1102.231
a range +700 +800 2056 1003 1102.231
a range +900 +1000 2026 2039 0.0106
a range +900 +1000 2039 2026 0.0106
a range +1800 +1900 2015 2026 0.0303
a range +1800 +1900 2026 2015 0.0303
a range +2100 +2200 2023 2034 0.0336
a range +2100 +2200 2025 2036 0.0305
a range +2100 +2200 2034 2023 0.0336
a range +2100 +2200 2036 2025 0.0305
a range +2200 +2400 2027 2037 0.0351
a range +2200 +2400 2037 2027 0.0351
a range +2400 +2500 2015 2052 0.043
a range +2400 +2500 2052 2015 0.043
a range +2900 +3000 1003 2007 1102.2495
a range +2900 +3000 2007 1003 1102.2495
a range +3000 +3100 2025 2052 0.0116
a range +3000 +3100 2029 2056 0.0211
a range +3000 +3100 2052 2025 0.0116
a range +3000 +3100 2056 2029 0.0211
a range +3100 +3200 2026 2052 0.0149
a range +3100 +3200 2052 2026 0.0149
a range +3200 +3300 2015 2030 0.0197
a range +3200 +3300 2030 2015 0.0197
a range +3200 +3300 2041 2056 0.0192
a range +3200 +3300 2056 2041 0.0192
a range +3600 +3700 2006 2052 0.0432
a range +3600 +3700 2052 2006 0.0432
a range +3700 +3900 2002 2040 0.0431
a range +3700 +3900 2040 2002 0.0431
a range +3700 +3900 2045 2056 0.0303
a range +3700 +3900 2056 2045 0.0303
a range +3900 +4000 2010 2034 0.043
a range +3900 +4000 2034 2010 0.043
a range +4200 +4300 1002 2036 1102.1017
a range +4200 +4300 2036 1002 1102.1017
a range +4300 +4400 1004 2020 1101.9924
a range +4300 +4400 2020 1004 1101.9924
a range +4300 +4400 2023 2025 0.0211
a range +4300 +4400 2025 2023 0.0211
a range +4300 +4400 2042 2054 0.024
a range +4300 +4400 2054 2042 0.024
a range +4600 +4800 2042 2045 0.0327
a range +4600 +4800 2045 2042 0.0327
a range +4900 +5100 2008 2011 0.0303
a range +4900 +5100 2011 2008 0.0303
a range +5100 +5200 2054 2056 0.0211
a range +5100 +5200 2056 2054 0.0211
a range +5300 +5400 2012 2025 0.0106
a range +5300 +5400 2025 2012 0.0106
a range +5500 +5600 2053 2054 0.0108
a range +5500 +5600 2054 2053 0.0108
a range +5600 +5700 1002 2033 1102.3203
a range +5600 +5700 2010 2026 0.0195
a range +5600 +5700 2026 2010 0.0195
a range +5600 +5700 2033 1002 1102.3203
a range +6100 +6200 2056 9001 1102.3306
a range +6100 +6200 9001 2056 1102.3306
a range +6600 +6700 1002 2011 1102.4532
a range +6600 +6700 2011 1002 1102.4532
a range +6700 +6900 2020 2046 0.0203
a range +6700 +6900 2046 2020 0.0203
a range +7100 +7200 2018 2045 0.0116
a range +7100 +7200 2045 2018 0.0116
a range +7200 +7300 2012 2053 0.0434
a range +7200 +7300 2053 2012 0.0434
a range +7200 +7400 1002 2044 1102.4698
a range +7200 +7400 2044 1002 1102.4698
a range +7400 +7500 2034 2035 0.0108
a range +7400 +7500 2035 2034 0.0108
a range +7600 +7800 2030 2041 0.0303
a range +7600 +7800 2041 2030 0.0303
a range +7800 +7900 2017 2041 0.0395
a range +7800 +7900 2041 2017 0.0395
a range +7900 +8000 2020 9002 1102.2127
a range +7900 +8000 9002 2020 1102.2127
a range +8200 +8300 1001 2017 1102.345
a range +8200 +8300 2017 1001 1102.345
a range +9000 +9100 2005 2035 0.03
a range +9000 +9100 2021 2023 0.0211
a range +9000 +9100 2023 2021 0.0211
a range +9000 +9100 2035 2005 0.03
a range +9700 +9800 2022 2036 0.0182
a range +9700 +9800 2036 2022 0.0182
a range +9800 +9900 2009 2019 0.0394
a range +9800 +9900 2019 2009 0.0394
a range +9900 +10000 1003 2044 1102.2333
a range +9900 +10000 2044 1003 1102.2333
a range +10200 +10300 1002 2027 1102.4584
a range +10200 +10300 2011 2012 0.0108
a range +10200 +10300 2012 2011 0.0108
a range +10200 +10300 2027 1002 1102.4584
a range +10300 +10400 2016 2017 0.0108
a range +10300 +10400 2017 2016 0.0108
a range +10400 +10500 1004 2033 1102.2824
a range +10400 +10500 2033 1004 1102.2824
a range +10400 +10500 2039 9002 1102.7001
a range +10400 +10500 9002 2039 1102.7001
a range +10600 +10700 2004 2035 0.0296
a range +10600 +10700 2035 2004 0.0296
a range +10800 +10900 2007 2010 0.0303
a range +10800 +10900 2010 2007 0.0303
a range +10800 +10900 2012 2022 0.0361
a range +10800 +10900 2022 2012 0.0361
a range +10900 +11000 2048 2050 0.0211
a range +10900 +11000 2050 2048 0.0211
a range +10900 +11000 2055 2056 0.0108
a range +10900 +11000 2056 2055 0.0108
a range +11000 +11100 1002 2046 1102.4696
a range +11000 +11100 2046 1002 1102.4696
a range +11100 +11200 2007 2009 0.0211
a range +11100 +11200 2009 2007 0.0211
a range +11300 +11400 1003 2054 1102.2347
a range +11300 +11400 2054 1003 1102.2347
a range +12300 +12400 2025 2028 0.0303
a range +12300 +12400 2028 2025 0.0303
a range +12400 +12500 1001 2017 1102.345
a range +12400 +12500 1004 2002 1102.9085
a range +12400 +12500 2002 1004 1102.9085
a range +12400 +12500 2011 2049 0.0433
a range +12400 +12500 2017 1001 1102.345
a range +12400 +12500 2039 2041 0.0211
a range +12400 +12500 2041 2039 0.0211
a range +12400 +12500 2049 2011 0.0433
a range +12600 +12700 2021 2031 0.0359
a range +12600 +12700 2031 2021 0.0359
a range +12700 +12800 2025 2036 0.0305
a range +12700 +12800 2036 2025 0.0305
a range +13100 +13200 2010 2019 0.0431
a range +13100 +13200 2019 2010 0.0431
a range +13300 +13400 2030 2056 0.0267
a range +13300 +13400 2037 2047 0.0394
a range +13300 +13400 2047 2037 0.0394
a range +13300 +13400 2056 2030 0.0267
a range +13400 +13500 2006 2018 0.0209
a range +13400 +13500 2018 2006 0.0209
a range +14000 +14100 2005 2037 0.0431
a range +14000 +14100 2037 2005 0.0431
a range +14200 +14300 2012 2023 0.0284
a range +14200 +14300 2023 2012 0.0284
a range +14400 +14500 2013 2031 0.043
a range +14400 +14500 2031 2013 0.043
a range +14600 +14700 2012 2026 0.0075
a range +14600 +14700 2026 2012 0.0075
a range +14700 +14800 1004 2024 1102.7658
a range +14700 +14800 2007 2036 0.0352
a range +14700 +14800 2024 1004 1102.7658
a range +14700 +14800 2036 2007 0.0352
a range +15100 +15200 1003 2033 1103.0622
a range +15100 +15200 2033 1003 1103.0622
a range +15600 +15700 2049 2051 0.0211
a range +15600 +15700 2051 2049 0.0211
a range +15900 +16000 2008 2018 0.0378
a range +15900 +16000 2018 2008 0.0378
a range +16000 +16100 2010 2011 0.0108
a range +16000 +16100 2011 2010 0.0108
a range +16200 +16300 2001 2030 0.0323
a range +16200 +16300 2030 2001 0.0323
a range +16200 +16300 2031 2042 0.0303
a range +16200 +16300 2042 2031 0.0303
a range +16300 +16400 2009 2036 0.0323
a range +16300 +16400 2036 2009 0.0323
a range +16400 +16500 2006 2045 0.0432
a range +16400 +16500 2045 2006 0.0432
a range +16700 +16900 1003 9001 0.0591
a range +16700 +16900 9001 1003 0.0591
a range +17000 +17100 2009 9002 1103.3723
a range +17000 +17100 9002 2009 1103.3723
a range +17200 +17300 2028 2038 0.0359
a range +17200 +17300 2038 2028 0.0359
a range +17400 +17500 2036 2038 0.0211
a range +17400 +17500 2038 2036 0.0211
a range +18200 +18300 2021 2032 0.0301
a range +18200 +18300 2032 2021 0.0301
a range +18300 +18400 2005 2030 0.0231
a range +18300 +18400 2030 2005 0.0231
a range +18700 +18800 2008 2042 0.0433
a range +18700 +18800 2042 2008 0.0433
a range +18800 +18900 2041 2052 0.0282
a range +18800 +18900 2052 2041 0.0282
a range +19000 +19100 2003 2015 0.0245
a range +19000 +19100 2015 2003 0.0245
a range +19100 +19200 2002 2015 0.0197
a range +19100 +19200 2015 2002 0.0197
a range +19400 +19500 2011 2038 0.0116
a range +19400 +19500 2038 2011 0.0116
a range +19400 +19500 2044 2047 0.0303
a range +19400 +19500 2047 2044 0.0303
a range +19600 +19700 2009 2039 0.0218
a range +19600 +19700 2039 2009 0.0218
a range +19700 +19800 2007 2039 0.043
a range +19700 +19800 2039 2007 0.043
a range +19800 +19900 2014 2026 0.024
a range +19800 +19900 2026 2014 0.024
a range +19900 +20000 2004 2022 0.0378
a range +19900 +20000 2022 2004 0.0378
a range +20000 +20100 2020 2055 0.043
a range +20000 +20100 2055 2020 0.043
a range +20100 +20200 2046 2047 0.0108
a range +20100 +20200 2047 2046 0.0108
a range +20200 +20300 2013 2049 0.0435
a range +20200 +20300 2049 2013 0.0435
a range +20500 +20600 2018 2032 0.0006
a range +20500 +20600 2032 2018 0.0006
a range +20900 +21000 2030 2042 0.0211
a range +20900 +21000 2042 2030 0.0211
a range +21000 +21100 2020 2037 0.0336
a range +21000 +21100 2037 2020 0.0336
a range +21400 +21500 2021 2036 0.0211
a range +21400 +21500 2022 2038 0.0245
a range +21400 +21500 2036 2021 0.0211
a range +21400 +21500 2038 2022 0.0245
a range +21900 +22000 2021 2049 0.0332
a range +21900 +22000 2049 2021 0.0332
a range +22600 +22700 2013 2027 0.0141
a range +22600 +22700 2027 2013 0.0141
a range +23000 +23100 2011 2041 0.0203
a range +23000 +23100 2024 2027 0.0303
a range +23000 +23100 2027 2024 0.0303
a range +23000 +23100 2041 2011 0.0203
a range +23000 +23100 2042 2056 0.018
a range +23000 +23100 2056 2042 0.018
a range +23100 +23200 2019 2048 0.0219
a range +23100 +23200 2048 2019 0.0219
a range +23200 +23300 2032 9002 1103.0755
a range +23200 +23300 9002 2032 1103.0755
a range +23500 +23600 1002 2004 1103.3688
a range +23500 +23600 2004 1002 1103.3688
a range +23500 +23600 2033 2048 0.0149
a range +23500 +23600 2048 2033 0.0149
a range +23700 +23800 2028 2056 0.0332
a range +23700 +23800 2056 2028 0.0332
a range +23800 +23900 2005 2029 0.0431
a range +23800 +23900 2029 2005 0.0431
a range +24100 +24200 2005 2031 0.0149
a range +24100 +24200 2031 2005 0.0149
a range +24200 +24400 2027 2054 0.0219
a range +24200 +24400 2054 2027 0.0219
a range +24600 +24700 2008 2037 0.0323
a range +24600 +24700 2037 2008 0.0323
a range +24700 +24800 2019 2022 0.0303
a range +24700 +24800 2022 2019 0.0303
a range +24800 +25000 2008 2020 0.0265
a range +24800 +25000 2012 2024 0.0195
a range +24800 +25000 2020 2008 0.0265
a range +24800 +25000 2024 2012 0.0195
a range +25300 +25400 2027 2052 0.0224
a range +25300 +25400 2052 2027 0.0224
a range +25600 +25700 2006 2021 0.0192
a range +25600 +25700 2021 2006 0.0192
a range +25700 +25800 2005 2035 0.03
a range +25700 +25800 2035 2005 0.03
a range +26000 +26100 1003 2042 1103.1435
a range +26000 +26100 2042 1003 1103.1435
a range +26200 +26300 2016 2049 0.0433
a range +26200 +26300 2018 2041 0.043
a range +26200 +26300 2041 2018 0.043
a range +26200 +26300 2049 2016 0.0433
a range +26400 +26500 2009 2010 0.0108
a range +26400 +26500 2010 2009 0.0108
a range +27000 +27100 2006 2007 0.0108
a range +27000 +27100 2007 2006 0.0108
a range +27200 +27300 2039 2042 0.0303
a range +27200 +27300 2042 2039 0.0303
a range +28300 +28400 2039 2055 0.0209
a range +28300 +28400 2055 2039 0.0209
a range +28500 +28600 2041 2042 0.0108
a range +28500 +28600 2042 2041 0.0108
a range +28700 +28800 2003 2051 0.0436
a range +28700 +28800 2051 2003 0.0436
a range +28900 +29000 2013 2023 0.0351
a range +28900 +29000 2017 2027 0.038
a range +28900 +29000 2023 2013 0.0351
a range +28900 +29000 2027 2017 0.038
a range +28900 +29000 2039 2052 0.0111
a range +28900 +29000 2052 2039 0.0111
a range +29000 +29100 2017 2029 0.0245
a range +29000 +29100 2029 2017 0.0245
a range +29100 +29200 2020 2048 0.0261
a range +29100 +29200 2026 2029 0.0325
a range +29100 +29200 2029 2026 0.0325
a range +29100 +29200 2048 2020 0.0261
a range +29200 +29300 2030 2047 0.0284
a range +29200 +29300 2047 2030 0.0284
a range +29900 +30000 2024 9003 1103.4612
a range +29900 +30000 2025 2050 0.0309
a range +29900 +30000 2050 2025 0.0309
a range +29900 +30000 9003 2024 1103.4612
a range +30100 +30200 2022 2053 0.0309
a range +30100 +30200 2053 2022 0.0309
a range +30200 +30300 2001 2037 0.0434
a range +30200 +30300 2027 2046 0.0431
a range +30200 +30300 2037 2001 0.0434
a range +30200 +30300 2046 2027 0.0431
a range +30300 +30400 2006 2039 0.0431
a range +30300 +30400 2022 2048 0.0364
a range +30300 +30400 2039 2006 0.0431
a range +30300 +30400 2048 2022 0.0364
a range +30400 +30500 2029 2053 0.0378
a range +30400 +30500 2053 2029 0.0378
a range +30500 +30600 2006 2020 0.0141
a range +30500 +30600 2020 2006 0.0141
a range +30700 +30800 2032 2055 0.0431
a range +30700 +30800 2036 9003 1103.5823
a range +30700 +30800 2055 2032 0.0431
a range +30700 +30800 9003 2036 1103.5823
a range +30800 +30900 1001 2008 1103.6062
a range +30800 +30900 2008 1001 1103.6062
a range +30800 +30900 2019 2055 0.0432
a range +30800 +30900 2055 2019 0.0432
a range +31000 +31100 1003 2030 1103.1615
a range +31000 +31100 2030 1003 1103.1615
a range +31200 +31300 2036 2039 0.0303
a range +31200 +31300 2039 2036 0.0303
a range +31800 +31900 2021 2038 0.0327
a range +31800 +31900 2038 2021 0.0327
a range +31900 +32000 1002 2028 1103.3105
a range +31900 +32000 2028 1002 1103.3105
a range +32100 +32200 1004 2009 1103.8208
a range +32100 +32200 2009 1004 1103.8208
a range +32100 +32200 2026 2040 0.0075
a range +32100 +32200 2040 2026 0.0075
a range +32400 +32500 2001 2056 0.0432
a range +32400 +32500 2056 2001 0.0432
a range +33100 +33200 1003 2012 1103.1371
a range +33100 +33200 2012 1003 1103.1371
a range +33200 +33300 2009 2037 0.0276
a range +33200 +33300 2037 2009 0.0276
a range +33800 +33900 1003 2049 1103.1471
a range +33800 +33900 2049 1003 1103.1471
a range +33900 +34000 1003 2044 1103.1516
a range +33900 +34000 2044 1003 1103.1516
a range +34100 +34200 1001 2044 1103.5889
a range +34100 +34200 2044 1001 1103.5889
a range +34300 +34400 2013 2029 0.0364
a range +34300 +34400 2029 2013 0.0364
a range +34400 +34500 2021 9003 1103.6166
a range +34400 +34500 9003 2021 1103.6166
a range +34600 +34700 1003 2047 1103.1529
a range +34600 +34700 2047 1003 1103.1529
a range +35000 +35100 2008 2040 0.043
a range +35000 +35100 2040 2008 0.043
a range +35100 +35200 2007 2045 0.043
a range +35100 +35200 2014 2032 0.0431
a range +35100 +35200 2032 2014 0.0431
a range +35100 +35200 2045 2007 0.043
a range +35400 +35500 2007 2046 0.0431
a range +35400 +35500 2046 2007 0.0431
a range +35500 +35600 1004 2032 1103.8453
a range +35500 +35600 2032 1004 1103.8453
a range +35800 +35900 1004 2037 1103.5209
a range +35800 +35900 2037 1004 1103.5209
a range +36000 +36100 1004 2001 1103.8235
a range +36000 +36100 2001 1004 1103.8235
a range +36000 +36100 2004 2005 0.0108
a range +36000 +36100 2005 2004 0.0108
a range +36300 +36400 2030 2041 0.0303
a range +36300 +36400 2033 2036 0.0303
a range +36300 +36400 2036 2033 0.0303
a range +36300 +36400 2041 2030 0.0303
a range +36400 +36500 1002 2042 1103.3301
a range +36400 +36500 2042 1002 1103.3301
a range +36700 +36800 2003 2013 0.038
a range +36700 +36800 2013 2003 0.038
a range +36900 +37000 2003 2051 0.0434
a range +36900 +37000 2051 2003 0.0434
a range +37700 +37800 2013 2014 0.0108
a range +37700 +37800 2014 2013 0.0108
a range +38300 +38400 1001 2040 1103.3898
a range +38300 +38400 2040 1001 1103.3898
a range +38900 +39000 1003 2014 1104.0623
a range +38900 +39000 2014 1003 1104.0623
a range +39100 +39200 2037 2048 0.0336
a range +39100 +39200 2048 2037 0.0336
a range +39600 +39700 2003 2033 0.0149
a range +39600 +39700 2033 2003 0.0149
a range +39700 +39800 2007 2024 0.0327
a range +39700 +39800 2024 2007 0.0327
a range +39800 +39900 2012 2021 0.043
a range +39800 +39900 2021 2012 0.043
a range +39900 +40000 2012 2035 0.0432
a range +39900 +40000 2035 2012 0.0432
a range +40000 +40100 2016 2045 0.0236
a range +40000 +40100 2045 2016 0.0236
a range +40100 +40200 1003 2015 1103.9834
a range +40100 +40200 2015 1003 1103.9834
a range +40100 +40200 2022 2045 0.0433
a range +40100 +40200 2045 2022 0.0433
a range +40200 +40300 1004 2015 1103.8225
a range +40200 +40300 2015 1004 1103.8225
a range +40500 +40600 2006 2034 0.0261
a range +40500 +40600 2009 2037 0.0276
a range +40500 +40600 2034 2006 0.0261
a range +40500 +40600 2037 2009 0.0276
a range +40500 +40600 2044 2054 0.038
a range +40500 +40600 2054 2044 0.038
a range +40800 +40900 2002 2021 0.0431
a range +40800 +40900 2021 2002 0.0431
a range +41000 +41100 2027 2043 0.0364
a range +41000 +41100 2043 2027 0.0364
a range +41100 +41200 2003 2005 0.0211
a range +41100 +41200 2005 2003 0.0211
a range +41200 +41300 2022 2040 0.0361
a range +41200 +41300 2040 2022 0.0361
a range +41400 +41500 2023 2042 0.0431
a range +41400 +41500 2042 2023 0.0431
a range +41500 +41600 2001 9002 1103.3763
a range +41500 +41600 9002 2001 1103.3763
a range +41900 +42000 2026 2040 0.0075
a range +41900 +42000 2040 2026 0.0075
a range +42100 +42200 2018 2052 0.0431
a range +42100 +42200 2052 2018 0.0431
a range +42600 +42800 1004 2002 1103.8281
a range +42600 +42800 2002 1004 1103.8281
a range +42900 +43000 2021 2034 0.0192
a range +42900 +43000 2034 2021 0.0192
a range +43000 +43100 2023 2024 0.0108
a range +43000 +43100 2024 2023 0.0108
a range +43200 +43300 2021 2024 0.0303
a range +43200 +43300 2024 2021 0.0303
a range +43300 +43400 2008 2011 0.0303
a range +43300 +43400 2011 2008 0.0303
a range +43300 +43400 2023 2034 0.0336
a range +43300 +43400 2034 2023 0.0336
a range +43500 +43600 2020 9003 1103.6661
a range +43500 +43600 9003 2020 1103.6661
a range +44100 +44300 2003 9003 1104.7599
a range +44100 +44300 9003 2003 1104.7599
a range +44300 +44400 2041 2053 0.0209
a range +44300 +44400 2053 2041 0.0209
a range +44400 +44600 2009 2043 0.0436
a range +44400 +44600 2043 2009 0.0436
a range +44700 +44800 2008 2019 0.0325
a range +44700 +44800 2009 2024 0.0157
a range +44700 +44800 2019 2008 0.0325
a range +44700 +44800 2024 2009 0.0157
a range +44800 +44900 2010 2024 0.0086
a range +44800 +44900 2024 2010 0.0086
a range +45200 +45300 2040 2055 0.0149
a range +45200 +45300 2055 2040 0.0149
a range +45500 +45600 2008 2038 0.0313
a range +45500 +45600 2038 2008 0.0313
a range +45600 +45700 1002 2017 1103.7818
a range +45600 +45700 2001 2016 0.0197
a range +45600 +45700 2016 2001 0.0197
a range +45600 +45700 2017 1002 1103.7818
a range +45600 +45700 2028 2053 0.0296
a range +45600 +45700 2053 2028 0.0296
a range +45700 +45800 2024 2055 0.0224
a range +45700 +45800 2055 2024 0.0224
a range +45800 +45900 2024 2054 0.0149
a range +45800 +45900 2054 2024 0.0149
a range +45900 +46000 2024 2053 0.0116
a range +45900 +46000 2037 2055 0.0351
a range +45900 +46000 2053 2024 0.0116
a range +45900 +46000 2055 2037 0.0351
a range +46000 +46100 1001 2010 1103.6066
a range +46000 +46100 2003 2019 0.0195
a range +46000 +46100 2010 1001 1103.6066
a range +46000 +46100 2019 2003 0.0195
a range +46200 +46300 2008 2032 0.043
a range +46200 +46300 2032 2008 0.043
a range +46600 +46700 2030 2045 0.0157
a range +46600 +46700 2045 2030 0.0157
a range +46700 +46800 2031 2045 0.0086
a range +46700 +46800 2045 2031 0.0086
a range +47000 +47100 2011 2046 0.0436
a range +47000 +47100 2046 2011 0.0436
a range +47100 +47300 2020 2022 0.0211
a range +47100 +47300 2022 2020 0.0211
a range +47400 +47500 2019 2021 0.0211
a range +47400 +47500 2021 2019 0.0211
a range +47600 +47700 2014 2050 0.0433
a range +47600 +47700 2050 2014 0.0433
a range +48000 +48200 2020 2031 0.0282
a range +48000 +48200 2031 2020 0.0282
a range +48400 +48500 2023 2035 0.0267
a range +48400 +48500 2035 2023 0.0267
a range +48500 +48600 2022 2039 0.0305
a range +48500 +48600 2039 2022 0.0305
a range +48600 +48700 2024 2025 0.0108
a range +48600 +48700 2025 2024 0.0108
a range +48700 +48800 2001 2054 0.0432
a range +48700 +48800 2054 2001 0.0432
a range +49200 +49300 2030 2033 0.0303
a range +49200 +49300 2033 2030 0.0303
a range +49400 +49500 2008 2045 0.0435
a range +49400 +49500 2012 2049 0.0433
a range +49400 +49500 2025 2056 0.0296
a range +49400 +49500 2045 2008 0.0435
a range +49400 +49500 2049 2012 0.0433
a range +49400 +49500 2056 2025 0.0296
a range +50200 +50300 1004 2030 1103.8323
a range +50200 +50300 2030 1004 1103.8323
a range +50300 +50400 2008 2023 0.0197
a range +50300 +50400 2023 2008 0.0197
a range +50400 +50600 2003 2030 0.0236
a range +50400 +50600 2030 2003 0.0236
a range +50700 +50800 2012 2026 0.0075
a range +50700 +50800 2026 2012 0.0075
a range +50900 +51000 1001 2054 1104.4987
a range +50900 +51000 2054 1001 1104.4987
a range +51200 +51300 2029 2053 0.0378
a range +51200 +51300 2053 2029 0.0378
a range +51500 +51600 2033 2052 0.0431
a range +51500 +51600 2052 2033 0.0431
a range +51600 +51700 2030 2047 0.0284
a range +51600 +51700 2047 2030 0.0284
a range +51800 +51900 1002 2048 1104.2776
a range +51800 +51900 2048 1002 1104.2776
a range +51900 +52000 2010 2026 0.0195
a range +51900 +52000 2015 2034 0.043
a range +51900 +52000 2026 2010 0.0195
a range +51900 +52000 2034 2015 0.043
a range +52200 +52300 1003 2024 1104.0438
a range +52200 +52300 2024 1003 1104.0438
a range +52300 +52400 2034 9001 1104.411
a range +52300 +52400 9001 2034 1104.411
a range +52600 +52700 2022 2023 0.0108
a range +52600 +52700 2023 2022 0.0108
a range +52700 +52800 1003 2041 1104.0702
a range +52700 +52800 2032 2034 0.0211
a range +52700 +52800 2034 2032 0.0211
a range +52700 +52800 2041 1003 1104.0702
a range +53100 +53200 1002 2025 1104.1853
a range +53100 +53200 2025 1002 1104.1853
a range +53300 +53400 2024 2036 0.0245
a range +53300 +53400 2026 2038 0.0195
a range +53300 +53400 2036 2024 0.0245
a range +53300 +53400 2038 2026 0.0195
a range +53400 +53500 2020 2034 0.0141
a range +53400 +53500 2034 2020 0.0141
a range +53600 +53700 2001 2013 0.0211
a range +53600 +53700 2013 2001 0.0211
a range +54000 +54100 1001 2038 1104.1932
a range +54000 +54100 2038 1001 1104.1932
a range +54200 +54300 2010 2020 0.0395
a range +54200 +54300 2020 2010 0.0395
a range +54300 +54400 2016 2048 0.043
a range +54300 +54400 2045 2047 0.0211
a range +54300 +54400 2047 2045 0.0211
a range +54300 +54400 2048 2016 0.043
a range +54500 +54600 1003 2038 1104.0441
a range +54500 +54600 2038 1003 1104.0441
a range +54800 +54900 1004 9002 0.0591
a range +54800 +54900 9002 1004 0.0591
a range +54900 +55000 2014 2023 0.043
a range +54900 +55000 2023 2014 0.043
a range +55100 +55200 2006 2019 0.0149
a range +55100 +55200 2019 2006 0.0149
a range +55200 +55300 2013 2042 0.0314
a range +55200 +55300 2042 2013 0.0314
a range +55400 +55500 2033 9001 1104.4641
a range +55400 +55500 9001 2033 1104.4641
a range +55500 +55600 2004 2019 0.0106
a range +55500 +55600 2019 2004 0.0106
a range +55700 +55800 2031 2048 0.0282
a range +55700 +55800 2048 2031 0.0282
a range +55900 +56000 2011 2022 0.0305
a range +55900 +56000 2022 2011 0.0305
a range +55900 +56000 2031 2055 0.0395
a range +55900 +56000 2055 2031 0.0395
a range +56300 +56400 2004 2036 0.0431
a range +56300 +56400 2026 2044 0.0431
a range +56300 +56400 2036 2004 0.0431
a range +56300 +56400 2044 2026 0.0431
a range +56600 +56700 2023 2053 0.0218
a range +56600 +56700 2053 2023 0.0218
a range +56900 +57000 2029 2048 0.0431
a range +56900 +57000 2048 2029 0.0431
a range +57000 +57100 1002 2009 1104.2888
a range +57000 +57100 2009 1002 1104.2888
a range +57100 +57200 1004 2008 1104.7235
a range +57100 +57200 2008 1004 1104.7235
a range +57200 +57300 2029 2044 0.0197
a range +57200 +57300 2044 2029 0.0197
a range +57800 +57900 2004 2050 0.043
a range +57800 +57900 2006 2056 0.0435
a range +57800 +57900 2007 2053 0.0431
a range +57800 +57900 2050 2004 0.043
a range +57800 +57900 2053 2007 0.0431
a range +57800 +57900 2056 2006 0.0435
a range +58000 +58100 2027 2042 0.0192
a range +58000 +58100 2042 2027 0.0192
a range +58100 +58200 2029 2039 0.038
a range +58100 +58200 2039 2029 0.038
a range +58200 +58300 1002 2020 1104.2749
a range +58200 +58300 2019 2035 0.024
a range +58200 +58300 2020 1002 1104.2749
a range +58200 +58300 2035 2019 0.024
a range +58500 +58600 2004 2047 0.0432
a range +58500 +58600 2047 2004 0.0432
a range +58600 +58700 2015 2038 0.0431
a range +58600 +58700 2038 2015 0.0431
a range +58900 +59000 1003 9002 0.0595
a range +58900 +59000 2050 2051 0.0108
a range +58900 +59000 2051 2050 0.0108
a range +58900 +59000 9002 1003 0.0595
a range +59100 +59200 1002 2029 1104.2651
a range +59100 +59200 2029 1002 1104.2651
a range +59200 +59300 1001 2027 1103.9905
a range +59200 +59300 2012 2013 0.0108
a range +59200 +59300 2013 2012 0.0108
a range +59200 +59300 2027 1001 1103.9905
a range +59200 +59300 2030 2046 0.0213
a range +59200 +59300 2046 2030 0.0213
a range +59400 +59500 1004 2041 1104.0665
a range +59400 +59500 2028 2044 0.0369
a range +59400 +59500 2041 1004 1104.0665
a range +59400 +59500 2044 2028 0.0369
a range +59500 +59600 2017 2044 0.0236
a range +59500 +59600 2044 2017 0.0236
a range +59700 +59800 1004 2034 1104.3896
a range +59700 +59800 2010 2047 0.0431
a range +59700 +59800 2034 1004 1104.3896
a range +59700 +59800 2036 9003 1104.3117
a range +59700 +59800 2047 2010 0.0431
a range +59700 +59800 9003 2036 1104.3117
a range +60000 +60100 2017 2045 0.016
a range +60000 +60100 2045 2017 0.016
a range +60300 +60400 2010 2041 0.0224
a range +60300 +60400 2041 2010 0.0224
a range +60400 +60500 2019 2047 0.0138
a range +60400 +60500 2040 9003 1104.1032
a range +60400 +60500 2047 2019 0.0138
a range +60400 +60500 9003 2040 1104.1032
a range +60700 +60800 2035 2052 0.0327
a range +60700 +60800 2052 2035 0.0327
a range +60800 +60900 2010 2026 0.0195
a range +60800 +60900 2026 2010 0.0195
a range +60900 +61000 1002 2044 1104.2719
a range +60900 +61000 2044 1002 1104.2719
a range +61000 +61100 2008 2025 0.0305
a range +61000 +61100 2025 2008 0.0305
a range +61200 +61300 2006 2034 0.0261
a range +61200 +61300 2010 2038 0.016
a range +61200 +61300 2034 2006 0.0261
a range +61200 +61300 2038 2010 0.016
a range +61400 +61500 2012 2036 0.0431
a range +61400 +61500 2036 2012 0.0431
a range +61400 +61500 2041 2052 0.0282
a range +61400 +61500 2052 2041 0.0282
a range +61500 +61600 1004 2018 1104.5117
a range +61500 +61600 2018 1004 1104.5117
a range +61600 +61700 1002 2053 1104.2866
a range +61600 +61700 1003 2018 1104.4559
a range +61600 +61700 2004 2023 0.043
a range +61600 +61700 2018 1003 1104.4559
a range +61600 +61700 2023 2004 0.043
a range +61600 +61700 2053 1002 1104.2866
a range +61900 +62000 1003 2014 1104.9583
a range +61900 +62000 2014 1003 1104.9583
a range +62000 +62100 2008 2040 0.0431
a range +62000 +62100 2009 2025 0.0213
a range +62000 +62100 2020 2035 0.0192
a range +62000 +62100 2025 2009 0.0213
a range +62000 +62100 2035 2020 0.0192
a range +62000 +62100 2040 2008 0.0431
a range +62200 +62300 1004 2052 1104.7282
a range +62200 +62300 2052 1004 1104.7282
a range +62500 +62700 2020 2021 0.0108
a range +62500 +62700 2021 2020 0.0108
a range +62700 +62800 2019 2022 0.0303
a range +62700 +62800 2020 2046 0.0203
a range +62700 +62800 2022 2019 0.0303
a range +62700 +62800 2046 2020 0.0203
a range +62800 +63000 2018 2049 0.0296
a range +62800 +63000 2049 2018 0.0296
a range +63200 +63300 2002 2052 0.0435
a range +63200 +63300 2052 2002 0.0435
a range +63600 +63700 2016 2050 0.0434
a range +63600 +63700 2050 2016 0.0434
a range +63900 +64000 2037 2040 0.0303
a range +63900 +64000 2040 2037 0.0303
a range +64000 +64100 2019 2020 0.0108
a range +64000 +64100 2020 2019 0.0108
a range +64100 +64200 1001 2033 1104.5279
a range +64100 +64200 2010 2056 0.0431
a range +64100 +64200 2021 2034 0.0192
a range +64100 +64200 2033 1001 1104.5279
a range +64100 +64200 2034 2021 0.0192
a range +64100 +64200 2056 2010 0.0431
a range +64200 +64300 2010 2049 0.0434
a range +64200 +64300 2014 2053 0.0432
a range +64200 +64300 2019 2021 0.0211
a range +64200 +64300 2021 2019 0.0211
a range +64200 +64300 2049 2010 0.0434
a range +64200 +64300 2053 2014 0.0432
a range +64400 +64500 2015 2018 0.0303
a range +64400 +64500 2018 2015 0.0303
a range +64500 +64600 2015 2050 0.0433
a range +64500 +64600 2050 2015 0.0433
a range +64500 +64600 2051 2053 0.0211
a range +64500 +64600 2053 2051 0.0211
a range +64600 +64800 2024 2027 0.0303
a range +64600 +64800 2026 2042 0.024
a range +64600 +64800 2027 2024 0.0303
a range +64600 +64800 2042 2026 0.024
a range +64800 +64900 1001 2019 1104.5148
a range +64800 +64900 2019 1001 1104.5148
a range +64900 +65000 2028 2042 0.018
a range +64900 +65000 2042 2028 0.018
a range +65200 +65300 1001 2038 1104.4975
a range +65200 +65300 2038 1001 1104.4975
a range +65500 +65700 2005 2022 0.0325
a range +65500 +65700 2022 2005 0.0325
a range +65800 +65900 2013 2027 0.0141
a range +65800 +65900 2027 2013 0.0141
a range +65800 +65900 2034 2045 0.0282
a range +65800 +65900 2045 2034 0.0282
a range +66000 +66100 2035 2053 0.0381
a range +66000 +66100 2053 2035 0.0381
a range +66400 +66500 2042 9001 1104.7205
a range +66400 +66500 9001 2042 1104.7205
a range +66500 +66600 2007 2020 0.0192
a range +66500 +66600 2014 2029 0.0352
a range +66500 +66600 2020 2007 0.0192
a range +66500 +66600 2029 2014 0.0352
a range +66700 +66800 2013 2025 0.0209
a range +66700 +66800 2025 2013 0.0209
a range +66800 +66900 2029 2047 0.0361
a range +66800 +66900 2047 2029 0.0361
a range +66900 +67000 1002 1003 0.0837
a range +66900 +67000 1003 1002 0.0837
a range +67000 +67100 2014 2046 0.0435
a range +67000 +67100 2018 2050 0.0431
a range +67000 +67100 2022 2054 0.043
a range +67000 +67100 2046 2014 0.0435
a range +67000 +67100 2050 2018 0.0431
a range +67000 +67100 2054 2022 0.043
a range +67300 +67400 2014 2040 0.03
a range +67300 +67400 2038 2052 0.0086
a range +67300 +67400 2040 2014 0.03
a range +67300 +67400 2052 2038 0.0086
a range +67700 +67800 2008 2032 0.0431
a range +67700 +67800 2018 2020 0.0211
a range +67700 +67800 2020 2018 0.0211
a range +67700 +67800 2032 2008 0.0431
a range +67800 +67900 2042 2054 0.024
a range +67800 +67900 2054 2042 0.024
a range +67900 +68100 2014 2032 0.0431
a range +67900 +68100 2032 2014 0.0431
a range +68200 +68400 2006 2038 0.043
a range +68200 +68400 2038 2006 0.043
a range +68500 +68600 2007 2034 0.0314
a range +68500 +68600 2017 2019 0.0211
a range +68500 +68600 2019 2017 0.0211
a range +68500 +68600 2034 2007 0.0314
a range +68800 +68900 2027 2029 0.0265
a range +68800 +68900 2029 2027 0.0265
a range +68900 +69000 2023 2024 0.0108
a range +68900 +69000 2024 2023 0.0108
a range +68900 +69000 2037 2039 0.0211
a range +68900 +69000 2039 2037 0.0211
a range +69000 +69100 1001 2051 1104.5069
a range +69000 +69100 1002 2055 1105.1073
a range +69000 +69100 2023 9001 1104.9654
a range +69000 +69100 2051 1001 1104.5069
a range +69000 +69100 2055 1002 1105.1073
a range +69000 +69100 9001 2023 1104.9654
a range +69100 +69200 1004 2047 1104.7327
a range +69100 +69200 2047 1004 1104.7327
a range +69200 +69300 1004 2055 1104.7383
a range +69200 +69300 2055 1004 1104.7383
a range +69300 +69400 2013 2053 0.0431
a range +69300 +69400 2053 2013 0.0431
a range +69400 +69500 2011 2053 0.043
a range +69400 +69500 2053 2011 0.043
a range +69600 +69700 2011 2049 0.0435
a range +69600 +69700 2049 2011 0.0435
a range +69700 +69900 2024 2033 0.043
a range +69700 +69900 2033 2024 0.043
a range +70000 +70200 1001 2032 1104.5235
a range +70000 +70200 1002 2036 1105.079
a range +70000 +70200 2032 1001 1104.5235
a range +70000 +70200 2036 1002 1105.079
a range +70000 +70200 2053 2054 0.0108
a range +70000 +70200 2054 2053 0.0108
a range +70600 +70800 2030 2042 0.0211
a range +70600 +70800 2042 2030 0.0211
a range +70800 +70900 2052 2053 0.0108
a range +70800 +70900 2053 2052 0.0108
a range +71000 +71100 2001 2011 0.038
a range +71000 +71100 2011 2001 0.038
a range +71400 +71500 2037 2053 0.0213
a range +71400 +71500 2053 2037 0.0213
a range +72100 +72200 2018 2043 0.0309
a range +72100 +72200 2043 2018 0.0309
a range +72600 +72700 1001 1004 0.0837
a range +72600 +72700 1004 1001 0.0837
a range +72600 +72700 2034 9001 1105.0742
a range +72600 +72700 9001 2034 1105.0742
a range +73200 +73300 2023 2055 0.0431
a range +73200 +73300 2055 2023 0.0431
a range +73400 +73500 2024 2055 0.0224
a range +73400 +73500 2055 2024 0.0224
a range +73600 +73700 2007 2051 0.0431
a range +73600 +73700 2051 2007 0.0431
a range +73700 +73800 2019 2033 0.0075
a range +73700 +73800 2033 2019 0.0075
a range +74400 +74500 1004 2024 1104.7183
a range +74400 +74500 2024 1004 1104.7183
a range +74500 +74600 2010 2054 0.0432
a range +74500 +74600 2038 2040 0.0211
a range +74500 +74600 2040 2038 0.0211
a range +74500 +74600 2054 2010 0.0432
a range +74700 +74800 2001 2048 0.043
a range +74700 +74800 2048 2001 0.043
a range +74900 +75000 2022 2040 0.0361
a range +74900 +75000 2040 2022 0.0361
a range +75400 +75500 2023 2038 0.0157
a range +75400 +75500 2038 2023 0.0157
a range +75500 +75600 2006 2009 0.0303
a range +75500 +75600 2009 2006 0.0303
a range +75500 +75600 2020 2030 0.0351
a range +75500 +75600 2030 2020 0.0351
a range +75900 +76000 2011 2013 0.0211
a range +75900 +76000 2013 2011 0.0211
a range +76000 +76100 2036 2055 0.043
a range +76000 +76100 2055 2036 0.043
a range +76100 +76200 2006 2055 0.0435
a range +76100 +76200 2055 2006 0.0435
a range +76700 +76800 2014 2027 0.0192
a range +76700 +76800 2027 2014 0.0192
a range +77200 +77300 2014 2045 0.0432
a range +77200 +77300 2045 2014 0.0432
a range +77400 +77500 2018 2028 0.038
a range +77400 +77500 2023 2051 0.0276
a range +77400 +77500 2028 2018 0.038
a range +77400 +77500 2051 2023 0.0276
a range +77500 +77600 2016 2044 0.0276
a range +77500 +77600 2044 2016 0.0276
a range +78000 +78100 1001 2019 1105.0388
a range +78000 +78100 2019 1001 1105.0388
a range +78100 +78200 2005 2053 0.0431
a range +78100 +78200 2012 2028 0.024
a range +78100 +78200 2028 2012 0.024
a range +78100 +78200 2041 2056 0.0192
a range +78100 +78200 2053 2005 0.0431
a range +78100 +78200 2056 2041 0.0192
a range +78200 +78300 2042 2053 0.0301
a range +78200 +78300 2053 2042 0.0301
a range +78300 +78400 2039 2051 0.0213
a range +78300 +78400 2051 2039 0.0213
a range +78700 +78800 2011 2046 0.0435
a range +78700 +78800 2046 2011 0.0435
a range +78800 +78900 2010 2027 0.0282
a range +78800 +78900 2025 2047 0.0433
a range +78800 +78900 2027 2010 0.0282
a range +78800 +78900 2047 2025 0.0433
a range +79100 +79200 2029 2039 0.038
a range +79100 +79200 2039 2029 0.038
a range +79200 +79300 2022 2025 0.0303
a range +79200 +79300 2025 2022 0.0303
a range +79600 +79700 2031 2042 0.0303
a range +79600 +79700 2042 2031 0.0303
a range +79700 +79800 2007 2051 0.043
a range +79700 +79800 2051 2007 0.043
a range +80000 +80100 2016 2053 0.043
a range +80000 +80100 2053 2016 0.043
a range +80200 +80300 2034 2037 0.0303
a range +80200 +80300 2037 2034 0.0303
a range +80300 +80400 1002 2035 1105.1346
a range +80300 +80400 2035 1002 1105.1346
a range +80900 +81000 1004 2045 1105.0238
a range +80900 +81000 2045 1004 1105.0238
a range +81000 +81100 2008 2009 0.0108
a range +81000 +81100 2009 2008 0.0108
a range +81000 +81100 2021 2036 0.0211
a range +81000 +81100 2036 2021 0.0211
a range +81100 +81200 1002 2049 1105.1213
a range +81100 +81200 2011 2014 0.0303
a range +81100 +81200 2014 2011 0.0303
a range +81100 +81200 2049 1002 1105.1213
a range +81300 +81400 2029 2054 0.0325
a range +81300 +81400 2054 2029 0.0325
a range +81500 +81600 2031 2041 0.038
a range +81500 +81600 2041 2031 0.038
a range +81700 +81800 2011 2040 0.01
a range +81700 +81800 2040 2011 0.01
a range +81800 +81900 1004 2020 1105.045
a range +81800 +81900 2006 2031 0.0224
a range +81800 +81900 2020 1004 1105.045
a range +81800 +81900 2031 2006 0.0224
a range +81800 +81900 2033 2056 0.0431
a range +81800 +81900 2056 2033 0.0431
a range +82100 +82200 2029 2047 0.0361
a range +82100 +82200 2047 2029 0.0361
a range +82400 +82500 2004 2016 0.0213
a range +82400 +82500 2008 2020 0.0265
a range +82400 +82500 2016 2004 0.0213
a range +82400 +82500 2020 2008 0.0265
a range +82900 +83000 2036 2048 0.0265
a range +82900 +83000 2048 2036 0.0265
a range +83300 +83400 2014 2024 0.0359
a range +83300 +83400 2024 2014 0.0359
a range +83700 +83800 2020 2023 0.0303
a range +83700 +83800 2023 2020 0.0303
a range +83800 +83900 1001 2005 1105.0337
a range +83800 +83900 1004 2054 1105.0246
a range +83800 +83900 2004 2029 0.0309
a range +83800 +83900 2005 1001 1105.0337
a range +83800 +83900 2029 2004 0.0309
a range +83800 +83900 2054 1004 1105.0246
a range +83900 +84000 2010 2026 0.0195
a range +83900 +84000 2014 2030 0.0369
a range +83900 +84000 2026 2010 0.0195
a range +83900 +84000 2030 2014 0.0369
a range +84100 +84200 2013 2036 0.0322
a range +84100 +84200 2036 2013 0.0322
a range +84200 +84300 2010 2033 0.0432
a range +84200 +84300 2014 2037 0.0316
a range +84200 +84300 2033 2010 0.0432
a range +84200 +84300 2037 2014 0.0316
a range +84700 +84800 2012 2031 0.0432
a range +84700 +84800 2031 2012 0.0432
a range +84800 +84900 2021 2052 0.038
a range +84800 +84900 2052 2021 0.038
a range +84900 +85000 2007 2031 0.0302
a range +84900 +85000 2031 2007 0.0302
a range +85100 +85200 2003 2036 0.0371
a range +85100 +85200 2036 2003 0.0371
a range +85200 +85300 2030 2054 0.0394
a range +85200 +85300 2033 2051 0.0394
a range +85200 +85300 2051 2033 0.0394
a range +85200 +85300 2054 2030 0.0394
a range +85300 +85400 1003 2044 1105.1048
a range +85300 +85400 2044 1003 1105.1048
a range +86000 +86100 2012 2050 0.0254
a range +86000 +86100 2050 2012 0.0254
