a contact +0 +600 1001 2005 50
a contact +0 +600 1002 2040 50
a contact +0 +600 1004 2044 50
a contact +0 +600 1005 2006 50
a contact +0 +600 1006 2033 50
a contact +0 +600 1007 2013 50
a contact +0 +600 1012 2036 50
a contact +0 +600 2005 1001 50
a contact +0 +600 2006 1005 50
a contact +0 +600 2013 1007 50
a contact +0 +600 2033 1006 50
a contact +0 +600 2036 1012 50
a contact +0 +600 2040 1002 50
a contact +0 +600 2044 1004 50
a contact +600 +1200 1001 2006 50
a contact +600 +1200 1007 2046 50
a contact +0 +1200 1009 9007 50
a contact +0 +1200 1010 2024 50
a contact +600 +1200 2006 1001 50
a contact +0 +1200 2024 1010 50
a contact +600 +1200 2046 1007 50
a contact +0 +1200 9007 1009 50
a contact +600 +1800 1005 9002 50
a contact +0 +1800 1008 2007 50
a contact +1200 +1800 1009 2005 50
a contact +1200 +1800 2005 1009 50
a contact +0 +1800 2007 1008 50
a contact +600 +1800 9002 1005 50
a contact +1200 +2400 1001 2003 50
a contact +600 +2400 1012 2019 50
a contact +1200 +2400 2003 1001 50
a contact +600 +2400 2019 1012 50
a contact +1800 +3000 1008 2012 50
a contact +0 +3000 1011 9010 50
a contact +1800 +3000 2012 1008 50
a contact +0 +3000 9010 1011 50
a contact +2400 +3600 1001 2059 50
a contact +1800 +3600 1005 2030 50
a contact +1200 +3600 1007 9007 50
a contact +1200 +3600 1010 9001 50
a contact +2400 +3600 1012 2050 50
a contact +1800 +3600 2030 1005 50
a contact +2400 +3600 2050 1012 50
a contact +2400 +3600 2059 1001 50
a contact +1200 +3600 9001 1010 50
a contact +1200 +3600 9007 1007 50
a contact +3600 +4200 1001 9010 50
a contact +0 +4200 1003 9008 50
a contact +0 +4200 9008 1003 50
a contact +3600 +4200 9010 1001 50
a contact +600 +4800 1002 9011 50
a contact +3000 +4800 1008 2051 50
a contact +3000 +4800 1011 2012 50
a contact +3000 +4800 2012 1011 50
a contact +3000 +4800 2051 1008 50
a contact +600 +4800 9011 1002 50
a contact +4200 +5400 1001 2036 50
a contact +4800 +5400 1002 2042 50
a contact +4200 +5400 1003 2008 50
a contact +3600 +5400 1007 2013 50
a contact +4800 +5400 1008 9010 50
a contact +3600 +5400 1010 2052 50
a contact +4200 +5400 2008 1003 50
a contact +3600 +5400 2013 1007 50
a contact +4200 +5400 2036 1001 50
a contact +4800 +5400 2042 1002 50
a contact +3600 +5400 2052 1010 50
a contact +4800 +5400 9010 1008 50
a contact +5400 +6000 1001 2053 50
a contact +600 +6000 1006 9004 50
a contact +5400 +6000 1010 2043 50
a contact +3600 +6000 1012 2026 50
a contact +3600 +6000 2026 1012 50
a contact +5400 +6000 2043 1010 50
a contact +5400 +6000 2053 1001 50
a contact +600 +6000 9004 1006 50
a contact +5400 +6600 1008 2023 50
a contact +5400 +6600 2023 1008 50
a contact +5400 +7200 1003 9008 50
a contact +600 +7200 1004 9005 50
a contact +4800 +7200 1011 2025 50
a contact +4800 +7200 2025 1011 50
a contact +600 +7200 9005 1004 50
a contact +5400 +7200 9008 1003 50
a contact +6000 +7800 1001 2020 50
a contact +6000 +7800 1006 2004 50
a contact +1800 +7800 1009 9002 50
a contact +6000 +7800 1010 2027 50
a contact +6000 +7800 2004 1006 50
a contact +6000 +7800 2020 1001 50
a contact +6000 +7800 2027 1010 50
a contact +1800 +7800 9002 1009 50
a contact +7800 +8400 1001 9005 50
a contact +7200 +8400 1003 2060 50
a contact +7800 +8400 1009 2032 50
a contact +7800 +8400 2032 1009 50
a contact +7200 +8400 2060 1003 50
a contact +7800 +8400 9005 1001 50
a contact +8400 +9000 1001 9002 50
a contact +5400 +9000 1007 9010 50
a contact +6600 +9000 1008 2039 50
a contact +7800 +9000 1010 2036 50
a contact +7800 +9000 2036 1010 50
a contact +6600 +9000 2039 1008 50
a contact +8400 +9000 9002 1001 50
a contact +5400 +9000 9010 1007 50
a contact +9000 +9600 1008 2013 50
a contact +9000 +9600 2013 1008 50
a contact +7200 +10200 1004 2001 50
a contact +8400 +10200 1009 2040 50
a contact +9000 +10200 1010 9010 50
a contact +7200 +10200 2001 1004 50
a contact +8400 +10200 2040 1009 50
a contact +9000 +10200 9010 1010 50
a contact +9000 +10800 1001 2055 50
a contact +9000 +10800 1007 2029 50
a contact +9000 +10800 2029 1007 50
a contact +9000 +10800 2055 1001 50
a contact +10200 +11400 1004 9010 50
a contact +9600 +11400 1008 2003 50
a contact +10200 +11400 1009 2036 50
a contact +9600 +11400 2003 1008 50
a contact +10200 +11400 2036 1009 50
a contact +10200 +11400 9010 1004 50
a contact +10200 +12000 1010 2011 50
a contact +6000 +12000 1012 9004 50
a contact +10200 +12000 2011 1010 50
a contact +6000 +12000 9004 1012 50
a contact +10800 +12600 1001 2001 50
a contact +7200 +12600 1011 9008 50
a contact +10800 +12600 2001 1001 50
a contact +7200 +12600 9008 1011 50
a contact +11400 +13200 1004 2035 50
a contact +7800 +13200 1006 9011 50
a contact +12000 +13200 1012 2008 50
a contact +12000 +13200 2008 1012 50
a contact +11400 +13200 2035 1004 50
a contact +7800 +13200 9011 1006 50
a contact +8400 +13800 1003 9005 50
a contact +10800 +13800 1007 2034 50
a contact +12600 +13800 1011 2016 50
a contact +12600 +13800 2016 1011 50
a contact +10800 +13800 2034 1007 50
a contact +8400 +13800 9005 1003 50
a contact +3600 +14400 1005 9001 50
a contact +11400 +14400 1008 2010 50
a contact +11400 +14400 2010 1008 50
a contact +3600 +14400 9001 1005 50
a contact +12600 +15000 1001 9004 50
a contact +5400 +15000 1002 9007 50
a contact +13800 +15000 1003 2053 50
a contact +13200 +15000 1006 2045 50
a contact +11400 +15000 1009 9010 50
a contact +13800 +15000 1011 9011 50
a contact +13200 +15000 1012 2048 50
a contact +13200 +15000 2045 1006 50
a contact +13200 +15000 2048 1012 50
a contact +13800 +15000 2053 1003 50
a contact +12600 +15000 9004 1001 50
a contact +5400 +15000 9007 1002 50
a contact +11400 +15000 9010 1009 50
a contact +13800 +15000 9011 1011 50
a contact +13800 +15600 1007 2046 50
a contact +14400 +15600 1008 9001 50
a contact +13800 +15600 2046 1007 50
a contact +14400 +15600 9001 1008 50
a contact +15000 +16200 1001 2015 50
a contact +14400 +16200 1005 2011 50
a contact +15000 +16200 1006 2043 50
a contact +15600 +16200 1007 2028 50
a contact +12000 +16200 1010 9002 50
a contact +15000 +16200 1012 2047 50
a contact +14400 +16200 2011 1005 50
a contact +15000 +16200 2015 1001 50
a contact +15600 +16200 2028 1007 50
a contact +15000 +16200 2043 1006 50
a contact +15000 +16200 2047 1012 50
a contact +12000 +16200 9002 1010 50
a contact +16200 +16800 1001 9002 50
a contact +15000 +16800 1002 2017 50
a contact +13200 +16800 1004 9008 50
a contact +15600 +16800 1008 2003 50
a contact +15000 +16800 1009 2024 50
a contact +15000 +16800 1011 9005 50
a contact +16200 +16800 1012 2043 50
a contact +15600 +16800 2003 1008 50
a contact +15000 +16800 2017 1002 50
a contact +15000 +16800 2024 1009 50
a contact +16200 +16800 2043 1012 50
a contact +16200 +16800 9002 1001 50
a contact +15000 +16800 9005 1011 50
a contact +13200 +16800 9008 1004 50
a contact +15000 +17400 1003 9011 50
a contact +16200 +17400 1005 2042 50
a contact +16200 +17400 1006 2010 50
a contact +16200 +17400 1007 2055 50
a contact +16800 +17400 1008 2050 50
a contact +16800 +17400 1012 9008 50
a contact +16200 +17400 2010 1006 50
a contact +16200 +17400 2042 1005 50
a contact +16800 +17400 2050 1008 50
a contact +16200 +17400 2055 1007 50
a contact +16800 +17400 9008 1012 50
a contact +15000 +17400 9011 1003 50
a contact +16800 +18000 1002 9002 50
a contact +17400 +18000 1003 2017 50
a contact +16800 +18000 1004 2031 50
a contact +16800 +18000 1009 9005 50
a contact +16200 +18000 1010 2036 50
a contact +16800 +18000 1011 2025 50
a contact +17400 +18000 2017 1003 50
a contact +16800 +18000 2025 1011 50
a contact +16800 +18000 2031 1004 50
a contact +16200 +18000 2036 1010 50
a contact +16800 +18000 9002 1002 50
a contact +16800 +18000 9005 1009 50
a contact +16800 +18600 1001 2035 50
a contact +18000 +18600 1003 9002 50
a contact +17400 +18600 1006 2034 50
a contact +18000 +18600 1011 9005 50
a contact +17400 +18600 1012 2003 50
a contact +17400 +18600 2003 1012 50
a contact +17400 +18600 2034 1006 50
a contact +16800 +18600 2035 1001 50
a contact +18000 +18600 9002 1003 50
a contact +18000 +18600 9005 1011 50
a contact +18000 +19200 1002 2030 50
a contact +18000 +19200 1004 2040 50
a contact +17400 +19200 1005 2007 50
a contact +18000 +19200 1010 2019 50
a contact +17400 +19200 2007 1005 50
a contact +18000 +19200 2019 1010 50
a contact +18000 +19200 2030 1002 50
a contact +18000 +19200 2040 1004 50
a contact +18600 +19800 1003 2057 50
a contact +18600 +19800 1006 2011 50
a contact +17400 +19800 1007 9011 50
a contact +17400 +19800 1008 9008 50
a contact +18000 +19800 1009 2015 50
a contact +19200 +19800 1010 2027 50
a contact +18600 +19800 1011 2038 50
a contact +18600 +19800 1012 2033 50
a contact +18600 +19800 2011 1006 50
a contact +18000 +19800 2015 1009 50
a contact +19200 +19800 2027 1010 50
a contact +18600 +19800 2033 1012 50
a contact +18600 +19800 2038 1011 50
a contact +18600 +19800 2057 1003 50
a contact +17400 +19800 9008 1008 50
a contact +17400 +19800 9011 1007 50
a contact +18600 +20400 1001 9002 50
a contact +19200 +20400 1002 2045 50
a contact +19200 +20400 1004 2053 50
a contact +19200 +20400 1005 2008 50
a contact +19800 +20400 1009 2024 50
a contact +19200 +20400 2008 1005 50
a contact +19800 +20400 2024 1009 50
a contact +19200 +20400 2045 1002 50
a contact +19200 +20400 2053 1004 50
a contact +18600 +20400 9002 1001 50
a contact +19800 +21000 1003 2032 50
a contact +20400 +21000 1005 2033 50
a contact +19800 +21000 1008 2028 50
a contact +19800 +21000 1012 2005 50
a contact +19800 +21000 2005 1012 50
a contact +19800 +21000 2028 1008 50
a contact +19800 +21000 2032 1003 50
a contact +20400 +21000 2033 1005 50
a contact +20400 +21600 1001 2051 50
a contact +21000 +21600 1003 2004 50
a contact +20400 +21600 1004 2016 50
a contact +19800 +21600 1007 2001 50
a contact +19800 +21600 2001 1007 50
a contact +21000 +21600 2004 1003 50
a contact +20400 +21600 2016 1004 50
a contact +20400 +21600 2051 1001 50
a contact +21000 +22200 1005 2045 50
a contact +19800 +22200 1006 2019 50
a contact +21000 +22200 1008 2032 50
a contact +19800 +22200 2019 1006 50
a contact +21000 +22200 2032 1008 50
a contact +21000 +22200 2045 1005 50
a contact +21600 +22800 1001 2054 50
a contact +20400 +22800 1002 2039 50
a contact +22200 +22800 1005 2037 50
a contact +21600 +22800 1007 2021 50
a contact +22200 +22800 1008 2045 50
a contact +20400 +22800 1009 9011 50
a contact +19800 +22800 1011 9008 50
a contact +21600 +22800 2021 1007 50
a contact +22200 +22800 2037 1005 50
a contact +20400 +22800 2039 1002 50
a contact +22200 +22800 2045 1008 50
a contact +21600 +22800 2054 1001 50
a contact +19800 +22800 9008 1011 50
a contact +20400 +22800 9011 1009 50
a contact +22800 +23400 1005 2017 50
a contact +22200 +23400 1006 2012 50
a contact +21000 +23400 1012 9002 50
a contact +22200 +23400 2012 1006 50
a contact +22800 +23400 2017 1005 50
a contact +21000 +23400 9002 1012 50
a contact +22800 +24000 1001 2047 50
a contact +22800 +24000 1002 2051 50
a contact +21600 +24000 1003 2040 50
a contact +21600 +24000 1004 2002 50
a contact +22800 +24000 1009 2014 50
a contact +19800 +24000 1010 9005 50
a contact +22800 +24000 1011 2043 50
a contact +21600 +24000 2002 1004 50
a contact +22800 +24000 2014 1009 50
a contact +21600 +24000 2040 1003 50
a contact +22800 +24000 2043 1011 50
a contact +22800 +24000 2047 1001 50
a contact +22800 +24000 2051 1002 50
a contact +19800 +24000 9005 1010 50
a contact +24000 +24600 1001 9005 50
a contact +24000 +24600 1003 2036 50
a contact +22800 +24600 1008 9008 50
a contact +24000 +24600 1011 2032 50
a contact +23400 +24600 1012 2027 50
a contact +23400 +24600 2027 1012 50
a contact +24000 +24600 2032 1011 50
a contact +24000 +24600 2036 1003 50
a contact +24000 +24600 9005 1001 50
a contact +22800 +24600 9008 1008 50
a contact +24000 +25200 1002 2052 50
a contact +24000 +25200 1004 2037 50
a contact +23400 +25200 1006 9002 50
a contact +24000 +25200 2037 1004 50
a contact +24000 +25200 2052 1002 50
a contact +23400 +25200 9002 1006 50
a contact +24600 +25800 1003 2039 50
a contact +25200 +25800 1004 9005 50
a contact +23400 +25800 1005 2003 50
a contact +22800 +25800 1007 9011 50
a contact +24600 +25800 1008 2029 50
a contact +24000 +25800 1009 2031 50
a contact +24000 +25800 1010 2022 50
a contact +24600 +25800 1011 2002 50
a contact +24600 +25800 2002 1011 50
a contact +23400 +25800 2003 1005 50
a contact +24000 +25800 2022 1010 50
a contact +24600 +25800 2029 1008 50
a contact +24000 +25800 2031 1009 50
a contact +24600 +25800 2039 1003 50
a contact +25200 +25800 9005 1004 50
a contact +22800 +25800 9011 1007 50
a contact +24600 +26400 1001 2001 50
a contact +25200 +26400 1002 2028 50
a contact +25800 +26400 1003 2029 50
a contact +25200 +26400 1006 2008 50
a contact +25800 +26400 1009 2005 50
a contact +25800 +26400 1011 9011 50
a contact +24600 +26400 2001 1001 50
a contact +25800 +26400 2005 1009 50
a contact +25200 +26400 2008 1006 50
a contact +25200 +26400 2028 1002 50
a contact +25800 +26400 2029 1003 50
a contact +25800 +26400 9011 1011 50
a contact +26400 +27000 1002 2006 50
a contact +25800 +27000 1004 2053 50
a contact +25800 +27000 1005 2055 50
a contact +26400 +27000 1006 9011 50
a contact +25800 +27000 1007 2019 50
a contact +25800 +27000 1008 9005 50
a contact +24600 +27000 1012 9008 50
a contact +26400 +27000 2006 1002 50
a contact +25800 +27000 2019 1007 50
a contact +25800 +27000 2053 1004 50
a contact +25800 +27000 2055 1005 50
a contact +25800 +27000 9005 1008 50
a contact +24600 +27000 9008 1012 50
a contact +26400 +27000 9011 1006 50
a contact +26400 +27600 1001 2043 50
a contact +25800 +27600 1010 9002 50
a contact +26400 +27600 1011 2018 50
a contact +26400 +27600 2018 1011 50
a contact +26400 +27600 2043 1001 50
a contact +25800 +27600 9002 1010 50
a contact +26400 +28200 1003 2003 50
a contact +27000 +28200 1004 9011 50
a contact +27000 +28200 1006 2025 50
a contact +27000 +28200 1007 9008 50
a contact +27000 +28200 1008 2022 50
a contact +26400 +28200 2003 1003 50
a contact +27000 +28200 2022 1008 50
a contact +27000 +28200 2025 1006 50
a contact +27000 +28200 9008 1007 50
a contact +27000 +28200 9011 1004 50
a contact +27600 +28800 1001 2033 50
a contact +27000 +28800 1002 2056 50
a contact +27000 +28800 1005 9005 50
a contact +28200 +28800 1006 2006 50
a contact +26400 +28800 1009 2008 50
a contact +27600 +28800 1010 2053 50
a contact +27600 +28800 1011 2037 50
a contact +27000 +28800 1012 2057 50
a contact +28200 +28800 2006 1006 50
a contact +26400 +28800 2008 1009 50
a contact +27600 +28800 2033 1001 50
a contact +27600 +28800 2037 1011 50
a contact +27600 +28800 2053 1010 50
a contact +27000 +28800 2056 1002 50
a contact +27000 +28800 2057 1012 50
a contact +27000 +28800 9005 1005 50
a contact +28200 +29400 1004 2054 50
a contact +28200 +29400 1007 2017 50
a contact +28200 +29400 2017 1007 50
a contact +28200 +29400 2054 1004 50
a contact +28800 +30000 1001 2024 50
a contact +28800 +30000 1002 9011 50
a contact +28800 +30000 1005 2025 50
a contact +28800 +30000 1006 2026 50
a contact +28800 +30000 1010 9005 50
a contact +28800 +30000 2024 1001 50
a contact +28800 +30000 2025 1005 50
a contact +28800 +30000 2026 1006 50
a contact +28800 +30000 9005 1010 50
a contact +28800 +30000 9011 1002 50
a contact +30000 +30600 1001 2047 50
a contact +29400 +30600 1007 2004 50
a contact +28800 +30600 1009 2010 50
a contact +30000 +30600 1010 2017 50
a contact +28800 +30600 1011 2001 50
a contact +28800 +30600 1012 2041 50
a contact +28800 +30600 2001 1011 50
a contact +29400 +30600 2004 1007 50
a contact +28800 +30600 2010 1009 50
a contact +30000 +30600 2017 1010 50
a contact +28800 +30600 2041 1012 50
a contact +30000 +30600 2047 1001 50
a contact +28200 +31200 1003 9002 50
a contact +30600 +31200 1007 9011 50
a contact +28200 +31200 9002 1003 50
a contact +30600 +31200 9011 1007 50
a contact +30000 +31800 1002 2009 50
a contact +29400 +31800 1004 2058 50
a contact +30000 +31800 1005 9009 50
a contact +30000 +31800 1006 2005 50
a contact +31200 +31800 1007 2041 50
a contact +30000 +31800 2005 1006 50
a contact +30000 +31800 2009 1002 50
a contact +31200 +31800 2041 1007 50
a contact +29400 +31800 2058 1004 50
a contact +30000 +31800 9009 1005 50
a contact +31800 +32400 1002 9009 50
a contact +31200 +32400 1003 2019 50
a contact +31800 +32400 1006 2018 50
a contact +31800 +32400 2018 1006 50
a contact +31200 +32400 2019 1003 50
a contact +31800 +32400 9009 1002 50
a contact +32400 +33600 1002 2044 50
a contact +30600 +33600 1011 2002 50
a contact +30600 +33600 2002 1011 50
a contact +32400 +33600 2044 1002 50
a contact +32400 +34200 1003 2014 50
a contact +31800 +34200 1005 2041 50
a contact +32400 +34200 1006 9009 50
a contact +31800 +34200 1007 9011 50
a contact +28200 +34200 1008 9008 50
a contact +30600 +34200 1010 9005 50
a contact +30600 +34200 1012 2050 50
a contact +32400 +34200 2014 1003 50
a contact +31800 +34200 2041 1005 50
a contact +30600 +34200 2050 1012 50
a contact +30600 +34200 9005 1010 50
a contact +28200 +34200 9008 1008 50
a contact +32400 +34200 9009 1006 50
a contact +31800 +34200 9011 1007 50
a contact +34200 +34800 1003 9009 50
a contact +34200 +34800 1008 2052 50
a contact +33600 +34800 1011 2011 50
a contact +33600 +34800 2011 1011 50
a contact +34200 +34800 2052 1008 50
a contact +34200 +34800 9009 1003 50
a contact +33600 +35400 1002 9002 50
a contact +34200 +35400 1006 2054 50
a contact +34200 +35400 1007 2034 50
a contact +30600 +35400 1009 9006 50
a contact +34200 +35400 1010 2044 50
a contact +34200 +35400 1012 9008 50
a contact +34200 +35400 2034 1007 50
a contact +34200 +35400 2044 1010 50
a contact +34200 +35400 2054 1006 50
a contact +33600 +35400 9002 1002 50
a contact +30600 +35400 9006 1009 50
a contact +34200 +35400 9008 1012 50
a contact +34800 +36000 1003 2013 50
a contact +34800 +36000 1008 9005 50
a contact +35400 +36000 1009 2046 50
a contact +34800 +36000 1011 2059 50
a contact +34800 +36000 2013 1003 50
a contact +35400 +36000 2046 1009 50
a contact +34800 +36000 2059 1011 50
a contact +34800 +36000 9005 1008 50
a contact +36000 +36600 1003 9006 50
a contact +31800 +36600 1004 9003 50
a contact +35400 +36600 1007 2050 50
a contact +35400 +36600 1012 2037 50
a contact +35400 +36600 2037 1012 50
a contact +35400 +36600 2050 1007 50
a contact +31800 +36600 9003 1004 50
a contact +36000 +36600 9006 1003 50
a contact +36600 +37200 1003 2002 50
a contact +36000 +37200 1009 9005 50
a contact +35400 +37200 1010 2060 50
a contact +36600 +37200 2002 1003 50
a contact +35400 +37200 2060 1010 50
a contact +36000 +37200 9005 1009 50
a contact +35400 +37800 1002 2011 50
a contact +36000 +37800 1008 2047 50
a contact +36600 +37800 1012 2057 50
a contact +35400 +37800 2011 1002 50
a contact +36000 +37800 2047 1008 50
a contact +36600 +37800 2057 1012 50
a contact +37200 +38400 1003 9002 50
a contact +36600 +38400 1004 2035 50
a contact +35400 +38400 1006 9008 50
a contact +37200 +38400 1009 2036 50
a contact +37200 +38400 1010 2043 50
a contact +36600 +38400 2035 1004 50
a contact +37200 +38400 2036 1009 50
a contact +37200 +38400 2043 1010 50
a contact +37200 +38400 9002 1003 50
a contact +35400 +38400 9008 1006 50
a contact +38400 +39000 1004 9008 50
a contact +36600 +39000 1007 9006 50
a contact +38400 +39000 1009 2007 50
a contact +38400 +39000 2007 1009 50
a contact +36600 +39000 9006 1007 50
a contact +38400 +39000 9008 1004 50
a contact +34200 +39600 1005 9011 50
a contact +37800 +39600 1008 2027 50
a contact +38400 +39600 1010 9002 50
a contact +37800 +39600 2027 1008 50
a contact +38400 +39600 9002 1010 50
a contact +34200 +39600 9011 1005 50
a contact +38400 +40200 1003 2044 50
a contact +39000 +40200 1004 2025 50
a contact +38400 +40200 1006 2052 50
a contact +39600 +40200 1008 2033 50
a contact +39000 +40200 1009 2005 50
a contact +39000 +40200 2005 1009 50
a contact +39000 +40200 2025 1004 50
a contact +39600 +40200 2033 1008 50
a contact +38400 +40200 2044 1003 50
a contact +38400 +40200 2052 1006 50
a contact +37800 +40800 1002 9003 50
a contact +40200 +40800 1006 9011 50
a contact +39000 +40800 1007 2056 50
a contact +39000 +40800 2056 1007 50
a contact +37800 +40800 9003 1002 50
a contact +40200 +40800 9011 1006 50
a contact +30600 +41400 1001 9012 50
a contact +40200 +41400 1003 9006 50
a contact +40200 +41400 1004 9002 50
a contact +39600 +41400 1005 2059 50
a contact +40200 +41400 1009 2044 50
a contact +39600 +41400 1010 2013 50
a contact +36000 +41400 1011 9009 50
a contact +37800 +41400 1012 9005 50
a contact +39600 +41400 2013 1010 50
a contact +40200 +41400 2044 1009 50
a contact +39600 +41400 2059 1005 50
a contact +40200 +41400 9002 1004 50
a contact +37800 +41400 9005 1012 50
a contact +40200 +41400 9006 1003 50
a contact +36000 +41400 9009 1011 50
a contact +30600 +41400 9012 1001 50
a contact +41400 +42600 1005 9008 50
a contact +41400 +42600 9008 1005 50
a contact +40800 +43200 1002 2051 50
a contact +41400 +43200 1004 2006 50
a contact +42600 +43200 1005 2028 50
a contact +40200 +43200 1008 2022 50
a contact +41400 +43200 1009 9006 50
a contact +41400 +43200 2006 1004 50
a contact +40200 +43200 2022 1008 50
a contact +42600 +43200 2028 1005 50
a contact +40800 +43200 2051 1002 50
a contact +41400 +43200 9006 1009 50
a contact +41400 +43800 1001 2049 50
a contact +41400 +43800 1003 2060 50
a contact +43200 +43800 1005 2023 50
a contact +40800 +43800 1006 2056 50
a contact +40800 +43800 1007 2058 50
a contact +43200 +43800 1008 9003 50
a contact +41400 +43800 1010 2059 50
a contact +41400 +43800 1011 2027 50
a contact +41400 +43800 1012 2032 50
a contact +43200 +43800 2023 1005 50
a contact +41400 +43800 2027 1011 50
a contact +41400 +43800 2032 1012 50
a contact +41400 +43800 2049 1001 50
a contact +40800 +43800 2056 1006 50
a contact +40800 +43800 2058 1007 50
a contact +41400 +43800 2059 1010 50
a contact +41400 +43800 2060 1003 50
a contact +43200 +43800 9003 1008 50
a contact +43200 +44400 1002 2040 50
a contact +43800 +44400 1006 9006 50
a contact +43800 +44400 1008 2022 50
a contact +43200 +44400 1009 2050 50
a contact +43800 +44400 1010 2014 50
a contact +43800 +44400 2014 1010 50
a contact +43800 +44400 2022 1008 50
a contact +43200 +44400 2040 1002 50
a contact +43200 +44400 2050 1009 50
a contact +43800 +44400 9006 1006 50
a contact +43800 +45000 1001 2021 50
a contact +44400 +45000 1002 2024 50
a contact +43800 +45000 1003 9003 50
a contact +43200 +45000 1004 9012 50
a contact +43800 +45000 1005 2055 50
a contact +43800 +45000 1007 2028 50
a contact +43800 +45000 1011 2023 50
a contact +43800 +45000 1012 9009 50
a contact +43800 +45000 2021 1001 50
a contact +43800 +45000 2023 1011 50
a contact +44400 +45000 2024 1002 50
a contact +43800 +45000 2028 1007 50
a contact +43800 +45000 2055 1005 50
a contact +43800 +45000 9003 1003 50
a contact +43800 +45000 9009 1012 50
a contact +43200 +45000 9012 1004 50
a contact +45000 +45600 1002 2033 50
a contact +44400 +45600 1008 2041 50
a contact +44400 +45600 1010 2019 50
a contact +44400 +45600 2019 1010 50
a contact +45000 +45600 2033 1002 50
a contact +44400 +45600 2041 1008 50
a contact +45000 +46200 1001 9009 50
a contact +45600 +46200 1002 9012 50
a contact +45000 +46200 1003 2021 50
a contact +45000 +46200 1004 2004 50
a contact +45000 +46200 1005 2038 50
a contact +44400 +46200 1006 2002 50
a contact +45000 +46200 1007 2005 50
a contact +44400 +46200 1009 9006 50
a contact +45000 +46200 1012 2018 50
a contact +44400 +46200 2002 1006 50
a contact +45000 +46200 2004 1004 50
a contact +45000 +46200 2005 1007 50
a contact +45000 +46200 2018 1012 50
a contact +45000 +46200 2021 1003 50
a contact +45000 +46200 2038 1005 50
a contact +44400 +46200 9006 1009 50
a contact +45000 +46200 9009 1001 50
a contact +45600 +46200 9012 1002 50
a contact +46200 +46800 1001 2049 50
a contact +46200 +46800 1003 9012 50
a contact +46200 +46800 1005 2046 50
a contact +45600 +46800 1008 2008 50
a contact +46200 +46800 1012 9009 50
a contact +45600 +46800 2008 1008 50
a contact +46200 +46800 2046 1005 50
a contact +46200 +46800 2049 1001 50
a contact +46200 +46800 9009 1012 50
a contact +46200 +46800 9012 1003 50
a contact +46200 +47400 1002 2010 50
a contact +46200 +47400 1006 2017 50
a contact +46200 +47400 1007 2058 50
a contact +45600 +47400 1010 2059 50
a contact +46800 +47400 1012 2014 50
a contact +46200 +47400 2010 1002 50
a contact +46800 +47400 2014 1012 50
a contact +46200 +47400 2017 1006 50
a contact +46200 +47400 2058 1007 50
a contact +45600 +47400 2059 1010 50
a contact +46800 +48000 1001 2006 50
a contact +47400 +48000 1002 9009 50
a contact +46800 +48000 1003 2024 50
a contact +46200 +48000 1004 9006 50
a contact +46800 +48000 1005 2049 50
a contact +47400 +48000 1007 9012 50
a contact +46800 +48000 1008 2028 50
a contact +46800 +48000 2006 1001 50
a contact +46800 +48000 2024 1003 50
a contact +46800 +48000 2028 1008 50
a contact +46800 +48000 2049 1005 50
a contact +46200 +48000 9006 1004 50
a contact +47400 +48000 9009 1002 50
a contact +47400 +48000 9012 1007 50
a contact +47400 +48600 1006 2029 50
a contact +46200 +48600 1009 2030 50
a contact +47400 +48600 1010 2058 50
a contact +45000 +48600 1011 9003 50
a contact +47400 +48600 2029 1006 50
a contact +46200 +48600 2030 1009 50
a contact +47400 +48600 2058 1010 50
a contact +45000 +48600 9003 1011 50
a contact +48000 +49200 1001 9012 50
a contact +48000 +49200 1005 2053 50
a contact +48000 +49200 1007 2011 50
a contact +48600 +49200 1011 2049 50
a contact +47400 +49200 1012 2037 50
a contact +48000 +49200 2011 1007 50
a contact +47400 +49200 2037 1012 50
a contact +48600 +49200 2049 1011 50
a contact +48000 +49200 2053 1005 50
a contact +48000 +49200 9012 1001 50
a contact +48000 +49800 1004 2016 50
a contact +48600 +49800 1009 2052 50
a contact +49200 +49800 1011 2033 50
a contact +48000 +49800 2016 1004 50
a contact +49200 +49800 2033 1011 50
a contact +48600 +49800 2052 1009 50
a contact +48600 +50400 1006 2030 50
a contact +49200 +50400 1007 2026 50
a contact +49800 +50400 1009 2029 50
a contact +48600 +50400 1010 9003 50
a contact +49200 +50400 1012 9012 50
a contact +49200 +50400 2026 1007 50
a contact +49800 +50400 2029 1009 50
a contact +48600 +50400 2030 1006 50
a contact +48600 +50400 9003 1010 50
a contact +49200 +50400 9012 1012 50
a contact +49200 +51000 1001 2038 50
a contact +48000 +51000 1002 2048 50
a contact +49800 +51000 1004 2007 50
a contact +49800 +51000 2007 1004 50
a contact +49200 +51000 2038 1001 50
a contact +48000 +51000 2048 1002 50
a contact +51000 +51600 1001 2040 50
a contact +51000 +51600 1002 2055 50
a contact +48000 +51600 1003 9009 50
a contact +49200 +51600 1005 2049 50
a contact +50400 +51600 1007 9012 50
a contact +48000 +51600 1008 9006 50
a contact +50400 +51600 1009 2027 50
a contact +50400 +51600 1010 2022 50
a contact +49800 +51600 1011 2034 50
a contact +50400 +51600 2022 1010 50
a contact +50400 +51600 2027 1009 50
a contact +49800 +51600 2034 1011 50
a contact +51000 +51600 2040 1001 50
a contact +49200 +51600 2049 1005 50
a contact +51000 +51600 2055 1002 50
a contact +48000 +51600 9006 1008 50
a contact +48000 +51600 9009 1003 50
a contact +50400 +51600 9012 1007 50
a contact +51600 +53400 1003 2045 50
a contact +51000 +53400 1004 2031 50
a contact +50400 +53400 1012 2015 50
a contact +50400 +53400 2015 1012 50
a contact +51000 +53400 2031 1004 50
a contact +51600 +53400 2045 1003 50
a contact +51600 +54000 1002 2020 50
a contact +53400 +54000 1004 9004 50
a contact +51600 +54000 1005 2004 50
a contact +50400 +54000 1006 2060 50
a contact +51600 +54000 1007 2056 50
a contact +51600 +54000 1008 2046 50
a contact +51600 +54000 1009 2039 50
a contact +51600 +54000 1010 2042 50
a contact +51600 +54000 2004 1005 50
a contact +51600 +54000 2020 1002 50
a contact +51600 +54000 2039 1009 50
a contact +51600 +54000 2042 1010 50
a contact +51600 +54000 2046 1008 50
a contact +51600 +54000 2056 1007 50
a contact +50400 +54000 2060 1006 50
a contact +53400 +54000 9004 1004 50
a contact +54000 +54600 1002 2033 50
a contact +53400 +54600 1003 2048 50
a contact +54000 +54600 1004 2050 50
a contact +54000 +54600 1005 9004 50
a contact +51600 +54600 1011 2001 50
a contact +51600 +54600 2001 1011 50
a contact +54000 +54600 2033 1002 50
a contact +53400 +54600 2048 1003 50
a contact +54000 +54600 2050 1004 50
a contact +54000 +54600 9004 1005 50
a contact +54600 +55200 1004 9004 50
a contact +54600 +55200 1005 2046 50
a contact +54000 +55200 1006 2005 50
a contact +54000 +55200 1007 9001 50
a contact +54000 +55200 1009 9007 50
a contact +54000 +55200 2005 1006 50
a contact +54600 +55200 2046 1005 50
a contact +54000 +55200 9001 1007 50
a contact +54600 +55200 9004 1004 50
a contact +54000 +55200 9007 1009 50
a contact +55200 +55800 1007 9012 50
a contact +54000 +55800 1010 9006 50
a contact +54600 +55800 1011 2016 50
a contact +54600 +55800 2016 1011 50
a contact +54000 +55800 9006 1010 50
a contact +55200 +55800 9012 1007 50
a contact +51600 +56400 1001 9009 50
a contact +54600 +56400 1003 2021 50
a contact +55200 +56400 1004 2010 50
a contact +55200 +56400 1005 9004 50
a contact +55200 +56400 2010 1004 50
a contact +54600 +56400 2021 1003 50
a contact +55200 +56400 9004 1005 50
a contact +51600 +56400 9009 1001 50
a contact +56400 +57000 1001 2037 50
a contact +55800 +57000 1007 9001 50
a contact +55800 +57000 1010 2017 50
a contact +55800 +57000 2017 1010 50
a contact +56400 +57000 2037 1001 50
a contact +55800 +57000 9001 1007 50
a contact +54600 +57600 1002 2057 50
a contact +56400 +57600 1004 2058 50
a contact +55200 +57600 1006 9007 50
a contact +55200 +57600 1009 2009 50
a contact +55200 +57600 2009 1009 50
a contact +54600 +57600 2057 1002 50
a contact +56400 +57600 2058 1004 50
a contact +55200 +57600 9007 1006 50
a contact +57600 +58200 1002 2050 50
a contact +56400 +58200 1005 2052 50
a contact +57000 +58200 1007 2049 50
a contact +53400 +58200 1012 9010 50
a contact +57000 +58200 2049 1007 50
a contact +57600 +58200 2050 1002 50
a contact +56400 +58200 2052 1005 50
a contact +53400 +58200 9010 1012 50
a contact +57000 +58800 1001 2045 50
a contact +57600 +58800 1004 2017 50
a contact +55800 +58800 1011 9006 50
a contact +57600 +58800 2017 1004 50
a contact +57000 +58800 2045 1001 50
a contact +55800 +58800 9006 1011 50
a contact +58200 +59400 1005 9010 50
a contact +57600 +59400 1006 2001 50
a contact +57600 +59400 1009 9009 50
a contact +58800 +59400 1011 2011 50
a contact +58200 +59400 1012 2028 50
a contact +57600 +59400 2001 1006 50
a contact +58800 +59400 2011 1011 50
a contact +58200 +59400 2028 1012 50
a contact +57600 +59400 9009 1009 50
a contact +58200 +59400 9010 1005 50
a contact +58800 +60000 1004 2021 50
a contact +58800 +60000 2021 1004 50
a contact +58800 +60600 1001 2054 50
a contact +56400 +60600 1003 9004 50
a contact +59400 +60600 1005 2013 50
a contact +59400 +60600 1011 2028 50
a contact +59400 +60600 1012 2012 50
a contact +59400 +60600 2012 1012 50
a contact +59400 +60600 2013 1005 50
a contact +59400 +60600 2028 1011 50
a contact +58800 +60600 2054 1001 50
a contact +56400 +60600 9004 1003 50
a contact +58200 +61200 1002 9007 50
a contact +59400 +61200 1009 2056 50
a contact +60600 +61200 1012 2042 50
a contact +60600 +61200 2042 1012 50
a contact +59400 +61200 2056 1009 50
a contact +58200 +61200 9007 1002 50
a contact +60600 +63000 1001 2002 50
a contact +60600 +63000 1003 2009 50
a contact +60600 +63000 2002 1001 50
a contact +60600 +63000 2009 1003 50
a contact +61200 +63600 1002 2034 50
a contact +60600 +63600 1005 9009 50
a contact +58200 +63600 1007 9012 50
a contact +61200 +63600 1009 2038 50
a contact +60600 +63600 1011 2018 50
a contact +61200 +63600 1012 2012 50
a contact +61200 +63600 2012 1012 50
a contact +60600 +63600 2018 1011 50
a contact +61200 +63600 2034 1002 50
a contact +61200 +63600 2038 1009 50
a contact +60600 +63600 9009 1005 50
a contact +58200 +63600 9012 1007 50
a contact +57000 +64200 1010 9001 50
a contact +57000 +64200 9001 1010 50
a contact +63000 +64800 1001 2031 50
a contact +63600 +64800 1002 2018 50
a contact +63000 +64800 1003 9007 50
a contact +60000 +64800 1004 9006 50
a contact +63600 +64800 1005 2013 50
a contact +63600 +64800 1007 2014 50
a contact +63600 +64800 1011 2038 50
a contact +63600 +64800 2013 1005 50
a contact +63600 +64800 2014 1007 50
a contact +63600 +64800 2018 1002 50
a contact +63000 +64800 2031 1001 50
a contact +63600 +64800 2038 1011 50
a contact +60000 +64800 9006 1004 50
a contact +63000 +64800 9007 1003 50
a contact +64800 +65400 1005 9009 50
a contact +64200 +65400 1010 2053 50
a contact +64800 +65400 1011 2042 50
a contact +63600 +65400 1012 9004 50
a contact +64800 +65400 2042 1011 50
a contact +64200 +65400 2053 1010 50
a contact +63600 +65400 9004 1012 50
a contact +64800 +65400 9009 1005 50
a contact +64800 +66000 1003 2026 50
a contact +64800 +66000 2026 1003 50
a contact +64800 +66600 1004 2057 50
a contact +63600 +66600 1009 9012 50
a contact +65400 +66600 1010 2043 50
a contact +65400 +66600 2043 1010 50
a contact +64800 +66600 2057 1004 50
a contact +63600 +66600 9012 1009 50
a contact +54000 +67200 1008 9003 50
a contact +65400 +67200 1011 2012 50
a contact +65400 +67200 2012 1011 50
a contact +54000 +67200 9003 1008 50
a contact +65400 +67800 1005 2015 50
a contact +66600 +67800 1009 2058 50
a contact +66600 +67800 1010 2020 50
a contact +65400 +67800 1012 2051 50
a contact +65400 +67800 2015 1005 50
a contact +66600 +67800 2020 1010 50
a contact +65400 +67800 2051 1012 50
a contact +66600 +67800 2058 1009 50
a contact +64800 +68400 1002 9001 50
a contact +66000 +68400 1003 9004 50
a contact +67800 +68400 1005 2037 50
a contact +67800 +68400 2037 1005 50
a contact +64800 +68400 9001 1002 50
a contact +66000 +68400 9004 1003 50
a contact +64800 +69000 1007 9007 50
a contact +67800 +69000 1009 2032 50
a contact +67800 +69000 1010 2035 50
a contact +67800 +69000 1012 9012 50
a contact +67800 +69000 2032 1009 50
a contact +67800 +69000 2035 1010 50
a contact +64800 +69000 9007 1007 50
a contact +67800 +69000 9012 1012 50
a contact +68400 +69600 1002 2007 50
a contact +68400 +69600 1003 2043 50
a contact +67200 +69600 1008 2016 50
a contact +68400 +69600 2007 1002 50
a contact +67200 +69600 2016 1008 50
a contact +68400 +69600 2043 1003 50
a contact +59400 +70200 1006 9010 50
a contact +69000 +70200 1007 2025 50
a contact +69600 +70200 1008 2028 50
a contact +69000 +70200 1009 2035 50
a contact +69000 +70200 2025 1007 50
a contact +69600 +70200 2028 1008 50
a contact +69000 +70200 2035 1009 50
a contact +59400 +70200 9010 1006 50
a contact +69600 +70800 1003 2032 50
a contact +68400 +70800 1005 9001 50
a contact +70200 +70800 1006 2047 50
a contact +69000 +70800 1010 9007 50
a contact +67200 +70800 1011 9003 50
a contact +69000 +70800 1012 2002 50
a contact +69000 +70800 2002 1012 50
a contact +69600 +70800 2032 1003 50
a contact +70200 +70800 2047 1006 50
a contact +68400 +70800 9001 1005 50
a contact +67200 +70800 9003 1011 50
a contact +69000 +70800 9007 1010 50
a contact +70800 +72600 1003 9001 50
a contact +70200 +72600 1007 2021 50
a contact +70200 +72600 2021 1007 50
a contact +70800 +72600 9001 1003 50
a contact +70800 +73200 1005 2048 50
a contact +70800 +73200 1006 9003 50
a contact +70200 +73200 1008 2042 50
a contact +70200 +73200 1009 9004 50
a contact +70800 +73200 1010 2015 50
a contact +70800 +73200 1011 2060 50
a contact +70800 +73200 2015 1010 50
a contact +70200 +73200 2042 1008 50
a contact +70800 +73200 2048 1005 50
a contact +70800 +73200 2060 1011 50
a contact +70800 +73200 9003 1006 50
a contact +70200 +73200 9004 1009 50
a contact +72600 +73800 1003 2041 50
a contact +72600 +73800 1007 2047 50
a contact +73200 +73800 1010 2022 50
a contact +73200 +73800 2022 1010 50
a contact +72600 +73800 2041 1003 50
a contact +72600 +73800 2047 1007 50
a contact +66600 +74400 1004 9009 50
a contact +73200 +74400 1006 2023 50
a contact +73200 +74400 2023 1006 50
a contact +66600 +74400 9009 1004 50
a contact +73800 +75000 1007 2044 50
a contact +73200 +75000 1008 2035 50
a contact +73200 +75000 1009 2034 50
a contact +73800 +75000 1010 9003 50
a contact +73200 +75000 2034 1009 50
a contact +73200 +75000 2035 1008 50
a contact +73800 +75000 2044 1007 50
a contact +73800 +75000 9003 1010 50
a contact +74400 +75600 1004 2047 50
a contact +74400 +75600 2047 1004 50
a contact +73200 +76200 1005 9001 50
a contact +75000 +76200 1009 2026 50
a contact +70800 +76200 1012 9007 50
a contact +75000 +76200 2026 1009 50
a contact +73200 +76200 9001 1005 50
a contact +70800 +76200 9007 1012 50
a contact +73800 +76800 1003 9004 50
a contact +75600 +76800 1004 2044 50
a contact +75000 +76800 1008 9009 50
a contact +75000 +76800 1010 2020 50
a contact +75000 +76800 2020 1010 50
a contact +75600 +76800 2044 1004 50
a contact +73800 +76800 9004 1003 50
a contact +75000 +76800 9009 1008 50
a contact +76200 +77400 1005 2029 50
a contact +74400 +77400 1006 2014 50
a contact +75000 +77400 1007 9003 50
a contact +76200 +77400 1012 2037 50
a contact +74400 +77400 2014 1006 50
a contact +76200 +77400 2029 1005 50
a contact +76200 +77400 2037 1012 50
a contact +75000 +77400 9003 1007 50
a contact +76800 +78000 1003 2047 50
a contact +77400 +78000 1005 2036 50
a contact +77400 +78000 1007 2033 50
a contact +77400 +78000 2033 1007 50
a contact +77400 +78000 2036 1005 50
a contact +76800 +78000 2047 1003 50
a contact +64800 +78600 1001 9006 50
a contact +69600 +78600 1002 9012 50
a contact +76800 +78600 1004 9009 50
a contact +76800 +78600 1008 2023 50
a contact +77400 +78600 1012 9003 50
a contact +76800 +78600 2023 1008 50
a contact +77400 +78600 9003 1012 50
a contact +64800 +78600 9006 1001 50
a contact +76800 +78600 9009 1004 50
a contact +69600 +78600 9012 1002 50
a contact +78600 +79200 1002 2055 50
a contact +77400 +79200 1006 2001 50
a contact +78000 +79200 1007 2006 50
a contact +77400 +79200 2001 1006 50
a contact +78000 +79200 2006 1007 50
a contact +78600 +79200 2055 1002 50
a contact +78600 +79800 1001 2020 50
a contact +79200 +79800 1002 9011 50
a contact +78000 +79800 1003 2007 50
a contact +78600 +79800 1004 2023 50
a contact +78000 +79800 1005 2024 50
a contact +78600 +79800 1012 2018 50
a contact +78000 +79800 2007 1003 50
a contact +78600 +79800 2018 1012 50
a contact +78600 +79800 2020 1001 50
a contact +78600 +79800 2023 1004 50
a contact +78000 +79800 2024 1005 50
a contact +79200 +79800 9011 1002 50
a contact +79800 +80400 1003 9011 50
a contact +79800 +80400 1005 2033 50
a contact +78600 +80400 1008 9005 50
a contact +76800 +80400 1010 9007 50
a contact +73200 +80400 1011 9010 50
a contact +79800 +80400 2033 1005 50
a contact +78600 +80400 9005 1008 50
a contact +76800 +80400 9007 1010 50
a contact +73200 +80400 9010 1011 50
a contact +79800 +80400 9011 1003 50
a contact +79800 +81000 1002 2004 50
a contact +79200 +81000 1007 2009 50
a contact +79800 +81000 2004 1002 50
a contact +79200 +81000 2009 1007 50
a contact +79800 +81600 1001 2001 50
a contact +80400 +81600 1008 2003 50
a contact +79800 +81600 2001 1001 50
a contact +80400 +81600 2003 1008 50
a contact +81000 +82200 1002 9007 50
a contact +79800 +82200 1004 2038 50
a contact +80400 +82200 1005 9010 50
a contact +79200 +82200 1006 9004 50
a contact +76200 +82200 1009 9001 50
a contact +80400 +82200 1010 2006 50
a contact +80400 +82200 1011 2046 50
a contact +80400 +82200 2006 1010 50
a contact +79800 +82200 2038 1004 50
a contact +80400 +82200 2046 1011 50
a contact +76200 +82200 9001 1009 50
a contact +79200 +82200 9004 1006 50
a contact +81000 +82200 9007 1002 50
a contact +80400 +82200 9010 1005 50
a contact +81600 +82800 1001 9011 50
a contact +82200 +82800 1005 2044 50
a contact +82200 +82800 1006 2053 50
a contact +82200 +82800 1010 9004 50
a contact +82200 +82800 1011 9001 50
a contact +82200 +82800 2044 1005 50
a contact +82200 +82800 2053 1006 50
a contact +82200 +82800 9001 1011 50
a contact +82200 +82800 9004 1010 50
a contact +81600 +82800 9011 1001 50
a contact +82200 +83400 1004 2023 50
a contact +82200 +83400 1009 2031 50
a contact +82200 +83400 2023 1004 50
a contact +82200 +83400 2031 1009 50
a contact +82200 +84000 1002 2055 50
a contact +80400 +84000 1003 2054 50
a contact +82800 +84000 1006 9004 50
a contact +82800 +84000 1010 2016 50
a contact +82800 +84000 1011 2001 50
a contact +82800 +84000 2001 1011 50
a contact +82800 +84000 2016 1010 50
a contact +80400 +84000 2054 1003 50
a contact +82200 +84000 2055 1002 50
a contact +82800 +84000 9004 1006 50
a contact +84000 +84600 1003 2037 50
a contact +83400 +84600 1004 2033 50
a contact +83400 +84600 2033 1004 50
a contact +84000 +84600 2037 1003 50
a contact +82800 +85200 1001 2026 50
a contact +84000 +85200 1002 2030 50
a contact +84000 +85200 1006 2012 50
a contact +83400 +85200 1009 2029 50
a contact +84000 +85200 1011 9007 50
a contact +84000 +85200 2012 1006 50
a contact +82800 +85200 2026 1001 50
a contact +83400 +85200 2029 1009 50
a contact +84000 +85200 2030 1002 50
a contact +84000 +85200 9007 1011 50
a contact +84600 +85800 1004 9010 50
a contact +84600 +85800 9010 1004 50
a contact +85200 +86400 1001 2012 50
a contact +85200 +86400 1002 2041 50
a contact +84600 +86400 1003 2003 50
a contact +85800 +86400 1004 2040 50
a contact +82800 +86400 1005 9001 50
a contact +85200 +86400 1006 9007 50
a contact +81000 +86400 1007 9005 50
a contact +81600 +86400 1008 9008 50
a contact +85200 +86400 1009 9004 50
a contact +84000 +86400 1010 9011 50
a contact +85200 +86400 1011 2001 50
a contact +79800 +86400 1012 9002 50
a contact +85200 +86400 2001 1011 50
a contact +84600 +86400 2003 1003 50
a contact +85200 +86400 2012 1001 50
a contact +85800 +86400 2040 1004 50
a contact +85200 +86400 2041 1002 50
a contact +82800 +86400 9001 1005 50
a contact +79800 +86400 9002 1012 50
a contact +85200 +86400 9004 1009 50
a contact +81000 +86400 9005 1007 50
a contact +85200 +86400 9007 1006 50
a contact +81600 +86400 9008 1008 50
a contact +84000 +86400 9011 1010 50

a range +0 +600 1001 2005 0.0553
a range +0 +600 1002 2040 0.0541
a range +0 +600 1004 2044 0.054
a range +0 +600 1005 2006 0.0546
a range +0 +600 1006 2033 0.0545
a range +0 +600 1007 2013 0.0555
a range +0 +600 1012 2036 0.0548
a range +0 +600 2005 1001 0.0553
a range +0 +600 2006 1005 0.0546
a range +0 +600 2013 1007 0.0555
a range +0 +600 2033 1006 0.0545
a range +0 +600 2036 1012 0.0548
a range +0 +600 2040 1002 0.0541
a range +0 +600 2044 1004 0.054
a range +600 +1200 1001 2006 0.0554
a range +600 +1200 1007 2046 0.0542
a range +0 +1200 1009 9007 1102.0661
a range +0 +1200 1010 2024 0.0547
a range +600 +1200 2006 1001 0.0554
a range +0 +1200 2024 1010 0.0547
a range +600 +1200 2046 1007 0.0542
a range +0 +1200 9007 1009 1102.0661
a range +600 +1800 1005 9002 1102.4258
a range +0 +1800 1008 2007 0.0554
a range +1200 +1800 1009 2005 0.0543
a range +1200 +1800 2005 1009 0.0543
a range +0 +1800 2007 1008 0.0554
a range +600 +1800 9002 1005 1102.4258
a range +1200 +2400 1001 2003 0.0548
a range +600 +2400 1012 2019 0.0544
a range +1200 +2400 2003 1001 0.0548
a range +600 +2400 2019 1012 0.0544
a range +1800 +3000 1008 2012 0.0559
a range +0 +3000 1011 9010 1101.8753
a range +1800 +3000 2012 1008 0.0559
a range +0 +3000 9010 1011 1101.8753
a range +2400 +3600 1001 2059 0.0559
a range +1800 +3600 1005 2030 0.055
a range +1200 +3600 1007 9007 1102.2575
a range +1200 +3600 1010 9001 1101.9706
a range +2400 +3600 1012 2050 0.0552
a range +1800 +3600 2030 1005 0.055
a range +2400 +3600 2050 1012 0.0552
a range +2400 +3600 2059 1001 0.0559
a range +1200 +3600 9001 1010 1101.9706
a range +1200 +3600 9007 1007 1102.2575
a range +3600 +4200 1001 9010 1102.3154
a range +0 +4200 1003 9008 1102.6119
a range +0 +4200 9008 1003 1102.6119
a range +3600 +4200 9010 1001 1102.3154
a range +600 +4800 1002 9011 1102.7056
a range +3000 +4800 1008 2051 0.0545
a range +3000 +4800 1011 2012 0.0545
a range +3000 +4800 2012 1011 0.0545
a range +3000 +4800 2051 1008 0.0545
a range +600 +4800 9011 1002 1102.7056
a range +4200 +5400 1001 2036 0.0555
a range +4800 +5400 1002 2042 0.0542
a range +4200 +5400 1003 2008 0.0551
a range +3600 +5400 1007 2013 0.0555
a range +4800 +5400 1008 9010 1102.1618
a range +3600 +5400 1010 2052 0.0552
a range +4200 +5400 2008 1003 0.0551
a range +3600 +5400 2013 1007 0.0555
a range +4200 +5400 2036 1001 0.0555
a range +4800 +5400 2042 1002 0.0542
a range +3600 +5400 2052 1010 0.0552
a range +4800 +5400 9010 1008 1102.1618
a range +5400 +6000 1001 2053 0.0546
a range +600 +6000 1006 9004 1102.3532
a range +5400 +6000 1010 2043 0.0554
a range +3600 +6000 1012 2026 0.0544
a range +3600 +6000 2026 1012 0.0544
a range +5400 +6000 2043 1010 0.0554
a range +5400 +6000 2053 1001 0.0546
a range +600 +6000 9004 1006 1102.3532
a range +5400 +6600 1008 2023 0.0544
a range +5400 +6600 2023 1008 0.0544
a range +5400 +7200 1003 9008 1102.6119
a range +600 +7200 1004 9005 1102.5186
a range +4800 +7200 1011 2025 0.0546
a range +4800 +7200 2025 1011 0.0546
a range +600 +7200 9005 1004 1102.5186
a range +5400 +7200 9008 1003 1102.6119
a range +6000 +7800 1001 2020 0.0547
a range +6000 +7800 1006 2004 0.0546
a range +1800 +7800 1009 9002 1102.0593
a range +6000 +7800 1010 2027 0.0551
a range +6000 +7800 2004 1006 0.0546
a range +6000 +7800 2020 1001 0.0547
a range +6000 +7800 2027 1010 0.0551
a range +1800 +7800 9002 1009 1102.0593
a range +7800 +8400 1001 9005 1102.7998
a range +7200 +8400 1003 2060 0.0542
a range +7800 +8400 1009 2032 0.0545
a range +7800 +8400 2032 1009 0.0545
a range +7200 +8400 2060 1003 0.0542
a range +7800 +8400 9005 1001 1102.7998
a range +8400 +9000 1001 9002 1102.7998
a range +5400 +9000 1007 9010 1102.2575
a range +6600 +9000 1008 2039 0.0548
a range +7800 +9000 1010 2036 0.0548
a range +7800 +9000 2036 1010 0.0548
a range +6600 +9000 2039 1008 0.0548
a range +8400 +9000 9002 1001 1102.7998
a range +5400 +9000 9010 1007 1102.2575
a range +9000 +9600 1008 2013 0.0547
a range +9000 +9600 2013 1008 0.0547
a range +7200 +10200 1004 2001 0.0554
a range +8400 +10200 1009 2040 0.0543
a range +9000 +10200 1010 9010 1102.3341
a range +7200 +10200 2001 1004 0.0554
a range +8400 +10200 2040 1009 0.0543
a range +9000 +10200 9010 1010 1102.3341
a range +9000 +10800 1001 2055 0.0551
a range +9000 +10800 1007 2029 0.0556
a range +9000 +10800 2029 1007 0.0556
a range +9000 +10800 2055 1001 0.0551
a range +10200 +11400 1004 9010 1102.3575
a range +9600 +11400 1008 2003 0.0553
a range +10200 +11400 1009 2036 0.0554
a range +9600 +11400 2003 1008 0.0553
a range +10200 +11400 2036 1009 0.0554
a range +10200 +11400 9010 1004 1102.3575
a range +10200 +12000 1010 2011 0.0548
a range +6000 +12000 1012 9004 1102.3136
a range +10200 +12000 2011 1010 0.0548
a range +6000 +12000 9004 1012 1102.3136
a range +10800 +12600 1001 2001 0.054
a range +7200 +12600 1011 9008 1103.0142
a range +10800 +12600 2001 1001 0.054
a range +7200 +12600 9008 1011 1103.0142
a range +11400 +13200 1004 2035 0.0549
a range +7800 +13200 1006 9011 1102.3335
a range +12000 +13200 1012 2008 0.0549
a range +12000 +13200 2008 1012 0.0549
a range +11400 +13200 2035 1004 0.0549
a range +7800 +13200 9011 1006 1102.3335
a range +8400 +13800 1003 9005 1102.6119
a range +10800 +13800 1007 2034 0.0547
a range +12600 +13800 1011 2016 0.055
a range +12600 +13800 2016 1011 0.055
a range +10800 +13800 2034 1007 0.0547
a range +8400 +13800 9005 1003 1102.6119
a range +3600 +14400 1005 9001 1102.3712
a range +11400 +14400 1008 2010 0.0544
a range +11400 +14400 2010 1008 0.0544
a range +3600 +14400 9001 1005 1102.3712
a range +12600 +15000 1001 9004 1102.3154
a range +5400 +15000 1002 9007 1102.3253
a range +13800 +15000 1003 2053 0.0542
a range +13200 +15000 1006 2045 0.0558
a range +11400 +15000 1009 9010 1102.3509
a range +13800 +15000 1011 9011 1103.0142
a range +13200 +15000 1012 2048 0.0549
a range +13200 +15000 2045 1006 0.0558
a range +13200 +15000 2048 1012 0.0549
a range +13800 +15000 2053 1003 0.0542
a range +12600 +15000 9004 1001 1102.3154
a range +5400 +15000 9007 1002 1102.3253
a range +11400 +15000 9010 1009 1102.3509
a range +13800 +15000 9011 1011 1103.0142
a range +13800 +15600 1007 2046 0.0542
a range +14400 +15600 1008 9001 1102.3663
a range +13800 +15600 2046 1007 0.0542
a range +14400 +15600 9001 1008 1102.3663
a range +15000 +16200 1001 2015 0.054
a range +14400 +16200 1005 2011 0.0546
a range +15000 +16200 1006 2043 0.0554
a range +15600 +16200 1007 2028 0.0552
a range +12000 +16200 1010 9002 1103.1094
a range +15000 +16200 1012 2047 0.0547
a range +14400 +16200 2011 1005 0.0546
a range +15000 +16200 2015 1001 0.054
a range +15600 +16200 2028 1007 0.0552
a range +15000 +16200 2043 1006 0.0554
a range +15000 +16200 2047 1012 0.0547
a range +12000 +16200 9002 1010 1103.1094
a range +16200 +16800 1001 9002 1102.7998
a range +15000 +16800 1002 2017 0.0555
a range +13200 +16800 1004 9008 1102.5186
a range +15600 +16800 1008 2003 0.0553
a range +15000 +16800 1009 2024 0.0544
a range +15000 +16800 1011 9005 1103.0142
a range +16200 +16800 1012 2043 0.0546
a range +15600 +16800 2003 1008 0.0553
a range +15000 +16800 2017 1002 0.0555
a range +15000 +16800 2024 1009 0.0544
a range +16200 +16800 2043 1012 0.0546
a range +16200 +16800 9002 1001 1102.7998
a range +15000 +16800 9005 1011 1103.0142
a range +13200 +16800 9008 1004 1102.5186
a range +15000 +17400 1003 9011 1102.6119
a range +16200 +17400 1005 2042 0.0547
a range +16200 +17400 1006 2010 0.0553
a range +16200 +17400 1007 2055 0.0547
a range +16800 +17400 1008 2050 0.0544
a range +16800 +17400 1012 9008 1102.8944
a range +16200 +17400 2010 1006 0.0553
a range +16200 +17400 2042 1005 0.0547
a range +16800 +17400 2050 1008 0.0544
a range +16200 +17400 2055 1007 0.0547
a range +16800 +17400 9008 1012 1102.8944
a range +15000 +17400 9011 1003 1102.6119
a range +16800 +18000 1002 9002 1102.7056
a range +17400 +18000 1003 2017 0.0548
a range +16800 +18000 1004 2031 0.0541
a range +16800 +18000 1009 9005 1103.2048
a range +16200 +18000 1010 2036 0.0548
a range +16800 +18000 1011 2025 0.0546
a range +17400 +18000 2017 1003 0.0548
a range +16800 +18000 2025 1011 0.0546
a range +16800 +18000 2031 1004 0.0541
a range +16200 +18000 2036 1010 0.0548
a range +16800 +18000 9002 1002 1102.7056
a range +16800 +18000 9005 1009 1103.2048
a range +16800 +18600 1001 2035 0.0541
a range +18000 +18600 1003 9002 1102.6119
a range +17400 +18600 1006 2034 0.0547
a range +18000 +18600 1011 9005 1103.0142
a range +17400 +18600 1012 2003 0.0542
a range +17400 +18600 2003 1012 0.0542
a range +17400 +18600 2034 1006 0.0547
a range +16800 +18600 2035 1001 0.0541
a range +18000 +18600 9002 1003 1102.6119
a range +18000 +18600 9005 1011 1103.0142
a range +18000 +19200 1002 2030 0.0547
a range +18000 +19200 1004 2040 0.0546
a range +17400 +19200 1005 2007 0.0545
a range +18000 +19200 1010 2019 0.0544
a range +17400 +19200 2007 1005 0.0545
a range +18000 +19200 2019 1010 0.0544
a range +18000 +19200 2030 1002 0.0547
a range +18000 +19200 2040 1004 0.0546
a range +18600 +19800 1003 2057 0.0542
a range +18600 +19800 1006 2011 0.0544
a range +17400 +19800 1007 9011 1103.3955
a range +17400 +19800 1008 9008 1103.3002
a range +18000 +19800 1009 2015 0.0545
a range +19200 +19800 1010 2027 0.0551
a range +18600 +19800 1011 2038 0.0546
a range +18600 +19800 1012 2033 0.0543
a range +18600 +19800 2011 1006 0.0544
a range +18000 +19800 2015 1009 0.0545
a range +19200 +19800 2027 1010 0.0551
a range +18600 +19800 2033 1012 0.0543
a range +18600 +19800 2038 1011 0.0546
a range +18600 +19800 2057 1003 0.0542
a range +17400 +19800 9008 1008 1103.3002
a range +17400 +19800 9011 1007 1103.3955
a range +18600 +20400 1001 9002 1102.7998
a range +19200 +20400 1002 2045 0.0549
a range +19200 +20400 1004 2053 0.0549
a range +19200 +20400 1005 2008 0.0543
a range +19800 +20400 1009 2024 0.0544
a range +19200 +20400 2008 1005 0.0543
a range +19800 +20400 2024 1009 0.0544
a range +19200 +20400 2045 1002 0.0549
a range +19200 +20400 2053 1004 0.0549
a range +18600 +20400 9002 1001 1102.7998
a range +19800 +21000 1003 2032 0.0559
a range +20400 +21000 1005 2033 0.0541
a range +19800 +21000 1008 2028 0.054
a range +19800 +21000 1012 2005 0.0548
a range +19800 +21000 2005 1012 0.0548
a range +19800 +21000 2028 1008 0.054
a range +19800 +21000 2032 1003 0.0559
a range +20400 +21000 2033 1005 0.0541
a range +20400 +21600 1001 2051 0.055
a range +21000 +21600 1003 2004 0.0545
a range +20400 +21600 1004 2016 0.0542
a range +19800 +21600 1007 2001 0.0541
a range +19800 +21600 2001 1007 0.0541
a range +21000 +21600 2004 1003 0.0545
a range +20400 +21600 2016 1004 0.0542
a range +20400 +21600 2051 1001 0.055
a range +21000 +22200 1005 2045 0.0548
a range +19800 +22200 1006 2019 0.0547
a range +21000 +22200 1008 2032 0.0545
a range +19800 +22200 2019 1006 0.0547
a range +21000 +22200 2032 1008 0.0545
a range +21000 +22200 2045 1005 0.0548
a range +21600 +22800 1001 2054 0.054
a range +20400 +22800 1002 2039 0.0556
a range +22200 +22800 1005 2037 0.0545
a range +21600 +22800 1007 2021 0.0547
a range +22200 +22800 1008 2045 0.055
a range +20400 +22800 1009 9011 1103.2048
a range +19800 +22800 1011 9008 1103.0142
a range +21600 +22800 2021 1007 0.0547
a range +22200 +22800 2037 1005 0.0545
a range +20400 +22800 2039 1002 0.0556
a range +22200 +22800 2045 1008 0.055
a range +21600 +22800 2054 1001 0.054
a range +19800 +22800 9008 1011 1103.0142
a range +20400 +22800 9011 1009 1103.2048
a range +22800 +23400 1005 2017 0.0544
a range +22200 +23400 1006 2012 0.0541
a range +21000 +23400 1012 9002 1102.8944
a range +22200 +23400 2012 1006 0.0541
a range +22800 +23400 2017 1005 0.0544
a range +21000 +23400 9002 1012 1102.8944
a range +22800 +24000 1001 2047 0.0553
a range +22800 +24000 1002 2051 0.0551
a range +21600 +24000 1003 2040 0.0547
a range +21600 +24000 1004 2002 0.0548
a range +22800 +24000 1009 2014 0.055
a range +19800 +24000 1010 9005 1103.1094
a range +22800 +24000 1011 2043 0.0541
a range +21600 +24000 2002 1004 0.0548
a range +22800 +24000 2014 1009 0.055
a range +21600 +24000 2040 1003 0.0547
a range +22800 +24000 2043 1011 0.0541
a range +22800 +24000 2047 1001 0.0553
a range +22800 +24000 2051 1002 0.0551
a range +19800 +24000 9005 1010 1103.1094
a range +24000 +24600 1001 9005 1102.7998
a range +24000 +24600 1003 2036 0.0552
a range +22800 +24600 1008 9008 1103.3002
a range +24000 +24600 1011 2032 0.0553
a range +23400 +24600 1012 2027 0.0543
a range +23400 +24600 2027 1012 0.0543
a range +24000 +24600 2032 1011 0.0553
a range +24000 +24600 2036 1003 0.0552
a range +24000 +24600 9005 1001 1102.7998
a range +22800 +24600 9008 1008 1103.3002
a range +24000 +25200 1002 2052 0.055
a range +24000 +25200 1004 2037 0.0541
a range +23400 +25200 1006 9002 1103.4136
a range +24000 +25200 2037 1004 0.0541
a range +24000 +25200 2052 1002 0.055
a range +23400 +25200 9002 1006 1103.4136
a range +24600 +25800 1003 2039 0.054
a range +25200 +25800 1004 9005 1103.3833
a range +23400 +25800 1005 2003 0.0558
a range +22800 +25800 1007 9011 1103.3955
a range +24600 +25800 1008 2029 0.0552
a range +24000 +25800 1009 2031 0.0547
a range +24000 +25800 1010 2022 0.0544
a range +24600 +25800 1011 2002 0.0553
a range +24600 +25800 2002 1011 0.0553
a range +23400 +25800 2003 1005 0.0558
a range +24000 +25800 2022 1010 0.0544
a range +24600 +25800 2029 1008 0.0552
a range +24000 +25800 2031 1009 0.0547
a range +24600 +25800 2039 1003 0.054
a range +25200 +25800 9005 1004 1103.3833
a range +22800 +25800 9011 1007 1103.3955
a range +24600 +26400 1001 2001 0.054
a range +25200 +26400 1002 2028 0.0545
a range +25800 +26400 1003 2029 0.0545
a range +25200 +26400 1006 2008 0.0557
a range +25800 +26400 1009 2005 0.0541
a range +25800 +26400 1011 9011 1103.0142
a range +24600 +26400 2001 1001 0.054
a range +25800 +26400 2005 1009 0.0541
a range +25200 +26400 2008 1006 0.0557
a range +25200 +26400 2028 1002 0.0545
a range +25800 +26400 2029 1003 0.0545
a range +25800 +26400 9011 1011 1103.0142
a range +26400 +27000 1002 2006 0.0554
a range +25800 +27000 1004 2053 0.0549
a range +25800 +27000 1005 2055 0.0549
a range +26400 +27000 1006 9011 1103.4136
a range +25800 +27000 1007 2019 0.0554
a range +25800 +27000 1008 9005 1103.3002
a range +24600 +27000 1012 9008 1102.8944
a range +26400 +27000 2006 1002 0.0554
a range +25800 +27000 2019 1007 0.0554
a range +25800 +27000 2053 1004 0.0549
a range +25800 +27000 2055 1005 0.0549
a range +25800 +27000 9005 1008 1103.3002
a range +24600 +27000 9008 1012 1102.8944
a range +26400 +27000 9011 1006 1103.4136
a range +26400 +27600 1001 2043 0.0558
a range +25800 +27600 1010 9002 1103.1094
a range +26400 +27600 1011 2018 0.0553
a range +26400 +27600 2018 1011 0.0553
a range +26400 +27600 2043 1001 0.0558
a range +25800 +27600 9002 1010 1103.1094
a range +26400 +28200 1003 2003 0.0544
a range +27000 +28200 1004 9011 1103.3833
a range +27000 +28200 1006 2025 0.0555
a range +27000 +28200 1007 9008 1103.3955
a range +27000 +28200 1008 2022 0.0547
a range +26400 +28200 2003 1003 0.0544
a range +27000 +28200 2022 1008 0.0547
a range +27000 +28200 2025 1006 0.0555
a range +27000 +28200 9008 1007 1103.3955
a range +27000 +28200 9011 1004 1103.3833
a range +27600 +28800 1001 2033 0.0555
a range +27000 +28800 1002 2056 0.0551
a range +27000 +28800 1005 9005 1103.4001
a range +28200 +28800 1006 2006 0.0543
a range +26400 +28800 1009 2008 0.0556
a range +27600 +28800 1010 2053 0.0549
a range +27600 +28800 1011 2037 0.0548
a range +27000 +28800 1012 2057 0.0554
a range +28200 +28800 2006 1006 0.0543
a range +26400 +28800 2008 1009 0.0556
a range +27600 +28800 2033 1001 0.0555
a range +27600 +28800 2037 1011 0.0548
a range +27600 +28800 2053 1010 0.0549
a range +27000 +28800 2056 1002 0.0551
a range +27000 +28800 2057 1012 0.0554
a range +27000 +28800 9005 1005 1103.4001
a range +28200 +29400 1004 2054 0.055
a range +28200 +29400 1007 2017 0.055
a range +28200 +29400 2017 1007 0.055
a range +28200 +29400 2054 1004 0.055
a range +28800 +30000 1001 2024 0.0551
a range +28800 +30000 1002 9011 1103.3576
a range +28800 +30000 1005 2025 0.0552
a range +28800 +30000 1006 2026 0.0542
a range +28800 +30000 1010 9005 1103.1094
a range +28800 +30000 2024 1001 0.0551
a range +28800 +30000 2025 1005 0.0552
a range +28800 +30000 2026 1006 0.0542
a range +28800 +30000 9005 1010 1103.1094
a range +28800 +30000 9011 1002 1103.3576
a range +30000 +30600 1001 2047 0.0553
a range +29400 +30600 1007 2004 0.0555
a range +28800 +30600 1009 2010 0.0544
a range +30000 +30600 1010 2017 0.0544
a range +28800 +30600 1011 2001 0.0548
a range +28800 +30600 1012 2041 0.0547
a range +28800 +30600 2001 1011 0.0548
a range +29400 +30600 2004 1007 0.0555
a range +28800 +30600 2010 1009 0.0544
a range +30000 +30600 2017 1010 0.0544
a range +28800 +30600 2041 1012 0.0547
a range +30000 +30600 2047 1001 0.0553
a range +28200 +31200 1003 9002 1103.3678
a range +30600 +31200 1007 9011 1103.3955
a range +28200 +31200 9002 1003 1103.3678
a range +30600 +31200 9011 1007 1103.3955
a range +30000 +31800 1002 2009 0.0553
a range +29400 +31800 1004 2058 0.054
a range +30000 +31800 1005 9009 1103.5617
a range +30000 +31800 1006 2005 0.0551
a range +31200 +31800 1007 2041 0.0558
a range +30000 +31800 2005 1006 0.0551
a range +30000 +31800 2009 1002 0.0553
a range +31200 +31800 2041 1007 0.0558
a range +29400 +31800 2058 1004 0.054
a range +30000 +31800 9009 1005 1103.5617
a range +31800 +32400 1002 9009 1103.8366
a range +31200 +32400 1003 2019 0.0545
a range +31800 +32400 1006 2018 0.0546
a range +31800 +32400 2018 1006 0.0546
a range +31200 +32400 2019 1003 0.0545
a range +31800 +32400 9009 1002 1103.8366
a range +32400 +33600 1002 2044 0.0547
a range +30600 +33600 1011 2002 0.0553
a range +30600 +33600 2002 1011 0.0553
a range +32400 +33600 2044 1002 0.0547
a range +32400 +34200 1003 2014 0.0554
a range +31800 +34200 1005 2041 0.0543
a range +32400 +34200 1006 9009 1103.471
a range +31800 +34200 1007 9011 1103.3955
a range +28200 +34200 1008 9008 1103.3002
a range +30600 +34200 1010 9005 1103.1094
a range +30600 +34200 1012 2050 0.0552
a range +32400 +34200 2014 1003 0.0554
a range +31800 +34200 2041 1005 0.0543
a range +30600 +34200 2050 1012 0.0552
a range +30600 +34200 9005 1010 1103.1094
a range +28200 +34200 9008 1008 1103.3002
a range +32400 +34200 9009 1006 1103.471
a range +31800 +34200 9011 1007 1103.3955
a range +34200 +34800 1003 9009 1103.7444
a range +34200 +34800 1008 2052 0.0537
a range +33600 +34800 1011 2011 0.054
a range +33600 +34800 2011 1011 0.054
a range +34200 +34800 2052 1008 0.0537
a range +34200 +34800 9009 1003 1103.7444
a range +33600 +35400 1002 9002 1103.3576
a range +34200 +35400 1006 2054 0.0542
a range +34200 +35400 1007 2034 0.0547
a range +30600 +35400 1009 9006 1103.2012
a range +34200 +35400 1010 2044 0.0495
a range +34200 +35400 1012 9008 1103.3622
a range +34200 +35400 2034 1007 0.0547
a range +34200 +35400 2044 1010 0.0495
a range +34200 +35400 2054 1006 0.0542
a range +33600 +35400 9002 1002 1103.3576
a range +30600 +35400 9006 1009 1103.2012
a range +34200 +35400 9008 1012 1103.3622
a range +34800 +36000 1003 2013 0.0541
a range +34800 +36000 1008 9005 1103.3002
a range +35400 +36000 1009 2046 0.0542
a range +34800 +36000 1011 2059 0.0547
a range +34800 +36000 2013 1003 0.0541
a range +35400 +36000 2046 1009 0.0542
a range +34800 +36000 2059 1011 0.0547
a range +34800 +36000 9005 1008 1103.3002
a range +36000 +36600 1003 9006 1103.7444
a range +31800 +36600 1004 9003 1103.6528
a range +35400 +36600 1007 2050 0.0407
a range +35400 +36600 1012 2037 0.0553
a range +35400 +36600 2037 1012 0.0553
a range +35400 +36600 2050 1007 0.0407
a range +31800 +36600 9003 1004 1103.6528
a range +36000 +36600 9006 1003 1103.7444
a range +36600 +37200 1003 2002 0.0541
a range +36000 +37200 1009 9005 1103.2048
a range +35400 +37200 1010 2060 0.0541
a range +36600 +37200 2002 1003 0.0541
a range +35400 +37200 2060 1010 0.0541
a range +36000 +37200 9005 1009 1103.2048
a range +35400 +37800 1002 2011 0.0542
a range +36000 +37800 1008 2047 0.0558
a range +36600 +37800 1012 2057 0.0401
a range +35400 +37800 2011 1002 0.0542
a range +36000 +37800 2047 1008 0.0558
a range +36600 +37800 2057 1012 0.0401
a range +37200 +38400 1003 9002 1103.3678
a range +36600 +38400 1004 2035 0.0404
a range +35400 +38400 1006 9008 1103.4136
a range +37200 +38400 1009 2036 0.0554
a range +37200 +38400 1010 2043 0.0438
a range +36600 +38400 2035 1004 0.0404
a range +37200 +38400 2036 1009 0.0554
a range +37200 +38400 2043 1010 0.0438
a range +37200 +38400 9002 1003 1103.3678
a range +35400 +38400 9008 1006 1103.4136
a range +38400 +39000 1004 9008 1103.3833
a range +36600 +39000 1007 9006 1103.3808
a range +38400 +39000 1009 2007 0.0557
a range +38400 +39000 2007 1009 0.0557
a range +36600 +39000 9006 1007 1103.3808
a range +38400 +39000 9008 1004 1103.3833
a range +34200 +39600 1005 9011 1103.4001
a range +37800 +39600 1008 2027 0.0546
a range +38400 +39600 1010 9002 1103.3925
a range +37800 +39600 2027 1008 0.0546
a range +38400 +39600 9002 1010 1103.3925
a range +34200 +39600 9011 1005 1103.4001
a range +38400 +40200 1003 2044 0.0553
a range +39000 +40200 1004 2025 0.0549
a range +38400 +40200 1006 2052 0.0543
a range +39600 +40200 1008 2033 0.0554
a range +39000 +40200 1009 2005 0.054
a range +39000 +40200 2005 1009 0.054
a range +39000 +40200 2025 1004 0.0549
a range +39600 +40200 2033 1008 0.0554
a range +38400 +40200 2044 1003 0.0553
a range +38400 +40200 2052 1006 0.0543
a range +37800 +40800 1002 9003 1103.8366
a range +40200 +40800 1006 9011 1103.4136
a range +39000 +40800 1007 2056 0.0553
a range +39000 +40800 2056 1007 0.0553
a range +37800 +40800 9003 1002 1103.8366
a range +40200 +40800 9011 1006 1103.4136
a range +30600 +41400 1001 9012 1103.9292
a range +40200 +41400 1003 9006 1103.7444
a range +40200 +41400 1004 9002 1103.3833
a range +39600 +41400 1005 2059 0.0557
a range +40200 +41400 1009 2044 0.0557
a range +39600 +41400 1010 2013 0.0543
a range +36000 +41400 1011 9009 1104.1161
a range +37800 +41400 1012 9005 1103.3622
a range +39600 +41400 2013 1010 0.0543
a range +40200 +41400 2044 1009 0.0557
a range +39600 +41400 2059 1005 0.0557
a range +40200 +41400 9002 1004 1103.3833
a range +37800 +41400 9005 1012 1103.3622
a range +40200 +41400 9006 1003 1103.7444
a range +36000 +41400 9009 1011 1104.1161
a range +30600 +41400 9012 1001 1103.9292
a range +41400 +42600 1005 9008 1103.4001
a range +41400 +42600 9008 1005 1103.4001
a range +40800 +43200 1002 2051 0.0551
a range +41400 +43200 1004 2006 0.0545
a range +42600 +43200 1005 2028 0.0549
a range +40200 +43200 1008 2022 0.0547
a range +41400 +43200 1009 9006 1104.3298
a range +41400 +43200 2006 1004 0.0545
a range +40200 +43200 2022 1008 0.0547
a range +42600 +43200 2028 1005 0.0549
a range +40800 +43200 2051 1002 0.0551
a range +41400 +43200 9006 1009 1104.3298
a range +41400 +43800 1001 2049 0.0558
a range +41400 +43800 1003 2060 0.0546
a range +43200 +43800 1005 2023 0.0544
a range +40800 +43800 1006 2056 0.054
a range +40800 +43800 1007 2058 0.0541
a range +43200 +43800 1008 9003 1104.4248
a range +41400 +43800 1010 2059 0.0547
a range +41400 +43800 1011 2027 0.0541
a range +41400 +43800 1012 2032 0.0548
a range +43200 +43800 2023 1005 0.0544
a range +41400 +43800 2027 1011 0.0541
a range +41400 +43800 2032 1012 0.0548
a range +41400 +43800 2049 1001 0.0558
a range +40800 +43800 2056 1006 0.054
a range +40800 +43800 2058 1007 0.0541
a range +41400 +43800 2059 1010 0.0547
a range +41400 +43800 2060 1003 0.0546
a range +43200 +43800 9003 1008 1104.4248
a range +43200 +44400 1002 2040 0.0548
a range +43800 +44400 1006 9006 1103.471
a range +43800 +44400 1008 2022 0.0547
a range +43200 +44400 1009 2050 0.0394
a range +43800 +44400 1010 2014 0.0552
a range +43800 +44400 2014 1010 0.0552
a range +43800 +44400 2022 1008 0.0547
a range +43200 +44400 2040 1002 0.0548
a range +43200 +44400 2050 1009 0.0394
a range +43800 +44400 9006 1006 1103.471
a range +43800 +45000 1001 2021 0.0466
a range +44400 +45000 1002 2024 0.0544
a range +43800 +45000 1003 9003 1103.7444
a range +43200 +45000 1004 9012 1103.6528
a range +43800 +45000 1005 2055 0.0549
a range +43800 +45000 1007 2028 0.0435
a range +43800 +45000 1011 2023 0.0553
a range +43800 +45000 1012 9009 1104.0224
a range +43800 +45000 2021 1001 0.0466
a range +43800 +45000 2023 1011 0.0553
a range +44400 +45000 2024 1002 0.0544
a range +43800 +45000 2028 1007 0.0435
a range +43800 +45000 2055 1005 0.0549
a range +43800 +45000 9003 1003 1103.7444
a range +43800 +45000 9009 1012 1104.0224
a range +43200 +45000 9012 1004 1103.6528
a range +45000 +45600 1002 2033 0.0441
a range +44400 +45600 1008 2041 0.0545
a range +44400 +45600 1010 2019 0.0557
a range +44400 +45600 2019 1010 0.0557
a range +45000 +45600 2033 1002 0.0441
a range +44400 +45600 2041 1008 0.0545
a range +45000 +46200 1001 9009 1103.9292
a range +45600 +46200 1002 9012 1103.8366
a range +45000 +46200 1003 2021 0.0463
a range +45000 +46200 1004 2004 0.0553
a range +45000 +46200 1005 2038 0.0556
a range +44400 +46200 1006 2002 0.0545
a range +45000 +46200 1007 2005 0.0543
a range +44400 +46200 1009 9006 1104.3298
a range +45000 +46200 1012 2018 0.035
a range +44400 +46200 2002 1006 0.0545
a range +45000 +46200 2004 1004 0.0553
a range +45000 +46200 2005 1007 0.0543
a range +45000 +46200 2018 1012 0.035
a range +45000 +46200 2021 1003 0.0463
a range +45000 +46200 2038 1005 0.0556
a range +44400 +46200 9006 1009 1104.3298
a range +45000 +46200 9009 1001 1103.9292
a range +45600 +46200 9012 1002 1103.8366
a range +46200 +46800 1001 2049 0.0558
a range +46200 +46800 1003 9012 1103.7444
a range +46200 +46800 1005 2046 0.0437
a range +45600 +46800 1008 2008 0.0551
a range +46200 +46800 1012 9009 1104.0224
a range +45600 +46800 2008 1008 0.0551
a range +46200 +46800 2046 1005 0.0437
a range +46200 +46800 2049 1001 0.0558
a range +46200 +46800 9009 1012 1104.0224
a range +46200 +46800 9012 1003 1103.7444
a range +46200 +47400 1002 2010 0.0442
a range +46200 +47400 1006 2017 0.0543
a range +46200 +47400 1007 2058 0.0541
a range +45600 +47400 1010 2059 0.0547
a range +46800 +47400 1012 2014 0.0543
a range +46200 +47400 2010 1002 0.0442
a range +46800 +47400 2014 1012 0.0543
a range +46200 +47400 2017 1006 0.0543
a range +46200 +47400 2058 1007 0.0541
a range +45600 +47400 2059 1010 0.0547
a range +46800 +48000 1001 2006 0.0546
a range +47400 +48000 1002 9009 1103.8366
a range +46800 +48000 1003 2024 0.0545
a range +46200 +48000 1004 9006 1103.6528
a range +46800 +48000 1005 2049 0.0542
a range +47400 +48000 1007 9012 1104.52
a range +46800 +48000 1008 2028 0.0433
a range +46800 +48000 2006 1001 0.0546
a range +46800 +48000 2024 1003 0.0545
a range +46800 +48000 2028 1008 0.0433
a range +46800 +48000 2049 1005 0.0542
a range +46200 +48000 9006 1004 1103.6528
a range +47400 +48000 9009 1002 1103.8366
a range +47400 +48000 9012 1007 1104.52
a range +47400 +48600 1006 2029 0.0555
a range +46200 +48600 1009 2030 0.0543
a range +47400 +48600 1010 2058 0.0541
a range +45000 +48600 1011 9003 1104.1161
a range +47400 +48600 2029 1006 0.0555
a range +46200 +48600 2030 1009 0.0543
a range +47400 +48600 2058 1010 0.0541
a range +45000 +48600 9003 1011 1104.1161
a range +48000 +49200 1001 9012 1103.9292
a range +48000 +49200 1005 2053 0.0556
a range +48000 +49200 1007 2011 0.0544
a range +48600 +49200 1011 2049 0.0545
a range +47400 +49200 1012 2037 0.0553
a range +48000 +49200 2011 1007 0.0544
a range +47400 +49200 2037 1012 0.0553
a range +48600 +49200 2049 1011 0.0545
a range +48000 +49200 2053 1005 0.0556
a range +48000 +49200 9012 1001 1103.9292
a range +48000 +49800 1004 2016 0.0542
a range +48600 +49800 1009 2052 0.0525
a range +49200 +49800 1011 2033 0.0543
a range +48000 +49800 2016 1004 0.0542
a range +49200 +49800 2033 1011 0.0543
a range +48600 +49800 2052 1009 0.0525
a range +48600 +50400 1006 2030 0.0559
a range +49200 +50400 1007 2026 0.029
a range +49800 +50400 1009 2029 0.0494
a range +48600 +50400 1010 9003 1104.2351
a range +49200 +50400 1012 9012 1104.0224
a range +49200 +50400 2026 1007 0.029
a range +49800 +50400 2029 1009 0.0494
a range +48600 +50400 2030 1006 0.0559
a range +48600 +50400 9003 1010 1104.2351
a range +49200 +50400 9012 1012 1104.0224
a range +49200 +51000 1001 2038 0.0548
a range +48000 +51000 1002 2048 0.0545
a range +49800 +51000 1004 2007 0.0551
a range +49800 +51000 2007 1004 0.0551
a range +49200 +51000 2038 1001 0.0548
a range +48000 +51000 2048 1002 0.0545
a range +51000 +51600 1001 2040 0.0552
a range +51000 +51600 1002 2055 0.0543
a range +48000 +51600 1003 9009 1103.7444
a range +49200 +51600 1005 2049 0.0542
a range +50400 +51600 1007 9012 1104.52
a range +48000 +51600 1008 9006 1104.4248
a range +50400 +51600 1009 2027 0.0543
a range +50400 +51600 1010 2022 0.0544
a range +49800 +51600 1011 2034 0.0541
a range +50400 +51600 2022 1010 0.0544
a range +50400 +51600 2027 1009 0.0543
a range +49800 +51600 2034 1011 0.0541
a range +51000 +51600 2040 1001 0.0552
a range +49200 +51600 2049 1005 0.0542
a range +51000 +51600 2055 1002 0.0543
a range +48000 +51600 9006 1008 1104.4248
a range +48000 +51600 9009 1003 1103.7444
a range +50400 +51600 9012 1007 1104.52
a range +51600 +53400 1003 2045 0.0339
a range +51000 +53400 1004 2031 0.0541
a range +50400 +53400 1012 2015 0.0554
a range +50400 +53400 2015 1012 0.0554
a range +51000 +53400 2031 1004 0.0541
a range +51600 +53400 2045 1003 0.0339
a range +51600 +54000 1002 2020 0.039
a range +53400 +54000 1004 9004 1104.7843
a range +51600 +54000 1005 2004 0.0558
a range +50400 +54000 1006 2060 0.0338
a range +51600 +54000 1007 2056 0.0553
a range +51600 +54000 1008 2046 0.055
a range +51600 +54000 1009 2039 0.0326
a range +51600 +54000 1010 2042 0.0368
a range +51600 +54000 2004 1005 0.0558
a range +51600 +54000 2020 1002 0.039
a range +51600 +54000 2039 1009 0.0326
a range +51600 +54000 2042 1010 0.0368
a range +51600 +54000 2046 1008 0.055
a range +51600 +54000 2056 1007 0.0553
a range +50400 +54000 2060 1006 0.0338
a range +53400 +54000 9004 1004 1104.7843
a range +54000 +54600 1002 2033 0.0441
a range +53400 +54600 1003 2048 0.0547
a range +54000 +54600 1004 2050 0.0548
a range +54000 +54600 1005 9004 1104.6917
a range +51600 +54600 1011 2001 0.0548
a range +51600 +54600 2001 1011 0.0548
a range +54000 +54600 2033 1002 0.0441
a range +53400 +54600 2048 1003 0.0547
a range +54000 +54600 2050 1004 0.0548
a range +54000 +54600 9004 1005 1104.6917
a range +54600 +55200 1004 9004 1104.7843
a range +54600 +55200 1005 2046 0.0437
a range +54000 +55200 1006 2005 0.0551
a range +54000 +55200 1007 9001 1104.5083
a range +54000 +55200 1009 9007 1104.3267
a range +54000 +55200 2005 1006 0.0551
a range +54600 +55200 2046 1005 0.0437
a range +54000 +55200 9001 1007 1104.5083
a range +54600 +55200 9004 1004 1104.7843
a range +54000 +55200 9007 1009 1104.3267
a range +55200 +55800 1007 9012 1104.52
a range +54000 +55800 1010 9006 1104.2351
a range +54600 +55800 1011 2016 0.0437
a range +54600 +55800 2016 1011 0.0437
a range +54000 +55800 9006 1010 1104.2351
a range +55200 +55800 9012 1007 1104.52
a range +51600 +56400 1001 9009 1103.9292
a range +54600 +56400 1003 2021 0.0463
a range +55200 +56400 1004 2010 0.0222
a range +55200 +56400 1005 9004 1104.6917
a range +55200 +56400 2010 1004 0.0222
a range +54600 +56400 2021 1003 0.0463
a range +55200 +56400 9004 1005 1104.6917
a range +51600 +56400 9009 1001 1103.9292
a range +56400 +57000 1001 2037 0.0545
a range +55800 +57000 1007 9001 1104.5083
a range +55800 +57000 1010 2017 0.0542
a range +55800 +57000 2017 1010 0.0542
a range +56400 +57000 2037 1001 0.0545
a range +55800 +57000 9001 1007 1104.5083
a range +54600 +57600 1002 2057 0.0352
a range +56400 +57600 1004 2058 0.0422
a range +55200 +57600 1006 9007 1104.5997
a range +55200 +57600 1009 2009 0.0552
a range +55200 +57600 2009 1009 0.0552
a range +54600 +57600 2057 1002 0.0352
a range +56400 +57600 2058 1004 0.0422
a range +55200 +57600 9007 1006 1104.5997
a range +57600 +58200 1002 2050 0.0544
a range +56400 +58200 1005 2052 0.0546
a range +57000 +58200 1007 2049 0.0333
a range +53400 +58200 1012 9010 1104.0337
a range +57000 +58200 2049 1007 0.0333
a range +57600 +58200 2050 1002 0.0544
a range +56400 +58200 2052 1005 0.0546
a range +53400 +58200 9010 1012 1104.0337
a range +57000 +58800 1001 2045 0.0501
a range +57600 +58800 1004 2017 0.0551
a range +55800 +58800 1011 9006 1104.1161
a range +57600 +58800 2017 1004 0.0551
a range +57000 +58800 2045 1001 0.0501
a range +55800 +58800 9006 1011 1104.1161
a range +58200 +59400 1005 9010 1104.6917
a range +57600 +59400 1006 2001 0.054
a range +57600 +59400 1009 9009 1104.3298
a range +58800 +59400 1011 2011 0.054
a range +58200 +59400 1012 2028 0.0553
a range +57600 +59400 2001 1006 0.054
a range +58800 +59400 2011 1011 0.054
a range +58200 +59400 2028 1012 0.0553
a range +57600 +59400 9009 1009 1104.3298
a range +58200 +59400 9010 1005 1104.6917
a range +58800 +60000 1004 2021 0.0442
a range +58800 +60000 2021 1004 0.0442
a range +58800 +60600 1001 2054 0.0195
a range +56400 +60600 1003 9004 1104.8773
a range +59400 +60600 1005 2013 0.043
a range +59400 +60600 1011 2028 0.0408
a range +59400 +60600 1012 2012 0.0549
a range +59400 +60600 2012 1012 0.0549
a range +59400 +60600 2013 1005 0.043
a range +59400 +60600 2028 1011 0.0408
a range +58800 +60600 2054 1001 0.0195
a range +56400 +60600 9004 1003 1104.8773
a range +58200 +61200 1002 9007 1104.9709
a range +59400 +61200 1009 2056 0.0545
a range +60600 +61200 1012 2042 0.0348
a range +60600 +61200 2042 1012 0.0348
a range +59400 +61200 2056 1009 0.0545
a range +58200 +61200 9007 1002 1104.9709
a range +60600 +63000 1001 2002 0.055
a range +60600 +63000 1003 2009 0.0326
a range +60600 +63000 2002 1001 0.055
a range +60600 +63000 2009 1003 0.0326
a range +61200 +63600 1002 2034 0.054
a range +60600 +63600 1005 9009 1104.7107
a range +58200 +63600 1007 9012 1104.52
a range +61200 +63600 1009 2038 0.033
a range +60600 +63600 1011 2018 0.0441
a range +61200 +63600 1012 2012 0.0549
a range +61200 +63600 2012 1012 0.0549
a range +60600 +63600 2018 1011 0.0441
a range +61200 +63600 2034 1002 0.054
a range +61200 +63600 2038 1009 0.033
a range +60600 +63600 9009 1005 1104.7107
a range +58200 +63600 9012 1007 1104.52
a range +57000 +64200 1010 9001 1104.2366
a range +57000 +64200 9001 1010 1104.2366
a range +63000 +64800 1001 2031 0.052
a range +63600 +64800 1002 2018 0.0189
a range +63000 +64800 1003 9007 1104.8773
a range +60000 +64800 1004 9006 1104.806
a range +63600 +64800 1005 2013 0.043
a range +63600 +64800 1007 2014 0.0462
a range +63600 +64800 1011 2038 0.0143
a range +63600 +64800 2013 1005 0.043
a range +63600 +64800 2014 1007 0.0462
a range +63600 +64800 2018 1002 0.0189
a range +63000 +64800 2031 1001 0.052
a range +63600 +64800 2038 1011 0.0143
a range +60000 +64800 9006 1004 1104.806
a range +63000 +64800 9007 1003 1104.8773
a range +64800 +65400 1005 9009 1104.7107
a range +64200 +65400 1010 2053 0.0513
a range +64800 +65400 1011 2042 0.0348
a range +63600 +65400 1012 9004 1105.0821
a range +64800 +65400 2042 1011 0.0348
a range +64200 +65400 2053 1010 0.0513
a range +63600 +65400 9004 1012 1105.0821
a range +64800 +65400 9009 1005 1104.7107
a range +64800 +66000 1003 2026 0.0541
a range +64800 +66000 2026 1003 0.0541
a range +64800 +66600 1004 2057 0.0369
a range +63600 +66600 1009 9012 1104.3298
a range +65400 +66600 1010 2043 0.0438
a range +65400 +66600 2043 1010 0.0438
a range +64800 +66600 2057 1004 0.0369
a range +63600 +66600 9012 1009 1104.3298
a range +54000 +67200 1008 9003 1104.4248
a range +65400 +67200 1011 2012 0.0554
a range +65400 +67200 2012 1011 0.0554
a range +54000 +67200 9003 1008 1104.4248
a range +65400 +67800 1005 2015 0.0553
a range +66600 +67800 1009 2058 0.0555
a range +66600 +67800 1010 2020 0.0545
a range +65400 +67800 1012 2051 0.0381
a range +65400 +67800 2015 1005 0.0553
a range +66600 +67800 2020 1010 0.0545
a range +65400 +67800 2051 1012 0.0381
a range +66600 +67800 2058 1009 0.0555
a range +64800 +68400 1002 9001 1104.9709
a range +66000 +68400 1003 9004 1104.8773
a range +67800 +68400 1005 2037 0.0534
a range +67800 +68400 2037 1005 0.0534
a range +64800 +68400 9001 1002 1104.9709
a range +66000 +68400 9004 1003 1104.8773
a range +64800 +69000 1007 9007 1104.5083
a range +67800 +69000 1009 2032 0.0557
a range +67800 +69000 1010 2035 0.0549
a range +67800 +69000 1012 9012 1104.751
a range +67800 +69000 2032 1009 0.0557
a range +67800 +69000 2035 1010 0.0549
a range +64800 +69000 9007 1007 1104.5083
a range +67800 +69000 9012 1012 1104.751
a range +68400 +69600 1002 2007 0.0423
a range +68400 +69600 1003 2043 0.0399
a range +67200 +69600 1008 2016 0.0541
a range +68400 +69600 2007 1002 0.0423
a range +67200 +69600 2016 1008 0.0541
a range +68400 +69600 2043 1003 0.0399
a range +59400 +70200 1006 9010 1104.5997
a range +69000 +70200 1007 2025 0.0224
a range +69600 +70200 1008 2028 0.0433
a range +69000 +70200 1009 2035 0.0416
a range +69000 +70200 2025 1007 0.0224
a range +69600 +70200 2028 1008 0.0433
a range +69000 +70200 2035 1009 0.0416
a range +59400 +70200 9010 1006 1104.5997
a range +69600 +70800 1003 2032 0.0331
a range +68400 +70800 1005 9001 1104.6917
a range +70200 +70800 1006 2047 0.0331
a range +69000 +70800 1010 9007 1105.0512
a range +67200 +70800 1011 9003 1104.7431
a range +69000 +70800 1012 2002 0.0141
a range +69000 +70800 2002 1012 0.0141
a range +69600 +70800 2032 1003 0.0331
a range +70200 +70800 2047 1006 0.0331
a range +68400 +70800 9001 1005 1104.6917
a range +67200 +70800 9003 1011 1104.7431
a range +69000 +70800 9007 1010 1105.0512
a range +70800 +72600 1003 9001 1104.8773
a range +70200 +72600 1007 2021 0.0361
a range +70200 +72600 2021 1007 0.0361
a range +70800 +72600 9001 1003 1104.8773
a range +70800 +73200 1005 2048 0.0441
a range +70800 +73200 1006 9003 1104.6153
a range +70200 +73200 1008 2042 0.0546
a range +70200 +73200 1009 9004 1105.0361
a range +70800 +73200 1010 2015 0.0253
a range +70800 +73200 1011 2060 0.0553
a range +70800 +73200 2015 1010 0.0253
a range +70200 +73200 2042 1008 0.0546
a range +70800 +73200 2048 1005 0.0441
a range +70800 +73200 2060 1011 0.0553
a range +70800 +73200 9003 1006 1104.6153
a range +70200 +73200 9004 1009 1105.0361
a range +72600 +73800 1003 2041 0.0546
a range +72600 +73800 1007 2047 0.0205
a range +73200 +73800 1010 2022 0.0547
a range +73200 +73800 2022 1010 0.0547
a range +72600 +73800 2041 1003 0.0546
a range +72600 +73800 2047 1007 0.0205
a range +66600 +74400 1004 9009 1104.806
a range +73200 +74400 1006 2023 0.0331
a range +73200 +74400 2023 1006 0.0331
a range +66600 +74400 9009 1004 1104.806
a range +73800 +75000 1007 2044 0.0544
a range +73200 +75000 1008 2035 0.0403
a range +73200 +75000 1009 2034 0.0448
a range +73800 +75000 1010 9003 1104.7436
a range +73200 +75000 2034 1009 0.0448
a range +73200 +75000 2035 1008 0.0403
a range +73800 +75000 2044 1007 0.0544
a range +73800 +75000 9003 1010 1104.7436
a range +74400 +75600 1004 2047 0.0545
a range +74400 +75600 2047 1004 0.0545
a range +73200 +76200 1005 9001 1104.6917
a range +75000 +76200 1009 2026 0.0253
a range +70800 +76200 1012 9007 1105.0821
a range +75000 +76200 2026 1009 0.0253
a range +73200 +76200 9001 1005 1104.6917
a range +70800 +76200 9007 1012 1105.0821
a range +73800 +76800 1003 9004 1104.8773
a range +75600 +76800 1004 2044 0.032
a range +75000 +76800 1008 9009 1104.7675
a range +75000 +76800 1010 2020 0.0551
a range +75000 +76800 2020 1010 0.0551
a range +75600 +76800 2044 1004 0.032
a range +73800 +76800 9004 1003 1104.8773
a range +75000 +76800 9009 1008 1104.7675
a range +76200 +77400 1005 2029 0.0544
a range +74400 +77400 1006 2014 0.0492
a range +75000 +77400 1007 9003 1104.7843
a range +76200 +77400 1012 2037 0.0271
a range +74400 +77400 2014 1006 0.0492
a range +76200 +77400 2029 1005 0.0544
a range +76200 +77400 2037 1012 0.0271
a range +75000 +77400 9003 1007 1104.7843
a range +76800 +78000 1003 2047 0.055
a range +77400 +78000 1005 2036 0.0474
a range +77400 +78000 1007 2033 0.0296
a range +77400 +78000 2033 1007 0.0296
a range +77400 +78000 2036 1005 0.0474
a range +76800 +78000 2047 1003 0.055
a range +64800 +78600 1001 9006 1104.7653
a range +69600 +78600 1002 9012 1104.7822
a range +76800 +78600 1004 9009 1104.806
a range +76800 +78600 1008 2023 0.0147
a range +77400 +78600 1012 9003 1104.751
a range +76800 +78600 2023 1008 0.0147
a range +77400 +78600 9003 1012 1104.751
a range +64800 +78600 9006 1001 1104.7653
a range +76800 +78600 9009 1004 1104.806
a range +69600 +78600 9012 1002 1104.7822
a range +78600 +79200 1002 2055 0.0145
a range +77400 +79200 1006 2001 0.054
a range +78000 +79200 1007 2006 0.0554
a range +77400 +79200 2001 1006 0.054
a range +78000 +79200 2006 1007 0.0554
a range +78600 +79200 2055 1002 0.0145
a range +78600 +79800 1001 2020 0.0401
a range +79200 +79800 1002 9011 1104.9839
a range +78000 +79800 1003 2007 0.0353
a range +78600 +79800 1004 2023 0.0512
a range +78000 +79800 1005 2024 0.0439
a range +78600 +79800 1012 2018 0.035
a range +78000 +79800 2007 1003 0.0353
a range +78600 +79800 2018 1012 0.035
a range +78600 +79800 2020 1001 0.0401
a range +78600 +79800 2023 1004 0.0512
a range +78000 +79800 2024 1005 0.0439
a range +79200 +79800 9011 1002 1104.9839
a range +79800 +80400 1003 9011 1104.8946
a range +79800 +80400 1005 2033 0.0193
a range +78600 +80400 1008 9005 1105.0339
a range +76800 +80400 1010 9007 1105.0512
a range +73200 +80400 1011 9010 1105.068
a range +79800 +80400 2033 1005 0.0193
a range +78600 +80400 9005 1008 1105.0339
a range +76800 +80400 9007 1010 1105.0512
a range +73200 +80400 9010 1011 1105.068
a range +79800 +80400 9011 1003 1104.8946
a range +79800 +81000 1002 2004 0.0395
a range +79200 +81000 1007 2009 0.0271
a range +79800 +81000 2004 1002 0.0395
a range +79200 +81000 2009 1007 0.0271
a range +79800 +81600 1001 2001 0.0279
a range +80400 +81600 1008 2003 0.0441
a range +79800 +81600 2001 1001 0.0279
a range +80400 +81600 2003 1008 0.0441
a range +81000 +82200 1002 9007 1104.9709
a range +79800 +82200 1004 2038 0.0547
a range +80400 +82200 1005 9010 1105.0472
a range +79200 +82200 1006 9004 1105.0331
a range +76200 +82200 1009 9001 1105.0361
a range +80400 +82200 1010 2006 0.0464
a range +80400 +82200 1011 2046 0.0396
a range +80400 +82200 2006 1010 0.0464
a range +79800 +82200 2038 1004 0.0547
a range +80400 +82200 2046 1011 0.0396
a range +76200 +82200 9001 1009 1105.0361
a range +79200 +82200 9004 1006 1105.0331
a range +81000 +82200 9007 1002 1104.9709
a range +80400 +82200 9010 1005 1105.0472
a range +81600 +82800 1001 9011 1105.0733
a range +82200 +82800 1005 2044 0.0301
a range +82200 +82800 1006 2053 0.0488
a range +82200 +82800 1010 9004 1105.0512
a range +82200 +82800 1011 9001 1105.068
a range +82200 +82800 2044 1005 0.0301
a range +82200 +82800 2053 1006 0.0488
a range +82200 +82800 9001 1011 1105.068
a range +82200 +82800 9004 1010 1105.0512
a range +81600 +82800 9011 1001 1105.0733
a range +82200 +83400 1004 2023 0.0512
a range +82200 +83400 1009 2031 0.0491
a range +82200 +83400 2023 1004 0.0512
a range +82200 +83400 2031 1009 0.0491
a range +82200 +84000 1002 2055 0.0145
a range +80400 +84000 1003 2054 0.0135
a range +82800 +84000 1006 9004 1105.0331
a range +82800 +84000 1010 2016 0.052
a range +82800 +84000 1011 2001 0.0104
a range +82800 +84000 2001 1011 0.0104
a range +82800 +84000 2016 1010 0.052
a range +80400 +84000 2054 1003 0.0135
a range +82200 +84000 2055 1002 0.0145
a range +82800 +84000 9004 1006 1105.0331
a range +84000 +84600 1003 2037 0.0474
a range +83400 +84600 1004 2033 0.0257
a range +83400 +84600 2033 1004 0.0257
a range +84000 +84600 2037 1003 0.0474
a range +82800 +85200 1001 2026 0.0513
a range +84000 +85200 1002 2030 0.02
a range +84000 +85200 1006 2012 0.034
a range +83400 +85200 1009 2029 0.0494
a range +84000 +85200 1011 9007 1105.068
a range +84000 +85200 2012 1006 0.034
a range +82800 +85200 2026 1001 0.0513
a range +83400 +85200 2029 1009 0.0494
a range +84000 +85200 2030 1002 0.02
a range +84000 +85200 9007 1011 1105.068
a range +84600 +85800 1004 9010 1105.064
a range +84600 +85800 9010 1004 1105.064
a range +85200 +86400 1001 2012 0.0465
a range +85200 +86400 1002 2041 0.0393
a range +84600 +86400 1003 2003 0.0475
a range +85800 +86400 1004 2040 0.0544
a range +82800 +86400 1005 9001 1105.0472
a range +85200 +86400 1006 9007 1105.0331
a range +81000 +86400 1007 9005 1105.0328
a range +81600 +86400 1008 9008 1105.0339
a range +85200 +86400 1009 9004 1105.0361
a range +84000 +86400 1010 9011 1105.0584
a range +85200 +86400 1011 2001 0.0104
a range +79800 +86400 1012 9002 1105.0893
a range +85200 +86400 2001 1011 0.0104
a range +84600 +86400 2003 1003 0.0475
a range +85200 +86400 2012 1001 0.0465
a range +85800 +86400 2040 1004 0.0544
a range +85200 +86400 2041 1002 0.0393
a range +82800 +86400 9001 1005 1105.0472
a range +79800 +86400 9002 1012 1105.0893
a range +85200 +86400 9004 1009 1105.0361
a range +81000 +86400 9005 1007 1105.0328
a range +85200 +86400 9007 1006 1105.0331
a range +81600 +86400 9008 1008 1105.0339
a range +84000 +86400 9011 1010 1105.0584
