a contact +0 +1800 1004 2015 50
a contact +0 +1800 1006 2028 50
a contact +0 +1800 1007 2023 50
a contact +0 +1800 1007 2003 50
a contact +0 +1800 2003 1007 50
a contact +0 +1800 2015 1004 50
a contact +0 +1800 2023 1007 50
a contact +0 +1800 2028 1006 50
a contact +0 +2400 1001 9003 1200
a contact +0 +2400 9003 1001 1200
a contact +0 +3600 1003 2042 50
a contact +0 +3600 1006 2050 50
a contact +1800 +3600 1007 2039 50
a contact +1800 +3600 1007 2010 50
a contact +1800 +3600 2010 1007 50
a contact +0 +3600 2013 9001 50
a contact +1800 +3600 2039 1007 50
a contact +0 +3600 2042 1003 50
a contact +0 +3600 2050 1006 50
a contact +0 +3600 9001 2013 50
a contact +2400 +4800 1001 2038 50
a contact +0 +4800 1002 2006 50
a contact +1800 +4800 1006 2008 50
a contact +3600 +4800 1007 9003 1200
a contact +0 +4800 2006 1002 50
a contact +1800 +4800 2008 1006 50
a contact +0 +4800 2032 9002 50
a contact +2400 +4800 2038 1001 50
a contact +0 +4800 9002 2032 50
a contact +3600 +4800 9003 1007 1200
a contact +3600 +5400 1003 2019 50
a contact +0 +5400 1005 2033 50
a contact +3600 +5400 1006 2021 50
a contact +4800 +5400 1007 9003 1200
a contact +4800 +5400 2010 9002 50
a contact +3600 +5400 2019 1003 50
a contact +3600 +5400 2021 1006 50
a contact +0 +5400 2033 1005 50
a contact +4800 +5400 9002 2010 50
a contact +4800 +5400 9003 1007 1200
a contact +1800 +6000 1004 2052 50
a contact +5400 +6000 1007 9003 1200
a contact +1800 +6000 2052 1004 50
a contact +5400 +6000 9003 1007 1200
a contact +2400 +6600 1001 2040 50
a contact +0 +6600 1005 2018 50
a contact +5400 +6600 1006 2016 50
a contact +4800 +6600 1006 2002 50
a contact +4800 +6600 2002 1006 50
a contact +5400 +6600 2016 1006 50
a contact +0 +6600 2018 1005 50
a contact +2400 +6600 2040 1001 50
a contact +5400 +7200 1003 2046 50
a contact +5400 +7200 1005 2023 50
a contact +5400 +7200 2023 1005 50
a contact +5400 +7200 2046 1003 50
a contact +0 +7800 1004 2048 50
a contact +6000 +7800 1007 2007 50
a contact +6000 +7800 2007 1007 50
a contact +3600 +7800 2011 9001 50
a contact +0 +7800 2048 1004 50
a contact +3600 +7800 9001 2011 50
a contact +6600 +8400 1005 2005 50
a contact +6600 +8400 2005 1005 50
a contact +6000 +9000 1004 2043 50
a contact +6600 +9000 1006 9003 1200
a contact +6000 +9000 2043 1004 50
a contact +6600 +9000 9003 1006 1200
a contact +7800 +9600 1004 2041 50
a contact +9000 +9600 1006 9003 1200
a contact +7800 +9600 2041 1004 50
a contact +9000 +9600 9003 1006 1200
a contact +8400 +10200 1005 2031 50
a contact +7200 +10200 1005 2050 50
a contact +8400 +10200 2031 1005 50
a contact +7200 +10200 2050 1005 50
a contact +9000 +10800 1004 2032 50
a contact +10200 +10800 1005 9003 1200
a contact +9000 +10800 2032 1004 50
a contact +10200 +10800 9003 1005 1200
a contact +0 +12000 1003 2020 50
a contact +0 +12000 2020 1003 50
a contact +4800 +12600 1001 2042 50
a contact +4800 +12600 1002 2008 50
a contact +0 +12600 1002 2027 50
a contact +10800 +12600 1005 9003 1200
a contact +4800 +12600 2008 1002 50
a contact +7800 +12600 2026 9001 50
a contact +0 +12600 2027 1002 50
a contact +4800 +12600 2042 1001 50
a contact +7800 +12600 9001 2026 50
a contact +10800 +12600 9003 1005 1200
a contact +7200 +13200 1003 2010 50
a contact +9600 +13200 1004 2043 50
a contact +10800 +13200 1004 2025 50
a contact +7200 +13200 2010 1003 50
a contact +5400 +13200 2019 9002 50
a contact +10800 +13200 2025 1004 50
a contact +9600 +13200 2043 1004 50
a contact +5400 +13200 9002 2019 50
a contact +12600 +13800 1005 2023 50
a contact +12600 +13800 2023 1005 50
a contact +12600 +14400 1002 2034 50
a contact +12000 +14400 1003 2016 50
a contact +7800 +14400 1007 2048 50
a contact +12000 +14400 2016 1003 50
a contact +12600 +14400 2034 1002 50
a contact +7800 +14400 2048 1007 50
a contact +13200 +15000 1004 9003 1200
a contact +13200 +15000 9003 1004 1200
a contact +12600 +15600 2051 9001 50
a contact +12600 +15600 9001 2051 50
a contact +15600 +16200 1004 9003 1200
a contact +15600 +16200 1004 9001 1200
a contact +12600 +16200 1005 2008 50
a contact +12600 +16200 2008 1005 50
a contact +13200 +16200 2043 9002 50
a contact +15600 +16200 9001 1004 1200
a contact +13200 +16200 9002 2043 50
a contact +15600 +16200 9003 1004 1200
a contact +6600 +16800 1001 2009 50
a contact +14400 +16800 1002 2002 50
a contact +13200 +16800 1003 2003 50
a contact +14400 +16800 1003 2001 50
a contact +13800 +16800 1005 2022 50
a contact +14400 +16800 2001 1003 50
a contact +14400 +16800 2002 1002 50
a contact +13200 +16800 2003 1003 50
a contact +6600 +16800 2009 1001 50
a contact +13800 +16800 2022 1005 50
a contact +12600 +17400 1001 2041 50
a contact +6000 +17400 1007 2013 50
a contact +6000 +17400 2013 1007 50
a contact +12600 +17400 2041 1001 50
a contact +16800 +18000 1002 2021 50
a contact +9600 +18000 1006 2030 50
a contact +14400 +18000 1007 2026 50
a contact +16200 +18000 2004 9002 50
a contact +16800 +18000 2021 1002 50
a contact +14400 +18000 2026 1007 50
a contact +9600 +18000 2030 1006 50
a contact +16200 +18000 9002 2004 50
a contact +16800 +18600 1003 9003 1200
a contact +17400 +18600 1003 9001 1200
a contact +16200 +18600 1004 2010 50
a contact +16200 +18600 2010 1004 50
a contact +17400 +18600 9001 1003 1200
a contact +16800 +18600 9003 1003 1200
a contact +16800 +19200 1001 2027 50
a contact +18000 +19200 1002 2002 50
a contact +18600 +19200 1003 9001 1200
a contact +18600 +19200 1003 9003 1200
a contact +18000 +19200 1007 2012 50
a contact +18000 +19200 2002 1002 50
a contact +18000 +19200 2007 9002 50
a contact +18000 +19200 2012 1007 50
a contact +16800 +19200 2027 1001 50
a contact +18600 +19200 9001 1003 1200
a contact +18000 +19200 9002 2007 50
a contact +18600 +19200 9003 1003 1200
a contact +16200 +19800 1005 2016 50
a contact +9600 +19800 1006 2029 50
a contact +16200 +19800 2016 1005 50
a contact +9600 +19800 2029 1006 50
a contact +17400 +20400 1001 2025 50
a contact +19200 +20400 1001 2005 50
a contact +19200 +20400 1002 2021 50
a contact +12600 +20400 1002 2035 50
a contact +19200 +20400 1007 2010 50
a contact +19200 +20400 2005 1001 50
a contact +19200 +20400 2010 1007 50
a contact +19200 +20400 2021 1002 50
a contact +17400 +20400 2025 1001 50
a contact +12600 +20400 2035 1002 50
a contact +20400 +22200 1002 9001 1200
a contact +20400 +22200 1002 9003 1200
a contact +20400 +22200 9001 1002 1200
a contact +20400 +22200 9003 1002 1200
a contact +20400 +22800 1001 2039 50
a contact +22200 +22800 1002 9003 1200
a contact +22200 +22800 1002 9001 1200
a contact +18600 +22800 1004 2004 50
a contact +16200 +22800 1004 2014 50
a contact +18600 +22800 2004 1004 50
a contact +16200 +22800 2014 1004 50
a contact +20400 +22800 2039 1001 50
a contact +22200 +22800 9001 1002 1200
a contact +22200 +22800 9003 1002 1200
a contact +22800 +23400 1001 2049 50
a contact +20400 +23400 1001 2029 50
a contact +17400 +23400 1007 2050 50
a contact +20400 +23400 2029 1001 50
a contact +22800 +23400 2049 1001 50
a contact +17400 +23400 2050 1007 50
a contact +23400 +24000 1001 9003 1200
a contact +23400 +24000 1001 9001 1200
a contact +23400 +24000 9001 1001 1200
a contact +23400 +24000 9003 1001 1200
a contact +22800 +24600 1002 2047 50
a contact +19200 +24600 1003 2022 50
a contact +20400 +24600 1007 2032 50
a contact +19200 +24600 2022 1003 50
a contact +20400 +24600 2032 1007 50
a contact +22800 +24600 2047 1002 50
a contact +24000 +25200 1001 9001 1200
a contact +24000 +25200 1001 9003 1200
a contact +19800 +25200 1005 2006 50
a contact +19800 +25200 1006 2009 50
a contact +19800 +25200 2006 1005 50
a contact +19800 +25200 2009 1006 50
a contact +24000 +25200 9001 1001 1200
a contact +24000 +25200 9003 1001 1200
a contact +25200 +25800 1001 9003 1200
a contact +25200 +25800 9003 1001 1200
a contact +25800 +26400 1001 9001 1200
a contact +19200 +26400 2019 9002 50
a contact +25800 +26400 9001 1001 1200
a contact +19200 +26400 9002 2019 50
a contact +24600 +27000 1007 2029 50
a contact +23400 +27000 1007 2052 50
a contact +24600 +27000 2029 1007 50
a contact +23400 +27000 2052 1007 50
a contact +27000 +27600 1007 9001 1200
a contact +27000 +27600 1007 9003 1200
a contact +27000 +27600 9001 1007 1200
a contact +27000 +27600 9003 1007 1200
a contact +22800 +28200 1004 2045 50
a contact +16800 +28200 1005 2031 50
a contact +16800 +28200 2031 1005 50
a contact +22800 +28200 2045 1004 50
a contact +24600 +28800 1003 2010 50
a contact +27600 +28800 1007 9003 1200
a contact +24600 +28800 2010 1003 50
a contact +27600 +28800 9003 1007 1200
a contact +25200 +29400 1005 2002 50
a contact +27600 +29400 1007 9001 1200
a contact +25200 +29400 2002 1005 50
a contact +27600 +29400 9001 1007 1200
a contact +28200 +30000 1005 2020 50
a contact +25200 +30000 1006 2023 50
a contact +18000 +30000 1006 2036 50
a contact +28200 +30000 2020 1005 50
a contact +25200 +30000 2023 1006 50
a contact +18000 +30000 2036 1006 50
a contact +26400 +30600 2011 9002 50
a contact +26400 +30600 9002 2011 50
a contact +22800 +31200 1004 2046 50
a contact +22800 +31200 2046 1004 50
a contact +26400 +32400 1001 2033 50
a contact +26400 +32400 1001 2016 50
a contact +28200 +32400 1004 2041 50
a contact +29400 +32400 1007 2038 50
a contact +26400 +32400 2016 1001 50
a contact +26400 +32400 2033 1001 50
a contact +29400 +32400 2038 1007 50
a contact +28200 +32400 2041 1004 50
a contact +30000 +33000 1006 9001 1200
a contact +32400 +33000 1007 2048 50
a contact +30600 +33000 2005 9002 50
a contact +32400 +33000 2048 1007 50
a contact +30000 +33000 9001 1006 1200
a contact +30600 +33000 9002 2005 50
a contact +32400 +33600 1001 2047 50
a contact +22800 +33600 1002 2044 50
a contact +31200 +33600 1004 2014 50
a contact +29400 +33600 1005 2007 50
a contact +30000 +33600 1005 2025 50
a contact +29400 +33600 2007 1005 50
a contact +31200 +33600 2014 1004 50
a contact +30000 +33600 2025 1005 50
a contact +22800 +33600 2044 1002 50
a contact +32400 +33600 2047 1001 50
a contact +19200 +34800 1003 2012 50
a contact +19200 +34800 2012 1003 50
a contact +33000 +35400 1006 2002 50
a contact +33000 +35400 2002 1006 50
a contact +33000 +35400 2032 9002 50
a contact +33000 +35400 9002 2032 50
a contact +32400 +36000 1004 2027 50
a contact +33600 +36000 1004 2015 50
a contact +33600 +36000 1005 9001 1200
a contact +29400 +36000 1007 2035 50
a contact +33600 +36000 2015 1004 50
a contact +32400 +36000 2027 1004 50
a contact +29400 +36000 2035 1007 50
a contact +33600 +36000 9001 1005 1200
a contact +33600 +36600 1001 2007 50
a contact +33600 +36600 1002 2006 50
a contact +28800 +36600 1003 2018 50
a contact +36000 +36600 1005 9001 1200
a contact +33000 +36600 1006 2019 50
a contact +33600 +36600 2006 1002 50
a contact +33600 +36600 2007 1001 50
a contact +28800 +36600 2018 1003 50
a contact +33000 +36600 2019 1006 50
a contact +36000 +36600 9001 1005 1200
a contact +36000 +37200 1004 2046 50
a contact +36000 +37200 1004 2024 50
a contact +33000 +37200 1007 2026 50
a contact +36000 +37200 2024 1004 50
a contact +33000 +37200 2026 1007 50
a contact +36000 +37200 2046 1004 50
a contact +35400 +37800 1006 2021 50
a contact +35400 +37800 2021 1006 50
a contact +24600 +39000 1002 2017 50
a contact +34800 +39000 1003 2042 50
a contact +36600 +39000 1003 2052 50
a contact +24600 +39000 2017 1002 50
a contact +34800 +39000 2042 1003 50
a contact +36600 +39000 2052 1003 50
a contact +37200 +39600 1004 9001 1200
a contact +37200 +39600 9001 1004 1200
a contact +39000 +40200 1003 2052 50
a contact +39000 +40200 1003 2040 50
a contact +37200 +40200 1007 2035 50
a contact +37200 +40200 2035 1007 50
a contact +39000 +40200 2040 1003 50
a contact +39000 +40200 2052 1003 50
a contact +37800 +41400 1006 2002 50
a contact +37800 +41400 2002 1006 50
a contact +36600 +42000 1002 2049 50
a contact +36600 +42000 1005 2003 50
a contact +36600 +42000 2003 1005 50
a contact +36600 +42000 2049 1002 50
a contact +40200 +42600 1003 9001 1200
a contact +36600 +42600 1005 2041 50
a contact +40200 +42600 1007 2007 50
a contact +40200 +42600 2007 1007 50
a contact +35400 +42600 2028 9002 50
a contact +36600 +42600 2041 1005 50
a contact +40200 +42600 9001 1003 1200
a contact +35400 +42600 9002 2028 50
a contact +36600 +43200 1001 2034 50
a contact +39000 +43200 1002 2038 50
a contact +42600 +43200 1003 9001 1200
a contact +42600 +43200 1003 9002 1200
a contact +36600 +43200 2034 1001 50
a contact +39000 +43200 2038 1002 50
a contact +30000 +43200 2051 9003 50
a contact +42600 +43200 9001 1003 1200
a contact +42600 +43200 9002 1003 1200
a contact +30000 +43200 9003 2051 50
a contact +43200 +43800 1002 2004 50
a contact +42000 +43800 1002 2022 50
a contact +43200 +43800 2004 1002 50
a contact +42000 +43800 2022 1002 50
a contact +43200 +44400 1003 2014 50
a contact +41400 +44400 1006 2023 50
a contact +43200 +44400 2014 1003 50
a contact +41400 +44400 2023 1006 50
a contact +44400 +45000 1002 9002 1200
a contact +43800 +45000 1002 9001 1200
a contact +43800 +45000 9001 1002 1200
a contact +44400 +45000 9002 1002 1200
a contact +45600 +46200 1002 9001 1200
a contact +45000 +46200 1002 9002 1200
a contact +39600 +46200 1004 2006 50
a contact +39600 +46200 1004 2024 50
a contact +42600 +46200 1007 2017 50
a contact +39600 +46200 2006 1004 50
a contact +42600 +46200 2017 1007 50
a contact +39600 +46200 2024 1004 50
a contact +45600 +46200 9001 1002 1200
a contact +45000 +46200 9002 1002 1200
a contact +32400 +46800 1001 2037 50
a contact +43200 +46800 1001 2002 50
a contact +43200 +46800 2002 1001 50
a contact +32400 +46800 2037 1001 50
a contact +46800 +47400 1001 9001 1200
a contact +36000 +47400 1007 2009 50
a contact +36000 +47400 2009 1007 50
a contact +43200 +47400 2038 9003 50
a contact +46800 +47400 9001 1001 1200
a contact +43200 +47400 9003 2038 50
a contact +44400 +48000 1006 2022 50
a contact +44400 +48000 2022 1006 50
a contact +36600 +48600 1006 2039 50
a contact +36600 +48600 2039 1006 50
a contact +47400 +49200 1001 9002 1200
a contact +47400 +49200 1001 9001 1200
a contact +44400 +49200 1003 2016 50
a contact +42000 +49200 1005 2008 50
a contact +48000 +49200 1006 2001 50
a contact +48000 +49200 2001 1006 50
a contact +42000 +49200 2008 1005 50
a contact +44400 +49200 2016 1003 50
a contact +47400 +49200 9001 1001 1200
a contact +47400 +49200 9002 1001 1200
a contact +49200 +49800 1001 9002 1200
a contact +47400 +49800 1007 2030 50
a contact +47400 +49800 2030 1007 50
a contact +49200 +49800 9002 1001 1200
a contact +49800 +50400 1001 2023 50
a contact +42600 +50400 1005 2020 50
a contact +49800 +50400 1007 2017 50
a contact +46200 +50400 1007 2003 50
a contact +46200 +50400 2003 1007 50
a contact +49800 +50400 2017 1007 50
a contact +42600 +50400 2020 1005 50
a contact +49800 +50400 2023 1001 50
a contact +49200 +51000 1006 2016 50
a contact +50400 +51000 1007 9001 1200
a contact +50400 +51000 1007 9002 1200
a contact +49200 +51000 2016 1006 50
a contact +50400 +51000 9001 1007 1200
a contact +50400 +51000 9002 1007 1200
a contact +43200 +51600 1003 2047 50
a contact +49200 +51600 1005 2028 50
a contact +51000 +51600 1007 9001 1200
a contact +49200 +51600 2028 1005 50
a contact +43200 +51600 2047 1003 50
a contact +51000 +51600 9001 1007 1200
a contact +46200 +52800 1002 2006 50
a contact +48600 +52800 1006 2012 50
a contact +46200 +52800 2006 1002 50
a contact +48600 +52800 2012 1006 50
a contact +52200 +52800 2014 9001 50
a contact +47400 +52800 2044 9003 50
a contact +52200 +52800 9001 2014 50
a contact +47400 +52800 9003 2044 50
a contact +49800 +53400 1001 2007 50
a contact +49200 +53400 1003 2001 50
a contact +46200 +53400 1004 2021 50
a contact +51000 +53400 1007 9002 1200
a contact +49200 +53400 2001 1003 50
a contact +49800 +53400 2007 1001 50
a contact +46200 +53400 2021 1004 50
a contact +51000 +53400 9002 1007 1200
a contact +46200 +54000 1002 2011 50
a contact +53400 +54000 1003 2040 50
a contact +52800 +54000 1006 2028 50
a contact +51000 +54000 1006 2004 50
a contact +51000 +54000 2004 1006 50
a contact +46200 +54000 2011 1002 50
a contact +52800 +54000 2028 1006 50
a contact +53400 +54000 2040 1003 50
a contact +54000 +54600 1006 9002 1200
a contact +54000 +54600 9002 1006 1200
a contact +54000 +55200 1002 2005 50
a contact +53400 +55200 1004 2047 50
a contact +51600 +55200 1005 2030 50
a contact +54000 +55200 2005 1002 50
a contact +51600 +55200 2030 1005 50
a contact +53400 +55200 2047 1004 50
a contact +54000 +55800 1003 2019 50
a contact +50400 +55800 1005 2010 50
a contact +50400 +55800 2010 1005 50
a contact +54000 +55800 2019 1003 50
a contact +54600 +56400 1006 9002 1200
a contact +53400 +56400 1007 2002 50
a contact +53400 +56400 2002 1007 50
a contact +52800 +56400 2044 9001 50
a contact +52800 +56400 9001 2044 50
a contact +54600 +56400 9002 1006 1200
a contact +55200 +57000 1004 2025 50
a contact +55200 +57000 1005 2043 50
a contact +55800 +57000 1005 2008 50
a contact +55800 +57000 2008 1005 50
a contact +55200 +57000 2025 1004 50
a contact +55200 +57000 2043 1005 50
a contact +55200 +57600 1002 2047 50
a contact +55200 +57600 2047 1002 50
a contact +51600 +58200 1003 2051 50
a contact +57000 +58200 1005 9002 1200
a contact +52800 +58200 2018 9003 50
a contact +51600 +58200 2051 1003 50
a contact +57000 +58200 9002 1005 1200
a contact +52800 +58200 9003 2018 50
a contact +55800 +58800 1003 2011 50
a contact +58200 +58800 1005 9002 1200
a contact +53400 +58800 1007 2015 50
a contact +55800 +58800 2011 1003 50
a contact +53400 +58800 2015 1007 50
a contact +58200 +58800 9002 1005 1200
a contact +56400 +59400 1006 2030 50
a contact +56400 +59400 2030 1006 50
a contact +58800 +60000 1003 2039 50
a contact +58800 +60000 1005 9002 1200
a contact +56400 +60000 1006 2031 50
a contact +59400 +60000 1006 2029 50
a contact +59400 +60000 2029 1006 50
a contact +56400 +60000 2031 1006 50
a contact +58800 +60000 2039 1003 50
a contact +58800 +60000 9002 1005 1200
a contact +57600 +60600 1002 2035 50
a contact +57000 +60600 1004 2033 50
a contact +46200 +60600 1004 2045 50
a contact +58800 +60600 1007 2051 50
a contact +57000 +60600 2033 1004 50
a contact +57600 +60600 2035 1002 50
a contact +46200 +60600 2045 1004 50
a contact +58800 +60600 2051 1007 50
a contact +50400 +61200 1001 2003 50
a contact +50400 +61200 2003 1001 50
a contact +52800 +61800 1002 2027 50
a contact +52800 +61800 2027 1002 50
a contact +60000 +62400 1003 2023 50
a contact +60000 +62400 2023 1003 50
a contact +53400 +63000 1001 2024 50
a contact +61800 +63000 1002 2051 50
a contact +60600 +63000 1004 9002 1200
a contact +60000 +63000 1006 2032 50
a contact +56400 +63000 1007 2049 50
a contact +53400 +63000 2024 1001 50
a contact +60000 +63000 2032 1006 50
a contact +56400 +63000 2049 1007 50
a contact +61800 +63000 2051 1002 50
a contact +60600 +63000 9002 1004 1200
a contact +62400 +63600 1003 2010 50
a contact +58200 +63600 1003 2050 50
a contact +60000 +63600 1006 2025 50
a contact +62400 +63600 2010 1003 50
a contact +60000 +63600 2025 1006 50
a contact +58200 +63600 2050 1003 50
a contact +60600 +64200 1002 2026 50
a contact +60600 +64200 2026 1002 50
a contact +63600 +64800 1003 9002 1200
a contact +63000 +64800 1006 2020 50
a contact +63000 +64800 1007 2009 50
a contact +63000 +64800 2009 1007 50
a contact +63000 +64800 2020 1006 50
a contact +63600 +64800 9002 1003 1200
a contact +63000 +65400 1002 2031 50
a contact +60000 +65400 1005 2042 50
a contact +63000 +65400 2031 1002 50
a contact +58200 +65400 2040 9003 50
a contact +60000 +65400 2042 1005 50
a contact +58200 +65400 9003 2040 50
a contact +63000 +66000 1001 2049 50
a contact +64800 +66000 1003 9002 1200
a contact +63600 +66000 1006 2044 50
a contact +63600 +66000 2044 1006 50
a contact +63000 +66000 2049 1001 50
a contact +64800 +66000 9002 1003 1200
a contact +64200 +66600 1002 2023 50
a contact +66000 +66600 1003 9002 1200
a contact +64200 +66600 2023 1002 50
a contact +66000 +66600 9002 1003 1200
a contact +61200 +67200 1001 2022 50
a contact +66600 +67200 1002 2021 50
a contact +65400 +67200 1002 2040 50
a contact +63000 +67200 1004 2006 50
a contact +60000 +67200 1005 2036 50
a contact +64800 +67200 1006 2037 50
a contact +64800 +67200 1007 2035 50
a contact +63000 +67200 2006 1004 50
a contact +66600 +67200 2021 1002 50
a contact +61200 +67200 2022 1001 50
a contact +64800 +67200 2035 1007 50
a contact +60000 +67200 2036 1005 50
a contact +64800 +67200 2037 1006 50
a contact +65400 +67200 2040 1002 50
a contact +65400 +67800 2024 9003 50
a contact +65400 +67800 9003 2024 50
a contact +67200 +68400 1002 9002 1200
a contact +67200 +68400 9002 1002 1200
a contact +66000 +69000 1001 2001 50
a contact +67200 +69000 1005 2047 50
a contact +67200 +69000 1007 2011 50
a contact +66000 +69000 2001 1001 50
a contact +67200 +69000 2011 1007 50
a contact +67200 +69000 2047 1005 50
a contact +68400 +70200 1002 9002 1200
a contact +65400 +70200 1005 2046 50
a contact +69000 +70200 1005 2050 50
a contact +66000 +70200 1006 2029 50
a contact +67800 +70200 2009 9003 50
a contact +66000 +70200 2029 1006 50
a contact +56400 +70200 2034 9001 50
a contact +65400 +70200 2046 1005 50
a contact +69000 +70200 2050 1005 50
a contact +56400 +70200 9001 2034 50
a contact +68400 +70200 9002 1002 1200
a contact +67800 +70200 9003 2009 50
a contact +69000 +70800 1001 2007 50
a contact +67200 +70800 1001 2015 50
a contact +60600 +70800 1007 2045 50
a contact +69000 +70800 2007 1001 50
a contact +67200 +70800 2015 1001 50
a contact +60600 +70800 2045 1007 50
a contact +70200 +72000 1002 2022 50
a contact +66600 +72000 1003 2005 50
a contact +67200 +72000 1004 2028 50
a contact +69000 +72000 1007 2036 50
a contact +66600 +72000 2005 1003 50
a contact +70200 +72000 2022 1002 50
a contact +67200 +72000 2028 1004 50
a contact +69000 +72000 2036 1007 50
a contact +67200 +72600 1006 2040 50
a contact +67200 +72600 2040 1006 50
a contact +70800 +73200 1001 9002 1200
a contact +70800 +73200 1007 2025 50
a contact +70800 +73200 2025 1007 50
a contact +70800 +73200 9002 1001 1200
a contact +70200 +73800 1006 2050 50
a contact +73200 +73800 1007 2011 50
a contact +72000 +73800 1007 2026 50
a contact +73200 +73800 2011 1007 50
a contact +72000 +73800 2026 1007 50
a contact +70200 +73800 2050 1006 50
a contact +73800 +74400 1007 9002 1200
a contact +73800 +74400 9002 1007 1200
a contact +72600 +75600 1006 2001 50
a contact +73800 +75600 1006 2046 50
a contact +74400 +75600 1007 9002 1200
a contact +72600 +75600 2001 1006 50
a contact +70200 +75600 2030 9001 50
a contact +73800 +75600 2046 1006 50
a contact +70200 +75600 9001 2030 50
a contact +74400 +75600 9002 1007 1200
a contact +70200 +76200 1002 2032 50
a contact +72000 +76200 1003 2015 50
a contact +72000 +76200 1004 2039 50
a contact +75600 +76200 1007 9002 1200
a contact +75600 +76200 2002 9001 50
a contact +72000 +76200 2015 1003 50
a contact +70200 +76200 2032 1002 50
a contact +72000 +76200 2039 1004 50
a contact +75600 +76200 9001 2002 50
a contact +75600 +76200 9002 1007 1200
a contact +76200 +76800 1004 2005 50
a contact +76200 +76800 2005 1004 50
a contact +66600 +77400 1003 2052 50
a contact +63000 +77400 1004 2033 50
a contact +75600 +77400 1006 2016 50
a contact +75600 +77400 1006 2023 50
a contact +75600 +77400 2016 1006 50
a contact +75600 +77400 2023 1006 50
a contact +63000 +77400 2033 1004 50
a contact +66600 +77400 2052 1003 50
a contact +76200 +78000 1002 2001 50
a contact +76200 +78000 1003 2022 50
a contact +76200 +78000 2001 1002 50
a contact +76200 +78000 2022 1003 50
a contact +73200 +78600 1001 2048 50
a contact +70200 +78600 1005 2014 50
a contact +70200 +78600 1005 2043 50
a contact +77400 +78600 1006 9002 1200
a contact +70200 +78600 2013 9003 50
a contact +70200 +78600 2014 1005 50
a contact +70200 +78600 2043 1005 50
a contact +73200 +78600 2048 1001 50
a contact +77400 +78600 9002 1006 1200
a contact +70200 +78600 9003 2013 50
a contact +73200 +79200 1001 2028 50
a contact +77400 +79200 1004 2027 50
a contact +77400 +79200 2027 1004 50
a contact +73200 +79200 2028 1001 50
a contact +78000 +79800 1003 2025 50
a contact +78600 +79800 1006 9003 1200
a contact +76200 +79800 2017 9001 50
a contact +78000 +79800 2025 1003 50
a contact +76200 +79800 9001 2017 50
a contact +78600 +79800 9003 1006 1200
a contact +78600 +80400 1005 2043 50
a contact +78600 +80400 1005 2018 50
a contact +78600 +80400 2018 1005 50
a contact +78600 +80400 2043 1005 50
a contact +78600 +81600 1001 2035 50
a contact +79200 +81600 1001 2014 50
a contact +76800 +81600 1004 2037 50
a contact +79200 +81600 1004 2023 50
a contact +79200 +81600 2014 1001 50
a contact +79200 +81600 2023 1004 50
a contact +78600 +81600 2035 1001 50
a contact +76800 +81600 2037 1004 50
a contact +77400 +82200 1003 2015 50
a contact +77400 +82200 2015 1003 50
a contact +78600 +82200 2046 9002 50
a contact +78600 +82200 9002 2046 50
a contact +81600 +82800 1001 2025 50
a contact +81600 +82800 1001 2029 50
a contact +78000 +82800 1002 2021 50
a contact +82200 +82800 1003 2047 50
a contact +81600 +82800 1004 2048 50
a contact +81000 +82800 1005 9003 1200
a contact +79800 +82800 1006 2001 50
a contact +79800 +82800 2001 1006 50
a contact +78000 +82800 2021 1002 50
a contact +81600 +82800 2025 1001 50
a contact +81600 +82800 2029 1001 50
a contact +82200 +82800 2036 9002 50
a contact +82200 +82800 2047 1003 50
a contact +81600 +82800 2048 1004 50
a contact +82200 +82800 9002 2036 50
a contact +81000 +82800 9003 1005 1200
a contact +82800 +83400 1005 9003 1200
a contact +82800 +83400 9003 1005 1200
a contact +79800 +84000 1003 2007 50
a contact +81600 +84000 1004 2022 50
a contact +82800 +84000 1004 2031 50
a contact +79800 +84000 2007 1003 50
a contact +81600 +84000 2022 1004 50
a contact +82800 +84000 2031 1004 50
a contact +72000 +84600 1002 2004 50
a contact +82800 +84600 1002 2008 50
a contact +82800 +84600 1003 2001 50
a contact +82800 +84600 2001 1003 50
a contact +72000 +84600 2004 1002 50
a contact +82800 +84600 2008 1002 50
a contact +82800 +84600 2026 9002 50
a contact +79800 +84600 2041 9001 50
a contact +79800 +84600 9001 2041 50
a contact +82800 +84600 9002 2026 50
a contact +84000 +85200 1003 2052 50
a contact +82800 +85200 1006 2018 50
a contact +76800 +85200 1007 2005 50
a contact +76800 +85200 2005 1007 50
a contact +82800 +85200 2018 1006 50
a contact +84000 +85200 2052 1003 50
a contact +83400 +85800 1005 2025 50
a contact +76800 +85800 1007 2038 50
a contact +83400 +85800 2025 1005 50
a contact +76800 +85800 2038 1007 50
a contact +82800 +86400 1001 2047 50
a contact +82800 +86400 1001 2021 50
a contact +84600 +86400 1002 2001 50
a contact +84600 +86400 1002 2040 50
a contact +85200 +86400 1003 2045 50
a contact +84600 +86400 1003 2051 50
a contact +84000 +86400 1004 9003 1200
a contact +85800 +86400 1005 2012 50
a contact +83400 +86400 1005 2024 50
a contact +79800 +86400 1006 2049 50
a contact +85200 +86400 1006 2005 50
a contact +85200 +86400 1007 2004 50
a contact +85800 +86400 1007 2042 50
a contact +84600 +86400 2001 1002 50
a contact +85200 +86400 2004 1007 50
a contact +85200 +86400 2005 1006 50
a contact +85800 +86400 2012 1005 50
a contact +82800 +86400 2021 1001 50
a contact +83400 +86400 2024 1005 50
a contact +84600 +86400 2026 9001 50
a contact +84600 +86400 2031 9002 50
a contact +84600 +86400 2040 1002 50
a contact +85800 +86400 2042 1007 50
a contact +85200 +86400 2045 1003 50
a contact +82800 +86400 2047 1001 50
a contact +79800 +86400 2049 1006 50
a contact +84600 +86400 2051 1003 50
a contact +84600 +86400 9001 2026 50
a contact +84600 +86400 9002 2031 50
a contact +84000 +86400 9003 1004 1200

a range +0 +1800 1004 2015 1101.7751
a range +0 +1800 1006 2028 1102.0562
a range +0 +1800 1007 2023 1101.9251
a range +0 +1800 1007 2003 1101.9188
a range +0 +1800 2003 1007 1101.9188
a range +0 +1800 2015 1004 1101.7751
a range +0 +1800 2023 1007 1101.9251
a range +0 +1800 2028 1006 1102.0562
a range +0 +2400 1001 9003 0.0593
a range +0 +2400 9003 1001 0.0593
a range +0 +3600 1003 2042 1102.4463
a range +0 +3600 1006 2050 1102.0573
a range +1800 +3600 1007 2039 1101.9557
a range +1800 +3600 1007 2010 1101.9306
a range +1800 +3600 2010 1007 1101.9306
a range +0 +3600 2013 9001 1102.3346
a range +1800 +3600 2039 1007 1101.9557
a range +0 +3600 2042 1003 1102.4463
a range +0 +3600 2050 1006 1102.0573
a range +0 +3600 9001 2013 1102.3346
a range +2400 +4800 1001 2038 1102.7044
a range +0 +4800 1002 2006 1102.5901
a range +1800 +4800 1006 2008 1102.0445
a range +3600 +4800 1007 9003 0.0615
a range +0 +4800 2006 1002 1102.5901
a range +1800 +4800 2008 1006 1102.0445
a range +0 +4800 2032 9002 1103.3885
a range +2400 +4800 2038 1001 1102.7044
a range +0 +4800 9002 2032 1103.3885
a range +3600 +4800 9003 1007 0.0615
a range +3600 +5400 1003 2019 1102.4427
a range +0 +5400 1005 2033 1102.1929
a range +3600 +5400 1006 2021 1102.0383
a range +4800 +5400 1007 9003 0.0615
a range +4800 +5400 2010 9002 1103.3772
a range +3600 +5400 2019 1003 1102.4427
a range +3600 +5400 2021 1006 1102.0383
a range +0 +5400 2033 1005 1102.1929
a range +4800 +5400 9002 2010 1103.3772
a range +4800 +5400 9003 1007 0.0615
a range +1800 +6000 1004 2052 1102.2988
a range +5400 +6000 1007 9003 0.0615
a range +1800 +6000 2052 1004 1102.2988
a range +5400 +6000 9003 1007 0.0615
a range +2400 +6600 1001 2040 1102.7071
a range +0 +6600 1005 2018 1102.1716
a range +5400 +6600 1006 2016 1102.0451
a range +4800 +6600 1006 2002 1102.0536
a range +4800 +6600 2002 1006 1102.0536
a range +5400 +6600 2016 1006 1102.0451
a range +0 +6600 2018 1005 1102.1716
a range +2400 +6600 2040 1001 1102.7071
a range +5400 +7200 1003 2046 1102.4523
a range +5400 +7200 1005 2023 1102.1882
a range +5400 +7200 2023 1005 1102.1882
a range +5400 +7200 2046 1003 1102.4523
a range +0 +7800 1004 2048 1102.3125
a range +6000 +7800 1007 2007 1102.8289
a range +6000 +7800 2007 1007 1102.8289
a range +3600 +7800 2011 9001 1102.3405
a range +0 +7800 2048 1004 1102.3125
a range +3600 +7800 9001 2011 1102.3405
a range +6600 +8400 1005 2005 1102.1815
a range +6600 +8400 2005 1005 1102.1815
a range +6000 +9000 1004 2043 1102.3011
a range +6600 +9000 1006 9003 0.0601
a range +6000 +9000 2043 1004 1102.3011
a range +6600 +9000 9003 1006 0.0601
a range +7800 +9600 1004 2041 1102.2963
a range +9000 +9600 1006 9003 0.0601
a range +7800 +9600 2041 1004 1102.2963
a range +9000 +9600 9003 1006 0.0601
a range +8400 +10200 1005 2031 1102.1727
a range +7200 +10200 1005 2050 1102.198
a range +8400 +10200 2031 1005 1102.1727
a range +7200 +10200 2050 1005 1102.198
a range +9000 +10800 1004 2032 1102.3165
a range +10200 +10800 1005 9003 0.0622
a range +9000 +10800 2032 1004 1102.3165
a range +10200 +10800 9003 1005 0.0622
a range +0 +12000 1003 2020 1102.3553
a range +0 +12000 2020 1003 1102.3553
a range +4800 +12600 1001 2042 1102.7063
a range +4800 +12600 1002 2008 1102.5796
a range +0 +12600 1002 2027 1102.5914
a range +10800 +12600 1005 9003 0.0622
a range +4800 +12600 2008 1002 1102.5796
a range +7800 +12600 2026 9001 1102.3214
a range +0 +12600 2027 1002 1102.5914
a range +4800 +12600 2042 1001 1102.7063
a range +7800 +12600 9001 2026 1102.3214
a range +10800 +12600 9003 1005 0.0622
a range +7200 +13200 1003 2010 1102.4409
a range +9600 +13200 1004 2043 1102.3011
a range +10800 +13200 1004 2025 1102.2982
a range +7200 +13200 2010 1003 1102.4409
a range +5400 +13200 2019 9002 1102.3725
a range +10800 +13200 2025 1004 1102.2982
a range +9600 +13200 2043 1004 1102.3011
a range +5400 +13200 9002 2019 1102.3725
a range +12600 +13800 1005 2023 1102.973
a range +12600 +13800 2023 1005 1102.973
a range +12600 +14400 1002 2034 1102.5731
a range +12000 +14400 1003 2016 1102.4485
a range +7800 +14400 1007 2048 1102.838
a range +12000 +14400 2016 1003 1102.4485
a range +12600 +14400 2034 1002 1102.5731
a range +7800 +14400 2048 1007 1102.838
a range +13200 +15000 1004 9003 0.0609
a range +13200 +15000 9003 1004 0.0609
a range +12600 +15600 2051 9001 1102.3386
a range +12600 +15600 9001 2051 1102.3386
a range +15600 +16200 1004 9003 0.0609
a range +15600 +16200 1004 9001 0.0607
a range +12600 +16200 1005 2008 1103.1043
a range +12600 +16200 2008 1005 1103.1043
a range +13200 +16200 2043 9002 1103.3951
a range +15600 +16200 9001 1004 0.0607
a range +13200 +16200 9002 2043 1103.3951
a range +15600 +16200 9003 1004 0.0609
a range +6600 +16800 1001 2009 1102.6884
a range +14400 +16800 1002 2002 1102.5923
a range +13200 +16800 1003 2003 1102.4463
a range +14400 +16800 1003 2001 1102.4364
a range +13800 +16800 1005 2022 1103.0336
a range +14400 +16800 2001 1003 1102.4364
a range +14400 +16800 2002 1002 1102.5923
a range +13200 +16800 2003 1003 1102.4463
a range +6600 +16800 2009 1001 1102.6884
a range +13800 +16800 2022 1005 1103.0336
a range +12600 +17400 1001 2041 1102.7077
a range +6000 +17400 1007 2013 1102.8503
a range +6000 +17400 2013 1007 1102.8503
a range +12600 +17400 2041 1001 1102.7077
a range +16800 +18000 1002 2021 1102.5729
a range +9600 +18000 1006 2030 1102.4681
a range +14400 +18000 1007 2026 1102.8097
a range +16200 +18000 2004 9002 1103.3976
a range +16800 +18000 2021 1002 1102.5729
a range +14400 +18000 2026 1007 1102.8097
a range +9600 +18000 2030 1006 1102.4681
a range +16200 +18000 9002 2004 1103.3976
a range +16800 +18600 1003 9003 0.0595
a range +17400 +18600 1003 9001 0.0594
a range +16200 +18600 1004 2010 1103.2306
a range +16200 +18600 2010 1004 1103.2306
a range +17400 +18600 9001 1003 0.0594
a range +16800 +18600 9003 1003 0.0595
a range +16800 +19200 1001 2027 1102.7209
a range +18000 +19200 1002 2002 1102.5923
a range +18600 +19200 1003 9001 0.0594
a range +18600 +19200 1003 9003 0.0595
a range +18000 +19200 1007 2012 1102.8499
a range +18000 +19200 2002 1002 1102.5923
a range +18000 +19200 2007 9002 1103.3834
a range +18000 +19200 2012 1007 1102.8499
a range +16800 +19200 2027 1001 1102.7209
a range +18600 +19200 9001 1003 0.0594
a range +18000 +19200 9002 2007 1103.3834
a range +18600 +19200 9003 1003 0.0595
a range +16200 +19800 1005 2016 1102.5223
a range +9600 +19800 1006 2029 1102.9336
a range +16200 +19800 2016 1005 1102.5223
a range +9600 +19800 2029 1006 1102.9336
a range +17400 +20400 1001 2025 1102.7042
a range +19200 +20400 1001 2005 1102.6999
a range +19200 +20400 1002 2021 1102.5729
a range +12600 +20400 1002 2035 1102.565
a range +19200 +20400 1007 2010 1102.8425
a range +19200 +20400 2005 1001 1102.6999
a range +19200 +20400 2010 1007 1102.8425
a range +19200 +20400 2021 1002 1102.5729
a range +17400 +20400 2025 1001 1102.7042
a range +12600 +20400 2035 1002 1102.565
a range +20400 +22200 1002 9001 0.0615
a range +20400 +22200 1002 9003 0.0616
a range +20400 +22200 9001 1002 0.0615
a range +20400 +22200 9003 1002 0.0616
a range +20400 +22800 1001 2039 1102.7144
a range +22200 +22800 1002 9003 0.0616
a range +22200 +22800 1002 9001 0.0615
a range +18600 +22800 1004 2004 1103.2383
a range +16200 +22800 1004 2014 1102.6408
a range +18600 +22800 2004 1004 1103.2383
a range +16200 +22800 2014 1004 1102.6408
a range +20400 +22800 2039 1001 1102.7144
a range +22200 +22800 9001 1002 0.0615
a range +22200 +22800 9003 1002 0.0616
a range +22800 +23400 1001 2049 1102.6934
a range +20400 +23400 1001 2029 1102.7187
a range +17400 +23400 1007 2050 1102.8455
a range +20400 +23400 2029 1001 1102.7187
a range +22800 +23400 2049 1001 1102.6934
a range +17400 +23400 2050 1007 1102.8455
a range +23400 +24000 1001 9003 0.0602
a range +23400 +24000 1001 9001 0.0601
a range +23400 +24000 9001 1001 0.0601
a range +23400 +24000 9003 1001 0.0602
a range +22800 +24600 1002 2047 1103.479
a range +19200 +24600 1003 2022 1102.9414
a range +20400 +24600 1007 2032 1102.8158
a range +19200 +24600 2022 1003 1102.9414
a range +20400 +24600 2032 1007 1102.8158
a range +22800 +24600 2047 1002 1103.479
a range +24000 +25200 1001 9001 0.0601
a range +24000 +25200 1001 9003 0.0602
a range +19800 +25200 1005 2006 1103.0973
a range +19800 +25200 1006 2009 1102.9608
a range +19800 +25200 2006 1005 1103.0973
a range +19800 +25200 2009 1006 1102.9608
a range +24000 +25200 9001 1001 0.0601
a range +24000 +25200 9003 1001 0.0602
a range +25200 +25800 1001 9003 0.0602
a range +25200 +25800 9003 1001 0.0602
a range +25800 +26400 1001 9001 0.0601
a range +19200 +26400 2019 9002 1103.1728
a range +25800 +26400 9001 1001 0.0601
a range +19200 +26400 9002 2019 1103.1728
a range +24600 +27000 1007 2029 1102.8369
a range +23400 +27000 1007 2052 1102.8475
a range +24600 +27000 2029 1007 1102.8369
a range +23400 +27000 2052 1007 1102.8475
a range +27000 +27600 1007 9001 0.0622
a range +27000 +27600 1007 9003 0.0623
a range +27000 +27600 9001 1007 0.0622
a range +27000 +27600 9003 1007 0.0623
a range +22800 +28200 1004 2045 1103.2418
a range +16800 +28200 1005 2031 1103.0914
a range +16800 +28200 2031 1005 1103.0914
a range +22800 +28200 2045 1004 1103.2418
a range +24600 +28800 1003 2010 1103.3373
a range +27600 +28800 1007 9003 0.0623
a range +24600 +28800 2010 1003 1103.3373
a range +27600 +28800 9003 1007 0.0623
a range +25200 +29400 1005 2002 1103.0822
a range +27600 +29400 1007 9001 0.0622
a range +25200 +29400 2002 1005 1103.0822
a range +27600 +29400 9001 1007 0.0622
a range +28200 +30000 1005 2020 1103.112
a range +25200 +30000 1006 2023 1102.9764
a range +18000 +30000 1006 2036 1102.9755
a range +28200 +30000 2020 1005 1103.112
a range +25200 +30000 2023 1006 1102.9764
a range +18000 +30000 2036 1006 1102.9755
a range +26400 +30600 2011 9002 1103.3799
a range +26400 +30600 9002 2011 1103.3799
a range +22800 +31200 1004 2046 1103.2411
a range +22800 +31200 2046 1004 1103.2411
a range +26400 +32400 1001 2033 1103.0934
a range +26400 +32400 1001 2016 1103.3484
a range +28200 +32400 1004 2041 1103.2295
a range +29400 +32400 1007 2038 1103.6814
a range +26400 +32400 2016 1001 1103.3484
a range +26400 +32400 2033 1001 1103.0934
a range +29400 +32400 2038 1007 1103.6814
a range +28200 +32400 2041 1004 1103.2295
a range +30000 +33000 1006 9001 0.0609
a range +32400 +33000 1007 2048 1103.7464
a range +30600 +33000 2005 9002 1103.3938
a range +32400 +33000 2048 1007 1103.7464
a range +30000 +33000 9001 1006 0.0609
a range +30600 +33000 9002 2005 1103.3938
a range +32400 +33600 1001 2047 1103.5944
a range +22800 +33600 1002 2044 1103.4886
a range +31200 +33600 1004 2014 1103.2133
a range +29400 +33600 1005 2007 1103.1018
a range +30000 +33600 1005 2025 1103.09
a range +29400 +33600 2007 1005 1103.1018
a range +31200 +33600 2014 1004 1103.2133
a range +30000 +33600 2025 1005 1103.09
a range +22800 +33600 2044 1002 1103.4886
a range +32400 +33600 2047 1001 1103.5944
a range +19200 +34800 1003 2012 1103.3378
a range +19200 +34800 2012 1003 1103.3378
a range +33000 +35400 1006 2002 1103.8699
a range +33000 +35400 2002 1006 1103.8699
a range +33000 +35400 2032 9002 1103.3885
a range +33000 +35400 9002 2032 1103.3885
a range +32400 +36000 1004 2027 1103.2144
a range +33600 +36000 1004 2015 1103.2222
a range +33600 +36000 1005 9001 0.0595
a range +29400 +36000 1007 2035 1103.7551
a range +33600 +36000 2015 1004 1103.2222
a range +32400 +36000 2027 1004 1103.2144
a range +29400 +36000 2035 1007 1103.7551
a range +33600 +36000 9001 1005 0.0595
a range +33600 +36600 1001 2007 1103.5902
a range +33600 +36600 1002 2006 1103.4841
a range +28800 +36600 1003 2018 1103.2872
a range +36000 +36600 1005 9001 0.0595
a range +33000 +36600 1006 2019 1103.1844
a range +33600 +36600 2006 1002 1103.4841
a range +33600 +36600 2007 1001 1103.5902
a range +28800 +36600 2018 1003 1103.2872
a range +33000 +36600 2019 1006 1103.1844
a range +36000 +36600 9001 1005 0.0595
a range +36000 +37200 1004 2046 1103.2411
a range +36000 +37200 1004 2024 1103.2166
a range +33000 +37200 1007 2026 1103.5561
a range +36000 +37200 2024 1004 1103.2166
a range +33000 +37200 2026 1007 1103.5561
a range +36000 +37200 2046 1004 1103.2411
a range +35400 +37800 1006 2021 1103.9039
a range +35400 +37800 2021 1006 1103.9039
a range +24600 +39000 1002 2017 1103.3364
a range +34800 +39000 1003 2042 1103.3544
a range +36600 +39000 1003 2052 1103.3433
a range +24600 +39000 2017 1002 1103.3364
a range +34800 +39000 2042 1003 1103.3544
a range +36600 +39000 2052 1003 1103.3433
a range +37200 +39600 1004 9001 0.0616
a range +37200 +39600 9001 1004 0.0616
a range +39000 +40200 1003 2052 1103.3433
a range +39000 +40200 1003 2040 1103.3473
a range +37200 +40200 1007 2035 1103.7551
a range +37200 +40200 2035 1007 1103.7551
a range +39000 +40200 2040 1003 1103.3473
a range +39000 +40200 2052 1003 1103.3433
a range +37800 +41400 1006 2002 1103.8699
a range +37800 +41400 2002 1006 1103.8699
a range +36600 +42000 1002 2049 1103.4807
a range +36600 +42000 1005 2003 1103.9916
a range +36600 +42000 2003 1005 1103.9916
a range +36600 +42000 2049 1002 1103.4807
a range +40200 +42600 1003 9001 0.0602
a range +36600 +42600 1005 2041 1103.9891
a range +40200 +42600 1007 2007 1103.7372
a range +40200 +42600 2007 1007 1103.7372
a range +35400 +42600 2028 9002 1103.4095
a range +36600 +42600 2041 1005 1103.9891
a range +40200 +42600 9001 1003 0.0602
a range +35400 +42600 9002 2028 1103.4095
a range +36600 +43200 1001 2034 1103.5825
a range +39000 +43200 1002 2038 1103.4895
a range +42600 +43200 1003 9001 0.0602
a range +42600 +43200 1003 9002 0.0617
a range +36600 +43200 2034 1001 1103.5825
a range +39000 +43200 2038 1002 1103.4895
a range +30000 +43200 2051 9003 1104.7668
a range +42600 +43200 9001 1003 0.0602
a range +42600 +43200 9002 1003 0.0617
a range +30000 +43200 9003 2051 1104.7668
a range +43200 +43800 1002 2004 1103.4943
a range +42000 +43800 1002 2022 1103.4633
a range +43200 +43800 2004 1002 1103.4943
a range +42000 +43800 2022 1002 1103.4633
a range +43200 +44400 1003 2014 1103.5336
a range +41400 +44400 1006 2023 1103.7622
a range +43200 +44400 2014 1003 1103.5336
a range +41400 +44400 2023 1006 1103.7622
a range +44400 +45000 1002 9002 0.0604
a range +43800 +45000 1002 9001 0.0623
a range +43800 +45000 9001 1002 0.0623
a range +44400 +45000 9002 1002 0.0604
a range +45600 +46200 1002 9001 0.0623
a range +45000 +46200 1002 9002 0.0604
a range +39600 +46200 1004 2006 1104.1437
a range +39600 +46200 1004 2024 1103.6262
a range +42600 +46200 1007 2017 1103.7174
a range +39600 +46200 2006 1004 1104.1437
a range +42600 +46200 2017 1007 1103.7174
a range +39600 +46200 2024 1004 1103.6262
a range +45600 +46200 9001 1002 0.0623
a range +45000 +46200 9002 1002 0.0604
a range +32400 +46800 1001 2037 1103.6129
a range +43200 +46800 1001 2002 1103.6089
a range +43200 +46800 2002 1001 1103.6089
a range +32400 +46800 2037 1001 1103.6129
a range +46800 +47400 1001 9001 0.061
a range +36000 +47400 1007 2009 1103.7475
a range +36000 +47400 2009 1007 1103.7475
a range +43200 +47400 2038 9003 1103.6222
a range +46800 +47400 9001 1001 0.061
a range +43200 +47400 9003 2038 1103.6222
a range +44400 +48000 1006 2022 1103.8516
a range +44400 +48000 2022 1006 1103.8516
a range +36600 +48600 1006 2039 1103.8695
a range +36600 +48600 2039 1006 1103.8695
a range +47400 +49200 1001 9002 0.0591
a range +47400 +49200 1001 9001 0.061
a range +44400 +49200 1003 2016 1104.2172
a range +42000 +49200 1005 2008 1104.0047
a range +48000 +49200 1006 2001 1103.8718
a range +48000 +49200 2001 1006 1103.8718
a range +42000 +49200 2008 1005 1104.0047
a range +44400 +49200 2016 1003 1104.2172
a range +47400 +49200 9001 1001 0.061
a range +47400 +49200 9002 1001 0.0591
a range +49200 +49800 1001 9002 0.0591
a range +47400 +49800 1007 2030 1103.7184
a range +47400 +49800 2030 1007 1103.7184
a range +49200 +49800 9002 1001 0.0591
a range +49800 +50400 1001 2023 1103.773
a range +42600 +50400 1005 2020 1103.9637
a range +49800 +50400 1007 2017 1103.7174
a range +46200 +50400 1007 2003 1103.733
a range +46200 +50400 2003 1007 1103.733
a range +49800 +50400 2017 1007 1103.7174
a range +42600 +50400 2020 1005 1103.9637
a range +49800 +50400 2023 1001 1103.773
a range +49200 +51000 1006 2016 1103.8582
a range +50400 +51000 1007 9001 0.0596
a range +50400 +51000 1007 9002 0.0611
a range +49200 +51000 2016 1006 1103.8582
a range +50400 +51000 9001 1007 0.0596
a range +50400 +51000 9002 1007 0.0611
a range +43200 +51600 1003 2047 1104.2414
a range +49200 +51600 1005 2028 1103.979
a range +51000 +51600 1007 9001 0.0596
a range +49200 +51600 2028 1005 1103.979
a range +43200 +51600 2047 1003 1104.2414
a range +51000 +51600 9001 1007 0.0596
a range +46200 +52800 1002 2006 1104.3788
a range +48600 +52800 1006 2012 1103.8811
a range +46200 +52800 2006 1002 1104.3788
a range +48600 +52800 2012 1006 1103.8811
a range +52200 +52800 2014 9001 1104.2733
a range +47400 +52800 2044 9003 1104.7818
a range +52200 +52800 9001 2014 1104.2733
a range +47400 +52800 9003 2044 1104.7818
a range +49800 +53400 1001 2007 1104.5227
a range +49200 +53400 1003 2001 1104.2559
a range +46200 +53400 1004 2021 1103.8541
a range +51000 +53400 1007 9002 0.0611
a range +49200 +53400 2001 1003 1104.2559
a range +49800 +53400 2007 1001 1104.5227
a range +46200 +53400 2021 1004 1103.8541
a range +51000 +53400 9002 1007 0.0611
a range +46200 +54000 1002 2011 1104.3922
a range +53400 +54000 1003 2040 1104.2547
a range +52800 +54000 1006 2028 1103.8576
a range +51000 +54000 1006 2004 1103.8734
a range +51000 +54000 2004 1006 1103.8734
a range +46200 +54000 2011 1002 1104.3922
a range +52800 +54000 2028 1006 1103.8576
a range +53400 +54000 2040 1003 1104.2547
a range +54000 +54600 1006 9002 0.0598
a range +54000 +54600 9002 1006 0.0598
a range +54000 +55200 1002 2005 1104.3824
a range +53400 +55200 1004 2047 1104.134
a range +51600 +55200 1005 2030 1103.9999
a range +54000 +55200 2005 1002 1104.3824
a range +51600 +55200 2030 1005 1103.9999
a range +53400 +55200 2047 1004 1104.134
a range +54000 +55800 1003 2019 1103.964
a range +50400 +55800 1005 2010 1103.9959
a range +50400 +55800 2010 1005 1103.9959
a range +54000 +55800 2019 1003 1103.964
a range +54600 +56400 1006 9002 0.0598
a range +53400 +56400 1007 2002 1104.632
a range +53400 +56400 2002 1007 1104.632
a range +52800 +56400 2044 9001 1105.0564
a range +52800 +56400 9001 2044 1105.0564
a range +54600 +56400 9002 1006 0.0598
a range +55200 +57000 1004 2025 1104.1126
a range +55200 +57000 1005 2043 1103.9969
a range +55800 +57000 1005 2008 1104.0047
a range +55800 +57000 2008 1005 1104.0047
a range +55200 +57000 2025 1004 1104.1126
a range +55200 +57000 2043 1005 1103.9969
a range +55200 +57600 1002 2047 1104.3809
a range +55200 +57600 2047 1002 1104.3809
a range +51600 +58200 1003 2051 1104.2469
a range +57000 +58200 1005 9002 0.0618
a range +52800 +58200 2018 9003 1104.0392
a range +51600 +58200 2051 1003 1104.2469
a range +57000 +58200 9002 1005 0.0618
a range +52800 +58200 9003 2018 1104.0392
a range +55800 +58800 1003 2011 1104.2412
a range +58200 +58800 1005 9002 0.0618
a range +53400 +58800 1007 2015 1104.1831
a range +55800 +58800 2011 1003 1104.2412
a range +53400 +58800 2015 1007 1104.1831
a range +58200 +58800 9002 1005 0.0618
a range +56400 +59400 1006 2030 1104.7835
a range +56400 +59400 2030 1006 1104.7835
a range +58800 +60000 1003 2039 1104.2549
a range +58800 +60000 1005 9002 0.0618
a range +56400 +60000 1006 2031 1104.0884
a range +59400 +60000 1006 2029 1104.1589
a range +59400 +60000 2029 1006 1104.1589
a range +56400 +60000 2031 1006 1104.0884
a range +58800 +60000 2039 1003 1104.2549
a range +58800 +60000 9002 1005 0.0618
a range +57600 +60600 1002 2035 1104.3756
a range +57000 +60600 1004 2033 1104.1439
a range +46200 +60600 1004 2045 1104.1415
a range +58800 +60600 1007 2051 1104.6445
a range +57000 +60600 2033 1004 1104.1439
a range +57600 +60600 2035 1002 1104.3756
a range +46200 +60600 2045 1004 1104.1415
a range +58800 +60600 2051 1007 1104.6445
a range +50400 +61200 1001 2003 1104.5209
a range +50400 +61200 2003 1001 1104.5209
a range +52800 +61800 1002 2027 1104.3854
a range +52800 +61800 2027 1002 1104.3854
a range +60000 +62400 1003 2023 1104.2259
a range +60000 +62400 2023 1003 1104.2259
a range +53400 +63000 1001 2024 1104.5256
a range +61800 +63000 1002 2051 1104.3952
a range +60600 +63000 1004 9002 0.0605
a range +60000 +63000 1006 2032 1104.802
a range +56400 +63000 1007 2049 1104.6503
a range +53400 +63000 2024 1001 1104.5256
a range +60000 +63000 2032 1006 1104.802
a range +56400 +63000 2049 1007 1104.6503
a range +61800 +63000 2051 1002 1104.3952
a range +60600 +63000 9002 1004 0.0605
a range +62400 +63600 1003 2010 1104.2382
a range +58200 +63600 1003 2050 1104.2431
a range +60000 +63600 1006 2025 1104.3779
a range +62400 +63600 2010 1003 1104.2382
a range +60000 +63600 2025 1006 1104.3779
a range +58200 +63600 2050 1003 1104.2431
a range +60600 +64200 1002 2026 1104.4123
a range +60600 +64200 2026 1002 1104.4123
a range +63600 +64800 1003 9002 0.0592
a range +63000 +64800 1006 2020 1104.7793
a range +63000 +64800 1007 2009 1104.6529
a range +63000 +64800 2009 1007 1104.6529
a range +63000 +64800 2020 1006 1104.7793
a range +63600 +64800 9002 1003 0.0592
a range +63000 +65400 1002 2031 1104.3748
a range +60000 +65400 1005 2042 1104.8997
a range +63000 +65400 2031 1002 1104.3748
a range +58200 +65400 2040 9003 1104.7675
a range +60000 +65400 2042 1005 1104.8997
a range +58200 +65400 9003 2040 1104.7675
a range +63000 +66000 1001 2049 1104.5353
a range +64800 +66000 1003 9002 0.0592
a range +63600 +66000 1006 2044 1104.7864
a range +63600 +66000 2044 1006 1104.7864
a range +63000 +66000 2049 1001 1104.5353
a range +64800 +66000 9002 1003 0.0592
a range +64200 +66600 1002 2023 1104.3857
a range +66000 +66600 1003 9002 0.0592
a range +64200 +66600 2023 1002 1104.3857
a range +66000 +66600 9002 1003 0.0592
a range +61200 +67200 1001 2022 1104.5395
a range +66600 +67200 1002 2021 1104.3669
a range +65400 +67200 1002 2040 1104.3969
a range +63000 +67200 1004 2006 1105.0368
a range +60000 +67200 1005 2036 1104.5183
a range +64800 +67200 1006 2037 1104.5004
a range +64800 +67200 1007 2035 1104.6652
a range +63000 +67200 2006 1004 1105.0368
a range +66600 +67200 2021 1002 1104.3669
a range +61200 +67200 2022 1001 1104.5395
a range +64800 +67200 2035 1007 1104.6652
a range +60000 +67200 2036 1005 1104.5183
a range +64800 +67200 2037 1006 1104.5004
a range +65400 +67200 2040 1002 1104.3969
a range +65400 +67800 2024 9003 1104.4642
a range +65400 +67800 9003 2024 1104.4642
a range +67200 +68400 1002 9002 0.0612
a range +67200 +68400 9002 1002 0.0612
a range +66000 +69000 1001 2001 1104.531
a range +67200 +69000 1005 2047 1104.8974
a range +67200 +69000 1007 2011 1104.6501
a range +66000 +69000 2001 1001 1104.531
a range +67200 +69000 2011 1007 1104.6501
a range +67200 +69000 2047 1005 1104.8974
a range +68400 +70200 1002 9002 0.0612
a range +65400 +70200 1005 2046 1104.9011
a range +69000 +70200 1005 2050 1104.8872
a range +66000 +70200 1006 2029 1104.7724
a range +67800 +70200 2009 9003 1104.7784
a range +66000 +70200 2029 1006 1104.7724
a range +56400 +70200 2034 9001 1104.6838
a range +65400 +70200 2046 1005 1104.9011
a range +69000 +70200 2050 1005 1104.8872
a range +56400 +70200 9001 2034 1104.6838
a range +68400 +70200 9002 1002 0.0612
a range +67800 +70200 9003 2009 1104.7784
a range +69000 +70800 1001 2007 1104.5227
a range +67200 +70800 1001 2015 1104.5221
a range +60600 +70800 1007 2045 1104.6417
a range +69000 +70800 2007 1001 1104.5227
a range +67200 +70800 2015 1001 1104.5221
a range +60600 +70800 2045 1007 1104.6417
a range +70200 +72000 1002 2022 1104.6149
a range +66600 +72000 1003 2005 1105.1204
a range +67200 +72000 1004 2028 1105.0561
a range +69000 +72000 1007 2036 1104.6107
a range +66600 +72000 2005 1003 1105.1204
a range +70200 +72000 2022 1002 1104.6149
a range +67200 +72000 2028 1004 1105.0561
a range +69000 +72000 2036 1007 1104.6107
a range +67200 +72600 1006 2040 1104.7731
a range +67200 +72600 2040 1006 1104.7731
a range +70800 +73200 1001 9002 0.0599
a range +70800 +73200 1007 2025 1104.6493
a range +70800 +73200 2025 1007 1104.6493
a range +70800 +73200 9002 1001 0.0599
a range +70200 +73800 1006 2050 1104.7789
a range +73200 +73800 1007 2011 1104.6501
a range +72000 +73800 1007 2026 1104.6376
a range +73200 +73800 2011 1007 1104.6501
a range +72000 +73800 2026 1007 1104.6376
a range +70200 +73800 2050 1006 1104.7789
a range +73800 +74400 1007 9002 0.0619
a range +73800 +74400 9002 1007 0.0619
a range +72600 +75600 1006 2001 1104.7707
a range +73800 +75600 1006 2046 1104.7904
a range +74400 +75600 1007 9002 0.0619
a range +72600 +75600 2001 1006 1104.7707
a range +70200 +75600 2030 9001 1104.9164
a range +73800 +75600 2046 1006 1104.7904
a range +70200 +75600 9001 2030 1104.9164
a range +74400 +75600 9002 1007 0.0619
a range +70200 +76200 1002 2032 1104.7592
a range +72000 +76200 1003 2015 1105.0874
a range +72000 +76200 1004 2039 1105.0383
a range +75600 +76200 1007 9002 0.0619
a range +75600 +76200 2002 9001 1105.0684
a range +72000 +76200 2015 1003 1105.0874
a range +70200 +76200 2032 1002 1104.7592
a range +72000 +76200 2039 1004 1105.0383
a range +75600 +76200 9001 2002 1105.0684
a range +75600 +76200 9002 1007 0.0619
a range +76200 +76800 1004 2005 1105.0417
a range +76200 +76800 2005 1004 1105.0417
a range +66600 +77400 1003 2052 1105.1281
a range +63000 +77400 1004 2033 1104.7208
a range +75600 +77400 1006 2016 1104.7717
a range +75600 +77400 1006 2023 1104.7861
a range +75600 +77400 2016 1006 1104.7717
a range +75600 +77400 2023 1006 1104.7861
a range +63000 +77400 2033 1004 1104.7208
a range +66600 +77400 2052 1003 1105.1281
a range +76200 +78000 1002 2001 1105.0893
a range +76200 +78000 1003 2022 1105.0998
a range +76200 +78000 2001 1002 1105.0893
a range +76200 +78000 2022 1003 1105.0998
a range +73200 +78600 1001 2048 1105.022
a range +70200 +78600 1005 2014 1104.8841
a range +70200 +78600 1005 2043 1104.9027
a range +77400 +78600 1006 9002 0.0606
a range +70200 +78600 2013 9003 1104.7637
a range +70200 +78600 2014 1005 1104.8841
a range +70200 +78600 2043 1005 1104.9027
a range +73200 +78600 2048 1001 1105.022
a range +77400 +78600 9002 1006 0.0606
a range +70200 +78600 9003 2013 1104.7637
a range +73200 +79200 1001 2028 1105.0237
a range +77400 +79200 1004 2027 1105.0487
a range +77400 +79200 2027 1004 1105.0487
a range +73200 +79200 2028 1001 1105.0237
a range +78000 +79800 1003 2025 1105.13
a range +78600 +79800 1006 9003 0.0602
a range +76200 +79800 2017 9001 1104.8933
a range +78000 +79800 2025 1003 1105.13
a range +76200 +79800 9001 2017 1104.8933
a range +78600 +79800 9003 1006 0.0602
a range +78600 +80400 1005 2043 1104.9027
a range +78600 +80400 1005 2018 1104.9197
a range +78600 +80400 2018 1005 1104.9197
a range +78600 +80400 2043 1005 1104.9027
a range +78600 +81600 1001 2035 1105.0091
a range +79200 +81600 1001 2014 1105.0534
a range +76800 +81600 1004 2037 1105.0178
a range +79200 +81600 1004 2023 1105.0114
a range +79200 +81600 2014 1001 1105.0534
a range +79200 +81600 2023 1004 1105.0114
a range +78600 +81600 2035 1001 1105.0091
a range +76800 +81600 2037 1004 1105.0178
a range +77400 +82200 1003 2015 1105.0874
a range +77400 +82200 2015 1003 1105.0874
a range +78600 +82200 2046 9002 1105.057
a range +78600 +82200 9002 2046 1105.057
a range +81600 +82800 1001 2025 1105.0383
a range +81600 +82800 1001 2029 1104.9434
a range +78000 +82800 1002 2021 1105.0542
a range +82200 +82800 1003 2047 1105.1127
a range +81600 +82800 1004 2048 1105.0266
a range +81000 +82800 1005 9003 0.0463
a range +79800 +82800 1006 2001 1105.0486
a range +79800 +82800 2001 1006 1105.0486
a range +78000 +82800 2021 1002 1105.0542
a range +81600 +82800 2025 1001 1105.0383
a range +81600 +82800 2029 1001 1104.9434
a range +82200 +82800 2036 9002 1105.0518
a range +82200 +82800 2047 1003 1105.1127
a range +81600 +82800 2048 1004 1105.0266
a range +82200 +82800 9002 2036 1105.0518
a range +81000 +82800 9003 1005 0.0463
a range +82800 +83400 1005 9003 0.0463
a range +82800 +83400 9003 1005 0.0463
a range +79800 +84000 1003 2007 1105.1118
a range +81600 +84000 1004 2022 1105.0114
a range +82800 +84000 1004 2031 1105.0482
a range +79800 +84000 2007 1003 1105.1118
a range +81600 +84000 2022 1004 1105.0114
a range +82800 +84000 2031 1004 1105.0482
a range +72000 +84600 1002 2004 1105.0828
a range +82800 +84600 1002 2008 1105.0675
a range +82800 +84600 1003 2001 1105.1321
a range +82800 +84600 2001 1003 1105.1321
a range +72000 +84600 2004 1002 1105.0828
a range +82800 +84600 2008 1002 1105.0675
a range +82800 +84600 2026 9002 1105.0831
a range +79800 +84600 2041 9001 1105.0661
a range +79800 +84600 9001 2041 1105.0661
a range +82800 +84600 9002 2026 1105.0831
a range +84000 +85200 1003 2052 1105.1281
a range +82800 +85200 1006 2018 1105.0351
a range +76800 +85200 1007 2005 1105.0106
a range +76800 +85200 2005 1007 1105.0106
a range +82800 +85200 2018 1006 1105.0351
a range +84000 +85200 2052 1003 1105.1281
a range +83400 +85800 1005 2025 1105.0974
a range +76800 +85800 1007 2038 1105.0203
a range +83400 +85800 2025 1005 1105.0974
a range +76800 +85800 2038 1007 1105.0203
a range +82800 +86400 1001 2047 1105.021
a range +82800 +86400 1001 2021 1105.0053
a range +84600 +86400 1002 2001 1105.0893
a range +84600 +86400 1002 2040 1105.0871
a range +85200 +86400 1003 2045 1105.1163
a range +84600 +86400 1003 2051 1105.1247
a range +84000 +86400 1004 9003 0.0452
a range +85800 +86400 1005 2012 1105.0924
a range +83400 +86400 1005 2024 1105.0858
a range +79800 +86400 1006 2049 1105.0331
a range +85200 +86400 1006 2005 1105.0369
a range +85200 +86400 1007 2004 1105.0159
a range +85800 +86400 1007 2042 1105.0181
a range +84600 +86400 2001 1002 1105.0893
a range +85200 +86400 2004 1007 1105.0159
a range +85200 +86400 2005 1006 1105.0369
a range +85800 +86400 2012 1005 1105.0924
a range +82800 +86400 2021 1001 1105.0053
a range +83400 +86400 2024 1005 1105.0858
a range +84600 +86400 2026 9001 1105.0758
a range +84600 +86400 2031 9002 1105.0617
a range +84600 +86400 2040 1002 1105.0871
a range +85800 +86400 2042 1007 1105.0181
a range +85200 +86400 2045 1003 1105.1163
a range +82800 +86400 2047 1001 1105.021
a range +79800 +86400 2049 1006 1105.0331
a range +84600 +86400 2051 1003 1105.1247
a range +84600 +86400 9001 2026 1105.0758
a range +84600 +86400 9002 2031 1105.0617
a range +84000 +86400 9003 1004 0.0452
