a contact +0 +13800 2005 9001 50
a contact +0 +13800 9001 2005 50
a contact +0 +16200 2001 9002 25
a contact +0 +16200 9002 2001 25
a contact +16200 +17400 2004 9002 50
a contact +16200 +17400 9002 2004 50
a contact +17400 +24000 2001 9002 25
a contact +17400 +24000 9002 2001 25
a contact +24000 +25800 2004 9002 50
a contact +24000 +25800 9002 2004 50
a contact +25800 +27600 2001 9002 25
a contact +25800 +27600 9002 2001 25
a contact +27600 +28800 2004 9002 50
a contact +27600 +28800 9002 2004 50
a contact +28800 +40200 2001 9002 25
a contact +28800 +40200 9002 2001 25
a contact +31800 +51600 2003 9003 25
a contact +31800 +51600 9003 2003 25
a contact +51600 +67800 2002 9003 25
a contact +51600 +67800 9003 2002 25
a contact +67800 +69000 2006 9003 50
a contact +67800 +69000 9003 2006 50
a contact +69000 +76200 2002 9003 25
a contact +69000 +76200 9003 2002 25
a contact +81000 +86400 2004 9002 50
a contact +81000 +86400 9002 2004 50
a contact +54000 +99000 2005 9001 50
a contact +54000 +99000 9001 2005 50
a contact +86400 +125400 2001 9002 25
a contact +86400 +125400 9002 2001 25
a contact +117600 +133800 2003 9003 25
a contact +117600 +133800 9003 2003 25
a contact +133800 +162000 2002 9003 25
a contact +133800 +162000 9003 2002 25
a contact +166200 +175200 2006 9002 50
a contact +166200 +175200 9002 2006 50
a contact +139800 +184200 2005 9001 50
a contact +139800 +184200 9001 2005 50
a contact +175200 +211200 2001 9002 25
a contact +175200 +211200 9002 2001 25
a contact +202800 +225000 2003 9003 25
a contact +202800 +225000 9003 2003 25
a contact +225000 +247200 2005 9003 50
a contact +225000 +247200 9003 2005 50
a contact +225000 +256800 2002 9001 25
a contact +225000 +256800 9001 2002 25
a contact +251400 +262200 2005 9002 50
a contact +251400 +262200 9002 2005 50
a contact +256800 +266400 2004 9001 50
a contact +256800 +266400 9001 2004 50
a contact +266400 +267000 2005 9001 50
a contact +266400 +267000 9001 2005 50
a contact +267000 +269400 2004 9001 50
a contact +267000 +269400 9001 2004 50
a contact +288000 +288600 2003 9003 25
a contact +288000 +288600 9003 2003 25
a contact +288600 +289200 2001 9003 25
a contact +288600 +289200 9003 2001 25
a contact +289200 +293400 2003 9003 25
a contact +289200 +293400 9003 2003 25
a contact +293400 +294000 2001 9003 25
a contact +293400 +294000 9003 2001 25
a contact +262200 +296400 2006 9002 50
a contact +262200 +296400 9002 2006 50
a contact +294000 +299400 2003 9003 25
a contact +294000 +299400 9003 2003 25
a contact +299400 +300000 2002 9003 25
a contact +299400 +300000 9003 2002 25
a contact +300000 +301200 2003 9003 25
a contact +300000 +301200 9003 2003 25
a contact +301200 +301800 2001 9003 25
a contact +301200 +301800 9003 2001 25
a contact +301800 +304200 2003 9003 25
a contact +301800 +304200 9003 2003 25
a contact +304200 +304800 2002 9003 25
a contact +304200 +304800 9003 2002 25
a contact +304800 +305400 2003 9003 25
a contact +304800 +305400 9003 2003 25
a contact +305400 +306000 2002 9003 25
a contact +305400 +306000 9003 2002 25
a contact +306000 +306600 2001 9003 25
a contact +306000 +306600 9003 2001 25
a contact +306600 +307200 2003 9003 25
a contact +306600 +307200 9003 2003 25
a contact +307200 +307800 2001 9003 25
a contact +307200 +307800 9003 2001 25
a contact +307800 +308400 2003 9003 25
a contact +307800 +308400 9003 2003 25
a contact +308400 +309000 2001 9003 25
a contact +308400 +309000 9003 2001 25
a contact +309000 +313800 2002 9003 25
a contact +309000 +313800 9003 2002 25
a contact +313800 +314400 2003 9003 25
a contact +313800 +314400 9003 2003 25
a contact +314400 +315000 2002 9003 25
a contact +314400 +315000 9003 2002 25
a contact +315000 +316200 2003 9003 25
a contact +315000 +316200 9003 2003 25
a contact +316200 +316800 2002 9003 25
a contact +316200 +316800 9003 2002 25
a contact +316800 +317400 2003 9003 25
a contact +310200 +317400 2004 9001 50
a contact +310200 +317400 9001 2004 50
a contact +316800 +317400 9003 2003 25
a contact +317400 +318000 2005 9001 50
a contact +317400 +318000 9001 2005 50
a contact +317400 +319200 2002 9003 25
a contact +317400 +319200 9003 2002 25
a contact +319200 +319800 2003 9003 25
a contact +319200 +319800 9003 2003 25
a contact +318000 +320400 2004 9001 50
a contact +318000 +320400 9001 2004 50
a contact +320400 +321000 2005 9001 50
a contact +320400 +321000 9001 2005 50
a contact +319800 +321600 2002 9003 25
a contact +319800 +321600 9003 2002 25
a contact +321600 +323400 2003 9003 25
a contact +321600 +323400 9003 2003 25
a contact +323400 +325200 2002 9003 25
a contact +323400 +325200 9003 2002 25
a contact +325200 +325800 2003 9003 25
a contact +321000 +325800 2004 9001 50
a contact +321000 +325800 9001 2004 50
a contact +325200 +325800 9003 2003 25
a contact +325800 +326400 2002 9003 25
a contact +325800 +326400 2005 9001 50
a contact +325800 +326400 9001 2005 50
a contact +325800 +326400 9003 2002 25
a contact +326400 +327000 2003 9003 25
a contact +326400 +327000 9003 2003 25
a contact +327000 +328200 2002 9003 25
a contact +327000 +328200 9003 2002 25
a contact +326400 +330000 2004 9001 50
a contact +326400 +330000 9001 2004 50
a contact +328200 +330600 2003 9003 25
a contact +328200 +330600 9003 2003 25
a contact +330000 +331200 2005 9001 50
a contact +330000 +331200 9001 2005 50
a contact +330600 +332400 2002 9003 25
a contact +330600 +332400 9003 2002 25
a contact +331200 +334200 2004 9001 50
a contact +331200 +334200 9001 2004 50
a contact +334200 +334800 2005 9001 50
a contact +334200 +334800 9001 2005 50
a contact +334800 +336600 2004 9001 50
a contact +334800 +336600 9001 2004 50
a contact +336600 +337200 2005 9001 50
a contact +336600 +337200 9001 2005 50
a contact +337200 +343800 2004 9001 50
a contact +337200 +343800 9001 2004 50
a contact +343800 +344400 2005 9001 50
a contact +343800 +344400 9001 2005 50
a contact +344400 +345600 2004 9001 50
a contact +344400 +345600 9001 2004 50
a contact +345600 +346200 2005 9001 50
a contact +345600 +346200 9001 2005 50
a contact +346200 +355200 2004 9001 50
a contact +346200 +355200 9001 2004 50
a contact +337200 +381600 2006 9002 50
a contact +337200 +381600 9002 2006 50
a contact +373800 +382200 2003 9003 25
a contact +373800 +382200 9003 2003 25
a contact +382200 +383400 2001 9003 25
a contact +382200 +383400 9003 2001 25
a contact +383400 +384600 2003 9003 25
a contact +383400 +384600 9003 2003 25
a contact +384600 +385200 2001 9003 25
a contact +384600 +385200 9003 2001 25
a contact +385200 +385800 2003 9003 25
a contact +385200 +385800 9003 2003 25
a contact +385800 +386400 2001 9003 25
a contact +385800 +386400 9003 2001 25
a contact +386400 +387000 2003 9003 25
a contact +386400 +387000 9003 2003 25
a contact +387000 +387600 2001 9003 25
a contact +387000 +387600 9003 2001 25
a contact +387600 +388800 2003 9003 25
a contact +387600 +388800 9003 2003 25
a contact +388800 +390600 2001 9003 25
a contact +388800 +390600 9003 2001 25
a contact +390600 +391200 2003 9003 25
a contact +390600 +391200 9003 2003 25
a contact +391200 +391800 2002 9003 25
a contact +391200 +391800 9003 2002 25
a contact +391800 +393000 2003 9003 25
a contact +391800 +393000 9003 2003 25
a contact +393000 +394200 2001 9003 25
a contact +393000 +394200 9003 2001 25
a contact +394200 +394800 2003 9003 25
a contact +394200 +394800 9003 2003 25
a contact +394800 +396000 2001 9003 25
a contact +394800 +396000 9003 2001 25
a contact +396000 +397200 2002 9003 25
a contact +396000 +397200 9003 2002 25
a contact +397200 +398400 2003 9003 25
a contact +397200 +398400 9003 2003 25
a contact +398400 +399600 2002 9003 25
a contact +398400 +399600 9003 2002 25
a contact +399600 +400200 2003 9003 25
a contact +399600 +400200 9003 2003 25
a contact +400200 +400800 2002 9003 25
a contact +400200 +400800 9003 2002 25
a contact +400800 +402000 2003 9003 25
a contact +400800 +402000 9003 2003 25
a contact +402000 +402600 2002 9003 25
a contact +402000 +402600 9003 2002 25
a contact +402600 +403800 2003 9003 25
a contact +402600 +403800 9003 2003 25
a contact +403800 +405600 2002 9003 25
a contact +403800 +405600 9003 2002 25
a contact +405600 +406200 2003 9003 25
a contact +405600 +406200 9003 2003 25
a contact +406200 +408600 2002 9003 25
a contact +406200 +408600 9003 2002 25
a contact +408600 +409200 2003 9003 25
a contact +396000 +409200 2004 9001 50
a contact +396000 +409200 9001 2004 50
a contact +408600 +409200 9003 2003 25
a contact +409200 +409800 2005 9001 50
a contact +409200 +409800 9001 2005 50
a contact +409200 +410400 2002 9003 25
a contact +409200 +410400 9003 2002 25
a contact +410400 +411600 2003 9003 25
a contact +410400 +411600 9003 2003 25
a contact +411600 +412200 2002 9003 25
a contact +411600 +412200 9003 2002 25
a contact +412200 +414000 2003 9003 25
a contact +412200 +414000 9003 2003 25
a contact +414000 +416400 2002 9003 25
a contact +414000 +416400 9003 2002 25
a contact +416400 +418200 2003 9003 25
a contact +416400 +418200 9003 2003 25
a contact +409800 +440400 2004 9001 50
a contact +409800 +440400 9001 2004 50
a contact +459000 +462000 2001 9003 25
a contact +459000 +462000 9003 2001 25
a contact +462000 +462600 2003 9003 25
a contact +462000 +462600 9003 2003 25
a contact +462600 +463800 2001 9003 25
a contact +462600 +463800 9003 2001 25
a contact +422400 +467400 2006 9002 50
a contact +422400 +467400 9002 2006 50
a contact +463800 +469200 2003 9003 25
a contact +463800 +469200 9003 2003 25
a contact +469200 +469800 2001 9003 25
a contact +469200 +469800 9003 2001 25
a contact +469800 +471600 2003 9003 25
a contact +469800 +471600 9003 2003 25
a contact +471600 +472200 2001 9003 25
a contact +471600 +472200 9003 2001 25
a contact +472200 +472800 2003 9003 25
a contact +472200 +472800 9003 2003 25
a contact +472800 +473400 2001 9003 25
a contact +472800 +473400 9003 2001 25
a contact +473400 +474000 2003 9003 25
a contact +473400 +474000 9003 2003 25
a contact +474000 +474600 2001 9003 25
a contact +474000 +474600 9003 2001 25
a contact +474600 +475800 2003 9003 25
a contact +474600 +475800 9003 2003 25
a contact +475800 +476400 2001 9003 25
a contact +475800 +476400 9003 2001 25
a contact +476400 +477000 2003 9003 25
a contact +476400 +477000 9003 2003 25
a contact +477000 +477600 2002 9003 25
a contact +477000 +477600 9003 2002 25
a contact +477600 +478200 2001 9003 25
a contact +477600 +478200 9003 2001 25
a contact +478200 +478800 2003 9003 25
a contact +478200 +478800 9003 2003 25
a contact +478800 +480000 2001 9003 25
a contact +478800 +480000 9003 2001 25
a contact +480000 +480600 2003 9003 25
a contact +480000 +480600 9003 2003 25
a contact +480600 +481200 2001 9003 25
a contact +480600 +481200 9003 2001 25
a contact +481200 +484200 2002 9003 25
a contact +481200 +484200 9003 2002 25
a contact +484200 +486000 2003 9003 25
a contact +484200 +486000 9003 2003 25
a contact +486000 +487200 2002 9003 25
a contact +486000 +487200 9003 2002 25
a contact +487200 +487800 2003 9003 25
a contact +487200 +487800 9003 2003 25
a contact +487800 +490200 2002 9003 25
a contact +487800 +490200 9003 2002 25
a contact +490200 +492000 2003 9003 25
a contact +490200 +492000 9003 2003 25
a contact +492000 +492600 2002 9003 25
a contact +492000 +492600 9003 2002 25
a contact +492600 +493200 2003 9003 25
a contact +492600 +493200 9003 2003 25
a contact +493200 +495000 2002 9003 25
a contact +493200 +495000 9003 2002 25
a contact +495000 +496200 2003 9003 25
a contact +495000 +496200 9003 2003 25
a contact +496200 +497400 2002 9003 25
a contact +496200 +497400 9003 2002 25
a contact +497400 +498600 2003 9003 25
a contact +497400 +498600 9003 2003 25
a contact +498600 +499200 2002 9003 25
a contact +498600 +499200 9003 2002 25
a contact +499200 +499800 2003 9003 25
a contact +499200 +499800 9003 2003 25
a contact +499800 +503400 2002 9003 25
a contact +499800 +503400 9003 2002 25
a contact +481200 +525600 2004 9001 50
a contact +481200 +525600 9001 2004 50
a contact +544200 +550800 2001 9003 25
a contact +544200 +550800 9003 2001 25
a contact +507600 +552600 2006 9002 50
a contact +507600 +552600 9002 2006 50
a contact +550800 +555000 2003 9003 25
a contact +550800 +555000 9003 2003 25
a contact +555000 +556800 2001 9003 25
a contact +555000 +556800 9003 2001 25
a contact +556800 +558000 2003 9003 25
a contact +556800 +558000 9003 2003 25
a contact +558000 +560400 2001 9003 25
a contact +558000 +560400 9003 2001 25
a contact +560400 +561000 2003 9003 25
a contact +560400 +561000 9003 2003 25
a contact +561000 +561600 2001 9003 25
a contact +561000 +561600 9003 2001 25
a contact +561600 +562800 2003 9003 25
a contact +561600 +562800 9003 2003 25
a contact +562800 +563400 2001 9003 25
a contact +562800 +563400 9003 2001 25
a contact +563400 +565200 2003 9003 25
a contact +563400 +565200 9003 2003 25
a contact +565200 +565800 2001 9003 25
a contact +565200 +565800 9003 2001 25
a contact +565800 +566400 2002 9003 25
a contact +565800 +566400 9003 2002 25
a contact +566400 +567000 2003 9003 25
a contact +566400 +567000 9003 2003 25
a contact +567000 +568200 2002 9003 25
a contact +567000 +568200 9003 2002 25
a contact +568200 +568800 2001 9003 25
a contact +568200 +568800 9003 2001 25
a contact +568800 +569400 2002 9003 25
a contact +568800 +569400 9003 2002 25
a contact +569400 +570000 2003 9003 25
a contact +569400 +570000 9003 2003 25
a contact +570000 +571800 2002 9003 25
a contact +570000 +571800 9003 2002 25
a contact +571800 +572400 2003 9003 25
a contact +571800 +572400 9003 2003 25
a contact +572400 +577800 2002 9003 25
a contact +572400 +577800 9003 2002 25
a contact +577800 +578400 2003 9003 25
a contact +577800 +578400 9003 2003 25
a contact +578400 +579000 2002 9003 25
a contact +578400 +579000 9003 2002 25
a contact +579000 +579600 2003 9003 25
a contact +579000 +579600 9003 2003 25
a contact +579600 +580200 2002 9003 25
a contact +579600 +580200 9003 2002 25
a contact +580200 +580800 2003 9003 25
a contact +580200 +580800 9003 2003 25
a contact +580800 +582600 2002 9003 25
a contact +580800 +582600 9003 2002 25
a contact +582600 +583200 2003 9003 25
a contact +582600 +583200 9003 2003 25
a contact +583200 +584400 2002 9003 25
a contact +583200 +584400 9003 2002 25
a contact +584400 +585600 2003 9003 25
a contact +584400 +585600 9003 2003 25
a contact +585600 +586200 2002 9003 25
a contact +585600 +586200 9003 2002 25
a contact +586200 +587400 2003 9003 25
a contact +586200 +587400 9003 2003 25
a contact +587400 +588000 2002 9003 25
a contact +587400 +588000 9003 2002 25
a contact +588000 +588600 2003 9003 25
a contact +588000 +588600 9003 2003 25
a contact +566400 +604800 2004 9001 50
a contact +593400 +604800 2006 9002 50
a contact +566400 +604800 9001 2004 50
a contact +593400 +604800 9002 2006 50

a range +0 +13800 2005 9001 1102.2475
a range +0 +13800 9001 2005 1102.2475
a range +0 +16200 2001 9002 1103.2905
a range +0 +16200 9002 2001 1103.2905
a range +16200 +17400 2004 9002 1103.2919
a range +16200 +17400 9002 2004 1103.2919
a range +17400 +24000 2001 9002 1103.2905
a range +17400 +24000 9002 2001 1103.2905
a range +24000 +25800 2004 9002 1103.2919
a range +24000 +25800 9002 2004 1103.2919
a range +25800 +27600 2001 9002 1103.2905
a range +25800 +27600 9002 2001 1103.2905
a range +27600 +28800 2004 9002 1103.2919
a range +27600 +28800 9002 2004 1103.2919
a range +28800 +40200 2001 9002 1103.2905
a range +28800 +40200 9002 2001 1103.2905
a range +31800 +51600 2003 9003 1104.2285
a range +31800 +51600 9003 2003 1104.2285
a range +51600 +67800 2002 9003 1104.678
a range +51600 +67800 9003 2002 1104.678
a range +67800 +69000 2006 9003 1104.6445
a range +67800 +69000 9003 2006 1104.6445
a range +69000 +76200 2002 9003 1104.678
a range +69000 +76200 9003 2002 1104.678
a range +81000 +86400 2004 9002 1106.5773
a range +81000 +86400 9002 2004 1106.5773
a range +54000 +99000 2005 9001 1105.5191
a range +54000 +99000 9001 2005 1105.5191
a range +86400 +125400 2001 9002 1106.5655
a range +86400 +125400 9002 2001 1106.5655
a range +117600 +133800 2003 9003 1107.6432
a range +117600 +133800 9003 2003 1107.6432
a range +133800 +162000 2002 9003 1107.9702
a range +133800 +162000 9003 2002 1107.9702
a range +166200 +175200 2006 9002 1109.8202
a range +166200 +175200 9002 2006 1109.8202
a range +139800 +184200 2005 9001 1108.8634
a range +139800 +184200 9001 2005 1108.8634
a range +175200 +211200 2001 9002 1109.8484
a range +175200 +211200 9002 2001 1109.8484
a range +202800 +225000 2003 9003 1111.0404
a range +202800 +225000 9003 2003 1111.0404
a range +225000 +247200 2005 9003 1111.2558
a range +225000 +247200 9003 2005 1111.2558
a range +225000 +256800 2002 9001 1111.58
a range +225000 +256800 9001 2002 1111.58
a range +251400 +262200 2005 9002 1113.055
a range +251400 +262200 9002 2005 1113.055
a range +256800 +266400 2004 9001 1112.0684
a range +256800 +266400 9001 2004 1112.0684
a range +266400 +267000 2005 9001 1112.0968
a range +266400 +267000 9001 2005 1112.0968
a range +267000 +269400 2004 9001 1112.0684
a range +267000 +269400 9001 2004 1112.0684
a range +288000 +288600 2003 9003 1114.4198
a range +288000 +288600 9003 2003 1114.4198
a range +288600 +289200 2001 9003 1113.6291
a range +288600 +289200 9003 2001 1113.6291
a range +289200 +293400 2003 9003 1114.4198
a range +289200 +293400 9003 2003 1114.4198
a range +293400 +294000 2001 9003 1113.6291
a range +293400 +294000 9003 2001 1113.6291
a range +262200 +296400 2006 9002 1113.0696
a range +262200 +296400 9002 2006 1113.0696
a range +294000 +299400 2003 9003 1114.4198
a range +294000 +299400 9003 2003 1114.4198
a range +299400 +300000 2002 9003 1114.4571
a range +299400 +300000 9003 2002 1114.4571
a range +300000 +301200 2003 9003 1114.4198
a range +300000 +301200 9003 2003 1114.4198
a range +301200 +301800 2001 9003 1113.6291
a range +301200 +301800 9003 2001 1113.6291
a range +301800 +304200 2003 9003 1114.4198
a range +301800 +304200 9003 2003 1114.4198
a range +304200 +304800 2002 9003 1114.4571
a range +304200 +304800 9003 2002 1114.4571
a range +304800 +305400 2003 9003 1114.4198
a range +304800 +305400 9003 2003 1114.4198
a range +305400 +306000 2002 9003 1114.4571
a range +305400 +306000 9003 2002 1114.4571
a range +306000 +306600 2001 9003 1113.6291
a range +306000 +306600 9003 2001 1113.6291
a range +306600 +307200 2003 9003 1114.4198
a range +306600 +307200 9003 2003 1114.4198
a range +307200 +307800 2001 9003 1113.6291
a range +307200 +307800 9003 2001 1113.6291
a range +307800 +308400 2003 9003 1114.4198
a range +307800 +308400 9003 2003 1114.4198
a range +308400 +309000 2001 9003 1113.6291
a range +308400 +309000 9003 2001 1113.6291
a range +309000 +313800 2002 9003 1114.4571
a range +309000 +313800 9003 2002 1114.4571
a range +313800 +314400 2003 9003 1114.4198
a range +313800 +314400 9003 2003 1114.4198
a range +314400 +315000 2002 9003 1114.4571
a range +314400 +315000 9003 2002 1114.4571
a range +315000 +316200 2003 9003 1114.4198
a range +315000 +316200 9003 2003 1114.4198
a range +316200 +316800 2002 9003 1114.4571
a range +316200 +316800 9003 2002 1114.4571
a range +316800 +317400 2003 9003 1114.4198
a range +310200 +317400 2004 9001 1115.3257
a range +310200 +317400 9001 2004 1115.3257
a range +316800 +317400 9003 2003 1114.4198
a range +317400 +318000 2005 9001 1115.279
a range +317400 +318000 9001 2005 1115.279
a range +317400 +319200 2002 9003 1114.4571
a range +317400 +319200 9003 2002 1114.4571
a range +319200 +319800 2003 9003 1114.4198
a range +319200 +319800 9003 2003 1114.4198
a range +318000 +320400 2004 9001 1115.3257
a range +318000 +320400 9001 2004 1115.3257
a range +320400 +321000 2005 9001 1115.279
a range +320400 +321000 9001 2005 1115.279
a range +319800 +321600 2002 9003 1114.4571
a range +319800 +321600 9003 2002 1114.4571
a range +321600 +323400 2003 9003 1114.4198
a range +321600 +323400 9003 2003 1114.4198
a range +323400 +325200 2002 9003 1114.4571
a range +323400 +325200 9003 2002 1114.4571
a range +325200 +325800 2003 9003 1114.4198
a range +321000 +325800 2004 9001 1115.3257
a range +321000 +325800 9001 2004 1115.3257
a range +325200 +325800 9003 2003 1114.4198
a range +325800 +326400 2002 9003 1114.4571
a range +325800 +326400 2005 9001 1115.279
a range +325800 +326400 9001 2005 1115.279
a range +325800 +326400 9003 2002 1114.4571
a range +326400 +327000 2003 9003 1114.4198
a range +326400 +327000 9003 2003 1114.4198
a range +327000 +328200 2002 9003 1114.4571
a range +327000 +328200 9003 2002 1114.4571
a range +326400 +330000 2004 9001 1115.3257
a range +326400 +330000 9001 2004 1115.3257
a range +328200 +330600 2003 9003 1114.4198
a range +328200 +330600 9003 2003 1114.4198
a range +330000 +331200 2005 9001 1115.279
a range +330000 +331200 9001 2005 1115.279
a range +330600 +332400 2002 9003 1114.4571
a range +330600 +332400 9003 2002 1114.4571
a range +331200 +334200 2004 9001 1115.3257
a range +331200 +334200 9001 2004 1115.3257
a range +334200 +334800 2005 9001 1115.279
a range +334200 +334800 9001 2005 1115.279
a range +334800 +336600 2004 9001 1115.3257
a range +334800 +336600 9001 2004 1115.3257
a range +336600 +337200 2005 9001 1115.279
a range +336600 +337200 9001 2005 1115.279
a range +337200 +343800 2004 9001 1115.3257
a range +337200 +343800 9001 2004 1115.3257
a range +343800 +344400 2005 9001 1115.279
a range +343800 +344400 9001 2005 1115.279
a range +344400 +345600 2004 9001 1115.3257
a range +344400 +345600 9001 2004 1115.3257
a range +345600 +346200 2005 9001 1115.279
a range +345600 +346200 9001 2005 1115.279
a range +346200 +355200 2004 9001 1115.3257
a range +346200 +355200 9001 2004 1115.3257
a range +337200 +381600 2006 9002 1116.326
a range +337200 +381600 9002 2006 1116.326
a range +373800 +382200 2003 9003 1117.7094
a range +373800 +382200 9003 2003 1117.7094
a range +382200 +383400 2001 9003 1116.9909
a range +382200 +383400 9003 2001 1116.9909
a range +383400 +384600 2003 9003 1117.7094
a range +383400 +384600 9003 2003 1117.7094
a range +384600 +385200 2001 9003 1116.9909
a range +384600 +385200 9003 2001 1116.9909
a range +385200 +385800 2003 9003 1117.7094
a range +385200 +385800 9003 2003 1117.7094
a range +385800 +386400 2001 9003 1116.9909
a range +385800 +386400 9003 2001 1116.9909
a range +386400 +387000 2003 9003 1117.7094
a range +386400 +387000 9003 2003 1117.7094
a range +387000 +387600 2001 9003 1116.9909
a range +387000 +387600 9003 2001 1116.9909
a range +387600 +388800 2003 9003 1117.7094
a range +387600 +388800 9003 2003 1117.7094
a range +388800 +390600 2001 9003 1116.9909
a range +388800 +390600 9003 2001 1116.9909
a range +390600 +391200 2003 9003 1117.7094
a range +390600 +391200 9003 2003 1117.7094
a range +391200 +391800 2002 9003 1117.6997
a range +391200 +391800 9003 2002 1117.6997
a range +391800 +393000 2003 9003 1117.7094
a range +391800 +393000 9003 2003 1117.7094
a range +393000 +394200 2001 9003 1116.9909
a range +393000 +394200 9003 2001 1116.9909
a range +394200 +394800 2003 9003 1117.7094
a range +394200 +394800 9003 2003 1117.7094
a range +394800 +396000 2001 9003 1116.9909
a range +394800 +396000 9003 2001 1116.9909
a range +396000 +397200 2002 9003 1117.6997
a range +396000 +397200 9003 2002 1117.6997
a range +397200 +398400 2003 9003 1117.7094
a range +397200 +398400 9003 2003 1117.7094
a range +398400 +399600 2002 9003 1117.6997
a range +398400 +399600 9003 2002 1117.6997
a range +399600 +400200 2003 9003 1117.7094
a range +399600 +400200 9003 2003 1117.7094
a range +400200 +400800 2002 9003 1117.6997
a range +400200 +400800 9003 2002 1117.6997
a range +400800 +402000 2003 9003 1117.7094
a range +400800 +402000 9003 2003 1117.7094
a range +402000 +402600 2002 9003 1117.6997
a range +402000 +402600 9003 2002 1117.6997
a range +402600 +403800 2003 9003 1117.7094
a range +402600 +403800 9003 2003 1117.7094
a range +403800 +405600 2002 9003 1117.6997
a range +403800 +405600 9003 2002 1117.6997
a range +405600 +406200 2003 9003 1117.7094
a range +405600 +406200 9003 2003 1117.7094
a range +406200 +408600 2002 9003 1117.6997
a range +406200 +408600 9003 2002 1117.6997
a range +408600 +409200 2003 9003 1117.7094
a range +396000 +409200 2004 9001 1118.554
a range +396000 +409200 9001 2004 1118.554
a range +408600 +409200 9003 2003 1117.7094
a range +409200 +409800 2005 9001 1118.5434
a range +409200 +409800 9001 2005 1118.5434
a range +409200 +410400 2002 9003 1117.6997
a range +409200 +410400 9003 2002 1117.6997
a range +410400 +411600 2003 9003 1117.7094
a range +410400 +411600 9003 2003 1117.7094
a range +411600 +412200 2002 9003 1117.6997
a range +411600 +412200 9003 2002 1117.6997
a range +412200 +414000 2003 9003 1117.7094
a range +412200 +414000 9003 2003 1117.7094
a range +414000 +416400 2002 9003 1117.6997
a range +414000 +416400 9003 2002 1117.6997
a range +416400 +418200 2003 9003 1117.7094
a range +416400 +418200 9003 2003 1117.7094
a range +409800 +440400 2004 9001 1118.554
a range +409800 +440400 9001 2004 1118.554
a range +459000 +462000 2001 9003 1120.3351
a range +459000 +462000 9003 2001 1120.3351
a range +462000 +462600 2003 9003 1120.91
a range +462000 +462600 9003 2003 1120.91
a range +462600 +463800 2001 9003 1120.3351
a range +462600 +463800 9003 2001 1120.3351
a range +422400 +467400 2006 9002 1119.5881
a range +422400 +467400 9002 2006 1119.5881
a range +463800 +469200 2003 9003 1120.91
a range +463800 +469200 9003 2003 1120.91
a range +469200 +469800 2001 9003 1120.3351
a range +469200 +469800 9003 2001 1120.3351
a range +469800 +471600 2003 9003 1120.91
a range +469800 +471600 9003 2003 1120.91
a range +471600 +472200 2001 9003 1120.3351
a range +471600 +472200 9003 2001 1120.3351
a range +472200 +472800 2003 9003 1120.91
a range +472200 +472800 9003 2003 1120.91
a range +472800 +473400 2001 9003 1120.3351
a range +472800 +473400 9003 2001 1120.3351
a range +473400 +474000 2003 9003 1120.91
a range +473400 +474000 9003 2003 1120.91
a range +474000 +474600 2001 9003 1120.3351
a range +474000 +474600 9003 2001 1120.3351
a range +474600 +475800 2003 9003 1120.91
a range +474600 +475800 9003 2003 1120.91
a range +475800 +476400 2001 9003 1120.3351
a range +475800 +476400 9003 2001 1120.3351
a range +476400 +477000 2003 9003 1120.91
a range +476400 +477000 9003 2003 1120.91
a range +477000 +477600 2002 9003 1120.9019
a range +477000 +477600 9003 2002 1120.9019
a range +477600 +478200 2001 9003 1120.3351
a range +477600 +478200 9003 2001 1120.3351
a range +478200 +478800 2003 9003 1120.91
a range +478200 +478800 9003 2003 1120.91
a range +478800 +480000 2001 9003 1120.3351
a range +478800 +480000 9003 2001 1120.3351
a range +480000 +480600 2003 9003 1120.91
a range +480000 +480600 9003 2003 1120.91
a range +480600 +481200 2001 9003 1120.3351
a range +480600 +481200 9003 2001 1120.3351
a range +481200 +484200 2002 9003 1120.9019
a range +481200 +484200 9003 2002 1120.9019
a range +484200 +486000 2003 9003 1120.91
a range +484200 +486000 9003 2003 1120.91
a range +486000 +487200 2002 9003 1120.9019
a range +486000 +487200 9003 2002 1120.9019
a range +487200 +487800 2003 9003 1120.91
a range +487200 +487800 9003 2003 1120.91
a range +487800 +490200 2002 9003 1120.9019
a range +487800 +490200 9003 2002 1120.9019
a range +490200 +492000 2003 9003 1120.91
a range +490200 +492000 9003 2003 1120.91
a range +492000 +492600 2002 9003 1120.9019
a range +492000 +492600 9003 2002 1120.9019
a range +492600 +493200 2003 9003 1120.91
a range +492600 +493200 9003 2003 1120.91
a range +493200 +495000 2002 9003 1120.9019
a range +493200 +495000 9003 2002 1120.9019
a range +495000 +496200 2003 9003 1120.91
a range +495000 +496200 9003 2003 1120.91
a range +496200 +497400 2002 9003 1120.9019
a range +496200 +497400 9003 2002 1120.9019
a range +497400 +498600 2003 9003 1120.91
a range +497400 +498600 9003 2003 1120.91
a range +498600 +499200 2002 9003 1120.9019
a range +498600 +499200 9003 2002 1120.9019
a range +499200 +499800 2003 9003 1120.91
a range +499200 +499800 9003 2003 1120.91
a range +499800 +503400 2002 9003 1120.9019
a range +499800 +503400 9003 2002 1120.9019
a range +481200 +525600 2004 9001 1121.7358
a range +481200 +525600 9001 2004 1121.7358
a range +544200 +550800 2001 9003 1123.6615
a range +544200 +550800 9003 2001 1123.6615
a range +507600 +552600 2006 9002 1122.7941
a range +507600 +552600 9002 2006 1122.7941
a range +550800 +555000 2003 9003 1124.0935
a range +550800 +555000 9003 2003 1124.0935
a range +555000 +556800 2001 9003 1123.6615
a range +555000 +556800 9003 2001 1123.6615
a range +556800 +558000 2003 9003 1124.0935
a range +556800 +558000 9003 2003 1124.0935
a range +558000 +560400 2001 9003 1123.6615
a range +558000 +560400 9003 2001 1123.6615
a range +560400 +561000 2003 9003 1124.0935
a range +560400 +561000 9003 2003 1124.0935
a range +561000 +561600 2001 9003 1123.6615
a range +561000 +561600 9003 2001 1123.6615
a range +561600 +562800 2003 9003 1124.0935
a range +561600 +562800 9003 2003 1124.0935
a range +562800 +563400 2001 9003 1123.6615
a range +562800 +563400 9003 2001 1123.6615
a range +563400 +565200 2003 9003 1124.0935
a range +563400 +565200 9003 2003 1124.0935
a range +565200 +565800 2001 9003 1123.6615
a range +565200 +565800 9003 2001 1123.6615
a range +565800 +566400 2002 9003 1124.0876
a range +565800 +566400 9003 2002 1124.0876
a range +566400 +567000 2003 9003 1124.0935
a range +566400 +567000 9003 2003 1124.0935
a range +567000 +568200 2002 9003 1124.0876
a range +567000 +568200 9003 2002 1124.0876
a range +568200 +568800 2001 9003 1123.6615
a range +568200 +568800 9003 2001 1123.6615
a range +568800 +569400 2002 9003 1124.0876
a range +568800 +569400 9003 2002 1124.0876
a range +569400 +570000 2003 9003 1124.0935
a range +569400 +570000 9003 2003 1124.0935
a range +570000 +571800 2002 9003 1124.0876
a range +570000 +571800 9003 2002 1124.0876
a range +571800 +572400 2003 9003 1124.0935
a range +571800 +572400 9003 2003 1124.0935
a range +572400 +577800 2002 9003 1124.0876
a range +572400 +577800 9003 2002 1124.0876
a range +577800 +578400 2003 9003 1124.0935
a range +577800 +578400 9003 2003 1124.0935
a range +578400 +579000 2002 9003 1124.0876
a range +578400 +579000 9003 2002 1124.0876
a range +579000 +579600 2003 9003 1124.0935
a range +579000 +579600 9003 2003 1124.0935
a range +579600 +580200 2002 9003 1124.0876
a range +579600 +580200 9003 2002 1124.0876
a range +580200 +580800 2003 9003 1124.0935
a range +580200 +580800 9003 2003 1124.0935
a range +580800 +582600 2002 9003 1124.0876
a range +580800 +582600 9003 2002 1124.0876
a range +582600 +583200 2003 9003 1124.0935
a range +582600 +583200 9003 2003 1124.0935
a range +583200 +584400 2002 9003 1124.0876
a range +583200 +584400 9003 2002 1124.0876
a range +584400 +585600 2003 9003 1124.0935
a range +584400 +585600 9003 2003 1124.0935
a range +585600 +586200 2002 9003 1124.0876
a range +585600 +586200 9003 2002 1124.0876
a range +586200 +587400 2003 9003 1124.0935
a range +586200 +587400 9003 2003 1124.0935
a range +587400 +588000 2002 9003 1124.0876
a range +587400 +588000 9003 2002 1124.0876
a range +588000 +588600 2003 9003 1124.0935
a range +588000 +588600 9003 2003 1124.0935
a range +566400 +604800 2004 9001 1124.6994
a range +593400 +604800 2006 9002 1124.6985
a range +566400 +604800 9001 2004 1124.6994
a range +593400 +604800 9002 2006 1124.6985
