a contact +0 +1200 1001 2012 50
a contact +0 +1200 2012 1001 50
a contact +0 +7800 1003 2014 50
a contact +0 +7800 2014 1003 50
a contact +1200 +9600 1001 9002 50
a contact +7800 +9600 1003 2001 50
a contact +7800 +9600 2001 1003 50
a contact +1200 +9600 9002 1001 50
a contact +9600 +11400 1003 2010 50
a contact +9600 +11400 2010 1003 50
a contact +0 +15600 1002 9001 50
a contact +0 +15600 9001 1002 50
a contact +9600 +16800 1001 2012 50
a contact +9600 +16800 2012 1001 50
a contact +16800 +22800 1001 2001 50
a contact +16800 +22800 2001 1001 50
a contact +15600 +23400 1002 2016 50
a contact +15600 +23400 2016 1002 50
a contact +22800 +30600 1001 2007 50
a contact +11400 +30600 1003 9002 50
a contact +22800 +30600 2007 1001 50
a contact +11400 +30600 9002 1003 50
a contact +23400 +31200 1002 2003 50
a contact +23400 +31200 2003 1002 50
a contact +31200 +36600 1002 9002 50
a contact +31200 +36600 9002 1002 50
a contact +30600 +38400 1003 2004 50
a contact +30600 +38400 2004 1003 50
a contact +38400 +39000 1003 2010 50
a contact +38400 +39000 2010 1003 50
a contact +39000 +39600 1003 2011 50
a contact +39000 +39600 2011 1003 50
a contact +39600 +44400 1003 2015 50
a contact +39600 +44400 2015 1003 50
a contact +36600 +45000 1002 2008 50
a contact +36600 +45000 2008 1002 50
a contact +44400 +45600 1003 2009 50
a contact +44400 +45600 2009 1003 50
a contact +45600 +46800 1003 2010 50
a contact +45600 +46800 2010 1003 50
a contact +46800 +47400 1003 2013 50
a contact +46800 +47400 2013 1003 50
a contact +45000 +52200 1002 2011 50
a contact +45000 +52200 2011 1002 50
a contact +30600 +52800 1001 9003 50
a contact +47400 +52800 1003 2015 50
a contact +47400 +52800 2015 1003 50
a contact +30600 +52800 9003 1001 50
a contact +52800 +59400 1003 9003 50
a contact +52800 +59400 9003 1003 50
a contact +52800 +60000 1001 2013 50
a contact +52800 +60000 2013 1001 50
a contact +60000 +70200 1001 9003 50
a contact +52200 +70200 1002 9001 50
a contact +59400 +70200 1003 2005 50
a contact +59400 +70200 2005 1003 50
a contact +52200 +70200 9001 1002 50
a contact +60000 +70200 9003 1001 50
a contact +70200 +73800 1002 9003 50
a contact +70200 +73800 9003 1002 50
a contact +70200 +76800 1001 2009 50
a contact +70200 +76800 2009 1001 50
a contact +76800 +78000 1001 9003 50
a contact +73800 +78000 1002 2010 50
a contact +73800 +78000 2010 1002 50
a contact +76800 +78000 9003 1001 50
a contact +78000 +84600 1001 2002 50
a contact +78000 +84600 2002 1001 50
a contact +84600 +85200 1001 9002 50
a contact +84600 +85200 9002 1001 50
a contact +85200 +86400 1001 2002 50
a contact +78000 +86400 1002 2006 50
a contact +70200 +86400 1003 9001 50
a contact +85200 +86400 2002 1001 50
a contact +78000 +86400 2006 1002 50
a contact +70200 +86400 9001 1003 50

a range +0 +1200 1001 2012 0.0546
a range +0 +1200 2012 1001 0.0546
a range +0 +7800 1003 2014 0.0543
a range +0 +7800 2014 1003 0.0543
a range +1200 +9600 1001 9002 1102.7998
a range +7800 +9600 1003 2001 0.0555
a range +7800 +9600 2001 1003 0.0555
a range +1200 +9600 9002 1001 1102.7998
a range +9600 +11400 1003 2010 0.0555
a range +9600 +11400 2010 1003 0.0555
a range +0 +15600 1002 9001 1102.3712
a range +0 +15600 9001 1002 1102.3712
a range +9600 +16800 1001 2012 0.0546
a range +9600 +16800 2012 1001 0.0546
a range +16800 +22800 1001 2001 0.054
a range +16800 +22800 2001 1001 0.054
a range +15600 +23400 1002 2016 0.0553
a range +15600 +23400 2016 1002 0.0553
a range +22800 +30600 1001 2007 0.0549
a range +11400 +30600 1003 9002 1103.2048
a range +22800 +30600 2007 1001 0.0549
a range +11400 +30600 9002 1003 1103.2048
a range +23400 +31200 1002 2003 0.0548
a range +23400 +31200 2003 1002 0.0548
a range +31200 +36600 1002 9002 1103.4001
a range +31200 +36600 9002 1002 1103.4001
a range +30600 +38400 1003 2004 0.0552
a range +30600 +38400 2004 1003 0.0552
a range +38400 +39000 1003 2010 0.0555
a range +38400 +39000 2010 1003 0.0555
a range +39000 +39600 1003 2011 0.0544
a range +39000 +39600 2011 1003 0.0544
a range +39600 +44400 1003 2015 0.0546
a range +39600 +44400 2015 1003 0.0546
a range +36600 +45000 1002 2008 0.0554
a range +36600 +45000 2008 1002 0.0554
a range +44400 +45600 1003 2009 0.0547
a range +44400 +45600 2009 1003 0.0547
a range +45600 +46800 1003 2010 0.0555
a range +45600 +46800 2010 1003 0.0555
a range +46800 +47400 1003 2013 0.0542
a range +46800 +47400 2013 1003 0.0542
a range +45000 +52200 1002 2011 0.0542
a range +45000 +52200 2011 1002 0.0542
a range +30600 +52800 1001 9003 1103.9292
a range +47400 +52800 1003 2015 0.0546
a range +47400 +52800 2015 1003 0.0546
a range +30600 +52800 9003 1001 1103.9292
a range +52800 +59400 1003 9003 1104.3298
a range +52800 +59400 9003 1003 1104.3298
a range +52800 +60000 1001 2013 0.0553
a range +52800 +60000 2013 1001 0.0553
a range +60000 +70200 1001 9003 1104.7653
a range +52200 +70200 1002 9001 1104.6917
a range +59400 +70200 1003 2005 0.0542
a range +59400 +70200 2005 1003 0.0542
a range +52200 +70200 9001 1002 1104.6917
a range +60000 +70200 9003 1001 1104.7653
a range +70200 +73800 1002 9003 1104.7107
a range +70200 +73800 9003 1002 1104.7107
a range +70200 +76800 1001 2009 0.052
a range +70200 +76800 2009 1001 0.052
a range +76800 +78000 1001 9003 1104.7653
a range +73800 +78000 1002 2010 0.0372
a range +73800 +78000 2010 1002 0.0372
a range +76800 +78000 9003 1001 1104.7653
a range +78000 +84600 1001 2002 0.0376
a range +78000 +84600 2002 1001 0.0376
a range +84600 +85200 1001 9002 1105.0733
a range +84600 +85200 9002 1001 1105.0733
a range +85200 +86400 1001 2002 0.0376
a range +78000 +86400 1002 2006 0.0401
a range +70200 +86400 1003 9001 1105.0361
a range +85200 +86400 2002 1001 0.0376
a range +78000 +86400 2006 1002 0.0401
a range +70200 +86400 9001 1003 1105.0361
