a contact +0 +600 2001 2002 1000
a contact +0 +600 2002 2001 1000
a contact +0 +600 2002 2005 1000
a contact +0 +600 2004 2005 1000
a contact +0 +600 2005 2002 1000
a contact +0 +600 2005 2004 1000
a contact +0 +600 2005 2006 1000
a contact +0 +600 2006 2005 1000
a contact +0 +1200 2001 2004 1000
a contact +0 +1200 2004 2001 1000
a contact +0 +2400 2003 2007 1000
a contact +0 +2400 2007 2003 1000
a contact +0 +3000 2001 2003 1000
a contact +0 +3000 2001 2006 1000
a contact +0 +3000 2003 2001 1000
a contact +0 +3000 2006 2001 1000
a contact +0 +3600 2003 2005 1000
a contact +0 +3600 2005 2003 1000
a contact +0 +4800 2005 2008 1000
a contact +0 +4800 2008 2005 1000
a contact +6000 +7800 2001 2002 1000
a contact +0 +7800 2001 2005 1000
a contact +6000 +7800 2002 2001 1000
a contact +0 +7800 2002 2006 1000
a contact +0 +7800 2005 2001 1000
a contact +0 +7800 2006 2002 1000
a contact +0 +8400 2002 2008 1000
a contact +0 +8400 2008 2002 1000
a contact +0 +9600 2004 2008 1000
a contact +0 +9600 2008 2004 1000
a contact +3600 +10800 2001 2004 1000
a contact +3600 +10800 2004 2001 1000
a contact +2400 +11400 2002 2007 1000
a contact +2400 +11400 2007 2002 1000
a contact +4200 +12000 2002 2005 1000
a contact +600 +12000 2003 2006 1000
a contact +1800 +12000 2004 2007 1000
a contact +4200 +12000 2005 2002 1000
a contact +600 +12000 2006 2003 1000
a contact +1800 +12000 2007 2004 1000
a contact +0 +12600 2003 2008 1000
a contact +0 +12600 2006 9001 1000
a contact +0 +12600 2006 9002 1000
a contact +0 +12600 2008 2003 1000
a contact +0 +12600 9001 2006 1000
a contact +0 +12600 9002 2006 1000
a contact +6600 +13800 2001 2003 1000
a contact +6600 +13800 2003 2001 1000
a contact +6000 +14400 2001 2006 1000
a contact +6000 +14400 2006 2001 1000
a contact +0 +15000 2002 9001 1000
a contact +0 +15000 2002 9002 1000
a contact +7200 +15000 2003 2005 1000
a contact +5400 +15000 2003 2007 1000
a contact +7200 +15000 2005 2003 1000
a contact +5400 +15000 2007 2003 1000
a contact +0 +15000 9001 2002 1000
a contact +0 +15000 9002 2002 1000
a contact +0 +15600 2001 9001 1000
a contact +0 +15600 2003 9001 1000
a contact +0 +15600 2004 9001 1000
a contact +8400 +15600 2005 2006 1000
a contact +0 +15600 2005 9001 1000
a contact +8400 +15600 2006 2005 1000
a contact +13800 +15600 2006 9001 1000
a contact +0 +15600 2007 9001 1000
a contact +0 +15600 2008 9001 1000
a contact +0 +15600 9001 2001 1000
a contact +0 +15600 9001 2003 1000
a contact +0 +15600 9001 2004 1000
a contact +0 +15600 9001 2005 1000
a contact +13800 +15600 9001 2006 1000
a contact +0 +15600 9001 2007 1000
a contact +0 +15600 9001 2008 1000
a contact +10800 +18000 2001 2005 1000
a contact +10800 +18000 2005 2001 1000
a contact +10800 +19200 2002 2006 1000
a contact +10800 +19200 2006 2002 1000
a contact +7800 +19800 2005 2008 1000
a contact +7800 +19800 2008 2005 1000
a contact +13800 +21000 2001 2004 1000
a contact +13800 +21000 2004 2001 1000
a contact +12600 +21600 2002 2008 1000
a contact +12600 +21600 2008 2002 1000
a contact +0 +22200 2004 2006 1000
a contact +0 +22200 2006 2004 1000
a contact +12600 +22800 2004 2008 1000
a contact +12600 +22800 2008 2004 1000
a contact +15000 +24000 2002 2005 1000
a contact +13800 +24000 2002 2007 1000
a contact +12600 +24000 2003 2006 1000
a contact +15000 +24000 2005 2002 1000
a contact +12600 +24000 2006 2003 1000
a contact +13800 +24000 2007 2002 1000
a contact +15000 +25200 2003 2008 1000
a contact +15000 +25200 2004 2007 1000
a contact +15000 +25200 2007 2004 1000
a contact +15000 +25200 2008 2003 1000
a contact +16200 +25800 2001 2006 1000
a contact +16200 +25800 2006 2001 1000
a contact +19200 +26400 2003 2005 1000
a contact +19200 +26400 2005 2003 1000
a contact +18000 +27600 2003 2007 1000
a contact +18000 +27600 2007 2003 1000
a contact +0 +28200 2001 2007 1000
a contact +0 +28200 2007 2001 1000
a contact +21000 +28800 2001 2005 1000
a contact +0 +28800 2002 2003 1000
a contact +0 +28800 2003 2002 1000
a contact +21000 +28800 2005 2001 1000
a contact +22200 +30600 2002 2006 1000
a contact +22200 +30600 2006 2002 1000
a contact +24000 +31200 2001 2004 1000
a contact +24000 +31200 2004 2001 1000
a contact +22800 +33000 2004 2006 1000
a contact +22800 +33000 2006 2004 1000
a contact +0 +33600 2001 2008 1000
a contact +0 +33600 2008 2001 1000
a contact +17400 +34800 2002 9002 1000
a contact +30000 +34800 2002 9003 1000
a contact +17400 +34800 9002 2002 1000
a contact +30000 +34800 9003 2002 1000
a contact +25800 +35400 2002 2005 1000
a contact +25200 +35400 2003 2006 1000
a contact +25800 +35400 2005 2002 1000
a contact +25200 +35400 2006 2003 1000
a contact +27000 +36000 2001 2006 1000
a contact +25200 +36000 2002 2007 1000
a contact +27000 +36000 2006 2001 1000
a contact +25200 +36000 2007 2002 1000
a contact +31200 +36600 2002 2003 1000
a contact +31200 +36600 2003 2002 1000
a contact +26400 +36600 2004 2008 1000
a contact +26400 +36600 2008 2004 1000
a contact +28800 +38400 2003 2008 1000
a contact +28800 +38400 2008 2003 1000
a contact +31800 +39000 2001 2005 1000
a contact +30600 +39000 2003 2005 1000
a contact +31800 +39000 2005 2001 1000
a contact +30600 +39000 2005 2003 1000
a contact +28200 +39600 2004 2007 1000
a contact +28200 +39600 2007 2004 1000
a contact +30600 +40200 2003 2007 1000
a contact +13800 +40200 2006 9002 1000
a contact +30000 +40200 2006 9003 1000
a contact +30600 +40200 2007 2003 1000
a contact +13800 +40200 9002 2006 1000
a contact +30000 +40200 9003 2006 1000
a contact +34200 +42000 2001 2004 1000
a contact +33600 +42000 2002 2006 1000
a contact +34200 +42000 2004 2001 1000
a contact +33600 +42000 2006 2002 1000
a contact +0 +42600 2001 9002 1000
a contact +36600 +42600 2002 9002 1000
a contact +0 +42600 2003 9002 1000
a contact +0 +42600 2004 9002 1000
a contact +0 +42600 2005 9002 1000
a contact +42000 +42600 2006 9002 1000
a contact +0 +42600 2007 9002 1000
a contact +0 +42600 2008 9002 1000
a contact +0 +42600 9002 2001 1000
a contact +36600 +42600 9002 2002 1000
a contact +0 +42600 9002 2003 1000
a contact +0 +42600 9002 2004 1000
a contact +0 +42600 9002 2005 1000
a contact +42000 +42600 9002 2006 1000
a contact +0 +42600 9002 2007 1000
a contact +0 +42600 9002 2008 1000
a contact +0 +44400 2006 2007 1000
a contact +0 +44400 2007 2006 1000
a contact +43800 +45000 2002 2003 1000
a contact +43800 +45000 2003 2002 1000
a contact +43800 +45600 2001 2002 1000
a contact +43800 +45600 2002 2001 1000
a contact +37200 +45600 2004 2006 1000
a contact +37200 +45600 2006 2004 1000
a contact +38400 +46200 2001 2006 1000
a contact +36600 +46200 2002 2005 1000
a contact +36600 +46200 2005 2002 1000
a contact +38400 +46200 2006 2001 1000
a contact +37200 +47400 2002 2007 1000
a contact +37800 +47400 2003 2006 1000
a contact +37800 +47400 2006 2003 1000
a contact +37200 +47400 2007 2002 1000
a contact +0 +48000 2002 2004 1000
a contact +0 +48000 2004 2002 1000
a contact +42000 +49800 2001 2005 1000
a contact +42000 +49800 2005 2001 1000
a contact +40200 +50400 2004 2008 1000
a contact +40200 +50400 2008 2004 1000
a contact +43800 +52200 2001 2004 1000
a contact +41400 +52200 2003 2008 1000
a contact +43800 +52200 2004 2001 1000
a contact +41400 +52200 2008 2003 1000
a contact +43200 +52800 2003 2007 1000
a contact +43200 +52800 2007 2003 1000
a contact +45000 +54000 2002 2006 1000
a contact +45000 +54000 2006 2002 1000
a contact +52200 +54600 2002 9001 1000
a contact +36600 +54600 2002 9003 1000
a contact +52200 +54600 9001 2002 1000
a contact +36600 +54600 9003 2002 1000
a contact +48000 +57000 2002 2005 1000
a contact +48000 +57000 2005 2002 1000
a contact +49800 +57600 2001 2006 1000
a contact +22800 +57600 2002 2008 1000
a contact +49800 +57600 2006 2001 1000
a contact +50400 +57600 2006 2007 1000
a contact +50400 +57600 2007 2006 1000
a contact +22800 +57600 2008 2002 1000
a contact +51000 +58200 2002 2004 1000
a contact +51000 +58200 2004 2002 1000
a contact +49800 +58800 2002 2007 1000
a contact +50400 +58800 2004 2006 1000
a contact +50400 +58800 2006 2004 1000
a contact +49800 +58800 2007 2002 1000
a contact +50400 +59400 2003 2006 1000
a contact +50400 +59400 2006 2003 1000
a contact +0 +59400 2006 2008 1000
a contact +0 +59400 2008 2006 1000
a contact +52800 +60000 2001 2005 1000
a contact +52800 +60000 2005 2001 1000
a contact +54000 +61800 2001 2004 1000
a contact +54000 +61800 2004 2001 1000
a contact +32400 +63600 2001 2007 1000
a contact +32400 +63600 2007 2001 1000
a contact +54000 +64200 2004 2008 1000
a contact +54000 +64200 2008 2004 1000
a contact +57000 +65400 2002 2006 1000
a contact +55800 +65400 2003 2007 1000
a contact +57000 +65400 2006 2002 1000
a contact +55800 +65400 2007 2003 1000
a contact +59400 +67800 2002 2005 1000
a contact +59400 +67800 2005 2002 1000
a contact +62400 +68400 2002 2004 1000
a contact +62400 +68400 2004 2002 1000
a contact +52200 +68400 2006 9001 1000
a contact +42000 +68400 2006 9003 1000
a contact +52200 +68400 9001 2006 1000
a contact +42000 +68400 9003 2006 1000
a contact +60000 +69000 2001 2006 1000
a contact +60000 +69000 2006 2001 1000
a contact +63000 +70800 2001 2005 1000
a contact +40800 +70800 2001 2008 1000
a contact +61800 +70800 2002 2008 1000
a contact +63000 +70800 2005 2001 1000
a contact +66000 +70800 2006 2007 1000
a contact +66000 +70800 2007 2006 1000
a contact +40800 +70800 2008 2001 1000
a contact +61800 +70800 2008 2002 1000
a contact +61800 +71400 2002 2007 1000
a contact +61800 +71400 2007 2002 1000
a contact +15000 +72000 2001 2003 1000
a contact +64200 +72000 2001 2004 1000
a contact +15000 +72000 2003 2001 1000
a contact +63000 +72000 2003 2006 1000
a contact +64200 +72000 2004 2001 1000
a contact +63000 +72000 2006 2003 1000
a contact +64800 +72600 2001 2007 1000
a contact +63000 +72600 2004 2006 1000
a contact +63000 +72600 2006 2004 1000
a contact +64800 +72600 2007 2001 1000
a contact +61200 +73200 2006 2008 1000
a contact +61200 +73200 2008 2006 1000
a contact +56400 +73800 2002 9001 1000
a contact +56400 +73800 2002 9003 1000
a contact +56400 +73800 9001 2002 1000
a contact +56400 +73800 9003 2002 1000
a contact +68400 +76800 2002 2006 1000
a contact +68400 +76800 2006 2002 1000
a contact +21600 +77400 2005 2008 1000
a contact +21600 +77400 2008 2005 1000
a contact +68400 +78000 2003 2007 1000
a contact +53400 +78000 2003 2008 1000
a contact +67200 +78000 2004 2008 1000
a contact +68400 +78000 2007 2003 1000
a contact +53400 +78000 2008 2003 1000
a contact +67200 +78000 2008 2004 1000
a contact +30000 +78600 2001 9003 1000
a contact +76200 +78600 2002 9003 1000
a contact +30000 +78600 2003 9003 1000
a contact +30000 +78600 2004 9003 1000
a contact +30000 +78600 2005 9003 1000
a contact +69600 +78600 2006 9003 1000
a contact +30000 +78600 2007 9003 1000
a contact +30000 +78600 2008 9003 1000
a contact +30000 +78600 9003 2001 1000
a contact +76200 +78600 9003 2002 1000
a contact +30000 +78600 9003 2003 1000
a contact +30000 +78600 9003 2004 1000
a contact +30000 +78600 9003 2005 1000
a contact +69600 +78600 9003 2006 1000
a contact +30000 +78600 9003 2007 1000
a contact +30000 +78600 9003 2008 1000
a contact +70200 +79200 2001 2006 1000
a contact +70800 +79200 2002 2005 1000
a contact +40800 +79200 2004 2007 1000
a contact +70800 +79200 2005 2002 1000
a contact +70200 +79200 2006 2001 1000
a contact +40800 +79200 2007 2004 1000
a contact +72600 +79800 2002 2004 1000
a contact +72600 +79800 2004 2002 1000
a contact +74400 +81000 2001 2003 1000
a contact +73800 +81000 2001 2005 1000
a contact +74400 +81000 2003 2001 1000
a contact +73800 +81000 2005 2001 1000
a contact +74400 +81600 2001 2004 1000
a contact +74400 +81600 2004 2001 1000
a contact +73200 +84000 2002 2007 1000
a contact +73200 +84000 2007 2002 1000
a contact +75000 +84600 2003 2006 1000
a contact +75000 +84600 2006 2003 1000
a contact +81000 +85200 2006 2007 1000
a contact +81000 +85200 2007 2006 1000
a contact +51000 +86400 2001 2002 1000
a contact +84600 +86400 2001 2003 1000
a contact +85200 +86400 2001 2004 1000
a contact +84000 +86400 2001 2005 1000
a contact +81600 +86400 2001 2006 1000
a contact +76800 +86400 2001 2007 1000
a contact +78000 +86400 2001 2008 1000
a contact +52200 +86400 2001 9001 1000
a contact +78600 +86400 2001 9002 1000
a contact +51000 +86400 2002 2001 1000
a contact +84000 +86400 2002 2003 1000
a contact +82800 +86400 2002 2004 1000
a contact +82200 +86400 2002 2005 1000
a contact +79800 +86400 2002 2006 1000
a contact +84600 +86400 2002 2007 1000
a contact +72000 +86400 2002 2008 1000
a contact +76200 +86400 2002 9001 1000
a contact +78600 +86400 2002 9002 1000
a contact +84600 +86400 2003 2001 1000
a contact +84000 +86400 2003 2002 1000
a contact +0 +86400 2003 2004 1000
a contact +41400 +86400 2003 2005 1000
a contact +81000 +86400 2003 2007 1000
a contact +80400 +86400 2003 2008 1000
a contact +52200 +86400 2003 9001 1000
a contact +78600 +86400 2003 9002 1000
a contact +85200 +86400 2004 2001 1000
a contact +82800 +86400 2004 2002 1000
a contact +0 +86400 2004 2003 1000
a contact +3000 +86400 2004 2005 1000
a contact +74400 +86400 2004 2006 1000
a contact +81000 +86400 2004 2007 1000
a contact +81000 +86400 2004 2008 1000
a contact +52200 +86400 2004 9001 1000
a contact +78600 +86400 2004 9002 1000
a contact +84000 +86400 2005 2001 1000
a contact +82200 +86400 2005 2002 1000
a contact +41400 +86400 2005 2003 1000
a contact +3000 +86400 2005 2004 1000
a contact +20400 +86400 2005 2006 1000
a contact +0 +86400 2005 2007 1000
a contact +79200 +86400 2005 2008 1000
a contact +52200 +86400 2005 9001 1000
a contact +78600 +86400 2005 9002 1000
a contact +81600 +86400 2006 2001 1000
a contact +79800 +86400 2006 2002 1000
a contact +74400 +86400 2006 2004 1000
a contact +20400 +86400 2006 2005 1000
a contact +77400 +86400 2006 2008 1000
a contact +69600 +86400 2006 9001 1000
a contact +78600 +86400 2006 9002 1000
a contact +76800 +86400 2007 2001 1000
a contact +84600 +86400 2007 2002 1000
a contact +81000 +86400 2007 2003 1000
a contact +81000 +86400 2007 2004 1000
a contact +0 +86400 2007 2005 1000
a contact +0 +86400 2007 2008 1000
a contact +52200 +86400 2007 9001 1000
a contact +78600 +86400 2007 9002 1000
a contact +78000 +86400 2008 2001 1000
a contact +72000 +86400 2008 2002 1000
a contact +80400 +86400 2008 2003 1000
a contact +81000 +86400 2008 2004 1000
a contact +79200 +86400 2008 2005 1000
a contact +77400 +86400 2008 2006 1000
a contact +0 +86400 2008 2007 1000
a contact +52200 +86400 2008 9001 1000
a contact +78600 +86400 2008 9002 1000
a contact +52200 +86400 9001 2001 1000
a contact +76200 +86400 9001 2002 1000
a contact +52200 +86400 9001 2003 1000
a contact +52200 +86400 9001 2004 1000
a contact +52200 +86400 9001 2005 1000
a contact +69600 +86400 9001 2006 1000
a contact +52200 +86400 9001 2007 1000
a contact +52200 +86400 9001 2008 1000
a contact +78600 +86400 9002 2001 1000
a contact +78600 +86400 9002 2002 1000
a contact +78600 +86400 9002 2003 1000
a contact +78600 +86400 9002 2004 1000
a contact +78600 +86400 9002 2005 1000
a contact +78600 +86400 9002 2006 1000
a contact +78600 +86400 9002 2007 1000
a contact +78600 +86400 9002 2008 1000

a range +0 +600 2001 2002 0.0433
a range +0 +600 2002 2001 0.0433
a range +0 +600 2002 2005 0.0503
a range +0 +600 2004 2005 0.0537
a range +0 +600 2005 2002 0.0503
a range +0 +600 2005 2004 0.0537
a range +0 +600 2005 2006 0.0576
a range +0 +600 2006 2005 0.0576
a range +0 +1200 2001 2004 0.0489
a range +0 +1200 2004 2001 0.0489
a range +0 +2400 2003 2007 0.0581
a range +0 +2400 2007 2003 0.0581
a range +0 +3000 2001 2003 0.0459
a range +0 +3000 2001 2006 0.0513
a range +0 +3000 2003 2001 0.0459
a range +0 +3000 2006 2001 0.0513
a range +0 +3600 2003 2005 0.0529
a range +0 +3600 2005 2003 0.0529
a range +0 +4800 2005 2008 0.0624
a range +0 +4800 2008 2005 0.0624
a range +6000 +7800 2001 2002 0.0428
a range +0 +7800 2001 2005 0.0513
a range +6000 +7800 2002 2001 0.0428
a range +0 +7800 2002 2006 0.0546
a range +0 +7800 2005 2001 0.0513
a range +0 +7800 2006 2002 0.0546
a range +0 +8400 2002 2008 0.0559
a range +0 +8400 2008 2002 0.0559
a range +0 +9600 2004 2008 0.0613
a range +0 +9600 2008 2004 0.0613
a range +3600 +10800 2001 2004 0.0479
a range +3600 +10800 2004 2001 0.0479
a range +2400 +11400 2002 2007 0.0548
a range +2400 +11400 2007 2002 0.0548
a range +4200 +12000 2002 2005 0.0503
a range +600 +12000 2003 2006 0.0538
a range +1800 +12000 2004 2007 0.0589
a range +4200 +12000 2005 2002 0.0503
a range +600 +12000 2006 2003 0.0538
a range +1800 +12000 2007 2004 0.0589
a range +0 +12600 2003 2008 0.0575
a range +0 +12600 2006 9001 1102.2559
a range +0 +12600 2006 9002 1102.2401
a range +0 +12600 2008 2003 0.0575
a range +0 +12600 9001 2006 1102.2559
a range +0 +12600 9002 2006 1102.2401
a range +6600 +13800 2001 2003 0.0447
a range +6600 +13800 2003 2001 0.0447
a range +6000 +14400 2001 2006 0.0505
a range +6000 +14400 2006 2001 0.0505
a range +0 +15000 2002 9001 1102.3445
a range +0 +15000 2002 9002 1102.3248
a range +7200 +15000 2003 2005 0.0538
a range +5400 +15000 2003 2007 0.0580
a range +7200 +15000 2005 2003 0.0538
a range +5400 +15000 2007 2003 0.0580
a range +0 +15000 9001 2002 1102.3445
a range +0 +15000 9002 2002 1102.3248
a range +0 +15600 2001 9001 1102.3368
a range +0 +15600 2003 9001 1102.3385
a range +0 +15600 2004 9001 1102.3541
a range +8400 +15600 2005 2006 0.0573
a range +0 +15600 2005 9001 1102.3416
a range +8400 +15600 2006 2005 0.0573
a range +13800 +15600 2006 9001 1102.3700
a range +0 +15600 2007 9001 1102.3504
a range +0 +15600 2008 9001 1102.3574
a range +0 +15600 9001 2001 1102.3368
a range +0 +15600 9001 2003 1102.3385
a range +0 +15600 9001 2004 1102.3541
a range +0 +15600 9001 2005 1102.3416
a range +13800 +15600 9001 2006 1102.3700
a range +0 +15600 9001 2007 1102.3504
a range +0 +15600 9001 2008 1102.3574
a range +10800 +18000 2001 2005 0.0498
a range +10800 +18000 2005 2001 0.0498
a range +10800 +19200 2002 2006 0.0540
a range +10800 +19200 2006 2002 0.0540
a range +7800 +19800 2005 2008 0.0621
a range +7800 +19800 2008 2005 0.0621
a range +13800 +21000 2001 2004 0.0482
a range +13800 +21000 2004 2001 0.0482
a range +12600 +21600 2002 2008 0.0553
a range +12600 +21600 2008 2002 0.0553
a range +0 +22200 2004 2006 0.0557
a range +0 +22200 2006 2004 0.0557
a range +12600 +22800 2004 2008 0.0590
a range +12600 +22800 2008 2004 0.0590
a range +15000 +24000 2002 2005 0.0512
a range +13800 +24000 2002 2007 0.0539
a range +12600 +24000 2003 2006 0.0546
a range +15000 +24000 2005 2002 0.0512
a range +12600 +24000 2006 2003 0.0546
a range +13800 +24000 2007 2002 0.0539
a range +15000 +25200 2003 2008 0.0585
a range +15000 +25200 2004 2007 0.0573
a range +15000 +25200 2007 2004 0.0573
a range +15000 +25200 2008 2003 0.0585
a range +16200 +25800 2001 2006 0.0511
a range +16200 +25800 2006 2001 0.0511
a range +19200 +26400 2003 2005 0.0523
a range +19200 +26400 2005 2003 0.0523
a range +18000 +27600 2003 2007 0.0579
a range +18000 +27600 2007 2003 0.0579
a range +0 +28200 2001 2007 0.0533
a range +0 +28200 2007 2001 0.0533
a range +21000 +28800 2001 2005 0.0512
a range +0 +28800 2002 2003 0.0467
a range +0 +28800 2003 2002 0.0467
a range +21000 +28800 2005 2001 0.0512
a range +22200 +30600 2002 2006 0.0533
a range +22200 +30600 2006 2002 0.0533
a range +24000 +31200 2001 2004 0.0470
a range +24000 +31200 2004 2001 0.0470
a range +22800 +33000 2004 2006 0.0555
a range +22800 +33000 2006 2004 0.0555
a range +0 +33600 2001 2008 0.0536
a range +0 +33600 2008 2001 0.0536
a range +17400 +34800 2002 9002 1103.1007
a range +30000 +34800 2002 9003 1103.1029
a range +17400 +34800 9002 2002 1103.1007
a range +30000 +34800 9003 2002 1103.1029
a range +25800 +35400 2002 2005 0.0506
a range +25200 +35400 2003 2006 0.0547
a range +25800 +35400 2005 2002 0.0506
a range +25200 +35400 2006 2003 0.0547
a range +27000 +36000 2001 2006 0.0523
a range +25200 +36000 2002 2007 0.0543
a range +27000 +36000 2006 2001 0.0523
a range +25200 +36000 2007 2002 0.0543
a range +31200 +36600 2002 2003 0.0464
a range +31200 +36600 2003 2002 0.0464
a range +26400 +36600 2004 2008 0.0595
a range +26400 +36600 2008 2004 0.0595
a range +28800 +38400 2003 2008 0.0587
a range +28800 +38400 2008 2003 0.0587
a range +31800 +39000 2001 2005 0.0497
a range +30600 +39000 2003 2005 0.0523
a range +31800 +39000 2005 2001 0.0497
a range +30600 +39000 2005 2003 0.0523
a range +28200 +39600 2004 2007 0.0582
a range +28200 +39600 2007 2004 0.0582
a range +30600 +40200 2003 2007 0.0579
a range +13800 +40200 2006 9002 1103.3220
a range +30000 +40200 2006 9003 1103.3113
a range +30600 +40200 2007 2003 0.0579
a range +13800 +40200 9002 2006 1103.3220
a range +30000 +40200 9003 2006 1103.3113
a range +34200 +42000 2001 2004 0.0476
a range +33600 +42000 2002 2006 0.0525
a range +34200 +42000 2004 2001 0.0476
a range +33600 +42000 2006 2002 0.0525
a range +0 +42600 2001 9002 1103.3975
a range +36600 +42600 2002 9002 1103.3727
a range +0 +42600 2003 9002 1103.4106
a range +0 +42600 2004 9002 1103.3967
a range +0 +42600 2005 9002 1103.3874
a range +42000 +42600 2006 9002 1103.4154
a range +0 +42600 2007 9002 1103.3729
a range +0 +42600 2008 9002 1103.3924
a range +0 +42600 9002 2001 1103.3975
a range +36600 +42600 9002 2002 1103.3727
a range +0 +42600 9002 2003 1103.4106
a range +0 +42600 9002 2004 1103.3967
a range +0 +42600 9002 2005 1103.3874
a range +42000 +42600 9002 2006 1103.4154
a range +0 +42600 9002 2007 1103.3729
a range +0 +42600 9002 2008 1103.3924
a range +0 +44400 2006 2007 0.0612
a range +0 +44400 2007 2006 0.0612
a range +43800 +45000 2002 2003 0.0464
a range +43800 +45000 2003 2002 0.0464
a range +43800 +45600 2001 2002 0.0427
a range +43800 +45600 2002 2001 0.0427
a range +37200 +45600 2004 2006 0.0562
a range +37200 +45600 2006 2004 0.0562
a range +38400 +46200 2001 2006 0.0509
a range +36600 +46200 2002 2005 0.0505
a range +36600 +46200 2005 2002 0.0505
a range +38400 +46200 2006 2001 0.0509
a range +37200 +47400 2002 2007 0.0559
a range +37800 +47400 2003 2006 0.0555
a range +37800 +47400 2006 2003 0.0555
a range +37200 +47400 2007 2002 0.0559
a range +0 +48000 2002 2004 0.0495
a range +0 +48000 2004 2002 0.0495
a range +42000 +49800 2001 2005 0.0512
a range +42000 +49800 2005 2001 0.0512
a range +40200 +50400 2004 2008 0.0599
a range +40200 +50400 2008 2004 0.0599
a range +43800 +52200 2001 2004 0.0472
a range +41400 +52200 2003 2008 0.0577
a range +43800 +52200 2004 2001 0.0472
a range +41400 +52200 2008 2003 0.0577
a range +43200 +52800 2003 2007 0.0578
a range +43200 +52800 2007 2003 0.0578
a range +45000 +54000 2002 2006 0.0547
a range +45000 +54000 2006 2002 0.0547
a range +52200 +54600 2002 9001 1103.8697
a range +36600 +54600 2002 9003 1103.8519
a range +52200 +54600 9001 2002 1103.8697
a range +36600 +54600 9003 2002 1103.8519
a range +48000 +57000 2002 2005 0.0510
a range +48000 +57000 2005 2002 0.0510
a range +49800 +57600 2001 2006 0.0511
a range +22800 +57600 2002 2008 0.0563
a range +49800 +57600 2006 2001 0.0511
a range +50400 +57600 2006 2007 0.0615
a range +50400 +57600 2007 2006 0.0615
a range +22800 +57600 2008 2002 0.0563
a range +51000 +58200 2002 2004 0.0503
a range +51000 +58200 2004 2002 0.0503
a range +49800 +58800 2002 2007 0.0552
a range +50400 +58800 2004 2006 0.0568
a range +50400 +58800 2006 2004 0.0568
a range +49800 +58800 2007 2002 0.0552
a range +50400 +59400 2003 2006 0.0551
a range +50400 +59400 2006 2003 0.0551
a range +0 +59400 2006 2008 0.0627
a range +0 +59400 2008 2006 0.0627
a range +52800 +60000 2001 2005 0.0497
a range +52800 +60000 2005 2001 0.0497
a range +54000 +61800 2001 2004 0.0465
a range +54000 +61800 2004 2001 0.0465
a range +32400 +63600 2001 2007 0.0523
a range +32400 +63600 2007 2001 0.0523
a range +54000 +64200 2004 2008 0.0603
a range +54000 +64200 2008 2004 0.0603
a range +57000 +65400 2002 2006 0.0541
a range +55800 +65400 2003 2007 0.0578
a range +57000 +65400 2006 2002 0.0541
a range +55800 +65400 2007 2003 0.0578
a range +59400 +67800 2002 2005 0.0512
a range +59400 +67800 2005 2002 0.0512
a range +62400 +68400 2002 2004 0.0487
a range +62400 +68400 2004 2002 0.0487
a range +52200 +68400 2006 9001 1104.3926
a range +42000 +68400 2006 9003 1104.3990
a range +52200 +68400 9001 2006 1104.3926
a range +42000 +68400 9003 2006 1104.3990
a range +60000 +69000 2001 2006 0.0505
a range +60000 +69000 2006 2001 0.0505
a range +63000 +70800 2001 2005 0.0512
a range +40800 +70800 2001 2008 0.0539
a range +61800 +70800 2002 2008 0.0558
a range +63000 +70800 2005 2001 0.0512
a range +66000 +70800 2006 2007 0.0610
a range +66000 +70800 2007 2006 0.0610
a range +40800 +70800 2008 2001 0.0539
a range +61800 +70800 2008 2002 0.0558
a range +61800 +71400 2002 2007 0.0552
a range +61800 +71400 2007 2002 0.0552
a range +15000 +72000 2001 2003 0.0451
a range +64200 +72000 2001 2004 0.0486
a range +15000 +72000 2003 2001 0.0451
a range +63000 +72000 2003 2006 0.0557
a range +64200 +72000 2004 2001 0.0486
a range +63000 +72000 2006 2003 0.0557
a range +64800 +72600 2001 2007 0.0522
a range +63000 +72600 2004 2006 0.0560
a range +63000 +72600 2006 2004 0.0560
a range +64800 +72600 2007 2001 0.0522
a range +61200 +73200 2006 2008 0.0632
a range +61200 +73200 2008 2006 0.0632
a range +56400 +73800 2002 9001 1104.5907
a range +56400 +73800 2002 9003 1104.6063
a range +56400 +73800 9001 2002 1104.5907
a range +56400 +73800 9003 2002 1104.6063
a range +68400 +76800 2002 2006 0.0534
a range +68400 +76800 2006 2002 0.0534
a range +21600 +77400 2005 2008 0.0614
a range +21600 +77400 2008 2005 0.0614
a range +68400 +78000 2003 2007 0.0577
a range +53400 +78000 2003 2008 0.0587
a range +67200 +78000 2004 2008 0.0606
a range +68400 +78000 2007 2003 0.0577
a range +53400 +78000 2008 2003 0.0587
a range +67200 +78000 2008 2004 0.0606
a range +30000 +78600 2001 9003 1104.7848
a range +76200 +78600 2002 9003 1104.7828
a range +30000 +78600 2003 9003 1104.7565
a range +30000 +78600 2004 9003 1104.7664
a range +30000 +78600 2005 9003 1104.7832
a range +69600 +78600 2006 9003 1104.7577
a range +30000 +78600 2007 9003 1104.7935
a range +30000 +78600 2008 9003 1104.7852
a range +30000 +78600 9003 2001 1104.7848
a range +76200 +78600 9003 2002 1104.7828
a range +30000 +78600 9003 2003 1104.7565
a range +30000 +78600 9003 2004 1104.7664
a range +30000 +78600 9003 2005 1104.7832
a range +69600 +78600 9003 2006 1104.7577
a range +30000 +78600 9003 2007 1104.7935
a range +30000 +78600 9003 2008 1104.7852
a range +70200 +79200 2001 2006 0.0502
a range +70800 +79200 2002 2005 0.0528
a range +40800 +79200 2004 2007 0.0576
a range +70800 +79200 2005 2002 0.0528
a range +70200 +79200 2006 2001 0.0502
a range +40800 +79200 2007 2004 0.0576
a range +72600 +79800 2002 2004 0.0488
a range +72600 +79800 2004 2002 0.0488
a range +74400 +81000 2001 2003 0.0463
a range +73800 +81000 2001 2005 0.0496
a range +74400 +81000 2003 2001 0.0463
a range +73800 +81000 2005 2001 0.0496
a range +74400 +81600 2001 2004 0.0472
a range +74400 +81600 2004 2001 0.0472
a range +73200 +84000 2002 2007 0.0538
a range +73200 +84000 2007 2002 0.0538
a range +75000 +84600 2003 2006 0.0550
a range +75000 +84600 2006 2003 0.0550
a range +81000 +85200 2006 2007 0.0611
a range +81000 +85200 2007 2006 0.0611
a range +51000 +86400 2001 2002 0.0283
a range +84600 +86400 2001 2003 0.0364
a range +85200 +86400 2001 2004 0.0315
a range +84000 +86400 2001 2005 0.0182
a range +81600 +86400 2001 2006 0.0233
a range +76800 +86400 2001 2007 0.0439
a range +78000 +86400 2001 2008 0.0374
a range +52200 +86400 2001 9001 1105.0488
a range +78600 +86400 2001 9002 1105.0560
a range +51000 +86400 2002 2001 0.0283
a range +84000 +86400 2002 2003 0.0445
a range +82800 +86400 2002 2004 0.0313
a range +82200 +86400 2002 2005 0.0221
a range +79800 +86400 2002 2006 0.0369
a range +84600 +86400 2002 2007 0.0434
a range +72000 +86400 2002 2008 0.0332
a range +76200 +86400 2002 9001 1105.0379
a range +78600 +86400 2002 9002 1105.0452
a range +84600 +86400 2003 2001 0.0364
a range +84000 +86400 2003 2002 0.0445
a range +0 +86400 2003 2004 0.0223
a range +41400 +86400 2003 2005 0.0389
a range +81000 +86400 2003 2007 0.0160
a range +80400 +86400 2003 2008 0.0292
a range +52200 +86400 2003 9001 1105.0813
a range +78600 +86400 2003 9002 1105.0885
a range +85200 +86400 2004 2001 0.0315
a range +82800 +86400 2004 2002 0.0313
a range +0 +86400 2004 2003 0.0223
a range +3000 +86400 2004 2005 0.0230
a range +74400 +86400 2004 2006 0.0522
a range +81000 +86400 2004 2007 0.0170
a range +81000 +86400 2004 2008 0.0081
a range +52200 +86400 2004 9001 1105.0657
a range +78600 +86400 2004 9002 1105.0729
a range +84000 +86400 2005 2001 0.0182
a range +82200 +86400 2005 2002 0.0221
a range +41400 +86400 2005 2003 0.0389
a range +3000 +86400 2005 2004 0.0230
a range +20400 +86400 2005 2006 0.0382
a range +0 +86400 2005 2007 0.0395
a range +79200 +86400 2005 2008 0.0254
a range +52200 +86400 2005 9001 1105.0457
a range +78600 +86400 2005 9002 1105.0529
a range +81600 +86400 2006 2001 0.0233
a range +79800 +86400 2006 2002 0.0369
a range +74400 +86400 2006 2004 0.0522
a range +20400 +86400 2006 2005 0.0382
a range +77400 +86400 2006 2008 0.0582
a range +69600 +86400 2006 9001 1105.0367
a range +78600 +86400 2006 9002 1105.0439
a range +76800 +86400 2007 2001 0.0439
a range +84600 +86400 2007 2002 0.0434
a range +81000 +86400 2007 2003 0.0160
a range +81000 +86400 2007 2004 0.0170
a range +0 +86400 2007 2005 0.0395
a range +0 +86400 2007 2008 0.0199
a range +52200 +86400 2007 9001 1105.0803
a range +78600 +86400 2007 9002 1105.0875
a range +78000 +86400 2008 2001 0.0374
a range +72000 +86400 2008 2002 0.0332
a range +80400 +86400 2008 2003 0.0292
a range +81000 +86400 2008 2004 0.0081
a range +79200 +86400 2008 2005 0.0254
a range +77400 +86400 2008 2006 0.0582
a range +0 +86400 2008 2007 0.0199
a range +52200 +86400 2008 9001 1105.0642
a range +78600 +86400 2008 9002 1105.0714
a range +52200 +86400 9001 2001 1105.0488
a range +76200 +86400 9001 2002 1105.0379
a range +52200 +86400 9001 2003 1105.0813
a range +52200 +86400 9001 2004 1105.0657
a range +52200 +86400 9001 2005 1105.0457
a range +69600 +86400 9001 2006 1105.0367
a range +52200 +86400 9001 2007 1105.0803
a range +52200 +86400 9001 2008 1105.0642
a range +78600 +86400 9002 2001 1105.0560
a range +78600 +86400 9002 2002 1105.0452
a range +78600 +86400 9002 2003 1105.0885
a range +78600 +86400 9002 2004 1105.0729
a range +78600 +86400 9002 2005 1105.0529
a range +78600 +86400 9002 2006 1105.0439
a range +78600 +86400 9002 2007 1105.0875
a range +78600 +86400 9002 2008 1105.0714

a position +0 +600 2001 2002 8260198.60521692 2397178.6312134 233948168.738519 8266458.34670381 2408494.02472174 233949415.30949
a position +0 +600 2002 2001 8266458.34670381 2408494.02472174 233949415.30949 8260198.60521692 2397178.6312134 233948168.738519
a position +0 +600 2002 2005 8266458.34670381 2408494.02472174 233949415.30949 8272025.58838878 2394488.04821133 233948721.210933
a position +0 +600 2004 2005 8266371.79132252 2409510.66594994 233947344.838693 8272025.58838878 2394488.04821133 233948721.210933
a position +0 +600 2005 2002 8272025.58838878 2394488.04821133 233948721.210933 8266458.34670381 2408494.02472174 233949415.30949
a position +0 +600 2005 2004 8272025.58838878 2394488.04821133 233948721.210933 8266371.79132252 2409510.66594994 233947344.838693
a position +0 +600 2005 2006 8272025.58838878 2394488.04821133 233948721.210933 8259968.08636536 2404906.95075891 233942095.508561
a position +0 +600 2006 2005 8259968.08636536 2404906.95075891 233942095.508561 8272025.58838878 2394488.04821133 233948721.210933
a position +0 +1200 2001 2004 8247184.91103161 2395633.67124332 233949868.22869 8253340.41186407 2408827.5277449 233948179.734627
a position +0 +1200 2004 2001 8253340.41186407 2408827.5277449 233948179.734627 8247184.91103161 2395633.67124332 233949868.22869
a position +0 +2400 2003 2007 8223821.5289933 2404032.41956562 233960442.238684 8223588.10126719 2391223.34252422 233948660.597181
a position +0 +2400 2007 2003 8223588.10126719 2391223.34252422 233948660.597181 8223821.5289933 2404032.41956562 233960442.238684
a position +0 +3000 2001 2003 8209226.1380574 2392519.60639197 233955041.177494 8209788.22754534 2404728.86847821 233961370.275882
a position +0 +3000 2001 2006 8209226.1380574 2392519.60639197 233955041.177494 8206461.00824444 2407147.01051245 233951227.975027
a position +0 +3000 2003 2001 8209788.22754534 2404728.86847821 233961370.275882 8209226.1380574 2392519.60639197 233955041.177494
a position +0 +3000 2006 2001 8206461.00824444 2407147.01051245 233951227.975027 8209226.1380574 2392519.60639197 233955041.177494
a position +0 +3600 2003 2005 8195763.28990453 2405265.13427035 233962116.79845 8196190.9118091 2390055.85166056 233957628.823171
a position +0 +3600 2005 2003 8196190.9118091 2390055.85166056 233957628.823171 8195763.28990453 2405265.13427035 233962116.79845
a position +0 +4800 2005 2008 8165652.94225313 2389573.26524103 233961118.145327 8173636.33450614 2405614.99640152 233955721.034381
a position +0 +4800 2008 2005 8173636.33450614 2405614.99640152 233955721.034381 8165652.94225313 2389573.26524103 233961118.145327
a position +6000 +7800 2001 2002 8105243.03724912 2396193.31840352 233969425.132135 8094016.04275329 2391967.08636954 233964865.250681
a position +0 +7800 2001 2005 8105243.03724912 2396193.31840352 233969425.132135 8090658.9117334 2391340.54524659 233969670.350343
a position +6000 +7800 2002 2001 8094016.04275329 2391967.08636954 233964865.250681 8105243.03724912 2396193.31840352 233969425.132135
a position +0 +7800 2002 2006 8094016.04275329 2391967.08636954 233964865.250681 8101538.06643752 2404600.28590801 233972064.539632
a position +0 +7800 2005 2001 8090658.9117334 2391340.54524659 233969670.350343 8105243.03724912 2396193.31840352 233969425.132135
a position +0 +7800 2006 2002 8101538.06643752 2404600.28590801 233972064.539632 8094016.04275329 2391967.08636954 233964865.250681
a position +0 +8400 2002 2008 8080722.04813662 2390440.41544865 233967212.407544 8085321.65251026 2406114.70592276 233970909.07882
a position +0 +8400 2008 2002 8085321.65251026 2406114.70592276 233970909.07882 8080722.04813662 2390440.41544865 233967212.407544
a position +0 +9600 2004 2008 8060152.10312631 2388044.63151314 233971354.033442 8055657.58334496 2405212.80507412 233976111.206715
a position +0 +9600 2008 2004 8055657.58334496 2405212.80507412 233976111.206715 8060152.10312631 2388044.63151314 233971354.033442
a position +3600 +10800 2001 2004 8031693.72139963 2400161.68883809 233978474.44958 8030559.85772049 2385980.41689835 233976577.073821
a position +3600 +10800 2004 2001 8030559.85772049 2385980.41689835 233976577.073821 8031693.72139963 2400161.68883809 233978474.44958
a position +2400 +11400 2002 2007 8015572.48901357 2386244.12976895 233980510.741005 8014794.83372308 2400899.93483523 233973095.962387
a position +2400 +11400 2007 2002 8014794.83372308 2400899.93483523 233973095.962387 8015572.48901357 2386244.12976895 233980510.741005
a position +4200 +12000 2002 2005 8002561.6559743 2386201.82509576 233983246.031761 7992396.38422118 2397180.96663016 233981430.41519
a position +600 +12000 2003 2006 8000519.26982445 2391624.53267431 233973816.152875 8007101.18935503 2394808.46522335 233988183.617076
a position +1800 +12000 2004 2007 8000749.60461897 2384723.10374105 233981954.711313 8000860.66296256 2401270.60314182 233975798.932377
a position +4200 +12000 2005 2002 7992396.38422118 2397180.96663016 233981430.41519 8002561.6559743 2386201.82509576 233983246.031761
a position +600 +12000 2006 2003 8007101.18935503 2394808.46522335 233988183.617076 8000519.26982445 2391624.53267431 233973816.152875
a position +1800 +12000 2007 2004 8000860.66296256 2401270.60314182 233975798.932377 8000749.60461897 2384723.10374105 233981954.711313
a position +0 +12600 2003 2008 7986613.5418945 2389877.37815279 233975948.483339 7981849.9469973 2400620.52550748 233988574.986087
a position +0 +12600 2006 9001 7993172.81906487 2393126.12501333 233990066.599707 -136024836.872859 3750.98291015625 -63413683.0085262
a position +0 +12600 2006 9002 7993172.81906487 2393126.12501333 233990066.599707 -136029101.615261 4196.68310546875 -63406343.0522274
a position +0 +12600 2008 2003 7981849.9469973 2400620.52550748 233988574.986087 7986613.5418945 2389877.37815279 233975948.483339
a position +0 +12600 9001 2006 -136024836.872859 3750.98291015625 -63413683.0085262 7993172.81906487 2393126.12501333 233990066.599707
a position +0 +12600 9002 2006 -136029101.615261 4196.68310546875 -63406343.0522274 7993172.81906487 2393126.12501333 233990066.599707
a position +6600 +13800 2001 2003 7954736.1699314 2397802.79083433 233987170.404089 7958786.23706811 2386683.75764703 233980867.046891
a position +6600 +13800 2003 2001 7958786.23706811 2386683.75764703 233980867.046891 7954736.1699314 2397802.79083433 233987170.404089
a position +6000 +14400 2001 2006 7939605.11694806 2396456.97108754 233988861.176789 7950667.20546117 2388132.52585159 233994986.033525
a position +6000 +14400 2006 2001 7950667.20546117 2388132.52585159 233994986.033525 7939605.11694806 2396456.97108754 233988861.176789
a position +0 +15000 2002 9001 7935751.72549177 2389256.76380057 233995396.206711 -135996277.478384 3750.98291015625 -63479524.8616181
a position +0 +15000 2002 9002 7935751.72549177 2389256.76380057 233995396.206711 -135999188.805654 4196.68310546875 -63471550.7051239
a position +7200 +15000 2003 2005 7930925.70155351 2384121.91965055 233986502.793213 7927230.18103165 2399434.85826066 233989904.825599
a position +5400 +15000 2003 2007 7930925.70155351 2384121.91965055 233986502.793213 7931081.86803681 2401072.67563526 233990317.122784
a position +7200 +15000 2005 2003 7927230.18103165 2399434.85826066 233989904.825599 7930925.70155351 2384121.91965055 233986502.793213
a position +5400 +15000 2007 2003 7931081.86803681 2401072.67563526 233990317.122784 7930925.70155351 2384121.91965055 233986502.793213
a position +0 +15000 9001 2002 -135996277.478384 3750.98291015625 -63479524.8616181 7935751.72549177 2389256.76380057 233995396.206711
a position +0 +15000 9002 2002 -135999188.805654 4196.68310546875 -63471550.7051239 7935751.72549177 2389256.76380057 233995396.206711
a position +0 +15600 2001 9001 7910053.41363763 2393148.63237843 233992207.790713 -135989153.766107 3750.98291015625 -63495968.3965652
a position +0 +15600 2003 9001 7916979.37463393 2383146.56883656 233989511.157107 -135989153.766107 3750.98291015625 -63495968.3965652
a position +0 +15600 2004 9001 7911872.95831391 2385796.24265486 233997152.780152 -135989153.766107 3750.98291015625 -63495968.3965652
a position +8400 +15600 2005 2006 7914502.65241984 2399413.20222249 233991621.852463 7921769.81576574 2385071.71880574 233997681.249444
a position +0 +15600 2005 9001 7914502.65241984 2399413.20222249 233991621.852463 -135989153.766107 3750.98291015625 -63495968.3965652
a position +8400 +15600 2006 2005 7921769.81576574 2385071.71880574 233997681.249444 7914502.65241984 2399413.20222249 233991621.852463
a position +13800 +15600 2006 9001 7921769.81576574 2385071.71880574 233997681.249444 -135989153.766107 3750.98291015625 -63495968.3965652
a position +0 +15600 2007 9001 7917102.37108214 2400581.80997523 233993294.846966 -135989153.766107 3750.98291015625 -63495968.3965652
a position +0 +15600 2008 9001 7909543.80963879 2393472.06402741 233999325.310293 -135989153.766107 3750.98291015625 -63495968.3965652
a position +0 +15600 9001 2001 -135989153.766107 3750.98291015625 -63495968.3965652 7910053.41363763 2393148.63237843 233992207.790713
a position +0 +15600 9001 2003 -135989153.766107 3750.98291015625 -63495968.3965652 7916979.37463393 2383146.56883656 233989511.157107
a position +0 +15600 9001 2004 -135989153.766107 3750.98291015625 -63495968.3965652 7911872.95831391 2385796.24265486 233997152.780152
a position +0 +15600 9001 2005 -135989153.766107 3750.98291015625 -63495968.3965652 7914502.65241984 2399413.20222249 233991621.852463
a position +13800 +15600 9001 2006 -135989153.766107 3750.98291015625 -63495968.3965652 7921769.81576574 2385071.71880574 233997681.249444
a position +0 +15600 9001 2007 -135989153.766107 3750.98291015625 -63495968.3965652 7917102.37108214 2400581.80997523 233993294.846966
a position +0 +15600 9001 2008 -135989153.766107 3750.98291015625 -63495968.3965652 7909543.80963879 2393472.06402741 233999325.310293
a position +10800 +18000 2001 2005 7854528.37432926 2385734.90652292 233998848.800672 7863758.80866001 2397447.61526796 233998579.717595
a position +10800 +18000 2005 2001 7863758.80866001 2397447.61526796 233998579.717595 7854528.37432926 2385734.90652292 233998848.800672
a position +10800 +19200 2002 2006 7834913.41150726 2394824.62963606 234005162.404231 7833237.28626819 2378802.06921535 234003690.440375
a position +10800 +19200 2006 2002 7833237.28626819 2378802.06921535 234003690.440375 7834913.41150726 2394824.62963606 234005162.404231
a position +7800 +19800 2005 2008 7825117.43096389 2394099.96027076 234003887.150468 7812203.56270933 2382382.2605678 234010369.438387
a position +7800 +19800 2008 2005 7812203.56270933 2382382.2605678 234010369.438387 7825117.43096389 2394099.96027076 234003887.150468
a position +13800 +21000 2001 2004 7790701.58266705 2379971.79694347 234007314.116199 7786461.84905052 2393102.6401933 234011562.986501
a position +13800 +21000 2004 2001 7786461.84905052 2393102.6401933 234011562.986501 7790701.58266705 2379971.79694347 234007314.116199
a position +12600 +21600 2002 2008 7775045.83497948 2393679.36249402 234008158.209583 7771853.14663332 2378401.59606944 234013779.536917
a position +12600 +21600 2008 2002 7771853.14663332 2378401.59606944 234013779.536917 7775045.83497948 2393679.36249402 234008158.209583
a position +0 +22200 2004 2006 7760025.0229809 2393776.24507408 234013393.450153 7759076.94487527 2378011.2253143 234007963.079412
a position +0 +22200 2006 2004 7759076.94487527 2378011.2253143 234007963.079412 7760025.0229809 2393776.24507408 234013393.450153
a position +12600 +22800 2004 2008 7746923.67469207 2393831.0664731 234014211.165756 7745297.42998399 2376270.79139178 234015742.639517
a position +12600 +22800 2008 2004 7745297.42998399 2376270.79139178 234015742.639517 7746923.67469207 2393831.0664731 234014211.165756
a position +15000 +24000 2002 2005 7716177.16410026 2388517.58224258 234011841.772369 7729647.33210629 2382738.67722715 234016426.713644
a position +13800 +24000 2002 2007 7716177.16410026 2388517.58224258 234011841.772369 7720770.46312514 2381957.05947261 234025862.920326
a position +12600 +24000 2003 2006 7720707.50025098 2388957.8202608 234023156.717503 7715272.08008615 2379338.28655079 234011074.366424
a position +15000 +24000 2005 2002 7729647.33210629 2382738.67722715 234016426.713644 7716177.16410026 2388517.58224258 234011841.772369
a position +12600 +24000 2006 2003 7715272.08008615 2379338.28655079 234011074.366424 7720707.50025098 2388957.8202608 234023156.717503
a position +13800 +24000 2007 2002 7720770.46312514 2381957.05947261 234025862.920326 7716177.16410026 2388517.58224258 234011841.772369
a position +15000 +25200 2003 2008 7692646.05600891 2390210.35053025 234024791.896969 7692673.56303486 2373559.31890045 234019285.379389
a position +15000 +25200 2004 2007 7694774.52417966 2391955.137669 234017372.070535 7692699.8419369 2378862.28266418 234028300.708248
a position +15000 +25200 2007 2004 7692699.8419369 2378862.28266418 234028300.708248 7694774.52417966 2391955.137669 234017372.070535
a position +15000 +25200 2008 2003 7692673.56303486 2373559.31890045 234019285.379389 7692646.05600891 2390210.35053025 234024791.896969
a position +16200 +25800 2001 2006 7685924.18262457 2384431.03421971 234021530.306745 7672375.13799398 2381552.24937591 234015020.257354
a position +16200 +25800 2006 2001 7672375.13799398 2381552.24937591 234015020.257354 7685924.18262457 2384431.03421971 234021530.306745
a position +19200 +26400 2003 2005 7664623.46916912 2390719.21679583 234025819.317234 7671129.04015912 2376619.92930719 234023553.438459
a position +19200 +26400 2005 2003 7671129.04015912 2376619.92930719 234023553.438459 7664623.46916912 2390719.21679583 234025819.317234
a position +18000 +27600 2003 2007 7636648.19613818 2390323.06932792 234026529.540432 7636614.64256556 2373748.53406953 234031679.526792
a position +18000 +27600 2007 2003 7636614.64256556 2373748.53406953 234031679.526792 7636648.19613818 2390323.06932792 234026529.540432
a position +0 +28200 2001 2007 7627031.78918896 2387690.09894006 234028671.463014 7622609.22294208 2372774.44555056 234032289.131728
a position +0 +28200 2007 2001 7622609.22294208 2372774.44555056 234032289.131728 7627031.78918896 2387690.09894006 234028671.463014
a position +21000 +28800 2001 2005 7611749.2082006 2387975.45663883 234030426.831 7610586.23023114 2372677.02264995 234030552.191016
a position +0 +28800 2002 2003 7606597.99551239 2375144.10839987 234027100.629369 7608722.9930187 2388969.32642903 234027250.833488
a position +0 +28800 2003 2002 7608722.9930187 2388969.32642903 234027250.833488 7606597.99551239 2375144.10839987 234027100.629369
a position +21000 +28800 2005 2001 7610586.23023114 2372677.02264995 234030552.191016 7611749.2082006 2387975.45663883 234030426.831
a position +22200 +30600 2002 2006 7567612.94098913 2372805.99565545 234035114.348471 7563064.69015479 2387430.87794725 234030588.810802
a position +22200 +30600 2006 2002 7563064.69015479 2387430.87794725 234030588.810802 7567612.94098913 2372805.99565545 234035114.348471
a position +24000 +31200 2001 2004 7550080.94385975 2386085.45254839 234037280.728564 7558897.80817647 2376736.69319112 234031495.506309
a position +24000 +31200 2004 2001 7558897.80817647 2376736.69319112 234031495.506309 7550080.94385975 2386085.45254839 234037280.728564
a position +22800 +33000 2004 2006 7515453.21603335 2372219.06412754 234038393.019714 7510457.55471364 2387925.61049294 234040582.120113
a position +22800 +33000 2006 2004 7510457.55471364 2387925.61049294 234040582.120113 7515453.21603335 2372219.06412754 234038393.019714
a position +0 +33600 2001 2008 7490547.72979738 2379940.34749901 234043897.700329 7504721.87280154 2378836.33480601 234036434.375478
a position +0 +33600 2008 2001 7504721.87280154 2378836.33480601 234036434.375478 7490547.72979738 2379940.34749901 234043897.700329
a position +17400 +34800 2002 9002 7474588.70861581 2375882.68174801 234052356.826119 -135754678.01039 4196.68310546875 -64013204.9828516
a position +30000 +34800 2002 9003 7474588.70861581 2375882.68174801 234052356.826119 -135763871.920058 -3748.65649414063 -64009470.3840357
a position +17400 +34800 9002 2002 -135754678.01039 4196.68310546875 -64013204.9828516 7474588.70861581 2375882.68174801 234052356.826119
a position +30000 +34800 9003 2002 -135763871.920058 -3748.65649414063 -64009470.3840357 7474588.70861581 2375882.68174801 234052356.826119
a position +25800 +35400 2002 2005 7460662.81343535 2376889.92687692 234054222.026112 7446469.76266512 2375772.05874461 234048996.418854
a position +25200 +35400 2003 2006 7455644.704479 2371747.04375746 234042880.554149 7458082.15774635 2385784.73530812 234050989.012239
a position +25800 +35400 2005 2002 7446469.76266512 2375772.05874461 234048996.418854 7460662.81343535 2376889.92687692 234054222.026112
a position +25200 +35400 2006 2003 7458082.15774635 2385784.73530812 234050989.012239 7455644.704479 2371747.04375746 234042880.554149
a position +27000 +36000 2001 2006 7435626.81614369 2372597.85603655 234050437.994806 7444904.81925101 2384836.64374474 234053535.737347
a position +25200 +36000 2002 2007 7446542.51407589 2377898.87045823 234055892.105442 7441214.59917119 2373055.0091259 234041286.958711
a position +27000 +36000 2006 2001 7444904.81925101 2384836.64374474 234053535.737347 7435626.81614369 2372597.85603655 234050437.994806
a position +25200 +36000 2007 2002 7441214.59917119 2373055.0091259 234041286.958711 7446542.51407589 2377898.87045823 234055892.105442
a position +31200 +36600 2002 2003 7432233.09135231 2378857.12002015 234057368.461788 7427783.36951625 2369160.49019274 234048434.032318
a position +31200 +36600 2003 2002 7427783.36951625 2369160.49019274 234048434.032318 7432233.09135231 2378857.12002015 234057368.461788
a position +26400 +36600 2004 2008 7426312.82514444 2367873.16614772 234054067.415806 7433590.98169232 2382359.07611929 234046643.048925
a position +26400 +36600 2008 2004 7433590.98169232 2382359.07611929 234046643.048925 7426312.82514444 2367873.16614772 234054067.415806
a position +28800 +38400 2003 2008 7385907.1364046 2366883.85857088 234057543.589272 7389890.67465223 2383589.46499937 234053713.789161
a position +28800 +38400 2008 2003 7389890.67465223 2383589.46499937 234053713.789161 7385907.1364046 2366883.85857088 234057543.589272
a position +31800 +39000 2001 2005 7372152.06350577 2367494.4252619 234058807.326835 7364915.14948591 2380516.60532562 234058852.298042
a position +30600 +39000 2003 2005 7371923.40519217 2366600.6911655 234060629.223649 7364915.14948591 2380516.60532562 234058852.298042
a position +31800 +39000 2005 2001 7364915.14948591 2380516.60532562 234058852.298042 7372152.06350577 2367494.4252619 234058807.326835
a position +30600 +39000 2005 2003 7364915.14948591 2380516.60532562 234058852.298042 7371923.40519217 2366600.6911655 234060629.223649
a position +28200 +39600 2004 2007 7352547.98836456 2369679.38169802 234066183.581164 7357735.78271478 2377827.65973352 234051653.105656
a position +28200 +39600 2007 2004 7357735.78271478 2377827.65973352 234051653.105656 7352547.98836456 2369679.38169802 234066183.581164
a position +30600 +40200 2003 2007 7343919.15888382 2366734.63948011 234066624.934176 7343817.42004432 2378525.17493073 234053900.596612
a position +13800 +40200 2006 9002 7350250.3033726 2374838.57737403 234069175.175014 -135689265.762765 4196.68310546875 -64161095.680177
a position +30000 +40200 2006 9003 7350250.3033726 2374838.57737403 234069175.175014 -135696302.961495 -3748.65649414063 -64154099.036134
a position +30600 +40200 2007 2003 7343817.42004432 2378525.17493073 234053900.596612 7343919.15888382 2366734.63948011 234066624.934176
a position +13800 +40200 9002 2006 -135689265.762765 4196.68310546875 -64161095.680177 7350250.3033726 2374838.57737403 234069175.175014
a position +30000 +40200 9003 2006 -135696302.961495 -3748.65649414063 -64154099.036134 7350250.3033726 2374838.57737403 234069175.175014
a position +34200 +42000 2001 2004 7308017.72658399 2369544.63431141 234067529.809257 7295631.42744836 2373180.06927089 234073612.666687
a position +33600 +42000 2002 2006 7298695.47873232 2378775.46344137 234065219.700436 7307989.81616727 2369801.92941046 234074226.583033
a position +34200 +42000 2004 2001 7295631.42744836 2373180.06927089 234073612.666687 7308017.72658399 2369544.63431141 234067529.809257
a position +33600 +42000 2006 2002 7307989.81616727 2369801.92941046 234074226.583033 7298695.47873232 2378775.46344137 234065219.700436
a position +0 +42600 2001 9002 7294490.16852776 2370539.53380548 234069302.346199 -135660364.297881 4196.68310546875 -64226690.0348886
a position +36600 +42600 2002 9002 7283931.22631631 2377514.08093383 234066068.290819 -135660364.297881 4196.68310546875 -64226690.0348886
a position +0 +42600 2003 9002 7287791.89232335 2369262.52517028 234076893.090816 -135660364.297881 4196.68310546875 -64226690.0348886
a position +0 +42600 2004 9002 7281773.92290294 2374087.05637119 234075093.698029 -135660364.297881 4196.68310546875 -64226690.0348886
a position +0 +42600 2005 9002 7288103.37008719 2380887.77873379 234068906.014059 -135660364.297881 4196.68310546875 -64226690.0348886
a position +42000 +42600 2006 9002 7293668.14931847 2368184.95654877 234075669.271178 -135660364.297881 4196.68310546875 -64226690.0348886
a position +0 +42600 2007 9002 7288095.65846845 2380398.52296859 234064111.436933 -135660364.297881 4196.68310546875 -64226690.0348886
a position +0 +42600 2008 9002 7286357.69861073 2382127.14545107 234071425.204701 -135660364.297881 4196.68310546875 -64226690.0348886
a position +0 +42600 9002 2001 -135660364.297881 4196.68310546875 -64226690.0348886 7294490.16852776 2370539.53380548 234069302.346199
a position +36600 +42600 9002 2002 -135660364.297881 4196.68310546875 -64226690.0348886 7283931.22631631 2377514.08093383 234066068.290819
a position +0 +42600 9002 2003 -135660364.297881 4196.68310546875 -64226690.0348886 7287791.89232335 2369262.52517028 234076893.090816
a position +0 +42600 9002 2004 -135660364.297881 4196.68310546875 -64226690.0348886 7281773.92290294 2374087.05637119 234075093.698029
a position +0 +42600 9002 2005 -135660364.297881 4196.68310546875 -64226690.0348886 7288103.37008719 2380887.77873379 234068906.014059
a position +42000 +42600 9002 2006 -135660364.297881 4196.68310546875 -64226690.0348886 7293668.14931847 2368184.95654877 234075669.271178
a position +0 +42600 9002 2007 -135660364.297881 4196.68310546875 -64226690.0348886 7288095.65846845 2380398.52296859 234064111.436933
a position +0 +42600 9002 2008 -135660364.297881 4196.68310546875 -64226690.0348886 7286357.69861073 2382127.14545107 234071425.204701
a position +0 +44400 2006 2007 7250085.10275798 2363820.68954168 234079338.155633 7246234.80051524 2380482.03523064 234072659.955186
a position +0 +44400 2007 2006 7246234.80051524 2380482.03523064 234072659.955186 7250085.10275798 2363820.68954168 234079338.155633
a position +43800 +45000 2002 2003 7226449.98679392 2370832.10904457 234070908.706909 7231598.94451433 2373035.26665569 234083641.724563
a position +43800 +45000 2003 2002 7231598.94451433 2373035.26665569 234083641.724563 7226449.98679392 2370832.10904457 234070908.706909
a position +43800 +45600 2001 2002 7222301.04532591 2375145.47335551 234078132.662856 7212546.15774877 2368983.6445146 234072569.993688
a position +43800 +45600 2002 2001 7212546.15774877 2368983.6445146 234072569.993688 7222301.04532591 2375145.47335551 234078132.662856
a position +37200 +45600 2004 2006 7214524.34126383 2377202.34081763 234080552.657162 7220618.28547728 2361499.43455045 234081324.805007
a position +37200 +45600 2006 2004 7220618.28547728 2361499.43455045 234081324.805007 7214524.34126383 2377202.34081763 234080552.657162
a position +38400 +46200 2001 2006 7207100.09466457 2375565.68107551 234079869.860432 7205800.3968946 2360559.03896475 234082216.060474
a position +36600 +46200 2002 2005 7198834.14031907 2367166.89619344 234074424.599641 7210966.05226804 2374819.63167734 234079265.840299
a position +36600 +46200 2005 2002 7210966.05226804 2374819.63167734 234079265.840299 7198834.14031907 2367166.89619344 234074424.599641
a position +38400 +46200 2006 2001 7205800.3968946 2360559.03896475 234082216.060474 7207100.09466457 2375565.68107551 234079869.860432
a position +37200 +47400 2002 2007 7171939.89744163 2363831.20566336 234078683.146123 7176308.27052263 2377608.22817682 234087190.531006
a position +37800 +47400 2003 2006 7175473.28748859 2375515.67064132 234086888.005323 7176071.38129103 2359165.83638988 234083866.661498
a position +37800 +47400 2006 2003 7176071.38129103 2359165.83638988 234083866.661498 7175473.28748859 2375515.67064132 234086888.005323
a position +37200 +47400 2007 2002 7176308.27052263 2377608.22817682 234087190.531006 7171939.89744163 2363831.20566336 234078683.146123
a position +0 +48000 2002 2004 7158718.7266331 2362404.17642269 234081054.953406 7162252.19715951 2376587.2524993 234083606.437987
a position +0 +48000 2004 2002 7162252.19715951 2376587.2524993 234083606.437987 7158718.7266331 2362404.17642269 234081054.953406
a position +42000 +49800 2001 2005 7115000.67284175 2371863.57125339 234089948.62077 7128668.18798165 2364875.93299237 234089797.417017
a position +42000 +49800 2005 2001 7128668.18798165 2364875.93299237 234089797.417017 7115000.67284175 2371863.57125339 234089948.62077
a position +40200 +50400 2004 2008 7109825.72519632 2372682.27523923 234087044.013397 7098574.47605354 2364825.77380006 234098627.894619
a position +40200 +50400 2008 2004 7098574.47605354 2364825.77380006 234098627.894619 7109825.72519632 2372682.27523923 234087044.013397
a position +43800 +52200 2001 2004 7057053.87825233 2364806.93623307 234096409.915853 7069566.69454449 2368079.52870085 234090676.017107
a position +41400 +52200 2003 2008 7063750.56008144 2370365.64230435 234090309.058701 7057358.51881854 2360159.77463849 234102715.381434
a position +43800 +52200 2004 2001 7069566.69454449 2368079.52870085 234090676.017107 7057053.87825233 2364806.93623307 234096409.915853
a position +41400 +52200 2008 2003 7057358.51881854 2360159.77463849 234102715.381434 7063750.56008144 2370365.64230435 234090309.058701
a position +43200 +52800 2003 2007 7049832.83822025 2368810.9571446 234091199.017725 7050045.50653165 2364929.57885195 234108095.928916
a position +43200 +52800 2007 2003 7050045.50653165 2364929.57885195 234108095.928916 7049832.83822025 2368810.9571446 234091199.017725
a position +45000 +54000 2002 2006 7027167.14550672 2361530.25672796 234106379.647211 7015427.36952191 2362329.56882615 234094947.742404
a position +45000 +54000 2006 2002 7015427.36952191 2362329.56882615 234094947.742404 7027167.14550672 2361530.25672796 234106379.647211
a position +52200 +54600 2002 9001 7013381.16283303 2362502.97214696 234108355.222866 -135521367.366868 3750.98291015625 -64545536.1404726
a position +36600 +54600 2002 9003 7013381.16283303 2362502.97214696 234108355.222866 -135514053.548752 -3748.65649414063 -64543058.6509706
a position +52200 +54600 9001 2002 -135521367.366868 3750.98291015625 -64545536.1404726 7013381.16283303 2362502.97214696 234108355.222866
a position +36600 +54600 9003 2002 -135514053.548752 -3748.65649414063 -64543058.6509706 7013381.16283303 2362502.97214696 234108355.222866
a position +48000 +57000 2002 2005 6956335.83953443 2366271.87669456 234114338.655585 6948608.82457615 2353701.85666077 234110309.855687
a position +48000 +57000 2005 2002 6948608.82457615 2353701.85666077 234110309.855687 6956335.83953443 2366271.87669456 234114338.655585
a position +49800 +57600 2001 2006 6941008.50814222 2355113.92105628 234111221.042752 6933008.43279405 2367073.82905325 234105930.219302
a position +22800 +57600 2002 2008 6941651.50482737 2366932.91927061 234115388.559926 6937684.80681099 2351040.8781788 234111316.915049
a position +49800 +57600 2006 2001 6933008.43279405 2367073.82905325 234105930.219302 6941008.50814222 2355113.92105628 234111221.042752
a position +50400 +57600 2006 2007 6933008.43279405 2367073.82905325 234105930.219302 6937785.30927175 2353184.99258562 234117050.83944
a position +50400 +57600 2007 2006 6937785.30927175 2353184.99258562 234117050.83944 6933008.43279405 2367073.82905325 234105930.219302
a position +22800 +57600 2008 2002 6937684.80681099 2351040.8781788 234111316.915049 6941651.50482737 2366932.91927061 234115388.559926
a position +51000 +58200 2002 2004 6926841.10461478 2367394.45310538 234116296.768002 6926427.85286352 2353048.74311713 234111643.341576
a position +51000 +58200 2004 2002 6926427.85286352 2353048.74311713 234111643.341576 6926841.10461478 2367394.45310538 234116296.768002
a position +49800 +58800 2002 2007 6911935.24019065 2367624.18757352 234117091.487813 6909772.69766035 2351254.27165721 234118178.341892
a position +50400 +58800 2004 2006 6911537.02686536 2352310.99506611 234114255.359105 6906364.91047045 2368073.56395565 234110456.851529
a position +50400 +58800 2006 2004 6906364.91047045 2368073.56395565 234110456.851529 6911537.02686536 2352310.99506611 234114255.359105
a position +49800 +58800 2007 2002 6909772.69766035 2351254.27165721 234118178.341892 6911935.24019065 2367624.18757352 234117091.487813
a position +50400 +59400 2003 2006 6896699.62045639 2352406.41927841 234115184.868599 6893155.19088546 2368380.40040778 234112845.247774
a position +50400 +59400 2006 2003 6893155.19088546 2368380.40040778 234112845.247774 6896699.62045639 2352406.41927841 234115184.868599
a position +0 +59400 2006 2008 6893155.19088546 2368380.40040778 234112845.247774 6898302.65804716 2350342.0912375 234113832.374826
a position +0 +59400 2008 2006 6898302.65804716 2350342.0912375 234113832.374826 6893155.19088546 2368380.40040778 234112845.247774
a position +52800 +60000 2001 2005 6888961.30362568 2357721.11937757 234118143.555971 6874148.34301326 2356098.22321772 234118450.098011
a position +52800 +60000 2005 2001 6874148.34301326 2356098.22321772 234118450.098011 6888961.30362568 2357721.11937757 234118143.555971
a position +54000 +61800 2001 2004 6846978.1659742 2360846.51770129 234123387.623238 6837078.00702546 2351761.3642612 234127074.228378
a position +54000 +61800 2004 2001 6837078.00702546 2351761.3642612 234127074.228378 6846978.1659742 2360846.51770129 234123387.623238
a position +32400 +63600 2001 2007 6802390.70280938 2363078.52553207 234128577.040359 6798032.63415128 2349473.02577366 234122137.817558
a position +32400 +63600 2007 2001 6798032.63415128 2349473.02577366 234122137.817558 6802390.70280938 2363078.52553207 234128577.040359
a position +54000 +64200 2004 2008 6778832.47762275 2354406.97724783 234135762.829414 6791384.80258286 2353645.38925176 234122782.601467
a position +54000 +64200 2008 2004 6791384.80258286 2353645.38925176 234122782.601467 6778832.47762275 2354406.97724783 234135762.829414
a position +57000 +65400 2002 2006 6751343.20757403 2354828.92702263 234128014.53375 6761596.44391212 2362622.08777804 234137875.34828
a position +55800 +65400 2003 2007 6756512.73146934 2356042.5576922 234141253.699899 6756244.7734697 2351000.80144698 234124688.152963
a position +57000 +65400 2006 2002 6761596.44391212 2362622.08777804 234137875.34828 6751343.20757403 2354828.92702263 234128014.53375
a position +55800 +65400 2007 2003 6756244.7734697 2351000.80144698 234124688.152963 6756512.73146934 2356042.5576922 234141253.699899
a position +59400 +67800 2002 2005 6697685.73612853 2348394.87698137 234136568.829924 6699673.15191545 2363327.43044902 234139460.499027
a position +59400 +67800 2005 2002 6699673.15191545 2363327.43044902 234139460.499027 6697685.73612853 2348394.87698137 234136568.829924
a position +62400 +68400 2002 2004 6684605.04810558 2347242.82153365 234139072.802661 6682271.61425641 2360140.43188131 234145482.768391
a position +62400 +68400 2004 2002 6682271.61425641 2360140.43188131 234145482.768391 6684605.04810558 2347242.82153365 234139072.802661
a position +52200 +68400 2006 9001 6693328.04163659 2354847.14396113 234148232.506686 -135346672.050771 3750.98291015625 -64914907.8467948
a position +42000 +68400 2006 9003 6693328.04163659 2354847.14396113 234148232.506686 -135340702.188771 -3748.65649414063 -64919805.8704765
a position +52200 +68400 9001 2006 -135346672.050771 3750.98291015625 -64914907.8467948 6693328.04163659 2354847.14396113 234148232.506686
a position +42000 +68400 9003 2006 -135340702.188771 -3748.65649414063 -64919805.8704765 6693328.04163659 2354847.14396113 234148232.506686
a position +60000 +69000 2001 2006 6665889.73460771 2355331.55859032 234143341.391551 6679323.84465597 2353157.37679552 234149960.872878
a position +60000 +69000 2006 2001 6679323.84465597 2353157.37679552 234149960.872878 6665889.73460771 2355331.55859032 234143341.391551
a position +63000 +70800 2001 2005 6624238.00213163 2349710.66743844 234148087.939626 6635972.66821796 2359585.62786649 234147844.053599
a position +40800 +70800 2001 2008 6624238.00213163 2349710.66743844 234148087.939626 6635300.93652748 2360868.37571506 234144266.162929
a position +61800 +70800 2002 2008 6632660.21240205 2345243.76655023 234149651.54182 6635300.93652748 2360868.37571506 234144266.162929
a position +63000 +70800 2005 2001 6635972.66821796 2359585.62786649 234147844.053599 6624238.00213163 2349710.66743844 234148087.939626
a position +66000 +70800 2006 2007 6636599.2932126 2348224.07617875 234154418.854005 6630997.90221459 2357836.40189873 234139913.263744
a position +66000 +70800 2007 2006 6630997.90221459 2357836.40189873 234139913.263744 6636599.2932126 2348224.07617875 234154418.854005
a position +40800 +70800 2008 2001 6635300.93652748 2360868.37571506 234144266.162929 6624238.00213163 2349710.66743844 234148087.939626
a position +61800 +70800 2008 2002 6635300.93652748 2360868.37571506 234144266.162929 6632660.21240205 2345243.76655023 234149651.54182
a position +61800 +71400 2002 2007 6619585.57935468 2345411.47443601 234152255.160296 6617071.58340583 2358407.42674829 234142320.563662
a position +61800 +71400 2007 2002 6617071.58340583 2358407.42674829 234142320.563662 6619585.57935468 2345411.47443601 234152255.160296
a position +15000 +72000 2001 2003 6597940.12208099 2346438.96325891 234151272.878702 6602359.07774319 2358995.21133726 234148867.717803
a position +64200 +72000 2001 2004 6597940.12208099 2346438.96325891 234151272.878702 6603614.07174406 2359791.19838076 234150060.412502
a position +15000 +72000 2003 2001 6602359.07774319 2358995.21133726 234148867.717803 6597940.12208099 2346438.96325891 234151272.878702
a position +63000 +72000 2003 2006 6602359.07774319 2358995.21133726 234148867.717803 6607575.64844145 2345267.90205399 234156821.341761
a position +64200 +72000 2004 2001 6603614.07174406 2359791.19838076 234150060.412502 6597940.12208099 2346438.96325891 234151272.878702
a position +63000 +72000 2006 2003 6607575.64844145 2345267.90205399 234156821.341761 6602359.07774319 2358995.21133726 234148867.717803
a position +64800 +72600 2001 2007 6585139.0276044 2345119.69621952 234152880.635029 6589202.3061253 2359233.35338583 234147470.603898
a position +63000 +72600 2004 2006 6590566.00684615 2359007.39103367 234150812.471747 6592927.7514444 2343949.25003467 234157873.424816
a position +63000 +72600 2006 2004 6592927.7514444 2343949.25003467 234157873.424816 6590566.00684615 2359007.39103367 234150812.471747
a position +64800 +72600 2007 2001 6589202.3061253 2359233.35338583 234147470.603898 6585139.0276044 2345119.69621952 234152880.635029
a position +61200 +73200 2006 2008 6578204.75411843 2342759.28474917 234158840.0234 6576301.57235626 2360995.38341728 234154107.874102
a position +61200 +73200 2008 2006 6576301.57235626 2360995.38341728 234154107.874102 6578204.75411843 2342759.28474917 234158840.0234
a position +56400 +73800 2002 9001 6565969.95931353 2348128.21923953 234161495.729971 -135277569.501262 3750.98291015625 -65060643.8586711
a position +56400 +73800 2002 9003 6565969.95931353 2348128.21923953 234161495.729971 -135273955.500529 -3748.65649414063 -65067467.9985636
a position +56400 +73800 9001 2002 -135277569.501262 3750.98291015625 -65060643.8586711 6565969.95931353 2348128.21923953 234161495.729971
a position +56400 +73800 9003 2002 -135273955.500529 -3748.65649414063 -65067467.9985636 6565969.95931353 2348128.21923953 234161495.729971
a position +68400 +76800 2002 2006 6494885.48968554 2352808.1963812 234169057.647797 6489106.4128423 2338913.25374273 234163617.360467
a position +68400 +76800 2006 2002 6489106.4128423 2338913.25374273 234163617.360467 6494885.48968554 2352808.1963812 234169057.647797
a position +21600 +77400 2005 2008 6484036.14657269 2342224.18934644 234166689.704577 6472721.92972924 2356006.69572604 234171240.991703
a position +21600 +77400 2008 2005 6472721.92972924 2356006.69572604 234171240.991703 6484036.14657269 2342224.18934644 234166689.704577
a position +68400 +78000 2003 2007 6463174.57450407 2343403.36420869 234161094.869187 6463425.46277705 2356006.16612809 234172923.802513
a position +53400 +78000 2003 2008 6463174.57450407 2343403.36420869 234161094.869187 6458067.43678372 2354794.3348088 234173505.371072
a position +67200 +78000 2004 2008 6468893.38335177 2345497.3877467 234162259.230531 6458067.43678372 2354794.3348088 234173505.371072
a position +68400 +78000 2007 2003 6463425.46277705 2356006.16612809 234172923.802513 6463174.57450407 2343403.36420869 234161094.869187
a position +53400 +78000 2008 2003 6458067.43678372 2354794.3348088 234173505.371072 6463174.57450407 2343403.36420869 234161094.869187
a position +67200 +78000 2008 2004 6458067.43678372 2354794.3348088 234173505.371072 6468893.38335177 2345497.3877467 234162259.230531
a position +30000 +78600 2001 9003 6455969.93362346 2346970.70866605 234169698.766113 -135215148.854473 -3748.65649414063 -65198444.2041454
a position +76200 +78600 2002 9003 6450396.07257425 2353981.39708106 234171624.754763 -135215148.854473 -3748.65649414063 -65198444.2041454
a position +30000 +78600 2003 9003 6449256.14139859 2341841.2659555 234163524.756584 -135215148.854473 -3748.65649414063 -65198444.2041454
a position +30000 +78600 2004 9003 6454685.35896802 2343792.8486673 234164230.538709 -135215148.854473 -3748.65649414063 -65198444.2041454
a position +30000 +78600 2005 9003 6454193.39793623 2339585.05047971 234170077.747359 -135215148.854473 -3748.65649414063 -65198444.2041454
a position +69600 +78600 2006 9003 6444780.06050579 2339222.40988295 234166051.977782 -135215148.854473 -3748.65649414063 -65198444.2041454
a position +30000 +78600 2007 9003 6449411.81546664 2354916.32433016 234175614.113025 -135215148.854473 -3748.65649414063 -65198444.2041454
a position +30000 +78600 2008 9003 6443478.53523808 2353481.80637755 234175695.841481 -135215148.854473 -3748.65649414063 -65198444.2041454
a position +30000 +78600 9003 2001 -135215148.854473 -3748.65649414063 -65198444.2041454 6455969.93362346 2346970.70866605 234169698.766113
a position +76200 +78600 9003 2002 -135215148.854473 -3748.65649414063 -65198444.2041454 6450396.07257425 2353981.39708106 234171624.754763
a position +30000 +78600 9003 2003 -135215148.854473 -3748.65649414063 -65198444.2041454 6449256.14139859 2341841.2659555 234163524.756584
a position +30000 +78600 9003 2004 -135215148.854473 -3748.65649414063 -65198444.2041454 6454685.35896802 2343792.8486673 234164230.538709
a position +30000 +78600 9003 2005 -135215148.854473 -3748.65649414063 -65198444.2041454 6454193.39793623 2339585.05047971 234170077.747359
a position +69600 +78600 9003 2006 -135215148.854473 -3748.65649414063 -65198444.2041454 6444780.06050579 2339222.40988295 234166051.977782
a position +30000 +78600 9003 2007 -135215148.854473 -3748.65649414063 -65198444.2041454 6449411.81546664 2354916.32433016 234175614.113025
a position +30000 +78600 9003 2008 -135215148.854473 -3748.65649414063 -65198444.2041454 6443478.53523808 2353481.80637755 234175695.841481
a position +70200 +79200 2001 2006 6441817.49389081 2348024.43152733 234171421.318102 6430138.61708933 2339618.12425616 234166974.139673
a position +70800 +79200 2002 2005 6435417.58416761 2353882.90234134 234172293.799043 6439095.35728309 2338489.69522225 234171758.712212
a position +40800 +79200 2004 2007 6440333.59140448 2342166.5646984 234166338.895324 6435391.62875527 2353702.15194912 234178211.825494
a position +70800 +79200 2005 2002 6439095.35728309 2338489.69522225 234171758.712212 6435417.58416761 2353882.90234134 234172293.799043
a position +70200 +79200 2006 2001 6430138.61708933 2339618.12425616 234166974.139673 6441817.49389081 2348024.43152733 234171421.318102
a position +40800 +79200 2007 2004 6435391.62875527 2353702.15194912 234178211.825494 6440333.59140448 2342166.5646984 234166338.895324
a position +72600 +79800 2002 2004 6420424.20308829 2353512.24217056 234172926.93327 6425847.50370616 2340649.04407583 234168572.616256
a position +72600 +79800 2004 2002 6425847.50370616 2340649.04407583 234168572.616256 6420424.20308829 2353512.24217056 234172926.93327
a position +74400 +81000 2001 2003 6397615.05434401 2350518.44968931 234176548.791888 6393487.76149181 2337394.20447432 234174787.050788
a position +73800 +81000 2001 2005 6397615.05434401 2350518.44968931 234176548.791888 6393384.20115664 2336261.73844447 234176740.929834
a position +74400 +81000 2003 2001 6393487.76149181 2337394.20447432 234174787.050788 6397615.05434401 2350518.44968931 234176548.791888
a position +73800 +81000 2005 2001 6393384.20115664 2336261.73844447 234176740.929834 6397615.05434401 2350518.44968931 234176548.791888
a position +74400 +81600 2001 2004 6382413.19832503 2350938.99364661 234178234.68153 6381726.37790558 2337008.84527344 234175863.653418
a position +74400 +81600 2004 2001 6381726.37790558 2337008.84527344 234175863.653418 6382413.19832503 2350938.99364661 234178234.68153
a position +73200 +84000 2002 2007 6317921.71027478 2344352.39590585 234179299.779588 6323088.3357471 2341299.10860993 234194280.584681
a position +73200 +84000 2007 2002 6323088.3357471 2341299.10860993 234194280.584681 6317921.71027478 2344352.39590585 234179299.779588
a position +75000 +84600 2003 2006 6309478.91327807 2337507.96842115 234192147.558885 6303170.90441594 2346409.44241323 234179801.372522
a position +75000 +84600 2006 2003 6303170.90441594 2346409.44241323 234179801.372522 6309478.91327807 2337507.96842115 234192147.558885
a position +81000 +85200 2006 2007 6289640.78885356 2347127.63777387 234181802.490194 6295007.4138088 2338105.47482693 234196798.854147
a position +81000 +85200 2007 2006 6295007.4138088 2338105.47482693 234196798.854147 6289640.78885356 2347127.63777387 234181802.490194
a position +51000 +86400 2001 2002 6260742.65787093 2343931.34666161 234191146.916992 6263074.86963006 2337221.32090678 234186508.219363
a position +84600 +86400 2001 2003 6260742.65787093 2343931.34666161 234191146.916992 6267348.63176017 2339960.18344352 234198853.169759
a position +85200 +86400 2001 2004 6260742.65787093 2343931.34666161 234191146.916992 6262882.81813673 2336014.99266861 234195808.493605
a position +84000 +86400 2001 2005 6260742.65787093 2343931.34666161 234191146.916992 6258669.54774097 2338887.55548452 234191152.670404
a position +81600 +86400 2001 2006 6260742.65787093 2343931.34666161 234191146.916992 6262873.49655864 2348283.2376518 234186115.933292
a position +76800 +86400 2001 2007 6260742.65787093 2343931.34666161 234191146.916992 6266939.97039769 2335170.77703141 234198754.725258
a position +78000 +86400 2001 2008 6260742.65787093 2343931.34666161 234191146.916992 6261950.92845092 2333785.89014126 234195767.405921
a position +52200 +86400 2001 9001 6260742.65787093 2343931.34666161 234191146.916992 -135117043.787059 3750.98291015625 -65403216.9563235
a position +78600 +86400 2001 9002 6260742.65787093 2343931.34666161 234191146.916992 -135125392.026805 4196.68310546875 -65401677.5151614
a position +51000 +86400 2002 2001 6263074.86963006 2337221.32090678 234186508.219363 6260742.65787093 2343931.34666161 234191146.916992
a position +84000 +86400 2002 2003 6263074.86963006 2337221.32090678 234186508.219363 6267348.63176017 2339960.18344352 234198853.169759
a position +82800 +86400 2002 2004 6263074.86963006 2337221.32090678 234186508.219363 6262882.81813673 2336014.99266861 234195808.493605
a position +82200 +86400 2002 2005 6263074.86963006 2337221.32090678 234186508.219363 6258669.54774097 2338887.55548452 234191152.670404
a position +79800 +86400 2002 2006 6263074.86963006 2337221.32090678 234186508.219363 6262873.49655864 2348283.2376518 234186115.933292
a position +84600 +86400 2002 2007 6263074.86963006 2337221.32090678 234186508.219363 6266939.97039769 2335170.77703141 234198754.725258
a position +72000 +86400 2002 2008 6263074.86963006 2337221.32090678 234186508.219363 6261950.92845092 2333785.89014126 234195767.405921
a position +76200 +86400 2002 9001 6263074.86963006 2337221.32090678 234186508.219363 -135117043.787059 3750.98291015625 -65403216.9563235
a position +78600 +86400 2002 9002 6263074.86963006 2337221.32090678 234186508.219363 -135125392.026805 4196.68310546875 -65401677.5151614
a position +84600 +86400 2003 2001 6267348.63176017 2339960.18344352 234198853.169759 6260742.65787093 2343931.34666161 234191146.916992
a position +84000 +86400 2003 2002 6267348.63176017 2339960.18344352 234198853.169759 6263074.86963006 2337221.32090678 234186508.219363
a position +0 +86400 2003 2004 6267348.63176017 2339960.18344352 234198853.169759 6262882.81813673 2336014.99266861 234195808.493605
a position +41400 +86400 2003 2005 6267348.63176017 2339960.18344352 234198853.169759 6258669.54774097 2338887.55548452 234191152.670404
a position +81000 +86400 2003 2007 6267348.63176017 2339960.18344352 234198853.169759 6266939.97039769 2335170.77703141 234198754.725258
a position +80400 +86400 2003 2008 6267348.63176017 2339960.18344352 234198853.169759 6261950.92845092 2333785.89014126 234195767.405921
a position +52200 +86400 2003 9001 6267348.63176017 2339960.18344352 234198853.169759 -135117043.787059 3750.98291015625 -65403216.9563235
a position +78600 +86400 2003 9002 6267348.63176017 2339960.18344352 234198853.169759 -135125392.026805 4196.68310546875 -65401677.5151614
a position +85200 +86400 2004 2001 6262882.81813673 2336014.99266861 234195808.493605 6260742.65787093 2343931.34666161 234191146.916992
a position +82800 +86400 2004 2002 6262882.81813673 2336014.99266861 234195808.493605 6263074.86963006 2337221.32090678 234186508.219363
a position +0 +86400 2004 2003 6262882.81813673 2336014.99266861 234195808.493605 6267348.63176017 2339960.18344352 234198853.169759
a position +3000 +86400 2004 2005 6262882.81813673 2336014.99266861 234195808.493605 6258669.54774097 2338887.55548452 234191152.670404
a position +74400 +86400 2004 2006 6262882.81813673 2336014.99266861 234195808.493605 6262873.49655864 2348283.2376518 234186115.933292
a position +81000 +86400 2004 2007 6262882.81813673 2336014.99266861 234195808.493605 6266939.97039769 2335170.77703141 234198754.725258
a position +81000 +86400 2004 2008 6262882.81813673 2336014.99266861 234195808.493605 6261950.92845092 2333785.89014126 234195767.405921
a position +52200 +86400 2004 9001 6262882.81813673 2336014.99266861 234195808.493605 -135117043.787059 3750.98291015625 -65403216.9563235
a position +78600 +86400 2004 9002 6262882.81813673 2336014.99266861 234195808.493605 -135125392.026805 4196.68310546875 -65401677.5151614
a position +84000 +86400 2005 2001 6258669.54774097 2338887.55548452 234191152.670404 6260742.65787093 2343931.34666161 234191146.916992
a position +82200 +86400 2005 2002 6258669.54774097 2338887.55548452 234191152.670404 6263074.86963006 2337221.32090678 234186508.219363
a position +41400 +86400 2005 2003 6258669.54774097 2338887.55548452 234191152.670404 6267348.63176017 2339960.18344352 234198853.169759
a position +3000 +86400 2005 2004 6258669.54774097 2338887.55548452 234191152.670404 6262882.81813673 2336014.99266861 234195808.493605
a position +20400 +86400 2005 2006 6258669.54774097 2338887.55548452 234191152.670404 6262873.49655864 2348283.2376518 234186115.933292
a position +0 +86400 2005 2007 6258669.54774097 2338887.55548452 234191152.670404 6266939.97039769 2335170.77703141 234198754.725258
a position +79200 +86400 2005 2008 6258669.54774097 2338887.55548452 234191152.670404 6261950.92845092 2333785.89014126 234195767.405921
a position +52200 +86400 2005 9001 6258669.54774097 2338887.55548452 234191152.670404 -135117043.787059 3750.98291015625 -65403216.9563235
a position +78600 +86400 2005 9002 6258669.54774097 2338887.55548452 234191152.670404 -135125392.026805 4196.68310546875 -65401677.5151614
a position +81600 +86400 2006 2001 6262873.49655864 2348283.2376518 234186115.933292 6260742.65787093 2343931.34666161 234191146.916992
a position +79800 +86400 2006 2002 6262873.49655864 2348283.2376518 234186115.933292 6263074.86963006 2337221.32090678 234186508.219363
a position +74400 +86400 2006 2004 6262873.49655864 2348283.2376518 234186115.933292 6262882.81813673 2336014.99266861 234195808.493605
a position +20400 +86400 2006 2005 6262873.49655864 2348283.2376518 234186115.933292 6258669.54774097 2338887.55548452 234191152.670404
a position +77400 +86400 2006 2008 6262873.49655864 2348283.2376518 234186115.933292 6261950.92845092 2333785.89014126 234195767.405921
a position +69600 +86400 2006 9001 6262873.49655864 2348283.2376518 234186115.933292 -135117043.787059 3750.98291015625 -65403216.9563235
a position +78600 +86400 2006 9002 6262873.49655864 2348283.2376518 234186115.933292 -135125392.026805 4196.68310546875 -65401677.5151614
a position +76800 +86400 2007 2001 6266939.97039769 2335170.77703141 234198754.725258 6260742.65787093 2343931.34666161 234191146.916992
a position +84600 +86400 2007 2002 6266939.97039769 2335170.77703141 234198754.725258 6263074.86963006 2337221.32090678 234186508.219363
a position +81000 +86400 2007 2003 6266939.97039769 2335170.77703141 234198754.725258 6267348.63176017 2339960.18344352 234198853.169759
a position +81000 +86400 2007 2004 6266939.97039769 2335170.77703141 234198754.725258 6262882.81813673 2336014.99266861 234195808.493605
a position +0 +86400 2007 2005 6266939.97039769 2335170.77703141 234198754.725258 6258669.54774097 2338887.55548452 234191152.670404
a position +0 +86400 2007 2008 6266939.97039769 2335170.77703141 234198754.725258 6261950.92845092 2333785.89014126 234195767.405921
a position +52200 +86400 2007 9001 6266939.97039769 2335170.77703141 234198754.725258 -135117043.787059 3750.98291015625 -65403216.9563235
a position +78600 +86400 2007 9002 6266939.97039769 2335170.77703141 234198754.725258 -135125392.026805 4196.68310546875 -65401677.5151614
a position +78000 +86400 2008 2001 6261950.92845092 2333785.89014126 234195767.405921 6260742.65787093 2343931.34666161 234191146.916992
a position +72000 +86400 2008 2002 6261950.92845092 2333785.89014126 234195767.405921 6263074.86963006 2337221.32090678 234186508.219363
a position +80400 +86400 2008 2003 6261950.92845092 2333785.89014126 234195767.405921 6267348.63176017 2339960.18344352 234198853.169759
a position +81000 +86400 2008 2004 6261950.92845092 2333785.89014126 234195767.405921 6262882.81813673 2336014.99266861 234195808.493605
a position +79200 +86400 2008 2005 6261950.92845092 2333785.89014126 234195767.405921 6258669.54774097 2338887.55548452 234191152.670404
a position +77400 +86400 2008 2006 6261950.92845092 2333785.89014126 234195767.405921 6262873.49655864 2348283.2376518 234186115.933292
a position +0 +86400 2008 2007 6261950.92845092 2333785.89014126 234195767.405921 6266939.97039769 2335170.77703141 234198754.725258
a position +52200 +86400 2008 9001 6261950.92845092 2333785.89014126 234195767.405921 -135117043.787059 3750.98291015625 -65403216.9563235
a position +78600 +86400 2008 9002 6261950.92845092 2333785.89014126 234195767.405921 -135125392.026805 4196.68310546875 -65401677.5151614
a position +52200 +86400 9001 2001 -135117043.787059 3750.98291015625 -65403216.9563235 6260742.65787093 2343931.34666161 234191146.916992
a position +76200 +86400 9001 2002 -135117043.787059 3750.98291015625 -65403216.9563235 6263074.86963006 2337221.32090678 234186508.219363
a position +52200 +86400 9001 2003 -135117043.787059 3750.98291015625 -65403216.9563235 6267348.63176017 2339960.18344352 234198853.169759
a position +52200 +86400 9001 2004 -135117043.787059 3750.98291015625 -65403216.9563235 6262882.81813673 2336014.99266861 234195808.493605
a position +52200 +86400 9001 2005 -135117043.787059 3750.98291015625 -65403216.9563235 6258669.54774097 2338887.55548452 234191152.670404
a position +69600 +86400 9001 2006 -135117043.787059 3750.98291015625 -65403216.9563235 6262873.49655864 2348283.2376518 234186115.933292
a position +52200 +86400 9001 2007 -135117043.787059 3750.98291015625 -65403216.9563235 6266939.97039769 2335170.77703141 234198754.725258
a position +52200 +86400 9001 2008 -135117043.787059 3750.98291015625 -65403216.9563235 6261950.92845092 2333785.89014126 234195767.405921
a position +78600 +86400 9002 2001 -135125392.026805 4196.68310546875 -65401677.5151614 6260742.65787093 2343931.34666161 234191146.916992
a position +78600 +86400 9002 2002 -135125392.026805 4196.68310546875 -65401677.5151614 6263074.86963006 2337221.32090678 234186508.219363
a position +78600 +86400 9002 2003 -135125392.026805 4196.68310546875 -65401677.5151614 6267348.63176017 2339960.18344352 234198853.169759
a position +78600 +86400 9002 2004 -135125392.026805 4196.68310546875 -65401677.5151614 6262882.81813673 2336014.99266861 234195808.493605
a position +78600 +86400 9002 2005 -135125392.026805 4196.68310546875 -65401677.5151614 6258669.54774097 2338887.55548452 234191152.670404
a position +78600 +86400 9002 2006 -135125392.026805 4196.68310546875 -65401677.5151614 6262873.49655864 2348283.2376518 234186115.933292
a position +78600 +86400 9002 2007 -135125392.026805 4196.68310546875 -65401677.5151614 6266939.97039769 2335170.77703141 234198754.725258
a position +78600 +86400 9002 2008 -135125392.026805 4196.68310546875 -65401677.5151614 6261950.92845092 2333785.89014126 234195767.405921

