a contact +0 +15600 2008 9001 50
a contact +0 +15600 9001 2008 50
a contact +0 +31200 2005 9002 50
a contact +0 +31200 9002 2005 50
a contact +31200 +34800 2002 9002 25
a contact +31200 +34800 9002 2002 25
a contact +34800 +41400 2003 9002 25
a contact +34800 +41400 9002 2003 25
a contact +41400 +42600 2001 9002 25
a contact +41400 +42600 9002 2001 25
a contact +30000 +43800 2004 9003 50
a contact +30000 +43800 9003 2004 50
a contact +52200 +52800 2001 9001 25
a contact +52200 +52800 9001 2001 25
a contact +52800 +53400 2006 9001 50
a contact +52800 +53400 9001 2006 50
a contact +53400 +60000 2003 9001 25
a contact +53400 +60000 9001 2003 25
a contact +60000 +61800 2002 9001 25
a contact +60000 +61800 9001 2002 25
a contact +61800 +73200 2001 9001 25
a contact +61800 +73200 9001 2001 25
a contact +43800 +78600 2007 9003 50
a contact +43800 +78600 9003 2007 50
a contact +78600 +86400 2002 9002 25
a contact +73200 +86400 2006 9001 50
a contact +73200 +86400 9001 2006 50
a contact +78600 +86400 9002 2002 25

a range +0 +15600 2008 9001 1102.3574
a range +0 +15600 9001 2008 1102.3574
a range +0 +31200 2005 9002 1103.3874
a range +0 +31200 9002 2005 1103.3874
a range +31200 +34800 2002 9002 1103.1007
a range +31200 +34800 9002 2002 1103.1007
a range +34800 +41400 2003 9002 1103.4106
a range +34800 +41400 9002 2003 1103.4106
a range +41400 +42600 2001 9002 1103.3975
a range +41400 +42600 9002 2001 1103.3975
a range +30000 +43800 2004 9003 1104.7664
a range +30000 +43800 9003 2004 1104.7664
a range +52200 +52800 2001 9001 1105.0488
a range +52200 +52800 9001 2001 1105.0488
a range +52800 +53400 2006 9001 1104.3926
a range +52800 +53400 9001 2006 1104.3926
a range +53400 +60000 2003 9001 1105.0813
a range +53400 +60000 9001 2003 1105.0813
a range +60000 +61800 2002 9001 1104.5907
a range +60000 +61800 9001 2002 1104.5907
a range +61800 +73200 2001 9001 1105.0488
a range +61800 +73200 9001 2001 1105.0488
a range +43800 +78600 2007 9003 1104.7935
a range +43800 +78600 9003 2007 1104.7935
a range +78600 +86400 2002 9002 1105.0452
a range +73200 +86400 2006 9001 1105.0367
a range +73200 +86400 9001 2006 1105.0367
a range +78600 +86400 9002 2002 1105.0452
