a contact +100 +200 2003 9001 1000
a contact +100 +200 9001 2003 1000
a contact +200 +400 2016 2043 1000
a contact +200 +400 2021 2037 1000
a contact +200 +400 2037 2021 1000
a contact +200 +400 2043 2016 1000
a contact +400 +500 2016 2042 1000
a contact +400 +500 2042 2016 1000
a contact +600 +700 2004 2015 1000
a contact +600 +700 2015 2004 1000
a contact +600 +700 2016 2041 1000
a contact +600 +700 2024 2038 1000
a contact +600 +700 2038 2024 1000
a contact +600 +700 2041 2016 1000
a contact +1100 +1200 2010 9002 1000
a contact +1100 +1200 9002 2010 1000
a contact +1200 +1300 2008 2047 1000
a contact +1200 +1300 2047 2008 1000
a contact +1600 +1700 2018 2027 1000
a contact +1600 +1700 2020 2043 1000
a contact +1600 +1700 2027 2018 1000
a contact +1600 +1700 2043 2020 1000
a contact +1800 +1900 2024 2050 1000
a contact +1800 +1900 2050 2024 1000
a contact +1900 +2000 2022 2050 1000
a contact +1900 +2000 2023 2051 1000
a contact +1900 +2000 2050 2022 1000
a contact +1900 +2000 2051 2023 1000
a contact +2000 +2100 1002 2003 1000
a contact +2000 +2100 2003 1002 1000
a contact +2100 +2200 1002 2003 1000
a contact +2100 +2200 2003 1002 1000
a contact +2400 +2500 2031 2044 1000
a contact +2400 +2500 2044 2031 1000
a contact +2600 +2700 1003 2038 1000
a contact +2600 +2700 2038 1003 1000
a contact +2800 +2900 1003 2024 1000
a contact +2800 +2900 2006 2008 1000
a contact +2800 +2900 2008 2006 1000
a contact +2800 +2900 2024 1003 1000
a contact +3200 +3300 2049 2050 1000
a contact +3200 +3300 2050 2049 1000
a contact +3300 +3400 2026 2041 1000
a contact +3300 +3400 2041 2026 1000
a contact +3400 +3500 2028 2031 1000
a contact +3400 +3500 2031 2028 1000
a contact +3600 +3700 2019 2028 1000
a contact +3600 +3700 2028 2019 1000
a contact +3900 +4000 2003 2020 1000
a contact +3900 +4000 2020 2003 1000
a contact +4200 +4300 2006 2021 1000
a contact +4200 +4300 2021 2006 1000
a contact +4300 +4400 2003 2017 1000
a contact +4300 +4400 2017 2003 1000
a contact +4700 +4800 2013 2022 1000
a contact +4700 +4800 2022 2013 1000
a contact +4800 +4900 2020 2035 1000
a contact +4800 +4900 2035 2020 1000
a contact +4900 +5000 2020 2034 1000
a contact +4900 +5000 2034 2020 1000
a contact +5000 +5100 2015 2032 1000
a contact +5000 +5100 2032 2015 1000
a contact +5100 +5200 2013 2042 1000
a contact +5100 +5200 2042 2013 1000
a contact +5200 +5300 2004 2050 1000
a contact +5200 +5300 2050 2004 1000
a contact +5300 +5400 2008 2024 1000
a contact +5300 +5400 2024 2008 1000
a contact +5600 +5700 2001 2051 1000
a contact +5600 +5700 2051 2001 1000
a contact +5700 +5800 2014 2024 1000
a contact +5700 +5800 2024 2014 1000
a contact +5800 +5900 2007 2037 1000
a contact +5800 +5900 2037 2007 1000
a contact +6100 +6200 2029 2039 1000
a contact +6100 +6200 2039 2029 1000
a contact +6200 +6300 2008 2049 1000
a contact +6200 +6300 2049 2008 1000
a contact +6300 +6400 2001 2048 1000
a contact +6300 +6400 2048 2001 1000
a contact +6400 +6500 1001 2013 1000
a contact +6400 +6500 2013 1001 1000
a contact +6600 +6700 2002 2023 1000
a contact +6600 +6700 2005 2020 1000
a contact +6600 +6700 2020 2005 1000
a contact +6600 +6700 2023 2002 1000
a contact +6700 +6800 1003 2016 1000
a contact +6700 +6800 2016 1003 1000
a contact +6900 +7000 1001 2016 1000
a contact +6900 +7000 2016 1001 1000
a contact +6900 +7000 2022 2046 1000
a contact +6900 +7000 2046 2022 1000
a contact +7300 +7400 2002 2049 1000
a contact +7300 +7400 2010 2036 1000
a contact +7300 +7400 2036 2010 1000
a contact +7300 +7400 2049 2002 1000
a contact +7800 +7900 2037 2047 1000
a contact +7800 +7900 2047 2037 1000
a contact +8000 +8100 2028 2040 1000
a contact +8000 +8100 2040 2028 1000
a contact +8200 +8300 1002 2046 1000
a contact +8200 +8300 2046 1002 1000
a contact +8300 +8400 1002 2041 1000
a contact +8300 +8400 2041 1002 1000
a contact +8600 +8700 1003 2042 1000
a contact +8600 +8700 2042 1003 1000
a contact +9100 +9200 2008 2018 1000
a contact +9100 +9200 2018 2008 1000
a contact +9300 +9400 2046 2049 1000
a contact +9300 +9400 2049 2046 1000
a contact +9400 +9500 2048 2049 1000
a contact +9400 +9500 2049 2048 1000
a contact +9500 +9600 2005 2043 1000
a contact +9500 +9600 2043 2005 1000
a contact +9500 +9600 2049 2051 1000
a contact +9500 +9600 2051 2049 1000
a contact +9600 +9700 2039 2050 1000
a contact +9600 +9700 2050 2039 1000
a contact +9700 +9800 2003 2034 1000
a contact +9700 +9800 2034 2003 1000
a contact +9800 +9900 2020 2033 1000
a contact +9800 +9900 2033 2020 1000
a contact +9900 +10000 2012 2014 1000
a contact +9900 +10000 2014 2012 1000
a contact +9900 +10000 2048 2050 1000
a contact +9900 +10000 2050 2048 1000
a contact +10000 +10100 2022 2051 1000
a contact +10000 +10100 2051 2022 1000
a contact +10100 +10200 2016 2038 1000
a contact +10100 +10200 2038 2016 1000
a contact +10200 +10300 2045 2048 1000
a contact +10200 +10300 2048 2045 1000
a contact +11100 +11200 1002 2052 1000
a contact +11100 +11200 2013 2045 1000
a contact +11100 +11200 2045 2013 1000
a contact +11100 +11200 2052 1002 1000
a contact +11300 +11400 1001 2052 1000
a contact +11300 +11400 2052 1001 1000
a contact +11400 +11500 2002 2027 1000
a contact +11400 +11500 2027 2002 1000
a contact +11400 +11500 2034 2051 1000
a contact +11400 +11500 2051 2034 1000
a contact +11700 +11800 2034 2036 1000
a contact +11700 +11800 2036 2034 1000
a contact +12200 +12300 2029 2051 1000
a contact +12200 +12300 2051 2029 1000
a contact +12300 +12400 2014 2030 1000
a contact +12300 +12400 2030 2014 1000
a contact +12400 +12500 2004 2038 1000
a contact +12400 +12500 2038 2004 1000
a contact +12500 +12600 2035 2047 1000
a contact +12500 +12600 2047 2035 1000
a contact +13300 +13400 2005 2037 1000
a contact +13300 +13400 2008 2044 1000
a contact +13300 +13400 2037 2005 1000
a contact +13300 +13400 2044 2008 1000
a contact +13600 +13700 1002 2043 1000
a contact +13600 +13700 2043 1002 1000
a contact +13800 +13900 1002 2017 1000
a contact +13800 +13900 2009 2018 1000
a contact +13800 +13900 2017 1002 1000
a contact +13800 +13900 2018 2009 1000
a contact +14000 +14100 2020 9001 1000
a contact +14000 +14100 9001 2020 1000
a contact +14400 +14500 2006 2047 1000
a contact +14400 +14500 2047 2006 1000
a contact +14500 +14700 1003 2020 1000
a contact +14500 +14700 2020 1003 1000
a contact +14600 +14700 2046 2048 1000
a contact +14600 +14700 2048 2046 1000
a contact +14700 +14800 2028 2043 1000
a contact +14700 +14800 2043 2028 1000
a contact +14700 +14800 2048 2050 1000
a contact +14700 +14800 2050 2048 1000
a contact +15600 +15700 1002 2044 1000
a contact +15600 +15700 2044 1002 1000
a contact +16500 +16600 2011 2049 1000
a contact +16500 +16600 2049 2011 1000
a contact +16800 +16900 2012 2048 1000
a contact +16800 +16900 2048 2012 1000
a contact +16900 +17000 2017 2033 1000
a contact +16900 +17000 2018 2032 1000
a contact +16900 +17000 2032 2018 1000
a contact +16900 +17000 2033 2017 1000
a contact +17200 +17300 2027 2048 1000
a contact +17200 +17300 2048 2027 1000
a contact +17500 +17600 2017 9002 1000
a contact +17500 +17600 2028 2037 1000
a contact +17500 +17600 2037 2028 1000
a contact +17500 +17600 9002 2017 1000
a contact +17700 +17800 2031 2048 1000
a contact +17700 +17800 2048 2031 1000
a contact +17900 +18000 2035 2047 1000
a contact +17900 +18000 2047 2035 1000
a contact +18400 +18500 2036 2051 1000
a contact +18400 +18500 2051 2036 1000
a contact +18500 +18600 1002 9001 1000
a contact +18500 +18600 9001 1002 1000
a contact +18800 +18900 2033 2044 1000
a contact +18800 +18900 2044 2033 1000
a contact +19100 +19200 2028 2050 1000
a contact +19100 +19200 2050 2028 1000
a contact +19300 +19400 2010 2022 1000
a contact +19300 +19400 2022 2010 1000
a contact +19500 +19600 2013 2033 1000
a contact +19500 +19600 2033 2013 1000
a contact +19600 +19700 2004 2041 1000
a contact +19600 +19700 2041 2004 1000
a contact +19700 +19800 2047 2048 1000
a contact +19700 +19800 2048 2047 1000
a contact +19800 +19900 2005 2006 1000
a contact +19800 +19900 2006 2005 1000
a contact +19800 +19900 2025 2045 1000
a contact +19800 +19900 2045 2025 1000
a contact +19900 +20000 2003 2035 1000
a contact +19900 +20000 2015 2049 1000
a contact +19900 +20000 2035 2003 1000
a contact +19900 +20000 2049 2015 1000
a contact +20200 +20300 2044 2046 1000
a contact +20200 +20300 2046 2044 1000
a contact +20300 +20400 2021 2023 1000
a contact +20300 +20400 2023 2021 1000
a contact +20600 +20700 1002 2037 1000
a contact +20600 +20700 2037 1002 1000
a contact +21100 +21200 2010 2047 1000
a contact +21100 +21200 2012 2030 1000
a contact +21100 +21200 2030 2012 1000
a contact +21100 +21200 2047 2010 1000
a contact +21400 +21500 2002 2026 1000
a contact +21400 +21500 2019 2042 1000
a contact +21400 +21500 2026 2002 1000
a contact +21400 +21500 2042 2019 1000
a contact +21500 +21600 1004 2027 1000
a contact +21500 +21600 2027 1004 1000
a contact +22000 +22100 2021 9002 1000
a contact +22000 +22100 9002 2021 1000
a contact +22300 +22400 2007 2045 1000
a contact +22300 +22400 2045 2007 1000
a contact +22500 +22600 2007 2041 1000
a contact +22500 +22600 2041 2007 1000
a contact +22800 +22900 2003 2031 1000
a contact +22800 +22900 2007 2035 1000
a contact +22800 +22900 2031 2003 1000
a contact +22800 +22900 2035 2007 1000
a contact +22900 +23000 1004 2024 1000
a contact +22900 +23000 2010 2042 1000
a contact +22900 +23000 2024 1004 1000
a contact +22900 +23000 2042 2010 1000
a contact +23000 +23100 1004 2024 1000
a contact +23000 +23100 2024 1004 1000
a contact +23100 +23200 2001 2024 1000
a contact +23100 +23200 2024 2001 1000
a contact +23400 +23500 1004 2016 1000
a contact +23400 +23500 2016 1004 1000
a contact +23500 +23600 2005 2041 1000
a contact +23500 +23600 2041 2005 1000
a contact +23600 +23700 2023 2052 1000
a contact +23600 +23700 2052 2023 1000
a contact +23900 +24000 2004 2016 1000
a contact +23900 +24000 2016 2004 1000
a contact +23900 +24000 2025 2047 1000
a contact +23900 +24000 2047 2025 1000
a contact +24100 +24200 2025 2028 1000
a contact +24100 +24200 2028 2025 1000
a contact +24400 +24500 2041 2050 1000
a contact +24400 +24500 2050 2041 1000
a contact +24600 +24700 2014 2036 1000
a contact +24600 +24700 2036 2014 1000
a contact +24800 +24900 2001 2038 1000
a contact +24800 +24900 2038 2001 1000
a contact +24800 +24900 2040 2049 1000
a contact +24800 +24900 2049 2040 1000
a contact +24900 +25000 2004 2007 1000
a contact +24900 +25000 2007 2004 1000
a contact +25200 +25300 2013 2014 1000
a contact +25200 +25300 2014 2013 1000
a contact +25400 +25500 2028 2030 1000
a contact +25400 +25500 2030 2028 1000
a contact +25700 +25800 1003 2046 1000
a contact +25700 +25800 2046 1003 1000
a contact +25900 +26000 2028 2049 1000
a contact +25900 +26000 2049 2028 1000
a contact +26100 +26200 2002 2036 1000
a contact +26100 +26200 2007 2028 1000
a contact +26100 +26200 2028 2007 1000
a contact +26100 +26200 2036 2002 1000
a contact +26500 +26600 2002 2029 1000
a contact +26500 +26600 2005 2022 1000
a contact +26500 +26600 2022 2005 1000
a contact +26500 +26600 2029 2002 1000
a contact +26800 +26900 2009 2051 1000
a contact +26800 +26900 2051 2009 1000
a contact +27000 +27100 2003 2035 1000
a contact +27000 +27100 2035 2003 1000
a contact +27200 +27300 2008 2052 1000
a contact +27200 +27300 2052 2008 1000
a contact +27700 +27800 2034 2044 1000
a contact +27700 +27800 2044 2034 1000
a contact +27900 +28000 2007 2051 1000
a contact +27900 +28000 2051 2007 1000
a contact +28000 +28100 2012 2047 1000
a contact +28000 +28100 2023 2026 1000
a contact +28000 +28100 2026 2023 1000
a contact +28000 +28100 2047 2012 1000
a contact +28300 +28400 2022 2052 1000
a contact +28300 +28400 2052 2022 1000
a contact +28800 +28900 2026 2051 1000
a contact +28800 +28900 2051 2026 1000
a contact +28900 +29000 2006 2034 1000
a contact +28900 +29000 2034 2006 1000
a contact +29200 +29300 1003 2011 1000
a contact +29200 +29300 2011 1003 1000
a contact +29200 +29300 2026 2049 1000
a contact +29200 +29300 2049 2026 1000
a contact +29400 +29500 1001 2011 1000
a contact +29400 +29500 2002 2017 1000
a contact +29400 +29500 2011 1001 1000
a contact +29400 +29500 2017 2002 1000
a contact +29700 +29800 2001 2048 1000
a contact +29700 +29800 2048 2001 1000
a contact +30000 +30100 1003 2011 1000
a contact +30000 +30100 2011 1003 1000
a contact +30700 +30800 2018 2050 1000
a contact +30700 +30800 2050 2018 1000
a contact +30800 +30900 2037 2046 1000
a contact +30800 +30900 2046 2037 1000
a contact +30900 +31000 2001 2015 1000
a contact +30900 +31000 2015 2001 1000
a contact +31100 +31200 2024 2026 1000
a contact +31100 +31200 2026 2024 1000
a contact +31400 +31600 2002 2015 1000
a contact +31400 +31600 2006 2019 1000
a contact +31400 +31600 2015 2002 1000
a contact +31400 +31600 2019 2006 1000
a contact +31700 +31800 2038 9002 1000
a contact +31700 +31800 9002 2038 1000
a contact +31900 +32000 2026 2035 1000
a contact +31900 +32000 2035 2026 1000
a contact +32700 +32800 2026 2036 1000
a contact +32700 +32800 2036 2026 1000
a contact +33200 +33300 2006 2031 1000
a contact +33200 +33300 2031 2006 1000
a contact +33400 +33500 1003 2011 1000
a contact +33400 +33500 2011 1003 1000
a contact +33600 +33700 2010 2040 1000
a contact +33600 +33700 2040 2010 1000
a contact +33700 +33800 2034 2035 1000
a contact +33700 +33800 2035 2034 1000
a contact +34000 +34100 2006 2045 1000
a contact +34000 +34100 2045 2006 1000
a contact +34100 +34200 2004 2050 1000
a contact +34100 +34200 2050 2004 1000
a contact +34200 +34300 1004 2011 1000
a contact +34200 +34300 2011 1004 1000
a contact +34600 +34700 2028 2049 1000
a contact +34600 +34700 2049 2028 1000
a contact +35000 +35100 2025 2039 1000
a contact +35000 +35100 2039 2025 1000
a contact +35200 +35300 2007 9002 1000
a contact +35200 +35300 9002 2007 1000
a contact +35400 +35500 2010 2032 1000
a contact +35400 +35500 2023 2045 1000
a contact +35400 +35500 2032 2010 1000
a contact +35400 +35500 2045 2023 1000
a contact +36400 +36500 1001 2044 1000
a contact +36400 +36500 2044 1001 1000
a contact +37000 +37100 2033 2043 1000
a contact +37000 +37100 2043 2033 1000
a contact +37100 +37200 2019 2029 1000
a contact +37100 +37200 2029 2019 1000
a contact +37700 +37800 2017 2018 1000
a contact +37700 +37800 2018 2017 1000
a contact +37900 +38000 2015 2045 1000
a contact +37900 +38000 2045 2015 1000
a contact +38100 +38200 2036 2037 1000
a contact +38100 +38200 2037 2036 1000
a contact +38300 +38400 1003 2044 1000
a contact +38300 +38400 2044 1003 1000
a contact +38400 +38500 2004 2039 1000
a contact +38400 +38500 2039 2004 1000
a contact +38500 +38600 1002 2044 1000
a contact +38500 +38600 2044 1002 1000
a contact +38600 +38700 1002 2035 1000
a contact +38600 +38700 2035 1002 1000
a contact +38700 +38800 2020 2037 1000
a contact +38700 +38800 2037 2020 1000
a contact +38800 +38900 2038 9003 1000
a contact +38800 +38900 9003 2038 1000
a contact +38900 +39000 2030 2047 1000
a contact +38900 +39000 2047 2030 1000
a contact +39000 +39100 1004 2044 1000
a contact +39000 +39100 2002 2011 1000
a contact +39000 +39100 2011 2002 1000
a contact +39000 +39100 2044 1004 1000
a contact +39200 +39300 1004 2035 1000
a contact +39200 +39300 2035 1004 1000
a contact +39300 +39400 1001 2035 1000
a contact +39300 +39400 2035 1001 1000
a contact +39400 +39500 1002 2035 1000
a contact +39400 +39500 2035 1002 1000
a contact +39600 +39700 2018 2020 1000
a contact +39600 +39700 2020 2018 1000
a contact +40400 +40500 1002 2035 1000
a contact +40400 +40500 2035 1002 1000
a contact +40700 +40800 2022 9003 1000
a contact +40700 +40800 9003 2022 1000
a contact +41300 +41400 2024 2042 1000
a contact +41300 +41400 2025 2036 1000
a contact +41300 +41400 2036 2025 1000
a contact +41300 +41400 2042 2024 1000
a contact +41400 +41500 2013 2028 1000
a contact +41400 +41500 2028 2013 1000
a contact +42000 +42100 2024 2041 1000
a contact +42000 +42100 2041 2024 1000
a contact +42700 +42800 2003 2032 1000
a contact +42700 +42800 2032 2003 1000
a contact +42900 +43000 2029 2050 1000
a contact +42900 +43000 2050 2029 1000
a contact +43400 +43500 2008 2049 1000
a contact +43400 +43500 2049 2008 1000
a contact +43500 +43600 2020 2044 1000
a contact +43500 +43600 2044 2020 1000
a contact +43700 +43800 2011 2020 1000
a contact +43700 +43800 2020 2011 1000
a contact +44200 +44300 2007 2034 1000
a contact +44200 +44300 2034 2007 1000
a contact +44300 +44400 1001 2037 1000
a contact +44300 +44400 1002 2041 1000
a contact +44300 +44400 2037 1001 1000
a contact +44300 +44400 2041 1002 1000
a contact +44500 +44600 2005 2007 1000
a contact +44500 +44600 2007 2005 1000
a contact +45100 +45200 1002 2041 1000
a contact +45100 +45200 2041 1002 1000
a contact +45700 +45800 1004 2030 1000
a contact +45700 +45800 2030 1004 1000
a contact +45800 +45900 2017 2041 1000
a contact +45800 +45900 2041 2017 1000
a contact +45900 +46100 2014 2042 1000
a contact +45900 +46100 2042 2014 1000
a contact +46100 +46200 2001 2022 1000
a contact +46100 +46200 2012 9003 1000
a contact +46100 +46200 2022 2001 1000
a contact +46100 +46200 9003 2012 1000
a contact +46200 +46300 1002 2030 1000
a contact +46200 +46300 2030 1002 1000
a contact +46600 +46700 2008 2011 1000
a contact +46600 +46700 2010 2048 1000
a contact +46600 +46700 2011 2008 1000
a contact +46600 +46700 2048 2010 1000
a contact +47300 +47400 2003 9003 1000
a contact +47300 +47400 9003 2003 1000
a contact +47400 +47500 2021 2035 1000
a contact +47400 +47500 2035 2021 1000
a contact +47600 +47700 2011 2046 1000
a contact +47600 +47700 2046 2011 1000
a contact +47700 +47800 2008 2022 1000
a contact +47700 +47800 2022 2008 1000
a contact +47800 +47900 2050 2052 1000
a contact +47800 +47900 2052 2050 1000
a contact +48200 +48300 2034 2035 1000
a contact +48200 +48300 2035 2034 1000
a contact +48400 +48500 1004 2047 1000
a contact +48400 +48500 2047 1004 1000
a contact +48800 +48900 1004 2034 1000
a contact +48800 +48900 2034 1004 1000
a contact +48900 +49000 1004 2049 1000
a contact +48900 +49000 2015 2030 1000
a contact +48900 +49000 2030 2015 1000
a contact +48900 +49000 2049 1004 1000
a contact +49100 +49200 2016 2028 1000
a contact +49100 +49200 2028 2016 1000
a contact +49500 +49600 2019 2035 1000
a contact +49500 +49600 2035 2019 1000
a contact +49800 +49900 2018 2042 1000
a contact +49800 +49900 2042 2018 1000
a contact +49900 +50000 1004 2034 1000
a contact +49900 +50000 2008 2033 1000
a contact +49900 +50000 2013 2041 1000
a contact +49900 +50000 2033 2008 1000
a contact +49900 +50000 2034 1004 1000
a contact +49900 +50000 2041 2013 1000
a contact +50100 +50200 1004 2025 1000
a contact +50100 +50200 2025 1004 1000
a contact +50200 +50300 2006 2036 1000
a contact +50200 +50300 2036 2006 1000
a contact +50300 +50400 2007 2048 1000
a contact +50300 +50400 2048 2007 1000
a contact +50600 +50700 2003 2014 1000
a contact +50600 +50700 2014 2003 1000
a contact +50800 +50900 2006 2041 1000
a contact +50800 +50900 2041 2006 1000
a contact +51100 +51200 2015 2050 1000
a contact +51100 +51200 2050 2015 1000
a contact +51200 +51300 1004 2008 1000
a contact +51200 +51300 2008 1004 1000
a contact +51200 +51300 2020 2049 1000
a contact +51200 +51300 2049 2020 1000
a contact +51300 +51400 1004 2027 1000
a contact +51300 +51400 2027 1004 1000
a contact +51400 +51500 2037 2038 1000
a contact +51400 +51500 2038 2037 1000
a contact +51400 +51500 2041 2042 1000
a contact +51400 +51500 2042 2041 1000
a contact +51500 +51600 2021 2043 1000
a contact +51500 +51600 2043 2021 1000
a contact +51600 +51700 2003 2051 1000
a contact +51600 +51700 2051 2003 1000
a contact +52500 +52600 2028 9001 1000
a contact +52500 +52600 9001 2028 1000
a contact +53000 +53100 2022 2047 1000
a contact +53000 +53100 2028 9003 1000
a contact +53000 +53100 2047 2022 1000
a contact +53000 +53100 9003 2028 1000
a contact +53400 +53500 1001 2008 1000
a contact +53400 +53500 1003 2032 1000
a contact +53400 +53500 2008 1001 1000
a contact +53400 +53500 2032 1003 1000
a contact +53500 +53600 2037 2046 1000
a contact +53500 +53600 2046 2037 1000
a contact +53500 +53700 1002 2032 1000
a contact +53500 +53700 2032 1002 1000
a contact +54000 +54100 2038 2051 1000
a contact +54000 +54100 2043 2044 1000
a contact +54000 +54100 2044 2043 1000
a contact +54000 +54100 2051 2038 1000
a contact +54100 +54200 1002 2008 1000
a contact +54100 +54200 2008 1002 1000
a contact +54200 +54300 2001 2012 1000
a contact +54200 +54300 2012 2001 1000
a contact +54200 +54300 2029 2031 1000
a contact +54200 +54300 2031 2029 1000
a contact +54300 +54400 1003 2008 1000
a contact +54300 +54400 2008 1003 1000
a contact +54600 +54700 2016 2045 1000
a contact +54600 +54700 2045 2016 1000
a contact +54600 +54800 1001 2032 1000
a contact +54700 +54800 2001 2025 1000
a contact +54700 +54800 2025 2001 1000
a contact +54600 +54800 2032 1001 1000
a contact +55000 +55100 2029 2044 1000
a contact +55000 +55100 2044 2029 1000
a contact +55100 +55200 1002 2008 1000
a contact +55100 +55200 2008 1002 1000
a contact +55500 +55600 2016 2018 1000
a contact +55500 +55600 2018 2016 1000
a contact +55800 +55900 2003 2017 1000
a contact +55800 +55900 2017 2003 1000
a contact +56000 +56100 2031 2044 1000
a contact +56000 +56100 2044 2031 1000
a contact +56300 +56400 1004 2008 1000
a contact +56300 +56400 2008 1004 1000
a contact +56300 +56400 2014 2023 1000
a contact +56300 +56400 2023 2014 1000
a contact +56900 +57000 2042 2044 1000
a contact +56900 +57000 2044 2042 1000
a contact +57000 +57100 2002 9001 1000
a contact +57000 +57100 2034 2035 1000
a contact +57000 +57100 2035 2034 1000
a contact +57000 +57100 9001 2002 1000
a contact +57100 +57200 2009 2047 1000
a contact +57100 +57200 2016 2042 1000
a contact +57100 +57200 2042 2016 1000
a contact +57100 +57200 2047 2009 1000
a contact +57200 +57300 2009 2043 1000
a contact +57200 +57300 2043 2009 1000
a contact +57300 +57400 1004 2008 1000
a contact +57300 +57400 2008 1004 1000
a contact +57300 +57400 2018 2042 1000
a contact +57300 +57400 2042 2018 1000
a contact +57400 +57500 2033 2047 1000
a contact +57400 +57500 2047 2033 1000
a contact +57500 +57700 2004 9003 1000
a contact +57500 +57700 9003 2004 1000
a contact +57900 +58000 2010 2047 1000
a contact +57900 +58000 2047 2010 1000
a contact +58100 +58200 2022 2039 1000
a contact +58100 +58200 2039 2022 1000
a contact +58200 +58300 2009 2048 1000
a contact +58200 +58300 2048 2009 1000
a contact +58300 +58500 1002 2008 1000
a contact +58300 +58500 2008 1002 1000
a contact +58600 +58700 1001 2008 1000
a contact +58600 +58700 2008 1001 1000
a contact +58700 +58800 2022 2045 1000
a contact +58700 +58800 2045 2022 1000
a contact +59000 +59100 2034 2044 1000
a contact +59000 +59100 2044 2034 1000
a contact +59200 +59300 2023 2032 1000
a contact +59200 +59300 2032 2023 1000
a contact +59300 +59400 1001 2008 1000
a contact +59300 +59400 2008 1001 1000
a contact +59300 +59400 2027 2030 1000
a contact +59300 +59400 2030 2027 1000
a contact +59400 +59500 2043 2046 1000
a contact +59400 +59500 2046 2043 1000
a contact +59900 +60000 2016 2026 1000
a contact +59900 +60000 2026 2016 1000
a contact +60300 +60400 2005 2047 1000
a contact +60300 +60400 2007 2033 1000
a contact +60300 +60400 2033 2007 1000
a contact +60300 +60400 2047 2005 1000
a contact +60600 +60700 1002 2008 1000
a contact +60600 +60700 2008 1002 1000
a contact +60600 +60700 2020 2048 1000
a contact +60600 +60700 2048 2020 1000
a contact +60700 +60800 2005 2032 1000
a contact +60700 +60800 2032 2005 1000
a contact +61000 +61100 2007 2019 1000
a contact +61000 +61100 2019 2007 1000
a contact +61000 +61100 2025 2026 1000
a contact +61000 +61100 2026 2025 1000
a contact +61100 +61200 1004 2008 1000
a contact +61100 +61200 2008 1004 1000
a contact +61200 +61300 2021 2038 1000
a contact +61200 +61300 2038 2021 1000
a contact +61800 +61900 1001 2008 1000
a contact +61800 +61900 2008 1001 1000
a contact +61900 +62000 2001 2017 1000
a contact +61900 +62000 2017 2001 1000
a contact +61900 +62000 2026 2041 1000
a contact +61900 +62000 2041 2026 1000
a contact +62100 +62200 1002 2039 1000
a contact +62100 +62200 2039 1002 1000
a contact +62300 +62400 2038 2048 1000
a contact +62300 +62400 2048 2038 1000
a contact +62400 +62500 1003 2008 1000
a contact +62400 +62500 2008 1003 1000
a contact +62400 +62500 2018 2021 1000
a contact +62400 +62500 2021 2018 1000
a contact +62700 +62800 1001 2039 1000
a contact +62700 +62800 2039 1001 1000
a contact +63000 +63100 2015 2036 1000
a contact +63000 +63100 2036 2015 1000
a contact +63100 +63200 2034 2037 1000
a contact +63100 +63200 2037 2034 1000
a contact +63300 +63500 1003 2008 1000
a contact +63300 +63500 2008 1003 1000
a contact +63500 +63600 2040 2050 1000
a contact +63500 +63600 2050 2040 1000
a contact +63600 +63800 2016 2034 1000
a contact +63600 +63800 2034 2016 1000
a contact +63800 +63900 2011 2027 1000
a contact +63800 +63900 2027 2011 1000
a contact +63900 +64000 2029 2047 1000
a contact +63900 +64000 2047 2029 1000
a contact +64200 +64300 2026 2028 1000
a contact +64200 +64300 2028 2026 1000
a contact +64200 +64300 2033 2034 1000
a contact +64200 +64300 2034 2033 1000
a contact +64500 +64600 2024 2037 1000
a contact +64500 +64600 2037 2024 1000
a contact +64800 +64900 2012 2047 1000
a contact +64800 +64900 2047 2012 1000
a contact +65200 +65300 2026 2048 1000
a contact +65200 +65300 2048 2026 1000
a contact +65500 +65600 2001 2044 1000
a contact +65500 +65600 2044 2001 1000
a contact +65600 +65700 2024 2025 1000
a contact +65600 +65700 2025 2024 1000
a contact +66000 +66100 2004 2017 1000
a contact +66000 +66100 2017 2004 1000
a contact +66200 +66400 2009 2036 1000
a contact +66200 +66400 2036 2009 1000
a contact +66900 +67000 2031 2047 1000
a contact +66900 +67000 2047 2031 1000
a contact +67200 +67300 2008 2011 1000
a contact +67200 +67300 2011 2008 1000
a contact +67300 +67400 2004 2043 1000
a contact +67300 +67400 2043 2004 1000
a contact +67600 +67700 2034 2048 1000
a contact +67600 +67700 2048 2034 1000
a contact +68500 +68600 2005 2008 1000
a contact +68500 +68600 2008 2005 1000
a contact +68500 +68600 2030 2047 1000
a contact +68500 +68600 2047 2030 1000
a contact +68700 +68800 2022 2048 1000
a contact +68700 +68800 2048 2022 1000
a contact +68900 +69000 2004 2045 1000
a contact +68900 +69000 2045 2004 1000
a contact +69000 +69100 2035 2052 1000
a contact +69000 +69100 2052 2035 1000
a contact +69300 +69400 2012 2028 1000
a contact +69300 +69400 2028 2012 1000
a contact +69400 +69500 2001 2044 1000
a contact +69400 +69500 2044 2001 1000
a contact +69500 +69600 2002 9001 1000
a contact +69500 +69600 2030 2052 1000
a contact +69500 +69600 2052 2030 1000
a contact +69500 +69600 9001 2002 1000
a contact +69900 +70000 2005 2028 1000
a contact +69900 +70000 2028 2005 1000
a contact +70000 +70100 2001 2046 1000
a contact +70000 +70100 2008 2052 1000
a contact +70000 +70100 2046 2001 1000
a contact +70000 +70100 2052 2008 1000
a contact +70100 +70200 2001 2031 1000
a contact +70100 +70200 2031 2001 1000
a contact +70400 +70500 2020 2034 1000
a contact +70400 +70500 2034 2020 1000
a contact +70600 +70700 2037 2050 1000
a contact +70600 +70700 2050 2037 1000
a contact +71200 +71300 2013 2050 1000
a contact +71200 +71300 2050 2013 1000
a contact +71500 +71600 2013 2023 1000
a contact +71500 +71600 2020 2022 1000
a contact +71500 +71600 2022 2020 1000
a contact +71500 +71600 2023 2013 1000
a contact +71600 +71700 2002 2031 1000
a contact +71600 +71700 2031 2002 1000
a contact +71900 +72000 2013 2028 1000
a contact +71900 +72000 2023 2038 1000
a contact +71900 +72000 2028 2013 1000
a contact +71900 +72000 2038 2023 1000
a contact +72800 +72900 2004 2019 1000
a contact +72800 +72900 2019 2004 1000
a contact +73200 +73300 1004 2043 1000
a contact +73200 +73300 2043 1004 1000
a contact +73800 +73900 1003 2046 1000
a contact +73800 +73900 2014 2035 1000
a contact +73800 +73900 2035 2014 1000
a contact +73800 +73900 2046 1003 1000
a contact +74200 +74300 2015 2028 1000
a contact +74200 +74300 2028 2015 1000
a contact +74300 +74400 1001 2043 1000
a contact +74300 +74400 2043 1001 1000
a contact +74600 +74700 1002 2043 1000
a contact +74600 +74700 2008 2011 1000
a contact +74600 +74700 2011 2008 1000
a contact +74600 +74700 2043 1002 1000
a contact +75400 +75500 1002 2043 1000
a contact +75400 +75500 2043 1002 1000
a contact +75700 +75800 2009 2037 1000
a contact +75700 +75800 2010 2024 1000
a contact +75700 +75800 2024 2010 1000
a contact +75700 +75800 2035 2038 1000
a contact +75700 +75800 2037 2009 1000
a contact +75700 +75800 2038 2035 1000
a contact +75900 +76000 2001 9003 1000
a contact +75900 +76000 9003 2001 1000
a contact +76000 +76100 1002 2046 1000
a contact +76000 +76100 2007 2034 1000
a contact +76000 +76100 2034 2007 1000
a contact +76000 +76100 2046 1002 1000
a contact +76500 +76600 2034 2051 1000
a contact +76500 +76600 2051 2034 1000
a contact +76800 +76900 1002 2043 1000
a contact +76800 +76900 2043 1002 1000
a contact +76800 +77000 2037 9003 1000
a contact +76800 +77000 9003 2037 1000
a contact +77200 +77300 2006 2038 1000
a contact +77200 +77300 2038 2006 1000
a contact +77700 +77800 1001 2046 1000
a contact +77700 +77800 2012 2032 1000
a contact +77700 +77800 2032 2012 1000
a contact +77700 +77800 2046 1001 1000
a contact +77800 +78000 2019 2029 1000
a contact +77800 +78000 2029 2019 1000
a contact +78000 +78100 2028 2031 1000
a contact +78000 +78100 2031 2028 1000
a contact +78100 +78200 2035 2049 1000
a contact +78100 +78200 2049 2035 1000
a contact +78200 +78300 2002 2045 1000
a contact +78200 +78300 2045 2002 1000
a contact +78500 +78700 1002 2022 1000
a contact +78500 +78700 2022 1002 1000
a contact +78800 +78900 2028 2029 1000
a contact +78800 +78900 2029 2028 1000
a contact +79000 +79100 1003 2022 1000
a contact +79000 +79100 2022 1003 1000
a contact +78900 +79100 2030 2051 1000
a contact +79000 +79100 2038 2052 1000
a contact +78900 +79100 2051 2030 1000
a contact +79000 +79100 2052 2038 1000
a contact +79600 +79700 2014 2052 1000
a contact +79600 +79700 2052 2014 1000
a contact +79700 +79800 2002 2050 1000
a contact +79700 +79800 2050 2002 1000
a contact +79800 +79900 1002 2022 1000
a contact +79800 +79900 2022 1002 1000
a contact +79800 +79900 2035 2052 1000
a contact +79800 +79900 2052 2035 1000
a contact +79900 +80000 2019 2033 1000
a contact +79900 +80000 2033 2019 1000
a contact +80100 +80200 1003 2022 1000
a contact +80100 +80200 2009 2032 1000
a contact +80100 +80200 2022 1003 1000
a contact +80100 +80200 2032 2009 1000
a contact +80500 +80600 2008 2032 1000
a contact +80500 +80600 2032 2008 1000
a contact +80700 +80900 1003 2005 1000
a contact +80700 +80900 2005 1003 1000
a contact +80700 +80900 2029 2030 1000
a contact +80700 +80900 2030 2029 1000
a contact +81400 +81500 2019 2030 1000
a contact +81400 +81500 2030 2019 1000
a contact +81500 +81600 2008 2044 1000
a contact +81500 +81600 2024 2033 1000
a contact +81500 +81600 2033 2024 1000
a contact +81500 +81600 2044 2008 1000
a contact +81800 +81900 2035 2038 1000
a contact +81800 +81900 2038 2035 1000
a contact +82200 +82300 2029 2045 1000
a contact +82200 +82300 2045 2029 1000
a contact +82300 +82400 2013 2023 1000
a contact +82300 +82400 2023 2013 1000
a contact +83000 +83100 2011 2034 1000
a contact +83000 +83100 2034 2011 1000
a contact +83400 +83500 2029 2044 1000
a contact +83400 +83500 2036 2046 1000
a contact +83400 +83500 2044 2029 1000
a contact +83400 +83500 2046 2036 1000
a contact +83500 +83600 2015 2030 1000
a contact +83500 +83600 2030 2015 1000
a contact +83800 +83900 2004 2021 1000
a contact +83800 +83900 2021 2004 1000
a contact +84200 +84300 1004 2005 1000
a contact +84200 +84300 2005 1004 1000
a contact +84200 +84300 2011 2014 1000
a contact +84200 +84300 2014 2011 1000
a contact +84400 +84500 1002 2005 1000
a contact +84400 +84500 2005 1002 1000
a contact +84600 +84700 2006 9002 1000
a contact +84600 +84700 2019 2030 1000
a contact +84600 +84700 2030 2019 1000
a contact +84600 +84700 9002 2006 1000
a contact +85200 +85300 2028 2050 1000
a contact +85200 +85300 2050 2028 1000
a contact +85400 +85500 2008 2048 1000
a contact +85400 +85500 2026 2051 1000
a contact +85400 +85500 2048 2008 1000
a contact +85400 +85500 2051 2026 1000
a contact +85700 +85800 2014 2025 1000
a contact +85700 +85800 2020 2051 1000
a contact +85700 +85800 2025 2014 1000
a contact +85700 +85800 2051 2020 1000
a contact +85800 +85900 2030 2032 1000
a contact +85800 +85900 2032 2030 1000
a contact +86300 +86400 2015 2027 1000
a contact +86300 +86400 2019 2031 1000
a contact +86300 +86400 2027 2015 1000
a contact +86300 +86400 2031 2019 1000

a range +100 +200 2003 9001 1102.3428
a range +100 +200 9001 2003 1102.3428
a range +200 +400 2016 2043 0.0101
a range +200 +400 2021 2037 0.0307
a range +200 +400 2037 2021 0.0307
a range +200 +400 2043 2016 0.0101
a range +400 +500 2016 2042 0.0138
a range +400 +500 2042 2016 0.0138
a range +600 +700 2004 2015 0.0221
a range +600 +700 2015 2004 0.0221
a range +600 +700 2016 2041 0.0225
a range +600 +700 2024 2038 0.0145
a range +600 +700 2038 2024 0.0145
a range +600 +700 2041 2016 0.0225
a range +1100 +1200 2010 9002 1103.3795
a range +1100 +1200 9002 2010 1103.3795
a range +1200 +1300 2008 2047 0.0433
a range +1200 +1300 2047 2008 0.0433
a range +1600 +1700 2018 2027 0.0377
a range +1600 +1700 2020 2043 0.0334
a range +1600 +1700 2027 2018 0.0377
a range +1600 +1700 2043 2020 0.0334
a range +1800 +1900 2024 2050 0.0105
a range +1800 +1900 2050 2024 0.0105
a range +1900 +2000 2022 2050 0.017
a range +1900 +2000 2023 2051 0.0191
a range +1900 +2000 2050 2022 0.017
a range +1900 +2000 2051 2023 0.0191
a range +2000 +2100 1002 2003 1102.473
a range +2000 +2100 2003 1002 1102.473
a range +2100 +2200 1002 2003 1102.473
a range +2100 +2200 2003 1002 1102.473
a range +2400 +2500 2031 2044 0.0098
a range +2400 +2500 2044 2031 0.0098
a range +2600 +2700 1003 2038 1101.8441
a range +2600 +2700 2038 1003 1101.8441
a range +2800 +2900 1003 2024 1101.8887
a range +2800 +2900 2006 2008 0.0226
a range +2800 +2900 2008 2006 0.0226
a range +2800 +2900 2024 1003 1101.8887
a range +3200 +3300 2049 2050 0.0116
a range +3200 +3300 2050 2049 0.0116
a range +3300 +3400 2026 2041 0.0373
a range +3300 +3400 2041 2026 0.0373
a range +3400 +3500 2028 2031 0.0322
a range +3400 +3500 2031 2028 0.0322
a range +3600 +3700 2019 2028 0.0369
a range +3600 +3700 2028 2019 0.0369
a range +3900 +4000 2003 2020 0.0382
a range +3900 +4000 2020 2003 0.0382
a range +4200 +4300 2006 2021 0.0279
a range +4200 +4300 2021 2006 0.0279
a range +4300 +4400 2003 2017 0.0112
a range +4300 +4400 2017 2003 0.0112
a range +4700 +4800 2013 2022 0.0374
a range +4700 +4800 2022 2013 0.0374
a range +4800 +4900 2020 2035 0.0268
a range +4800 +4900 2035 2020 0.0268
a range +4900 +5000 2020 2034 0.0212
a range +4900 +5000 2034 2020 0.0212
a range +5000 +5100 2015 2032 0.0369
a range +5000 +5100 2032 2015 0.0369
a range +5100 +5200 2013 2042 0.0432
a range +5100 +5200 2042 2013 0.0432
a range +5200 +5300 2004 2050 0.0434
a range +5200 +5300 2050 2004 0.0434
a range +5300 +5400 2008 2024 0.0307
a range +5300 +5400 2024 2008 0.0307
a range +5600 +5700 2001 2051 0.0434
a range +5600 +5700 2051 2001 0.0434
a range +5700 +5800 2014 2024 0.0322
a range +5700 +5800 2024 2014 0.0322
a range +5800 +5900 2007 2037 0.0432
a range +5800 +5900 2037 2007 0.0432
a range +6100 +6200 2029 2039 0.0322
a range +6100 +6200 2039 2029 0.0322
a range +6200 +6300 2008 2049 0.0431
a range +6200 +6300 2049 2008 0.0431
a range +6300 +6400 2001 2048 0.0434
a range +6300 +6400 2048 2001 0.0434
a range +6400 +6500 1001 2013 1102.699
a range +6400 +6500 2013 1001 1102.699
a range +6600 +6700 2002 2023 0.043
a range +6600 +6700 2005 2020 0.0263
a range +6600 +6700 2020 2005 0.0263
a range +6600 +6700 2023 2002 0.043
a range +6700 +6800 1003 2016 1102.2333
a range +6700 +6800 2016 1003 1102.2333
a range +6900 +7000 1001 2016 1102.3349
a range +6900 +7000 2016 1001 1102.3349
a range +6900 +7000 2022 2046 0.035
a range +6900 +7000 2046 2022 0.035
a range +7300 +7400 2002 2049 0.0431
a range +7300 +7400 2010 2036 0.0059
a range +7300 +7400 2036 2010 0.0059
a range +7300 +7400 2049 2002 0.0431
a range +7800 +7900 2037 2047 0.0307
a range +7800 +7900 2047 2037 0.0307
a range +8000 +8100 2028 2040 0.02
a range +8000 +8100 2040 2028 0.02
a range +8200 +8300 1002 2046 1102.459
a range +8200 +8300 2046 1002 1102.459
a range +8300 +8400 1002 2041 1102.4699
a range +8300 +8400 2041 1002 1102.4699
a range +8600 +8700 1003 2042 1102.2369
a range +8600 +8700 2042 1003 1102.2369
a range +9100 +9200 2008 2018 0.0347
a range +9100 +9200 2018 2008 0.0347
a range +9300 +9400 2046 2049 0.0322
a range +9300 +9400 2049 2046 0.0322
a range +9400 +9500 2048 2049 0.0116
a range +9400 +9500 2049 2048 0.0116
a range +9500 +9600 2005 2043 0.0433
a range +9500 +9600 2043 2005 0.0433
a range +9500 +9600 2049 2051 0.0226
a range +9500 +9600 2051 2049 0.0226
a range +9600 +9700 2039 2050 0.0247
a range +9600 +9700 2050 2039 0.0247
a range +9700 +9800 2003 2034 0.0432
a range +9700 +9800 2034 2003 0.0432
a range +9800 +9900 2020 2033 0.0186
a range +9800 +9900 2033 2020 0.0186
a range +9900 +10000 2012 2014 0.0274
a range +9900 +10000 2014 2012 0.0274
a range +9900 +10000 2048 2050 0.0226
a range +9900 +10000 2050 2048 0.0226
a range +10000 +10100 2022 2051 0.0229
a range +10000 +10100 2051 2022 0.0229
a range +10100 +10200 2016 2038 0.0412
a range +10100 +10200 2038 2016 0.0412
a range +10200 +10300 2045 2048 0.0322
a range +10200 +10300 2048 2045 0.0322
a range +11100 +11200 1002 2052 1102.4643
a range +11100 +11200 2013 2045 0.0432
a range +11100 +11200 2045 2013 0.0432
a range +11100 +11200 2052 1002 1102.4643
a range +11300 +11400 1001 2052 1102.697
a range +11300 +11400 2052 1001 1102.697
a range +11400 +11500 2002 2027 0.0323
a range +11400 +11500 2027 2002 0.0323
a range +11400 +11500 2034 2051 0.0371
a range +11400 +11500 2051 2034 0.0371
a range +11700 +11800 2034 2036 0.0226
a range +11700 +11800 2036 2034 0.0226
a range +12200 +12300 2029 2051 0.0412
a range +12200 +12300 2051 2029 0.0412
a range +12300 +12400 2014 2030 0.0318
a range +12300 +12400 2030 2014 0.0318
a range +12400 +12500 2004 2038 0.0432
a range +12400 +12500 2038 2004 0.0432
a range +12500 +12600 2035 2047 0.0181
a range +12500 +12600 2047 2035 0.0181
a range +13300 +13400 2005 2037 0.0434
a range +13300 +13400 2008 2044 0.0432
a range +13300 +13400 2037 2005 0.0434
a range +13300 +13400 2044 2008 0.0432
a range +13600 +13700 1002 2043 1102.4692
a range +13600 +13700 2043 1002 1102.4692
a range +13800 +13900 1002 2017 1102.347
a range +13800 +13900 2009 2018 0.0413
a range +13800 +13900 2017 1002 1102.347
a range +13800 +13900 2018 2009 0.0413
a range +14000 +14100 2020 9001 1102.3382
a range +14000 +14100 9001 2020 1102.3382
a range +14400 +14500 2006 2047 0.0434
a range +14400 +14500 2047 2006 0.0434
a range +14500 +14700 1003 2020 1102.8585
a range +14500 +14700 2020 1003 1102.8585
a range +14600 +14700 2046 2048 0.0226
a range +14600 +14700 2048 2046 0.0226
a range +14700 +14800 2028 2043 0.0221
a range +14700 +14800 2043 2028 0.0221
a range +14700 +14800 2048 2050 0.0226
a range +14700 +14800 2050 2048 0.0226
a range +15600 +15700 1002 2044 1102.4664
a range +15600 +15700 2044 1002 1102.4664
a range +16500 +16600 2011 2049 0.043
a range +16500 +16600 2049 2011 0.043
a range +16800 +16900 2012 2048 0.043
a range +16800 +16900 2048 2012 0.043
a range +16900 +17000 2017 2033 0.0326
a range +16900 +17000 2018 2032 0.0171
a range +16900 +17000 2032 2018 0.0171
a range +16900 +17000 2033 2017 0.0326
a range +17200 +17300 2027 2048 0.0431
a range +17200 +17300 2048 2027 0.0431
a range +17500 +17600 2017 9002 1103.0439
a range +17500 +17600 2028 2037 0.04
a range +17500 +17600 2037 2028 0.04
a range +17500 +17600 9002 2017 1103.0439
a range +17700 +17800 2031 2048 0.0413
a range +17700 +17800 2048 2031 0.0413
a range +17900 +18000 2035 2047 0.0181
a range +17900 +18000 2047 2035 0.0181
a range +18400 +18500 2036 2051 0.0216
a range +18400 +18500 2051 2036 0.0216
a range +18500 +18600 1002 9001 0.0596
a range +18500 +18600 9001 1002 0.0596
a range +18800 +18900 2033 2044 0.0263
a range +18800 +18900 2044 2033 0.0263
a range +19100 +19200 2028 2050 0.041
a range +19100 +19200 2050 2028 0.041
a range +19300 +19400 2010 2022 0.0131
a range +19300 +19400 2022 2010 0.0131
a range +19500 +19600 2013 2033 0.0433
a range +19500 +19600 2033 2013 0.0433
a range +19600 +19700 2004 2041 0.0434
a range +19600 +19700 2041 2004 0.0434
a range +19700 +19800 2047 2048 0.0116
a range +19700 +19800 2048 2047 0.0116
a range +19800 +19900 2005 2006 0.0116
a range +19800 +19900 2006 2005 0.0116
a range +19800 +19900 2025 2045 0.0431
a range +19800 +19900 2045 2025 0.0431
a range +19900 +20000 2003 2035 0.0434
a range +19900 +20000 2015 2049 0.0432
a range +19900 +20000 2035 2003 0.0434
a range +19900 +20000 2049 2015 0.0432
a range +20200 +20300 2044 2046 0.0226
a range +20200 +20300 2046 2044 0.0226
a range +20300 +20400 2021 2023 0.0226
a range +20300 +20400 2023 2021 0.0226
a range +20600 +20700 1002 2037 1102.6891
a range +20600 +20700 2037 1002 1102.6891
a range +21100 +21200 2010 2047 0.0433
a range +21100 +21200 2012 2030 0.0431
a range +21100 +21200 2030 2012 0.0431
a range +21100 +21200 2047 2010 0.0433
a range +21400 +21500 2002 2026 0.0277
a range +21400 +21500 2019 2042 0.0251
a range +21400 +21500 2026 2002 0.0277
a range +21400 +21500 2042 2019 0.0251
a range +21500 +21600 1004 2027 1102.8965
a range +21500 +21600 2027 1004 1102.8965
a range +22000 +22100 2021 9002 1102.8102
a range +22000 +22100 9002 2021 1102.8102
a range +22300 +22400 2007 2045 0.043
a range +22300 +22400 2045 2007 0.043
a range +22500 +22600 2007 2041 0.0431
a range +22500 +22600 2041 2007 0.0431
a range +22800 +22900 2003 2031 0.0161
a range +22800 +22900 2007 2035 0.035
a range +22800 +22900 2031 2003 0.0161
a range +22800 +22900 2035 2007 0.035
a range +22900 +23000 1004 2024 1102.6359
a range +22900 +23000 2010 2042 0.0434
a range +22900 +23000 2024 1004 1102.6359
a range +22900 +23000 2042 2010 0.0434
a range +23000 +23100 1004 2024 1102.6359
a range +23000 +23100 2024 1004 1102.6359
a range +23100 +23200 2001 2024 0.0338
a range +23100 +23200 2024 2001 0.0338
a range +23400 +23500 1004 2016 1102.9041
a range +23400 +23500 2016 1004 1102.9041
a range +23500 +23600 2005 2041 0.0434
a range +23500 +23600 2041 2005 0.0434
a range +23600 +23700 2023 2052 0.029
a range +23600 +23700 2052 2023 0.029
a range +23900 +24000 2004 2016 0.0112
a range +23900 +24000 2016 2004 0.0112
a range +23900 +24000 2025 2047 0.0432
a range +23900 +24000 2047 2025 0.0432
a range +24100 +24200 2025 2028 0.0351
a range +24100 +24200 2028 2025 0.0351
a range +24400 +24500 2041 2050 0.04
a range +24400 +24500 2050 2041 0.04
a range +24600 +24700 2014 2036 0.0392
a range +24600 +24700 2036 2014 0.0392
a range +24800 +24900 2001 2038 0.0365
a range +24800 +24900 2038 2001 0.0365
a range +24800 +24900 2040 2049 0.04
a range +24800 +24900 2049 2040 0.04
a range +24900 +25000 2004 2007 0.0322
a range +24900 +25000 2007 2004 0.0322
a range +25200 +25300 2013 2014 0.0214
a range +25200 +25300 2014 2013 0.0214
a range +25400 +25500 2028 2030 0.0226
a range +25400 +25500 2030 2028 0.0226
a range +25700 +25800 1003 2046 1103.1454
a range +25700 +25800 2046 1003 1103.1454
a range +25900 +26000 2028 2049 0.0431
a range +25900 +26000 2049 2028 0.0431
a range +26100 +26200 2002 2036 0.0431
a range +26100 +26200 2007 2028 0.0432
a range +26100 +26200 2028 2007 0.0432
a range +26100 +26200 2036 2002 0.0431
a range +26500 +26600 2002 2029 0.0225
a range +26500 +26600 2005 2022 0.0413
a range +26500 +26600 2022 2005 0.0413
a range +26500 +26600 2029 2002 0.0225
a range +26800 +26900 2009 2051 0.0434
a range +26800 +26900 2051 2009 0.0434
a range +27000 +27100 2003 2035 0.0433
a range +27000 +27100 2035 2003 0.0433
a range +27200 +27300 2008 2052 0.0434
a range +27200 +27300 2052 2008 0.0434
a range +27700 +27800 2034 2044 0.0347
a range +27700 +27800 2044 2034 0.0347
a range +27900 +28000 2007 2051 0.0431
a range +27900 +28000 2051 2007 0.0431
a range +28000 +28100 2012 2047 0.0431
a range +28000 +28100 2023 2026 0.0322
a range +28000 +28100 2026 2023 0.0322
a range +28000 +28100 2047 2012 0.0431
a range +28300 +28400 2022 2052 0.043
a range +28300 +28400 2052 2022 0.043
a range +28800 +28900 2026 2051 0.0307
a range +28800 +28900 2051 2026 0.0307
a range +28900 +29000 2006 2034 0.0378
a range +28900 +29000 2034 2006 0.0378
a range +29200 +29300 1003 2011 1103.1366
a range +29200 +29300 2011 1003 1103.1366
a range +29200 +29300 2026 2049 0.029
a range +29200 +29300 2049 2026 0.029
a range +29400 +29500 1001 2011 1103.6007
a range +29400 +29500 2002 2017 0.0221
a range +29400 +29500 2011 1001 1103.6007
a range +29400 +29500 2017 2002 0.0221
a range +29700 +29800 2001 2048 0.0431
a range +29700 +29800 2048 2001 0.0431
a range +30000 +30100 1003 2011 1103.1366
a range +30000 +30100 2011 1003 1103.1366
a range +30700 +30800 2018 2050 0.0432
a range +30700 +30800 2050 2018 0.0432
a range +30800 +30900 2037 2046 0.0386
a range +30800 +30900 2046 2037 0.0386
a range +30900 +31000 2001 2015 0.02
a range +30900 +31000 2015 2001 0.02
a range +31100 +31200 2024 2026 0.0226
a range +31100 +31200 2026 2024 0.0226
a range +31400 +31600 2002 2015 0.0145
a range +31400 +31600 2006 2019 0.016
a range +31400 +31600 2015 2002 0.0145
a range +31400 +31600 2019 2006 0.016
a range +31700 +31800 2038 9002 1103.3498
a range +31700 +31800 9002 2038 1103.3498
a range +31900 +32000 2026 2035 0.0374
a range +31900 +32000 2035 2026 0.0374
a range +32700 +32800 2026 2036 0.0313
a range +32700 +32800 2036 2026 0.0313
a range +33200 +33300 2006 2031 0.0258
a range +33200 +33300 2031 2006 0.0258
a range +33400 +33500 1003 2011 1103.1366
a range +33400 +33500 2011 1003 1103.1366
a range +33600 +33700 2010 2040 0.0435
a range +33600 +33700 2040 2010 0.0435
a range +33700 +33800 2034 2035 0.0116
a range +33700 +33800 2035 2034 0.0116
a range +34000 +34100 2006 2045 0.043
a range +34000 +34100 2045 2006 0.043
a range +34100 +34200 2004 2050 0.0435
a range +34100 +34200 2050 2004 0.0435
a range +34200 +34300 1004 2011 1103.814
a range +34200 +34300 2011 1004 1103.814
a range +34600 +34700 2028 2049 0.0431
a range +34600 +34700 2049 2028 0.0431
a range +35000 +35100 2025 2039 0.0193
a range +35000 +35100 2039 2025 0.0193
a range +35200 +35300 2007 9002 1103.3656
a range +35200 +35300 9002 2007 1103.3656
a range +35400 +35500 2010 2032 0.0431
a range +35400 +35500 2023 2045 0.0431
a range +35400 +35500 2032 2010 0.0431
a range +35400 +35500 2045 2023 0.0431
a range +36400 +36500 1001 2044 1103.5959
a range +36400 +36500 2044 1001 1103.5959
a range +37000 +37100 2033 2043 0.0326
a range +37000 +37100 2043 2033 0.0326
a range +37100 +37200 2019 2029 0.0303
a range +37100 +37200 2029 2019 0.0303
a range +37700 +37800 2017 2018 0.0116
a range +37700 +37800 2018 2017 0.0116
a range +37900 +38000 2015 2045 0.0431
a range +37900 +38000 2045 2015 0.0431
a range +38100 +38200 2036 2037 0.0116
a range +38100 +38200 2037 2036 0.0116
a range +38300 +38400 1003 2044 1104.047
a range +38300 +38400 2044 1003 1104.047
a range +38400 +38500 2004 2039 0.0431
a range +38400 +38500 2039 2004 0.0431
a range +38500 +38600 1002 2044 1103.3666
a range +38500 +38600 2044 1002 1103.3666
a range +38600 +38700 1002 2035 1103.3712
a range +38600 +38700 2035 1002 1103.3712
a range +38700 +38800 2020 2037 0.0386
a range +38700 +38800 2037 2020 0.0386
a range +38800 +38900 2038 9003 1103.3371
a range +38800 +38900 9003 2038 1103.3371
a range +38900 +39000 2030 2047 0.0402
a range +38900 +39000 2047 2030 0.0402
a range +39000 +39100 1004 2044 1103.8323
a range +39000 +39100 2002 2011 0.04
a range +39000 +39100 2011 2002 0.04
a range +39000 +39100 2044 1004 1103.8323
a range +39200 +39300 1004 2035 1103.4743
a range +39200 +39300 2035 1004 1103.4743
a range +39300 +39400 1001 2035 1103.5578
a range +39300 +39400 2035 1001 1103.5578
a range +39400 +39500 1002 2035 1103.3712
a range +39400 +39500 2035 1002 1103.3712
a range +39600 +39700 2018 2020 0.0226
a range +39600 +39700 2020 2018 0.0226
a range +40400 +40500 1002 2035 1103.3712
a range +40400 +40500 2035 1002 1103.3712
a range +40700 +40800 2022 9003 1103.484
a range +40700 +40800 9003 2022 1103.484
a range +41300 +41400 2024 2042 0.0431
a range +41300 +41400 2025 2036 0.0216
a range +41300 +41400 2036 2025 0.0216
a range +41300 +41400 2042 2024 0.0431
a range +41400 +41500 2013 2028 0.0373
a range +41400 +41500 2028 2013 0.0373
a range +42000 +42100 2024 2041 0.0431
a range +42000 +42100 2041 2024 0.0431
a range +42700 +42800 2003 2032 0.0251
a range +42700 +42800 2032 2003 0.0251
a range +42900 +43000 2029 2050 0.0431
a range +42900 +43000 2050 2029 0.0431
a range +43400 +43500 2008 2049 0.043
a range +43400 +43500 2049 2008 0.043
a range +43500 +43600 2020 2044 0.0336
a range +43500 +43600 2044 2020 0.0336
a range +43700 +43800 2011 2020 0.0386
a range +43700 +43800 2020 2011 0.0386
a range +44200 +44300 2007 2034 0.0347
a range +44200 +44300 2034 2007 0.0347
a range +44300 +44400 1001 2037 1103.6047
a range +44300 +44400 1002 2041 1104.2718
a range +44300 +44400 2037 1001 1103.6047
a range +44300 +44400 2041 1002 1104.2718
a range +44500 +44600 2005 2007 0.0226
a range +44500 +44600 2007 2005 0.0226
a range +45100 +45200 1002 2041 1104.2718
a range +45100 +45200 2041 1002 1104.2718
a range +45700 +45800 1004 2030 1103.8459
a range +45700 +45800 2030 1004 1103.8459
a range +45800 +45900 2017 2041 0.0211
a range +45800 +45900 2041 2017 0.0211
a range +45900 +46100 2014 2042 0.0312
a range +45900 +46100 2042 2014 0.0312
a range +46100 +46200 2001 2022 0.0431
a range +46100 +46200 2012 9003 1104.7686
a range +46100 +46200 2022 2001 0.0431
a range +46100 +46200 9003 2012 1104.7686
a range +46200 +46300 1002 2030 1103.7387
a range +46200 +46300 2030 1002 1103.7387
a range +46600 +46700 2008 2011 0.0322
a range +46600 +46700 2010 2048 0.0433
a range +46600 +46700 2011 2008 0.0322
a range +46600 +46700 2048 2010 0.0433
a range +47300 +47400 2003 9003 1104.7592
a range +47300 +47400 9003 2003 1104.7592
a range +47400 +47500 2021 2035 0.0181
a range +47400 +47500 2035 2021 0.0181
a range +47600 +47700 2011 2046 0.0431
a range +47600 +47700 2046 2011 0.0431
a range +47700 +47800 2008 2022 0.0181
a range +47700 +47800 2022 2008 0.0181
a range +47800 +47900 2050 2052 0.0226
a range +47800 +47900 2052 2050 0.0226
a range +48200 +48300 2034 2035 0.0116
a range +48200 +48300 2035 2034 0.0116
a range +48400 +48500 1004 2047 1103.8233
a range +48400 +48500 2047 1004 1103.8233
a range +48800 +48900 1004 2034 1103.8211
a range +48800 +48900 2034 1004 1103.8211
a range +48900 +49000 1004 2049 1103.8172
a range +48900 +49000 2015 2030 0.0221
a range +48900 +49000 2030 2015 0.0221
a range +48900 +49000 2049 1004 1103.8172
a range +49100 +49200 2016 2028 0.0156
a range +49100 +49200 2028 2016 0.0156
a range +49500 +49600 2019 2035 0.0349
a range +49500 +49600 2035 2019 0.0349
a range +49800 +49900 2018 2042 0.0161
a range +49800 +49900 2042 2018 0.0161
a range +49900 +50000 1004 2034 1103.8211
a range +49900 +50000 2008 2033 0.0347
a range +49900 +50000 2013 2041 0.043
a range +49900 +50000 2033 2008 0.0347
a range +49900 +50000 2034 1004 1103.8211
a range +49900 +50000 2041 2013 0.043
a range +50100 +50200 1004 2025 1103.8046
a range +50100 +50200 2025 1004 1103.8046
a range +50200 +50300 2006 2036 0.0432
a range +50200 +50300 2036 2006 0.0432
a range +50300 +50400 2007 2048 0.0432
a range +50300 +50400 2048 2007 0.0432
a range +50600 +50700 2003 2014 0.0254
a range +50600 +50700 2014 2003 0.0254
a range +50800 +50900 2006 2041 0.0435
a range +50800 +50900 2041 2006 0.0435
a range +51100 +51200 2015 2050 0.043
a range +51100 +51200 2050 2015 0.043
a range +51200 +51300 1004 2008 1103.8229
a range +51200 +51300 2008 1004 1103.8229
a range +51200 +51300 2020 2049 0.0352
a range +51200 +51300 2049 2020 0.0352
a range +51300 +51400 1004 2027 1103.8226
a range +51300 +51400 2027 1004 1103.8226
a range +51400 +51500 2037 2038 0.0116
a range +51400 +51500 2038 2037 0.0116
a range +51400 +51500 2041 2042 0.0116
a range +51400 +51500 2042 2041 0.0116
a range +51500 +51600 2021 2043 0.0432
a range +51500 +51600 2043 2021 0.0432
a range +51600 +51700 2003 2051 0.0432
a range +51600 +51700 2051 2003 0.0432
a range +52500 +52600 2028 9001 1103.9054
a range +52500 +52600 9001 2028 1103.9054
a range +53000 +53100 2022 2047 0.0281
a range +53000 +53100 2028 9003 1103.889
a range +53000 +53100 2047 2022 0.0281
a range +53000 +53100 9003 2028 1103.889
a range +53400 +53500 1001 2008 1104.5091
a range +53400 +53500 1003 2032 1104.0319
a range +53400 +53500 2008 1001 1104.5091
a range +53400 +53500 2032 1003 1104.0319
a range +53500 +53600 2037 2046 0.0386
a range +53500 +53600 2046 2037 0.0386
a range +53500 +53700 1002 2032 1104.2789
a range +53500 +53700 2032 1002 1104.2789
a range +54000 +54100 2038 2051 0.0133
a range +54000 +54100 2043 2044 0.0116
a range +54000 +54100 2044 2043 0.0116
a range +54000 +54100 2051 2038 0.0133
a range +54100 +54200 1002 2008 1104.2877
a range +54100 +54200 2008 1002 1104.2877
a range +54200 +54300 2001 2012 0.0226
a range +54200 +54300 2012 2001 0.0226
a range +54200 +54300 2029 2031 0.0226
a range +54200 +54300 2031 2029 0.0226
a range +54300 +54400 1003 2008 1104.043
a range +54300 +54400 2008 1003 1104.043
a range +54600 +54700 2016 2045 0.0251
a range +54600 +54700 2045 2016 0.0251
a range +54600 +54800 1001 2032 1104.4482
a range +54700 +54800 2001 2025 0.0274
a range +54700 +54800 2025 2001 0.0274
a range +54600 +54800 2032 1001 1104.4482
a range +55000 +55100 2029 2044 0.0209
a range +55000 +55100 2044 2029 0.0209
a range +55100 +55200 1002 2008 1104.2877
a range +55100 +55200 2008 1002 1104.2877
a range +55500 +55600 2016 2018 0.0226
a range +55500 +55600 2018 2016 0.0226
a range +55800 +55900 2003 2017 0.0112
a range +55800 +55900 2017 2003 0.0112
a range +56000 +56100 2031 2044 0.0098
a range +56000 +56100 2044 2031 0.0098
a range +56300 +56400 1004 2008 1104.7236
a range +56300 +56400 2008 1004 1104.7236
a range +56300 +56400 2014 2023 0.04
a range +56300 +56400 2023 2014 0.04
a range +56900 +57000 2042 2044 0.0226
a range +56900 +57000 2044 2042 0.0226
a range +57000 +57100 2002 9001 1105.0494
a range +57000 +57100 2034 2035 0.0116
a range +57000 +57100 2035 2034 0.0116
a range +57000 +57100 9001 2002 1105.0494
a range +57100 +57200 2009 2047 0.043
a range +57100 +57200 2016 2042 0.0138
a range +57100 +57200 2042 2016 0.0138
a range +57100 +57200 2047 2009 0.043
a range +57200 +57300 2009 2043 0.043
a range +57200 +57300 2043 2009 0.043
a range +57300 +57400 1004 2008 1104.7236
a range +57300 +57400 2008 1004 1104.7236
a range +57300 +57400 2018 2042 0.0161
a range +57300 +57400 2042 2018 0.0161
a range +57400 +57500 2033 2047 0.0212
a range +57400 +57500 2047 2033 0.0212
a range +57500 +57700 2004 9003 1104.7543
a range +57500 +57700 9003 2004 1104.7543
a range +57900 +58000 2010 2047 0.0433
a range +57900 +58000 2047 2010 0.0433
a range +58100 +58200 2022 2039 0.0374
a range +58100 +58200 2039 2022 0.0374
a range +58200 +58300 2009 2048 0.0433
a range +58200 +58300 2048 2009 0.0433
a range +58300 +58500 1002 2008 1104.2877
a range +58300 +58500 2008 1002 1104.2877
a range +58600 +58700 1001 2008 1104.5091
a range +58600 +58700 2008 1001 1104.5091
a range +58700 +58800 2022 2045 0.0407
a range +58700 +58800 2045 2022 0.0407
a range +59000 +59100 2034 2044 0.0347
a range +59000 +59100 2044 2034 0.0347
a range +59200 +59300 2023 2032 0.0406
a range +59200 +59300 2032 2023 0.0406
a range +59300 +59400 1001 2008 1104.5091
a range +59300 +59400 2008 1001 1104.5091
a range +59300 +59400 2027 2030 0.0322
a range +59300 +59400 2030 2027 0.0322
a range +59400 +59500 2043 2046 0.0322
a range +59400 +59500 2046 2043 0.0322
a range +59900 +60000 2016 2026 0.0322
a range +59900 +60000 2026 2016 0.0322
a range +60300 +60400 2005 2047 0.043
a range +60300 +60400 2007 2033 0.0343
a range +60300 +60400 2033 2007 0.0343
a range +60300 +60400 2047 2005 0.043
a range +60600 +60700 1002 2008 1104.2877
a range +60600 +60700 2008 1002 1104.2877
a range +60600 +60700 2020 2048 0.035
a range +60600 +60700 2048 2020 0.035
a range +60700 +60800 2005 2032 0.0258
a range +60700 +60800 2032 2005 0.0258
a range +61000 +61100 2007 2019 0.0208
a range +61000 +61100 2019 2007 0.0208
a range +61000 +61100 2025 2026 0.0116
a range +61000 +61100 2026 2025 0.0116
a range +61100 +61200 1004 2008 1104.7236
a range +61100 +61200 2008 1004 1104.7236
a range +61200 +61300 2021 2038 0.0371
a range +61200 +61300 2038 2021 0.0371
a range +61800 +61900 1001 2008 1104.5091
a range +61800 +61900 2008 1001 1104.5091
a range +61900 +62000 2001 2017 0.0318
a range +61900 +62000 2017 2001 0.0318
a range +61900 +62000 2026 2041 0.0373
a range +61900 +62000 2041 2026 0.0373
a range +62100 +62200 1002 2039 1104.2745
a range +62100 +62200 2039 1002 1104.2745
a range +62300 +62400 2038 2048 0.0298
a range +62300 +62400 2048 2038 0.0298
a range +62400 +62500 1003 2008 1104.9617
a range +62400 +62500 2008 1003 1104.9617
a range +62400 +62500 2018 2021 0.0322
a range +62400 +62500 2021 2018 0.0322
a range +62700 +62800 1001 2039 1104.4887
a range +62700 +62800 2039 1001 1104.4887
a range +63000 +63100 2015 2036 0.0431
a range +63000 +63100 2036 2015 0.0431
a range +63100 +63200 2034 2037 0.0322
a range +63100 +63200 2037 2034 0.0322
a range +63300 +63500 1003 2008 1104.9617
a range +63300 +63500 2008 1003 1104.9617
a range +63500 +63600 2040 2050 0.0322
a range +63500 +63600 2050 2040 0.0322
a range +63600 +63800 2016 2034 0.043
a range +63600 +63800 2034 2016 0.043
a range +63800 +63900 2011 2027 0.0373
a range +63800 +63900 2027 2011 0.0373
a range +63900 +64000 2029 2047 0.043
a range +63900 +64000 2047 2029 0.043
a range +64200 +64300 2026 2028 0.0277
a range +64200 +64300 2028 2026 0.0277
a range +64200 +64300 2033 2034 0.0116
a range +64200 +64300 2034 2033 0.0116
a range +64500 +64600 2024 2037 0.0057
a range +64500 +64600 2037 2024 0.0057
a range +64800 +64900 2012 2047 0.043
a range +64800 +64900 2047 2012 0.043
a range +65200 +65300 2026 2048 0.0432
a range +65200 +65300 2048 2026 0.0432
a range +65500 +65600 2001 2044 0.0435
a range +65500 +65600 2044 2001 0.0435
a range +65600 +65700 2024 2025 0.0116
a range +65600 +65700 2025 2024 0.0116
a range +66000 +66100 2004 2017 0.0013
a range +66000 +66100 2017 2004 0.0013
a range +66200 +66400 2009 2036 0.0161
a range +66200 +66400 2036 2009 0.0161
a range +66900 +67000 2031 2047 0.0347
a range +66900 +67000 2047 2031 0.0347
a range +67200 +67300 2008 2011 0.0322
a range +67200 +67300 2011 2008 0.0322
a range +67300 +67400 2004 2043 0.0431
a range +67300 +67400 2043 2004 0.0431
a range +67600 +67700 2034 2048 0.0181
a range +67600 +67700 2048 2034 0.0181
a range +68500 +68600 2005 2008 0.0322
a range +68500 +68600 2008 2005 0.0322
a range +68500 +68600 2030 2047 0.0402
a range +68500 +68600 2047 2030 0.0402
a range +68700 +68800 2022 2048 0.0209
a range +68700 +68800 2048 2022 0.0209
a range +68900 +69000 2004 2045 0.0433
a range +68900 +69000 2045 2004 0.0433
a range +69000 +69100 2035 2052 0.0374
a range +69000 +69100 2052 2035 0.0374
a range +69300 +69400 2012 2028 0.0412
a range +69300 +69400 2028 2012 0.0412
a range +69400 +69500 2001 2044 0.0435
a range +69400 +69500 2044 2001 0.0435
a range +69500 +69600 2002 9001 1105.0494
a range +69500 +69600 2030 2052 0.0397
a range +69500 +69600 2052 2030 0.0397
a range +69500 +69600 9001 2002 1105.0494
a range +69900 +70000 2005 2028 0.0235
a range +69900 +70000 2028 2005 0.0235
a range +70000 +70100 2001 2046 0.0431
a range +70000 +70100 2008 2052 0.0434
a range +70000 +70100 2046 2001 0.0431
a range +70000 +70100 2052 2008 0.0434
a range +70100 +70200 2001 2031 0.043
a range +70100 +70200 2031 2001 0.043
a range +70400 +70500 2020 2034 0.0212
a range +70400 +70500 2034 2020 0.0212
a range +70600 +70700 2037 2050 0.0057
a range +70600 +70700 2050 2037 0.0057
a range +71200 +71300 2013 2050 0.0433
a range +71200 +71300 2050 2013 0.0433
a range +71500 +71600 2013 2023 0.0313
a range +71500 +71600 2020 2022 0.0226
a range +71500 +71600 2022 2020 0.0226
a range +71500 +71600 2023 2013 0.0313
a range +71600 +71700 2002 2031 0.0235
a range +71600 +71700 2031 2002 0.0235
a range +71900 +72000 2013 2028 0.0373
a range +71900 +72000 2023 2038 0.0216
a range +71900 +72000 2028 2013 0.0373
a range +71900 +72000 2038 2023 0.0216
a range +72800 +72900 2004 2019 0.023
a range +72800 +72900 2019 2004 0.023
a range +73200 +73300 1004 2043 1104.7355
a range +73200 +73300 2043 1004 1104.7355
a range +73800 +73900 1003 2046 1104.9568
a range +73800 +73900 2014 2035 0.043
a range +73800 +73900 2035 2014 0.043
a range +73800 +73900 2046 1003 1104.9568
a range +74200 +74300 2015 2028 0.0145
a range +74200 +74300 2028 2015 0.0145
a range +74300 +74400 1001 2043 1105.0301
a range +74300 +74400 2043 1001 1105.0301
a range +74600 +74700 1002 2043 1105.1138
a range +74600 +74700 2008 2011 0.0322
a range +74600 +74700 2011 2008 0.0322
a range +74600 +74700 2043 1002 1105.1138
a range +75400 +75500 1002 2043 1105.1138
a range +75400 +75500 2043 1002 1105.1138
a range +75700 +75800 2009 2037 0.017
a range +75700 +75800 2010 2024 0.0108
a range +75700 +75800 2024 2010 0.0108
a range +75700 +75800 2035 2038 0.0322
a range +75700 +75800 2037 2009 0.017
a range +75700 +75800 2038 2035 0.0322
a range +75900 +76000 2001 9003 1104.7676
a range +75900 +76000 9003 2001 1104.7676
a range +76000 +76100 1002 2046 1105.1216
a range +76000 +76100 2007 2034 0.0347
a range +76000 +76100 2034 2007 0.0347
a range +76000 +76100 2046 1002 1105.1216
a range +76500 +76600 2034 2051 0.0371
a range +76500 +76600 2051 2034 0.0371
a range +76800 +76900 1002 2043 1105.1138
a range +76800 +76900 2043 1002 1105.1138
a range +76800 +77000 2037 9003 1104.7733
a range +76800 +77000 9003 2037 1104.7733
a range +77200 +77300 2006 2038 0.0432
a range +77200 +77300 2038 2006 0.0432
a range +77700 +77800 1001 2046 1105.0379
a range +77700 +77800 2012 2032 0.0432
a range +77700 +77800 2032 2012 0.0432
a range +77700 +77800 2046 1001 1105.0379
a range +77800 +78000 2019 2029 0.0303
a range +77800 +78000 2029 2019 0.0303
a range +78000 +78100 2028 2031 0.0322
a range +78000 +78100 2031 2028 0.0322
a range +78100 +78200 2035 2049 0.0131
a range +78100 +78200 2049 2035 0.0131
a range +78200 +78300 2002 2045 0.043
a range +78200 +78300 2045 2002 0.043
a range +78500 +78700 1002 2022 1104.9394
a range +78500 +78700 2022 1002 1104.9394
a range +78800 +78900 2028 2029 0.0116
a range +78800 +78900 2029 2028 0.0116
a range +79000 +79100 1003 2022 1104.976
a range +79000 +79100 2022 1003 1104.976
a range +78900 +79100 2030 2051 0.043
a range +79000 +79100 2038 2052 0.0193
a range +78900 +79100 2051 2030 0.043
a range +79000 +79100 2052 2038 0.0193
a range +79600 +79700 2014 2052 0.0353
a range +79600 +79700 2052 2014 0.0353
a range +79700 +79800 2002 2050 0.043
a range +79700 +79800 2050 2002 0.043
a range +79800 +79900 1002 2022 1104.9394
a range +79800 +79900 2022 1002 1104.9394
a range +79800 +79900 2035 2052 0.0374
a range +79800 +79900 2052 2035 0.0374
a range +79900 +80000 2019 2033 0.0208
a range +79900 +80000 2033 2019 0.0208
a range +80100 +80200 1003 2022 1104.976
a range +80100 +80200 2009 2032 0.0407
a range +80100 +80200 2022 1003 1104.976
a range +80100 +80200 2032 2009 0.0407
a range +80500 +80600 2008 2032 0.0378
a range +80500 +80600 2032 2008 0.0378
a range +80700 +80900 1003 2005 1104.9483
a range +80700 +80900 2005 1003 1104.9483
a range +80700 +80900 2029 2030 0.0116
a range +80700 +80900 2030 2029 0.0116
a range +81400 +81500 2019 2030 0.023
a range +81400 +81500 2030 2019 0.023
a range +81500 +81600 2008 2044 0.0432
a range +81500 +81600 2024 2033 0.0386
a range +81500 +81600 2033 2024 0.0386
a range +81500 +81600 2044 2008 0.0432
a range +81800 +81900 2035 2038 0.0322
a range +81800 +81900 2038 2035 0.0322
a range +82200 +82300 2029 2045 0.0303
a range +82200 +82300 2045 2029 0.0303
a range +82300 +82400 2013 2023 0.0313
a range +82300 +82400 2023 2013 0.0313
a range +83000 +83100 2011 2034 0.0266
a range +83000 +83100 2034 2011 0.0266
a range +83400 +83500 2029 2044 0.0209
a range +83400 +83500 2036 2046 0.0331
a range +83400 +83500 2044 2029 0.0209
a range +83400 +83500 2046 2036 0.0331
a range +83500 +83600 2015 2030 0.0221
a range +83500 +83600 2030 2015 0.0221
a range +83800 +83900 2004 2021 0.0402
a range +83800 +83900 2021 2004 0.0402
a range +84200 +84300 1004 2005 1105.0331
a range +84200 +84300 2005 1004 1105.0331
a range +84200 +84300 2011 2014 0.0338
a range +84200 +84300 2014 2011 0.0338
a range +84400 +84500 1002 2005 1105.1187
a range +84400 +84500 2005 1002 1105.1187
a range +84600 +84700 2006 9002 1105.0737
a range +84600 +84700 2019 2030 0.023
a range +84600 +84700 2030 2019 0.023
a range +84600 +84700 9002 2006 1105.0737
a range +85200 +85300 2028 2050 0.041
a range +85200 +85300 2050 2028 0.041
a range +85400 +85500 2008 2048 0.0354
a range +85400 +85500 2026 2051 0.0307
a range +85400 +85500 2048 2008 0.0354
a range +85400 +85500 2051 2026 0.0307
a range +85700 +85800 2014 2025 0.0226
a range +85700 +85800 2020 2051 0.035
a range +85700 +85800 2025 2014 0.0226
a range +85700 +85800 2051 2020 0.035
a range +85800 +85900 2030 2032 0.0226
a range +85800 +85900 2032 2030 0.0226
a range +86300 +86400 2015 2027 0.02
a range +86300 +86400 2019 2031 0.0171
a range +86300 +86400 2027 2015 0.02
a range +86300 +86400 2031 2019 0.0171
