a contact +500 +700 2007 2030 1000
a contact +500 +700 2030 2007 1000
a contact +800 +900 2013 2027 1000
a contact +800 +900 2014 2020 1000
a contact +800 +900 2016 2022 1000
a contact +800 +900 2020 2014 1000
a contact +800 +900 2022 2016 1000
a contact +800 +900 2027 2013 1000
a contact +2300 +2400 2008 2026 1000
a contact +2300 +2400 2026 2008 1000
a contact +2400 +2500 2001 2017 1000
a contact +2400 +2500 2003 2019 1000
a contact +2400 +2500 2017 2001 1000
a contact +2400 +2500 2019 2003 1000
a contact +2500 +2600 2022 2028 1000
a contact +2500 +2600 2028 2022 1000
a contact +3100 +3200 2006 2013 1000
a contact +3100 +3200 2013 2006 1000
a contact +3100 +3200 2024 2030 1000
a contact +3100 +3200 2030 2024 1000
a contact +3600 +3700 2004 2019 1000
a contact +3600 +3700 2019 2004 1000
a contact +3700 +3900 2013 2019 1000
a contact +3700 +3900 2019 2013 1000
a contact +4500 +4700 2005 2006 1000
a contact +4500 +4700 2006 2005 1000
a contact +4700 +4900 2011 2025 1000
a contact +4700 +4900 2025 2011 1000
a contact +5200 +5400 2013 2014 1000
a contact +5200 +5400 2014 2013 1000
a contact +5600 +5900 2008 2020 1000
a contact +5600 +5900 2020 2008 1000
a contact +6800 +7000 2003 2019 1000
a contact +6800 +7000 2008 2022 1000
a contact +6800 +7000 2019 2003 1000
a contact +6800 +7000 2022 2008 1000
a contact +7000 +7100 2025 9001 1000
a contact +7000 +7100 9001 2025 1000
a contact +7200 +7300 2003 2010 1000
a contact +7200 +7300 2004 2023 1000
a contact +7200 +7300 2010 2003 1000
a contact +7200 +7300 2023 2004 1000
a contact +7300 +7600 2026 9001 1000
a contact +7300 +7600 9001 2026 1000
a contact +8900 +9000 2003 2022 1000
a contact +8900 +9000 2022 2003 1000
a contact +8900 +9000 2031 2032 1000
a contact +8900 +9000 2032 2031 1000
a contact +9200 +9400 2026 2027 1000
a contact +9200 +9400 2027 2026 1000
a contact +9600 +9700 1001 2019 1000
a contact +9600 +9700 2019 1001 1000
a contact +10600 +10700 2028 9002 1000
a contact +10600 +10700 9002 2028 1000
a contact +10800 +11000 2014 2024 1000
a contact +10800 +11000 2024 2014 1000
a contact +11300 +11500 2010 2024 1000
a contact +11300 +11500 2024 2010 1000
a contact +11800 +11900 2004 2019 1000
a contact +11800 +11900 2019 2004 1000
a contact +12300 +12500 2010 2019 1000
a contact +12300 +12500 2019 2010 1000
a contact +13100 +13300 2006 2024 1000
a contact +13100 +13300 2008 2026 1000
a contact +13100 +13300 2024 2006 1000
a contact +13100 +13300 2026 2008 1000
a contact +13600 +13700 2004 2025 1000
a contact +13600 +13700 2007 2026 1000
a contact +13600 +13700 2025 2004 1000
a contact +13600 +13700 2026 2007 1000
a contact +13700 +13900 2011 2025 1000
a contact +13700 +13900 2025 2011 1000
a contact +13900 +14100 2013 2032 1000
a contact +13900 +14100 2032 2013 1000
a contact +14100 +14200 2009 2032 1000
a contact +14100 +14200 2021 2028 1000
a contact +14100 +14200 2028 2021 1000
a contact +14100 +14200 2032 2009 1000
a contact +14300 +14400 2010 2011 1000
a contact +14300 +14400 2011 2010 1000
a contact +14900 +15000 2006 2026 1000
a contact +14900 +15000 2025 2031 1000
a contact +14900 +15000 2026 2006 1000
a contact +14900 +15000 2031 2025 1000
a contact +15500 +15700 2025 2032 1000
a contact +15500 +15700 2032 2025 1000
a contact +15900 +16000 2005 2030 1000
a contact +15900 +16000 2030 2005 1000
a contact +16800 +17000 2006 2028 1000
a contact +16800 +17000 2028 2006 1000
a contact +17900 +18100 2016 2022 1000
a contact +17900 +18100 2022 2016 1000
a contact +18100 +18300 2010 2023 1000
a contact +18100 +18300 2023 2010 1000
a contact +18300 +18400 2007 2026 1000
a contact +18300 +18400 2026 2007 1000
a contact +19000 +19100 2012 2021 1000
a contact +19000 +19100 2021 2012 1000
a contact +20100 +20400 1002 2028 1000
a contact +20100 +20400 2028 1002 1000
a contact +20700 +20800 2001 2008 1000
a contact +20700 +20800 2008 2001 1000
a contact +20700 +20800 2023 2031 1000
a contact +20700 +20800 2031 2023 1000
a contact +20800 +21000 2007 2022 1000
a contact +20800 +21000 2022 2007 1000
a contact +21000 +21200 2009 2025 1000
a contact +21000 +21200 2025 2009 1000
a contact +21900 +22000 2012 2021 1000
a contact +21900 +22000 2021 2012 1000
a contact +22400 +22600 2001 2011 1000
a contact +22400 +22600 2005 2028 1000
a contact +22400 +22600 2011 2001 1000
a contact +22400 +22600 2028 2005 1000
a contact +23000 +23100 2019 2028 1000
a contact +23000 +23100 2028 2019 1000
a contact +23100 +23200 2003 2022 1000
a contact +23100 +23200 2022 2003 1000
a contact +23200 +23300 2014 2015 1000
a contact +23200 +23300 2015 2014 1000
a contact +23300 +23500 1001 9003 1000
a contact +23300 +23500 9003 1001 1000
a contact +23500 +23600 2011 2028 1000
a contact +23500 +23600 2028 2011 1000
a contact +23700 +23800 1001 9003 1000
a contact +23700 +23800 9003 1001 1000
a contact +24100 +24400 1001 9003 1000
a contact +24300 +24400 2005 2021 1000
a contact +24300 +24400 2018 2025 1000
a contact +24300 +24400 2021 2005 1000
a contact +24300 +24400 2025 2018 1000
a contact +24100 +24400 9003 1001 1000
a contact +24900 +25100 2006 2025 1000
a contact +24900 +25100 2025 2006 1000
a contact +24800 +25200 1001 9003 1000
a contact +25100 +25200 2008 2019 1000
a contact +25100 +25200 2019 2008 1000
a contact +24800 +25200 9003 1001 1000
a contact +25400 +25500 2001 2022 1000
a contact +25400 +25500 2022 2001 1000
a contact +25400 +25600 1001 9003 1000
a contact +25400 +25600 9003 1001 1000
a contact +25900 +26000 2014 2015 1000
a contact +25900 +26000 2015 2014 1000
a contact +26000 +26100 2009 2019 1000
a contact +26000 +26100 2019 2009 1000
a contact +27200 +27500 1002 2015 1000
a contact +27200 +27500 2015 1002 1000
a contact +27500 +27700 2007 2026 1000
a contact +27500 +27700 2009 2028 1000
a contact +27500 +27700 2012 2027 1000
a contact +27500 +27700 2026 2007 1000
a contact +27500 +27700 2027 2012 1000
a contact +27500 +27700 2028 2009 1000
a contact +27700 +27800 2004 2029 1000
a contact +27700 +27800 2029 2004 1000
a contact +27800 +28000 1002 2023 1000
a contact +27800 +28000 2023 1002 1000
a contact +28200 +28300 2030 2031 1000
a contact +28200 +28300 2031 2030 1000
a contact +28300 +28400 2002 2023 1000
a contact +28300 +28400 2023 2002 1000
a contact +28500 +28800 1002 2008 1000
a contact +28500 +28800 2008 1002 1000
a contact +29000 +29100 1002 2010 1000
a contact +29000 +29100 2002 2012 1000
a contact +29000 +29100 2010 1002 1000
a contact +29000 +29100 2012 2002 1000
a contact +29600 +29800 2025 2031 1000
a contact +29600 +29800 2031 2025 1000
a contact +29900 +30100 2017 2031 1000
a contact +29900 +30100 2031 2017 1000
a contact +32200 +32400 2011 2030 1000
a contact +32200 +32400 2030 2011 1000
a contact +32900 +33000 2007 2025 1000
a contact +32900 +33000 2025 2007 1000
a contact +33300 +33500 2012 2025 1000
a contact +33300 +33500 2025 2012 1000
a contact +33900 +34200 2009 2019 1000
a contact +33900 +34200 2019 2009 1000
a contact +34200 +34300 2020 2030 1000
a contact +34200 +34300 2030 2020 1000
a contact +34300 +34500 2011 2017 1000
a contact +34300 +34500 2017 2011 1000
a contact +34500 +34600 2014 2025 1000
a contact +34500 +34600 2025 2014 1000
a contact +34800 +34900 2014 2030 1000
a contact +34800 +34900 2030 2014 1000
a contact +35500 +35600 2011 2029 1000
a contact +35500 +35600 2022 2023 1000
a contact +35500 +35600 2023 2022 1000
a contact +35500 +35600 2029 2011 1000
a contact +36100 +36200 2004 2022 1000
a contact +36100 +36200 2022 2004 1000
a contact +36600 +36700 2006 2023 1000
a contact +36600 +36700 2023 2006 1000
a contact +37000 +37200 2019 2025 1000
a contact +37000 +37200 2025 2019 1000
a contact +37200 +37300 2009 2028 1000
a contact +37200 +37300 2028 2009 1000
a contact +37300 +37500 2020 2027 1000
a contact +37300 +37500 2027 2020 1000
a contact +37500 +37700 2006 2020 1000
a contact +37500 +37700 2020 2006 1000
a contact +37900 +38000 2007 2024 1000
a contact +37900 +38000 2024 2007 1000
a contact +38200 +38400 2022 2030 1000
a contact +38200 +38400 2030 2022 1000
a contact +38400 +38500 1002 2003 1000
a contact +38400 +38500 2003 1002 1000
a contact +38600 +38900 1002 2003 1000
a contact +38600 +38900 2003 1002 1000
a contact +38600 +38900 2006 2026 1000
a contact +38600 +38900 2026 2006 1000
a contact +39100 +39300 2004 2031 1000
a contact +39100 +39300 2012 2026 1000
a contact +39100 +39300 2018 2027 1000
a contact +39100 +39300 2026 2012 1000
a contact +39100 +39300 2027 2018 1000
a contact +39100 +39300 2031 2004 1000
a contact +39600 +39700 2026 2027 1000
a contact +39600 +39700 2027 2026 1000
a contact +39800 +40000 2021 2022 1000
a contact +39800 +40000 2022 2021 1000
a contact +40100 +40200 2012 2022 1000
a contact +40100 +40200 2022 2012 1000
a contact +40200 +40300 2007 2015 1000
a contact +40200 +40300 2015 2007 1000
a contact +40300 +40500 2002 2025 1000
a contact +40300 +40500 2025 2002 1000
a contact +40600 +40800 1002 2003 1000
a contact +40600 +40800 2003 1002 1000
a contact +40600 +40800 2021 2030 1000
a contact +40600 +40800 2030 2021 1000
a contact +40800 +40900 2012 2021 1000
a contact +40800 +40900 2021 2012 1000
a contact +40900 +41100 2011 2031 1000
a contact +40900 +41100 2031 2011 1000
a contact +41400 +41600 2020 2021 1000
a contact +41400 +41600 2021 2020 1000
a contact +42000 +42200 1002 2003 1000
a contact +42000 +42200 2003 1002 1000
a contact +42600 +42700 2006 2031 1000
a contact +42600 +42700 2018 2032 1000
a contact +42600 +42700 2027 2028 1000
a contact +42600 +42700 2028 2027 1000
a contact +42600 +42700 2031 2006 1000
a contact +42600 +42700 2032 2018 1000
a contact +42700 +42900 2016 2029 1000
a contact +42700 +42900 2018 2031 1000
a contact +42700 +42900 2029 2016 1000
a contact +42700 +42900 2031 2018 1000
a contact +43300 +43600 2010 2030 1000
a contact +43300 +43600 2030 2010 1000
a contact +44000 +44100 2016 2032 1000
a contact +44000 +44100 2032 2016 1000
a contact +44100 +44200 1001 2020 1000
a contact +44100 +44200 2020 1001 1000
a contact +44300 +44500 2015 2028 1000
a contact +44300 +44500 2028 2015 1000
a contact +44500 +44700 2009 2015 1000
a contact +44500 +44700 2015 2009 1000
a contact +44700 +44800 2011 2019 1000
a contact +44700 +44800 2019 2011 1000
a contact +44800 +44900 2010 2029 1000
a contact +44800 +44900 2029 2010 1000
a contact +44900 +45000 2010 2032 1000
a contact +44900 +45000 2032 2010 1000
a contact +45400 +45500 2001 2014 1000
a contact +45400 +45500 2014 2001 1000
a contact +46000 +46100 2002 2027 1000
a contact +46000 +46100 2004 2029 1000
a contact +46000 +46100 2027 2002 1000
a contact +46000 +46100 2029 2004 1000
a contact +46100 +46300 1002 2015 1000
a contact +46100 +46300 2010 2031 1000
a contact +46100 +46300 2015 1002 1000
a contact +46100 +46300 2031 2010 1000
a contact +46400 +46600 1001 2017 1000
a contact +46400 +46600 2017 1001 1000
a contact +46400 +46600 2025 2031 1000
a contact +46400 +46600 2031 2025 1000
a contact +46700 +46800 2001 2011 1000
a contact +46700 +46800 2006 2012 1000
a contact +46700 +46800 2011 2001 1000
a contact +46700 +46800 2012 2006 1000
a contact +47100 +47300 2009 2031 1000
a contact +47100 +47300 2031 2009 1000
a contact +48300 +48400 2003 2012 1000
a contact +48300 +48400 2012 2003 1000
a contact +48300 +48400 2021 2031 1000
a contact +48300 +48400 2031 2021 1000
a contact +48700 +48800 2015 2029 1000
a contact +48700 +48800 2029 2015 1000
a contact +48800 +48900 2015 2016 1000
a contact +48800 +48900 2016 2015 1000
a contact +48900 +49000 2014 2029 1000
a contact +48900 +49000 2029 2014 1000
a contact +49800 +50000 2022 2029 1000
a contact +49800 +50000 2029 2022 1000
a contact +50800 +51000 2008 2029 1000
a contact +50800 +51000 2029 2008 1000
a contact +51600 +51800 2025 2031 1000
a contact +51600 +51800 2031 2025 1000
a contact +51800 +51900 1001 2028 1000
a contact +51800 +51900 2028 1001 1000
a contact +51900 +52000 2008 2021 1000
a contact +51900 +52000 2021 2008 1000
a contact +51900 +52100 1002 2028 1000
a contact +52000 +52100 2006 2020 1000
a contact +52000 +52100 2020 2006 1000
a contact +51900 +52100 2028 1002 1000
a contact +52400 +52600 2013 2029 1000
a contact +52400 +52600 2022 2032 1000
a contact +52400 +52600 2029 2013 1000
a contact +52400 +52600 2032 2022 1000
a contact +53200 +53300 2028 9003 1000
a contact +53200 +53300 9003 2028 1000
a contact +53800 +54000 2028 9003 1000
a contact +53800 +54000 9003 2028 1000
a contact +54000 +54200 2009 2023 1000
a contact +54000 +54200 2023 2009 1000
a contact +55100 +55400 1002 2028 1000
a contact +55100 +55400 2028 1002 1000
a contact +55800 +55900 2017 9001 1000
a contact +55800 +55900 9001 2017 1000
a contact +56600 +56700 2014 2023 1000
a contact +56600 +56700 2023 2014 1000
a contact +57000 +57100 2008 2023 1000
a contact +57000 +57100 2009 2020 1000
a contact +57000 +57100 2020 2009 1000
a contact +57000 +57100 2023 2008 1000
a contact +57300 +57400 2009 2027 1000
a contact +57300 +57400 2027 2009 1000
a contact +58200 +58400 2013 2023 1000
a contact +58200 +58400 2023 2013 1000
a contact +58500 +58700 2007 2021 1000
a contact +58500 +58700 2021 2007 1000
a contact +58500 +58700 2028 9003 1000
a contact +58500 +58700 9003 2028 1000
a contact +59200 +59400 2014 2025 1000
a contact +59200 +59400 2025 2014 1000
a contact +59200 +59400 2028 9003 1000
a contact +59200 +59400 9003 2028 1000
a contact +59400 +59500 2004 2005 1000
a contact +59400 +59500 2005 2004 1000
a contact +59500 +59600 1001 2028 1000
a contact +59500 +59600 2028 1001 1000
a contact +60200 +60300 2008 2023 1000
a contact +60200 +60300 2023 2008 1000
a contact +60500 +60600 1001 2028 1000
a contact +60500 +60600 2005 2024 1000
a contact +60500 +60600 2009 2020 1000
a contact +60500 +60600 2013 2032 1000
a contact +60500 +60600 2020 2009 1000
a contact +60500 +60600 2024 2005 1000
a contact +60500 +60600 2028 1001 1000
a contact +60500 +60600 2032 2013 1000
a contact +60600 +60700 2006 2016 1000
a contact +60600 +60700 2008 2018 1000
a contact +60600 +60700 2016 2006 1000
a contact +60600 +60700 2018 2008 1000
a contact +60700 +60800 2009 2017 1000
a contact +60700 +60800 2013 2027 1000
a contact +60700 +60800 2014 2024 1000
a contact +60700 +60800 2017 2009 1000
a contact +60700 +60800 2024 2014 1000
a contact +60700 +60800 2027 2013 1000
a contact +60800 +61000 1001 2028 1000
a contact +60800 +61000 2006 2032 1000
a contact +60800 +61000 2028 1001 1000
a contact +60800 +61000 2032 2006 1000
a contact +61000 +61200 2028 9003 1000
a contact +61000 +61200 9003 2028 1000
a contact +61400 +61500 1002 2028 1000
a contact +61400 +61500 2006 2013 1000
a contact +61400 +61500 2013 2006 1000
a contact +61400 +61500 2028 1002 1000
a contact +61700 +61800 1002 2028 1000
a contact +61700 +61800 2028 1002 1000
a contact +61800 +62000 1001 2028 1000
a contact +61800 +62000 2028 1001 1000
a contact +62000 +62100 1002 2031 1000
a contact +62000 +62100 2031 1002 1000
a contact +62100 +62500 2014 2021 1000
a contact +62100 +62500 2021 2014 1000
a contact +62800 +62900 1002 2028 1000
a contact +62800 +62900 2028 1002 1000
a contact +62800 +62900 2031 9003 1000
a contact +62800 +62900 9003 2031 1000
a contact +62900 +63100 2015 2024 1000
a contact +62900 +63100 2024 2015 1000
a contact +63100 +63200 2004 2014 1000
a contact +63100 +63200 2014 2004 1000
a contact +63200 +63400 2006 2024 1000
a contact +63200 +63400 2024 2006 1000
a contact +63400 +63600 2001 9001 1000
a contact +63400 +63600 2017 2027 1000
a contact +63400 +63600 2027 2017 1000
a contact +63400 +63600 9001 2001 1000
a contact +63600 +63800 2011 2021 1000
a contact +63600 +63800 2021 2011 1000
a contact +63800 +63900 2008 2027 1000
a contact +63800 +63900 2027 2008 1000
a contact +63800 +64100 1001 2031 1000
a contact +63800 +64100 2031 1001 1000
a contact +64300 +64500 1002 2028 1000
a contact +64300 +64500 2028 1002 1000
a contact +64500 +64800 1001 2028 1000
a contact +64500 +64800 2028 1001 1000
a contact +64500 +64800 2031 9003 1000
a contact +64500 +64800 9003 2031 1000
a contact +64800 +64900 2006 2023 1000
a contact +64800 +64900 2023 2006 1000
a contact +65000 +65200 1002 2031 1000
a contact +65000 +65200 2008 2009 1000
a contact +65000 +65200 2009 2008 1000
a contact +65000 +65200 2028 9003 1000
a contact +65000 +65200 2031 1002 1000
a contact +65000 +65200 9003 2028 1000
a contact +65200 +65300 2010 2023 1000
a contact +65200 +65300 2023 2010 1000
a contact +65300 +65400 2016 2017 1000
a contact +65300 +65400 2017 2016 1000
a contact +65700 +65800 2001 9001 1000
a contact +65700 +65800 9001 2001 1000
a contact +65900 +66000 1002 2031 1000
a contact +65900 +66000 2031 1002 1000
a contact +66000 +66200 1001 2028 1000
a contact +66000 +66200 2028 1001 1000
a contact +66800 +67200 2008 2020 1000
a contact +66800 +67200 2020 2008 1000
a contact +67300 +67400 2015 2032 1000
a contact +67300 +67400 2031 9003 1000
a contact +67300 +67400 2032 2015 1000
a contact +67300 +67400 9003 2031 1000
a contact +67400 +67500 2001 9001 1000
a contact +67400 +67500 2017 2027 1000
a contact +67400 +67500 2027 2017 1000
a contact +67400 +67500 9001 2001 1000
a contact +67500 +67700 2009 2022 1000
a contact +67500 +67700 2022 2009 1000
a contact +68100 +68300 1002 2031 1000
a contact +68100 +68300 2009 2015 1000
a contact +68100 +68300 2015 2009 1000
a contact +68100 +68300 2031 1002 1000
a contact +68400 +68500 2012 2021 1000
a contact +68400 +68500 2021 2012 1000
a contact +68500 +68600 2010 2016 1000
a contact +68500 +68600 2016 2010 1000
a contact +68600 +68700 2006 2017 1000
a contact +68600 +68700 2017 2006 1000
a contact +69600 +69700 1002 2031 1000
a contact +69600 +69700 2020 2026 1000
a contact +69600 +69700 2026 2020 1000
a contact +69600 +69700 2031 1002 1000
a contact +69700 +69900 2001 9001 1000
a contact +69700 +69900 2010 2016 1000
a contact +69700 +69900 2016 2010 1000
a contact +69700 +69900 9001 2001 1000
a contact +69900 +70000 2004 2025 1000
a contact +69900 +70000 2025 2004 1000
a contact +70200 +70300 2012 2026 1000
a contact +70200 +70300 2026 2012 1000
a contact +70500 +70700 2008 2022 1000
a contact +70500 +70700 2022 2008 1000
a contact +70700 +70900 2011 2020 1000
a contact +70700 +70900 2014 2030 1000
a contact +70700 +70900 2020 2011 1000
a contact +70700 +70900 2030 2014 1000
a contact +71400 +71500 2022 2032 1000
a contact +71400 +71500 2032 2022 1000
a contact +71500 +71600 2031 9003 1000
a contact +71500 +71600 9003 2031 1000
a contact +71800 +71900 2003 2020 1000
a contact +71800 +71900 2020 2003 1000
a contact +72300 +72400 2003 2024 1000
a contact +72300 +72400 2008 2019 1000
a contact +72300 +72400 2019 2008 1000
a contact +72300 +72400 2024 2003 1000
a contact +72500 +72600 2016 2027 1000
a contact +72500 +72600 2027 2016 1000
a contact +72600 +72800 2002 2015 1000
a contact +72600 +72800 2015 2002 1000
a contact +73100 +73200 1002 2031 1000
a contact +73100 +73200 2031 1002 1000
a contact +73600 +73800 1001 2031 1000
a contact +73600 +73800 2031 1001 1000
a contact +73900 +74300 2003 2023 1000
a contact +73900 +74300 2023 2003 1000
a contact +75000 +75200 1001 2013 1000
a contact +75000 +75200 2003 2004 1000
a contact +75000 +75200 2004 2003 1000
a contact +75000 +75200 2009 2019 1000
a contact +75000 +75200 2013 1001 1000
a contact +75000 +75200 2019 2009 1000
a contact +75000 +75200 2031 9003 1000
a contact +75000 +75200 9003 2031 1000
a contact +75200 +75400 2013 9003 1000
a contact +75200 +75400 9003 2013 1000
a contact +75400 +75600 1001 2031 1000
a contact +75400 +75600 2031 1001 1000
a contact +75900 +76100 1002 2031 1000
a contact +75900 +76100 2031 1002 1000
a contact +76100 +76300 1001 2013 1000
a contact +76100 +76300 2013 1001 1000
a contact +76300 +76600 1002 2013 1000
a contact +76300 +76600 2013 1002 1000
a contact +76600 +76700 1001 2031 1000
a contact +76600 +76700 2001 2007 1000
a contact +76600 +76700 2007 2001 1000
a contact +76600 +76700 2031 1001 1000
a contact +77100 +77200 2012 2027 1000
a contact +77100 +77200 2027 2012 1000
a contact +77300 +77500 1002 2013 1000
a contact +77300 +77500 2013 1002 1000
a contact +77800 +77900 1002 2031 1000
a contact +77800 +77900 2006 2028 1000
a contact +77800 +77900 2014 2024 1000
a contact +77800 +77900 2024 2014 1000
a contact +77800 +77900 2028 2006 1000
a contact +77800 +77900 2031 1002 1000
a contact +77900 +78000 2017 2032 1000
a contact +77900 +78000 2032 2017 1000
a contact +78000 +78200 2006 2017 1000
a contact +78000 +78200 2017 2006 1000
a contact +78400 +78500 2001 2017 1000
a contact +78400 +78500 2017 2001 1000
a contact +78400 +78500 2024 2032 1000
a contact +78400 +78500 2032 2024 1000
a contact +78500 +78600 2014 2032 1000
a contact +78500 +78600 2032 2014 1000
a contact +78600 +79000 2006 2028 1000
a contact +78600 +79000 2028 2006 1000
a contact +79100 +79300 1001 2013 1000
a contact +79000 +79300 1002 2015 1000
a contact +79100 +79300 2013 1001 1000
a contact +79000 +79300 2015 1002 1000
a contact +79300 +79400 2005 2024 1000
a contact +79300 +79400 2024 2005 1000
a contact +79900 +80100 2006 2027 1000
a contact +79900 +80100 2027 2006 1000
a contact +80300 +80400 1002 2013 1000
a contact +80300 +80400 2013 1002 1000
a contact +81300 +81400 2002 2010 1000
a contact +81300 +81400 2010 2002 1000
a contact +81500 +81700 2002 2031 1000
a contact +81500 +81700 2004 9001 1000
a contact +81500 +81700 2031 2002 1000
a contact +81500 +81700 9001 2004 1000
a contact +81700 +81800 2007 2020 1000
a contact +81700 +81800 2020 2007 1000
a contact +82000 +82200 2010 2020 1000
a contact +82000 +82200 2020 2010 1000
a contact +82200 +82300 2003 2010 1000
a contact +82200 +82300 2010 2003 1000
a contact +82500 +82600 2016 2027 1000
a contact +82500 +82600 2027 2016 1000
a contact +82600 +82800 1001 2013 1000
a contact +82600 +82800 2013 1001 1000
a contact +82900 +83000 2019 2029 1000
a contact +82900 +83000 2029 2019 1000
a contact +83800 +84000 2003 2030 1000
a contact +83700 +84000 2011 9001 1000
a contact +83800 +84000 2030 2003 1000
a contact +83700 +84000 9001 2011 1000
a contact +84000 +84200 2010 2016 1000
a contact +84000 +84200 2016 2010 1000
a contact +84300 +84400 2005 2024 1000
a contact +84300 +84400 2009 2016 1000
a contact +84300 +84400 2016 2009 1000
a contact +84300 +84400 2024 2005 1000
a contact +84600 +84800 2019 2025 1000
a contact +84600 +84800 2025 2019 1000
a contact +84800 +84900 2012 2019 1000
a contact +84800 +84900 2019 2012 1000
a contact +85000 +85100 2015 2030 1000
a contact +85000 +85100 2030 2015 1000
a contact +85100 +85300 2010 2030 1000
a contact +85100 +85300 2030 2010 1000
a contact +85300 +85400 2015 2032 1000
a contact +85300 +85400 2032 2015 1000
a contact +86200 +86400 1001 2022 1000
a contact +86200 +86400 2016 2026 1000
a contact +86200 +86400 2022 1001 1000
a contact +86200 +86400 2026 2016 1000

a range +500 +700 2007 2030 0.0431
a range +500 +700 2030 2007 0.0431
a range +800 +900 2013 2027 0.0374
a range +800 +900 2014 2020 0.0366
a range +800 +900 2016 2022 0.0319
a range +800 +900 2020 2014 0.0366
a range +800 +900 2022 2016 0.0319
a range +800 +900 2027 2013 0.0374
a range +2300 +2400 2008 2026 0.0433
a range +2300 +2400 2026 2008 0.0433
a range +2400 +2500 2001 2017 0.0337
a range +2400 +2500 2003 2019 0.0065
a range +2400 +2500 2017 2001 0.0337
a range +2400 +2500 2019 2003 0.0065
a range +2500 +2600 2022 2028 0.0366
a range +2500 +2600 2028 2022 0.0366
a range +3100 +3200 2006 2013 0.0231
a range +3100 +3200 2013 2006 0.0231
a range +3100 +3200 2024 2030 0.0319
a range +3100 +3200 2030 2024 0.0319
a range +3600 +3700 2004 2019 0.023
a range +3600 +3700 2019 2004 0.023
a range +3700 +3900 2013 2019 0.0353
a range +3700 +3900 2019 2013 0.0353
a range +4500 +4700 2005 2006 0.0186
a range +4500 +4700 2006 2005 0.0186
a range +4700 +4900 2011 2025 0.031
a range +4700 +4900 2025 2011 0.031
a range +5200 +5400 2013 2014 0.0186
a range +5200 +5400 2014 2013 0.0186
a range +5600 +5900 2008 2020 0.043
a range +5600 +5900 2020 2008 0.043
a range +6800 +7000 2003 2019 0.0065
a range +6800 +7000 2008 2022 0.0251
a range +6800 +7000 2019 2003 0.0065
a range +6800 +7000 2022 2008 0.0251
a range +7000 +7100 2025 9001 1102.3341
a range +7000 +7100 9001 2025 1102.3341
a range +7200 +7300 2003 2010 0.0176
a range +7200 +7300 2004 2023 0.0432
a range +7200 +7300 2010 2003 0.0176
a range +7200 +7300 2023 2004 0.0432
a range +7300 +7600 2026 9001 1102.3397
a range +7300 +7600 9001 2026 1102.3397
a range +8900 +9000 2003 2022 0.043
a range +8900 +9000 2022 2003 0.043
a range +8900 +9000 2031 2032 0.0186
a range +8900 +9000 2032 2031 0.0186
a range +9200 +9400 2026 2027 0.0186
a range +9200 +9400 2027 2026 0.0186
a range +9600 +9700 1001 2019 1102.2721
a range +9600 +9700 2019 1001 1102.2721
a range +10600 +10700 2028 9002 1103.3645
a range +10600 +10700 9002 2028 1103.3645
a range +10800 +11000 2014 2024 0.0319
a range +10800 +11000 2024 2014 0.0319
a range +11300 +11500 2010 2024 0.0366
a range +11300 +11500 2024 2010 0.0366
a range +11800 +11900 2004 2019 0.023
a range +11800 +11900 2019 2004 0.023
a range +12300 +12500 2010 2019 0.0176
a range +12300 +12500 2019 2010 0.0176
a range +13100 +13300 2006 2024 0.0251
a range +13100 +13300 2008 2026 0.0431
a range +13100 +13300 2024 2006 0.0251
a range +13100 +13300 2026 2008 0.0431
a range +13600 +13700 2004 2025 0.0436
a range +13600 +13700 2007 2026 0.0435
a range +13600 +13700 2025 2004 0.0436
a range +13600 +13700 2026 2007 0.0435
a range +13700 +13900 2011 2025 0.031
a range +13700 +13900 2025 2011 0.031
a range +13900 +14100 2013 2032 0.0434
a range +13900 +14100 2032 2013 0.0434
a range +14100 +14200 2009 2032 0.0361
a range +14100 +14200 2021 2028 0.025
a range +14100 +14200 2028 2021 0.025
a range +14100 +14200 2032 2009 0.0361
a range +14300 +14400 2010 2011 0.0186
a range +14300 +14400 2011 2010 0.0186
a range +14900 +15000 2006 2026 0.0436
a range +14900 +15000 2025 2031 0.0343
a range +14900 +15000 2026 2006 0.0436
a range +14900 +15000 2031 2025 0.0343
a range +15500 +15700 2025 2032 0.0186
a range +15500 +15700 2032 2025 0.0186
a range +15900 +16000 2005 2030 0.0432
a range +15900 +16000 2030 2005 0.0432
a range +16800 +17000 2006 2028 0.0431
a range +16800 +17000 2028 2006 0.0431
a range +17900 +18100 2016 2022 0.0319
a range +17900 +18100 2022 2016 0.0319
a range +18100 +18300 2010 2023 0.043
a range +18100 +18300 2023 2010 0.043
a range +18300 +18400 2007 2026 0.0435
a range +18300 +18400 2026 2007 0.0435
a range +19000 +19100 2012 2021 0.025
a range +19000 +19100 2021 2012 0.025
a range +20100 +20400 1002 2028 1103.1497
a range +20100 +20400 2028 1002 1103.1497
a range +20700 +20800 2001 2008 0.0186
a range +20700 +20800 2008 2001 0.0186
a range +20700 +20800 2023 2031 0.0035
a range +20700 +20800 2031 2023 0.0035
a range +20800 +21000 2007 2022 0.0148
a range +20800 +21000 2022 2007 0.0148
a range +21000 +21200 2009 2025 0.0337
a range +21000 +21200 2025 2009 0.0337
a range +21900 +22000 2012 2021 0.025
a range +21900 +22000 2021 2012 0.025
a range +22400 +22600 2001 2011 0.0334
a range +22400 +22600 2005 2028 0.0432
a range +22400 +22600 2011 2001 0.0334
a range +22400 +22600 2028 2005 0.0432
a range +23000 +23100 2019 2028 0.02
a range +23000 +23100 2028 2019 0.02
a range +23100 +23200 2003 2022 0.0432
a range +23100 +23200 2022 2003 0.0432
a range +23200 +23300 2014 2015 0.0186
a range +23200 +23300 2015 2014 0.0186
a range +23300 +23500 1001 9003 0.0591
a range +23300 +23500 9003 1001 0.0591
a range +23500 +23600 2011 2028 0.023
a range +23500 +23600 2028 2011 0.023
a range +23700 +23800 1001 9003 0.0591
a range +23700 +23800 9003 1001 0.0591
a range +24100 +24400 1001 9003 0.0591
a range +24300 +24400 2005 2021 0.0337
a range +24300 +24400 2018 2025 0.0231
a range +24300 +24400 2021 2005 0.0337
a range +24300 +24400 2025 2018 0.0231
a range +24100 +24400 9003 1001 0.0591
a range +24900 +25100 2006 2025 0.0436
a range +24900 +25100 2025 2006 0.0436
a range +24800 +25200 1001 9003 0.0591
a range +25100 +25200 2008 2019 0.043
a range +25100 +25200 2019 2008 0.043
a range +24800 +25200 9003 1001 0.0591
a range +25400 +25500 2001 2022 0.0434
a range +25400 +25500 2022 2001 0.0434
a range +25400 +25600 1001 9003 0.0591
a range +25400 +25600 9003 1001 0.0591
a range +25900 +26000 2014 2015 0.0186
a range +25900 +26000 2015 2014 0.0186
a range +26000 +26100 2009 2019 0.0334
a range +26000 +26100 2019 2009 0.0334
a range +27200 +27500 1002 2015 1103.1244
a range +27200 +27500 2015 1002 1103.1244
a range +27500 +27700 2007 2026 0.0433
a range +27500 +27700 2009 2028 0.0431
a range +27500 +27700 2012 2027 0.023
a range +27500 +27700 2026 2007 0.0433
a range +27500 +27700 2027 2012 0.023
a range +27500 +27700 2028 2009 0.0431
a range +27700 +27800 2004 2029 0.0432
a range +27700 +27800 2029 2004 0.0432
a range +27800 +28000 1002 2023 1103.1254
a range +27800 +28000 2023 1002 1103.1254
a range +28200 +28300 2030 2031 0.0186
a range +28200 +28300 2031 2030 0.0186
a range +28300 +28400 2002 2023 0.0432
a range +28300 +28400 2023 2002 0.0432
a range +28500 +28800 1002 2008 1103.1414
a range +28500 +28800 2008 1002 1103.1414
a range +29000 +29100 1002 2010 1103.1667
a range +29000 +29100 2002 2012 0.0319
a range +29000 +29100 2010 1002 1103.1667
a range +29000 +29100 2012 2002 0.0319
a range +29600 +29800 2025 2031 0.0343
a range +29600 +29800 2031 2025 0.0343
a range +29900 +30100 2017 2031 0.0353
a range +29900 +30100 2031 2017 0.0353
a range +32200 +32400 2011 2030 0.0431
a range +32200 +32400 2030 2011 0.0431
a range +32900 +33000 2007 2025 0.0431
a range +32900 +33000 2025 2007 0.0431
a range +33300 +33500 2012 2025 0.0431
a range +33300 +33500 2025 2012 0.0431
a range +33900 +34200 2009 2019 0.0334
a range +33900 +34200 2019 2009 0.0334
a range +34200 +34300 2020 2030 0.0366
a range +34200 +34300 2030 2020 0.0366
a range +34300 +34500 2011 2017 0.0334
a range +34300 +34500 2017 2011 0.0334
a range +34500 +34600 2014 2025 0.0433
a range +34500 +34600 2025 2014 0.0433
a range +34800 +34900 2014 2030 0.0193
a range +34800 +34900 2030 2014 0.0193
a range +35500 +35600 2011 2029 0.0374
a range +35500 +35600 2022 2023 0.0186
a range +35500 +35600 2023 2022 0.0186
a range +35500 +35600 2029 2011 0.0374
a range +36100 +36200 2004 2022 0.0416
a range +36100 +36200 2022 2004 0.0416
a range +36600 +36700 2006 2023 0.0148
a range +36600 +36700 2023 2006 0.0148
a range +37000 +37200 2019 2025 0.0334
a range +37000 +37200 2025 2019 0.0334
a range +37200 +37300 2009 2028 0.043
a range +37200 +37300 2028 2009 0.043
a range +37300 +37500 2020 2027 0.02
a range +37300 +37500 2027 2020 0.02
a range +37500 +37700 2006 2020 0.0416
a range +37500 +37700 2020 2006 0.0416
a range +37900 +38000 2007 2024 0.023
a range +37900 +38000 2024 2007 0.023
a range +38200 +38400 2022 2030 0.0104
a range +38200 +38400 2030 2022 0.0104
a range +38400 +38500 1002 2003 1104.0488
a range +38400 +38500 2003 1002 1104.0488
a range +38600 +38900 1002 2003 1104.0488
a range +38600 +38900 2003 1002 1104.0488
a range +38600 +38900 2006 2026 0.0432
a range +38600 +38900 2026 2006 0.0432
a range +39100 +39300 2004 2031 0.0433
a range +39100 +39300 2012 2026 0.0251
a range +39100 +39300 2018 2027 0.0176
a range +39100 +39300 2026 2012 0.0251
a range +39100 +39300 2027 2018 0.0176
a range +39100 +39300 2031 2004 0.0433
a range +39600 +39700 2026 2027 0.0186
a range +39600 +39700 2027 2026 0.0186
a range +39800 +40000 2021 2022 0.0186
a range +39800 +40000 2022 2021 0.0186
a range +40100 +40200 2012 2022 0.0366
a range +40100 +40200 2022 2012 0.0366
a range +40200 +40300 2007 2015 0.0035
a range +40200 +40300 2015 2007 0.0035
a range +40300 +40500 2002 2025 0.0433
a range +40300 +40500 2025 2002 0.0433
a range +40600 +40800 1002 2003 1104.0488
a range +40600 +40800 2003 1002 1104.0488
a range +40600 +40800 2021 2030 0.0231
a range +40600 +40800 2030 2021 0.0231
a range +40800 +40900 2012 2021 0.025
a range +40800 +40900 2021 2012 0.025
a range +40900 +41100 2011 2031 0.0431
a range +40900 +41100 2031 2011 0.0431
a range +41400 +41600 2020 2021 0.0186
a range +41400 +41600 2021 2020 0.0186
a range +42000 +42200 1002 2003 1104.0488
a range +42000 +42200 2003 1002 1104.0488
a range +42600 +42700 2006 2031 0.0431
a range +42600 +42700 2018 2032 0.0366
a range +42600 +42700 2027 2028 0.0186
a range +42600 +42700 2028 2027 0.0186
a range +42600 +42700 2031 2006 0.0431
a range +42600 +42700 2032 2018 0.0366
a range +42700 +42900 2016 2029 0.043
a range +42700 +42900 2018 2031 0.043
a range +42700 +42900 2029 2016 0.043
a range +42700 +42900 2031 2018 0.043
a range +43300 +43600 2010 2030 0.0433
a range +43300 +43600 2030 2010 0.0433
a range +44000 +44100 2016 2032 0.0284
a range +44000 +44100 2032 2016 0.0284
a range +44100 +44200 1001 2020 1103.6035
a range +44100 +44200 2020 1001 1103.6035
a range +44300 +44500 2015 2028 0.0432
a range +44300 +44500 2028 2015 0.0432
a range +44500 +44700 2009 2015 0.0343
a range +44500 +44700 2015 2009 0.0343
a range +44700 +44800 2011 2019 0.0035
a range +44700 +44800 2019 2011 0.0035
a range +44800 +44900 2010 2029 0.0431
a range +44800 +44900 2029 2010 0.0431
a range +44900 +45000 2010 2032 0.0416
a range +44900 +45000 2032 2010 0.0416
a range +45400 +45500 2001 2014 0.0431
a range +45400 +45500 2014 2001 0.0431
a range +46000 +46100 2002 2027 0.0434
a range +46000 +46100 2004 2029 0.043
a range +46000 +46100 2027 2002 0.0434
a range +46000 +46100 2029 2004 0.043
a range +46100 +46300 1002 2015 1104.0589
a range +46100 +46300 2010 2031 0.0434
a range +46100 +46300 2015 1002 1104.0589
a range +46100 +46300 2031 2010 0.0434
a range +46400 +46600 1001 2017 1103.5775
a range +46400 +46600 2017 1001 1103.5775
a range +46400 +46600 2025 2031 0.0343
a range +46400 +46600 2031 2025 0.0343
a range +46700 +46800 2001 2011 0.0334
a range +46700 +46800 2006 2012 0.0366
a range +46700 +46800 2011 2001 0.0334
a range +46700 +46800 2012 2006 0.0366
a range +47100 +47300 2009 2031 0.0374
a range +47100 +47300 2031 2009 0.0374
a range +48300 +48400 2003 2012 0.02
a range +48300 +48400 2012 2003 0.02
a range +48300 +48400 2021 2031 0.0334
a range +48300 +48400 2031 2021 0.0334
a range +48700 +48800 2015 2029 0.031
a range +48700 +48800 2029 2015 0.031
a range +48800 +48900 2015 2016 0.0186
a range +48800 +48900 2016 2015 0.0186
a range +48900 +49000 2014 2029 0.0315
a range +48900 +49000 2029 2014 0.0315
a range +49800 +50000 2022 2029 0.0231
a range +49800 +50000 2029 2022 0.0231
a range +50800 +51000 2008 2029 0.0435
a range +50800 +51000 2029 2008 0.0435
a range +51600 +51800 2025 2031 0.0343
a range +51600 +51800 2031 2025 0.0343
a range +51800 +51900 1001 2028 1104.5144
a range +51800 +51900 2028 1001 1104.5144
a range +51900 +52000 2008 2021 0.0433
a range +51900 +52000 2021 2008 0.0433
a range +51900 +52100 1002 2028 1104.0448
a range +52000 +52100 2006 2020 0.0416
a range +52000 +52100 2020 2006 0.0416
a range +51900 +52100 2028 1002 1104.0448
a range +52400 +52600 2013 2029 0.0337
a range +52400 +52600 2022 2032 0.0319
a range +52400 +52600 2029 2013 0.0337
a range +52400 +52600 2032 2022 0.0319
a range +53200 +53300 2028 9003 1104.7509
a range +53200 +53300 9003 2028 1104.7509
a range +53800 +54000 2028 9003 1104.7509
a range +53800 +54000 9003 2028 1104.7509
a range +54000 +54200 2009 2023 0.0353
a range +54000 +54200 2023 2009 0.0353
a range +55100 +55400 1002 2028 1104.0448
a range +55100 +55400 2028 1002 1104.0448
a range +55800 +55900 2017 9001 1103.9574
a range +55800 +55900 9001 2017 1103.9574
a range +56600 +56700 2014 2023 0.0176
a range +56600 +56700 2023 2014 0.0176
a range +57000 +57100 2008 2023 0.023
a range +57000 +57100 2009 2020 0.043
a range +57000 +57100 2020 2009 0.043
a range +57000 +57100 2023 2008 0.023
a range +57300 +57400 2009 2027 0.031
a range +57300 +57400 2027 2009 0.031
a range +58200 +58400 2013 2023 0.0334
a range +58200 +58400 2023 2013 0.0334
a range +58500 +58700 2007 2021 0.031
a range +58500 +58700 2021 2007 0.031
a range +58500 +58700 2028 9003 1104.7509
a range +58500 +58700 9003 2028 1104.7509
a range +59200 +59400 2014 2025 0.043
a range +59200 +59400 2025 2014 0.043
a range +59200 +59400 2028 9003 1104.7509
a range +59200 +59400 9003 2028 1104.7509
a range +59400 +59500 2004 2005 0.0186
a range +59400 +59500 2005 2004 0.0186
a range +59500 +59600 1001 2028 1104.5144
a range +59500 +59600 2028 1001 1104.5144
a range +60200 +60300 2008 2023 0.023
a range +60200 +60300 2023 2008 0.023
a range +60500 +60600 1001 2028 1104.5144
a range +60500 +60600 2005 2024 0.0432
a range +60500 +60600 2009 2020 0.043
a range +60500 +60600 2013 2032 0.0432
a range +60500 +60600 2020 2009 0.043
a range +60500 +60600 2024 2005 0.0432
a range +60500 +60600 2028 1001 1104.5144
a range +60500 +60600 2032 2013 0.0432
a range +60600 +60700 2006 2016 0.0319
a range +60600 +60700 2008 2018 0.0416
a range +60600 +60700 2016 2006 0.0319
a range +60600 +60700 2018 2008 0.0416
a range +60700 +60800 2009 2017 0.0182
a range +60700 +60800 2013 2027 0.0374
a range +60700 +60800 2014 2024 0.0319
a range +60700 +60800 2017 2009 0.0182
a range +60700 +60800 2024 2014 0.0319
a range +60700 +60800 2027 2013 0.0374
a range +60800 +61000 1001 2028 1104.5144
a range +60800 +61000 2006 2032 0.043
a range +60800 +61000 2028 1001 1104.5144
a range +60800 +61000 2032 2006 0.043
a range +61000 +61200 2028 9003 1104.7509
a range +61000 +61200 9003 2028 1104.7509
a range +61400 +61500 1002 2028 1104.9526
a range +61400 +61500 2006 2013 0.0231
a range +61400 +61500 2013 2006 0.0231
a range +61400 +61500 2028 1002 1104.9526
a range +61700 +61800 1002 2028 1104.9526
a range +61700 +61800 2028 1002 1104.9526
a range +61800 +62000 1001 2028 1104.5144
a range +61800 +62000 2028 1001 1104.5144
a range +62000 +62100 1002 2031 1104.9645
a range +62000 +62100 2031 1002 1104.9645
a range +62100 +62500 2014 2021 0.0231
a range +62100 +62500 2021 2014 0.0231
a range +62800 +62900 1002 2028 1104.9526
a range +62800 +62900 2028 1002 1104.9526
a range +62800 +62900 2031 9003 1104.7634
a range +62800 +62900 9003 2031 1104.7634
a range +62900 +63100 2015 2024 0.02
a range +62900 +63100 2024 2015 0.02
a range +63100 +63200 2004 2014 0.0366
a range +63100 +63200 2014 2004 0.0366
a range +63200 +63400 2006 2024 0.0251
a range +63200 +63400 2024 2006 0.0251
a range +63400 +63600 2001 9001 1105.0474
a range +63400 +63600 2017 2027 0.0334
a range +63400 +63600 2027 2017 0.0334
a range +63400 +63600 9001 2001 1105.0474
a range +63600 +63800 2011 2021 0.0353
a range +63600 +63800 2021 2011 0.0353
a range +63800 +63900 2008 2027 0.043
a range +63800 +63900 2027 2008 0.043
a range +63800 +64100 1001 2031 1104.4994
a range +63800 +64100 2031 1001 1104.4994
a range +64300 +64500 1002 2028 1104.9526
a range +64300 +64500 2028 1002 1104.9526
a range +64500 +64800 1001 2028 1104.5144
a range +64500 +64800 2028 1001 1104.5144
a range +64500 +64800 2031 9003 1104.7634
a range +64500 +64800 9003 2031 1104.7634
a range +64800 +64900 2006 2023 0.0148
a range +64800 +64900 2023 2006 0.0148
a range +65000 +65200 1002 2031 1104.9645
a range +65000 +65200 2008 2009 0.025
a range +65000 +65200 2009 2008 0.025
a range +65000 +65200 2028 9003 1104.7509
a range +65000 +65200 2031 1002 1104.9645
a range +65000 +65200 9003 2028 1104.7509
a range +65200 +65300 2010 2023 0.0431
a range +65200 +65300 2023 2010 0.0431
a range +65300 +65400 2016 2017 0.025
a range +65300 +65400 2017 2016 0.025
a range +65700 +65800 2001 9001 1105.0474
a range +65700 +65800 9001 2001 1105.0474
a range +65900 +66000 1002 2031 1104.9645
a range +65900 +66000 2031 1002 1104.9645
a range +66000 +66200 1001 2028 1104.5144
a range +66000 +66200 2028 1001 1104.5144
a range +66800 +67200 2008 2020 0.043
a range +66800 +67200 2020 2008 0.043
a range +67300 +67400 2015 2032 0.023
a range +67300 +67400 2031 9003 1104.7634
a range +67300 +67400 2032 2015 0.023
a range +67300 +67400 9003 2031 1104.7634
a range +67400 +67500 2001 9001 1105.0474
a range +67400 +67500 2017 2027 0.0334
a range +67400 +67500 2027 2017 0.0334
a range +67400 +67500 9001 2001 1105.0474
a range +67500 +67700 2009 2022 0.043
a range +67500 +67700 2022 2009 0.043
a range +68100 +68300 1002 2031 1104.9645
a range +68100 +68300 2009 2015 0.0343
a range +68100 +68300 2015 2009 0.0343
a range +68100 +68300 2031 1002 1104.9645
a range +68400 +68500 2012 2021 0.025
a range +68400 +68500 2021 2012 0.025
a range +68500 +68600 2010 2016 0.0343
a range +68500 +68600 2016 2010 0.0343
a range +68600 +68700 2006 2017 0.0433
a range +68600 +68700 2017 2006 0.0433
a range +69600 +69700 1002 2031 1104.9645
a range +69600 +69700 2020 2026 0.0319
a range +69600 +69700 2026 2020 0.0319
a range +69600 +69700 2031 1002 1104.9645
a range +69700 +69900 2001 9001 1105.0474
a range +69700 +69900 2010 2016 0.0343
a range +69700 +69900 2016 2010 0.0343
a range +69700 +69900 9001 2001 1105.0474
a range +69900 +70000 2004 2025 0.0432
a range +69900 +70000 2025 2004 0.0432
a range +70200 +70300 2012 2026 0.0251
a range +70200 +70300 2026 2012 0.0251
a range +70500 +70700 2008 2022 0.0251
a range +70500 +70700 2022 2008 0.0251
a range +70700 +70900 2011 2020 0.02
a range +70700 +70900 2014 2030 0.0193
a range +70700 +70900 2020 2011 0.02
a range +70700 +70900 2030 2014 0.0193
a range +71400 +71500 2022 2032 0.0319
a range +71400 +71500 2032 2022 0.0319
a range +71500 +71600 2031 9003 1104.7634
a range +71500 +71600 9003 2031 1104.7634
a range +71800 +71900 2003 2020 0.023
a range +71800 +71900 2020 2003 0.023
a range +72300 +72400 2003 2024 0.0433
a range +72300 +72400 2008 2019 0.0433
a range +72300 +72400 2019 2008 0.0433
a range +72300 +72400 2024 2003 0.0433
a range +72500 +72600 2016 2027 0.0433
a range +72500 +72600 2027 2016 0.0433
a range +72600 +72800 2002 2015 0.0431
a range +72600 +72800 2015 2002 0.0431
a range +73100 +73200 1002 2031 1104.9645
a range +73100 +73200 2031 1002 1104.9645
a range +73600 +73800 1001 2031 1105.0283
a range +73600 +73800 2031 1001 1105.0283
a range +73900 +74300 2003 2023 0.0432
a range +73900 +74300 2023 2003 0.0432
a range +75000 +75200 1001 2013 1104.9803
a range +75000 +75200 2003 2004 0.0186
a range +75000 +75200 2004 2003 0.0186
a range +75000 +75200 2009 2019 0.0334
a range +75000 +75200 2013 1001 1104.9803
a range +75000 +75200 2019 2009 0.0334
a range +75000 +75200 2031 9003 1104.7634
a range +75000 +75200 9003 2031 1104.7634
a range +75200 +75400 2013 9003 1104.74
a range +75200 +75400 9003 2013 1104.74
a range +75400 +75600 1001 2031 1105.0283
a range +75400 +75600 2031 1001 1105.0283
a range +75900 +76100 1002 2031 1104.9645
a range +75900 +76100 2031 1002 1104.9645
a range +76100 +76300 1001 2013 1104.9803
a range +76100 +76300 2013 1001 1104.9803
a range +76300 +76600 1002 2013 1104.963
a range +76300 +76600 2013 1002 1104.963
a range +76600 +76700 1001 2031 1105.0283
a range +76600 +76700 2001 2007 0.0343
a range +76600 +76700 2007 2001 0.0343
a range +76600 +76700 2031 1001 1105.0283
a range +77100 +77200 2012 2027 0.023
a range +77100 +77200 2027 2012 0.023
a range +77300 +77500 1002 2013 1104.963
a range +77300 +77500 2013 1002 1104.963
a range +77800 +77900 1002 2031 1104.9645
a range +77800 +77900 2006 2028 0.0432
a range +77800 +77900 2014 2024 0.0319
a range +77800 +77900 2024 2014 0.0319
a range +77800 +77900 2028 2006 0.0432
a range +77800 +77900 2031 1002 1104.9645
a range +77900 +78000 2017 2032 0.025
a range +77900 +78000 2032 2017 0.025
a range +78000 +78200 2006 2017 0.0432
a range +78000 +78200 2017 2006 0.0432
a range +78400 +78500 2001 2017 0.0337
a range +78400 +78500 2017 2001 0.0337
a range +78400 +78500 2024 2032 0.0154
a range +78400 +78500 2032 2024 0.0154
a range +78500 +78600 2014 2032 0.0251
a range +78500 +78600 2032 2014 0.0251
a range +78600 +79000 2006 2028 0.0432
a range +78600 +79000 2028 2006 0.0432
a range +79100 +79300 1001 2013 1104.9803
a range +79000 +79300 1002 2015 1104.8877
a range +79100 +79300 2013 1001 1104.9803
a range +79000 +79300 2015 1002 1104.8877
a range +79300 +79400 2005 2024 0.043
a range +79300 +79400 2024 2005 0.043
a range +79900 +80100 2006 2027 0.0435
a range +79900 +80100 2027 2006 0.0435
a range +80300 +80400 1002 2013 1104.963
a range +80300 +80400 2013 1002 1104.963
a range +81300 +81400 2002 2010 0.0104
a range +81300 +81400 2010 2002 0.0104
a range +81500 +81700 2002 2031 0.0435
a range +81500 +81700 2004 9001 1105.0661
a range +81500 +81700 2031 2002 0.0435
a range +81500 +81700 9001 2004 1105.0661
a range +81700 +81800 2007 2020 0.0432
a range +81700 +81800 2020 2007 0.0432
a range +82000 +82200 2010 2020 0.0319
a range +82000 +82200 2020 2010 0.0319
a range +82200 +82300 2003 2010 0.0176
a range +82200 +82300 2010 2003 0.0176
a range +82500 +82600 2016 2027 0.0432
a range +82500 +82600 2027 2016 0.0432
a range +82600 +82800 1001 2013 1104.9803
a range +82600 +82800 2013 1001 1104.9803
a range +82900 +83000 2019 2029 0.0353
a range +82900 +83000 2029 2019 0.0353
a range +83800 +84000 2003 2030 0.0435
a range +83700 +84000 2011 9001 1105.0617
a range +83800 +84000 2030 2003 0.0435
a range +83700 +84000 9001 2011 1105.0617
a range +84000 +84200 2010 2016 0.0343
a range +84000 +84200 2016 2010 0.0343
a range +84300 +84400 2005 2024 0.0325
a range +84300 +84400 2009 2016 0.0186
a range +84300 +84400 2016 2009 0.0186
a range +84300 +84400 2024 2005 0.0325
a range +84600 +84800 2019 2025 0.0334
a range +84600 +84800 2025 2019 0.0334
a range +84800 +84900 2012 2019 0.02
a range +84800 +84900 2019 2012 0.02
a range +85000 +85100 2015 2030 0.0148
a range +85000 +85100 2030 2015 0.0148
a range +85100 +85300 2010 2030 0.0433
a range +85100 +85300 2030 2010 0.0433
a range +85300 +85400 2015 2032 0.023
a range +85300 +85400 2032 2015 0.023
a range +86200 +86400 1001 2022 1105.0422
a range +86200 +86400 2016 2026 0.0416
a range +86200 +86400 2022 1001 1105.0422
a range +86200 +86400 2026 2016 0.0416
