a contact +600 +1200 2002 9002 1000
a contact +600 +1200 2012 2034 1000
a contact +600 +1200 2013 2033 1000
a contact +600 +1200 2033 2013 1000
a contact +600 +1200 2034 2012 1000
a contact +600 +1200 9002 2002 1000
a contact +1200 +1800 2017 2029 1000
a contact +1200 +1800 2029 2017 1000
a contact +3000 +3600 1002 2038 1000
a contact +3000 +3600 2009 2033 1000
a contact +3000 +3600 2033 2009 1000
a contact +3000 +3600 2038 1002 1000
a contact +6000 +6600 2014 2031 1000
a contact +6000 +6600 2031 2014 1000
a contact +11400 +12000 1003 2008 1000
a contact +11400 +12000 2008 1003 1000
a contact +15000 +15600 1003 2031 1000
a contact +15000 +15600 2031 1003 1000
a contact +15600 +16200 2017 9002 1000
a contact +15600 +16200 2018 2036 1000
a contact +15600 +16200 2036 2018 1000
a contact +15600 +16200 9002 2017 1000
a contact +16200 +16800 2010 2020 1000
a contact +16200 +16800 2020 2010 1000
a contact +16800 +17400 2033 2040 1000
a contact +16800 +17400 2040 2033 1000
a contact +21000 +21600 2011 2012 1000
a contact +21000 +21600 2012 2011 1000

a range +600 +1200 2002 9002 1102.5613
a range +600 +1200 2012 2034 0.0222
a range +600 +1200 2013 2033 0.0092
a range +600 +1200 2033 2013 0.0092
a range +600 +1200 2034 2012 0.0222
a range +600 +1200 9002 2002 1102.5613
a range +1200 +1800 2017 2029 0.0268
a range +1200 +1800 2029 2017 0.0268
a range +3000 +3600 1002 2038 1102.3903
a range +3000 +3600 2009 2033 0.0437
a range +3000 +3600 2033 2009 0.0437
a range +3000 +3600 2038 1002 1102.3903
a range +6000 +6600 2014 2031 0.044
a range +6000 +6600 2031 2014 0.044
a range +11400 +12000 1003 2008 1102.5188
a range +11400 +12000 2008 1003 1102.5188
a range +15000 +15600 1003 2031 1102.5228
a range +15000 +15600 2031 1003 1102.5228
a range +15600 +16200 2017 9002 1102.5493
a range +15600 +16200 2018 2036 0.0235
a range +15600 +16200 2036 2018 0.0235
a range +15600 +16200 9002 2017 1102.5493
a range +16200 +16800 2010 2020 0.0186
a range +16200 +16800 2020 2010 0.0186
a range +16800 +17400 2033 2040 0.0393
a range +16800 +17400 2040 2033 0.0393
a range +21000 +21600 2011 2012 0.015
a range +21000 +21600 2012 2011 0.015
