a contact +0 +6600 2007 9005 50
a contact +0 +6600 9005 2007 50
a contact +0 +9600 2011 9002 50
a contact +0 +9600 9002 2011 50
a contact +9600 +10800 2003 9002 25
a contact +0 +10800 2014 9001 50
a contact +0 +10800 9001 2014 50
a contact +9600 +10800 9002 2003 25
a contact +6600 +12000 2002 9005 25
a contact +6600 +12000 9005 2002 25
a contact +10800 +15600 2001 9001 25
a contact +0 +15600 2012 9004 50
a contact +10800 +15600 9001 2001 25
a contact +0 +15600 9004 2012 50
a contact +10800 +21600 2004 9002 50
a contact +10800 +21600 9002 2004 50
a contact +30000 +32400 2003 9003 25
a contact +30000 +32400 9003 2003 25
a contact +12000 +35400 2010 9005 50
a contact +12000 +35400 9005 2010 50
a contact +30000 +36000 2011 9006 50
a contact +30000 +36000 9006 2011 50
a contact +21600 +36600 2016 9002 50
a contact +21600 +36600 9002 2016 50
a contact +32400 +39000 2004 9003 50
a contact +32400 +39000 9003 2004 50
a contact +35400 +40800 2012 9005 50
a contact +35400 +40800 9005 2012 50
a contact +40800 +42600 2001 9005 25
a contact +36600 +42600 2003 9002 25
a contact +36600 +42600 9002 2003 25
a contact +40800 +42600 9005 2001 25
a contact +52200 +54600 2003 9004 25
a contact +52200 +54600 9004 2003 25
a contact +36000 +61200 2007 9006 50
a contact +36000 +61200 9006 2007 50
a contact +39000 +62400 2006 9003 50
a contact +39000 +62400 9003 2006 50
a contact +54600 +69000 2015 9004 50
a contact +54600 +69000 9004 2015 50
a contact +61200 +78600 2005 9006 50
a contact +62400 +78600 2013 9003 50
a contact +62400 +78600 9003 2013 50
a contact +61200 +78600 9006 2005 50
a contact +78600 +79800 2003 9002 25
a contact +78600 +79800 9002 2003 25
a contact +52200 +83400 2009 9001 50
a contact +52200 +83400 9001 2009 50
a contact +79800 +86400 2001 9002 25
a contact +78600 +86400 2002 9005 25
a contact +69000 +86400 2008 9004 50
a contact +83400 +86400 2014 9001 50
a contact +83400 +86400 9001 2014 50
a contact +79800 +86400 9002 2001 25
a contact +69000 +86400 9004 2008 50
a contact +78600 +86400 9005 2002 25

a range +0 +6600 2007 9005 1103.3966
a range +0 +6600 9005 2007 1103.3966
a range +0 +9600 2011 9002 1102.2401
a range +0 +9600 9002 2011 1102.2401
a range +9600 +10800 2003 9002 1102.325
a range +0 +10800 2014 9001 1102.3422
a range +0 +10800 9001 2014 1102.3422
a range +9600 +10800 9002 2003 1102.325
a range +6600 +12000 2002 9005 1103.3781
a range +6600 +12000 9005 2002 1103.3781
a range +10800 +15600 2001 9001 1102.3367
a range +0 +15600 2012 9004 1102.3217
a range +10800 +15600 9001 2001 1102.3367
a range +0 +15600 9004 2012 1102.3217
a range +10800 +21600 2004 9002 1102.6972
a range +10800 +21600 9002 2004 1102.6972
a range +30000 +32400 2003 9003 1103.1031
a range +30000 +32400 9003 2003 1103.1031
a range +12000 +35400 2010 9005 1103.3884
a range +12000 +35400 9005 2010 1103.3884
a range +30000 +36000 2011 9006 1103.3113
a range +30000 +36000 9006 2011 1103.3113
a range +21600 +36600 2016 9002 1103.3836
a range +21600 +36600 9002 2016 1103.3836
a range +32400 +39000 2004 9003 1103.4625
a range +32400 +39000 9003 2004 1103.4625
a range +35400 +40800 2012 9005 1103.3605
a range +35400 +40800 9005 2012 1103.3605
a range +40800 +42600 2001 9005 1103.3975
a range +36600 +42600 2003 9002 1103.3722
a range +36600 +42600 9002 2003 1103.3722
a range +40800 +42600 9005 2001 1103.3975
a range +52200 +54600 2003 9004 1103.8698
a range +52200 +54600 9004 2003 1103.8698
a range +36000 +61200 2007 9006 1104.7666
a range +36000 +61200 9006 2007 1104.7666
a range +39000 +62400 2006 9003 1104.7926
a range +39000 +62400 9003 2006 1104.7926
a range +54600 +69000 2015 9004 1105.0646
a range +54600 +69000 9004 2015 1105.0646
a range +61200 +78600 2005 9006 1104.7574
a range +62400 +78600 2013 9003 1104.7923
a range +62400 +78600 9003 2013 1104.7923
a range +61200 +78600 9006 2005 1104.7574
a range +78600 +79800 2003 9002 1105.0456
a range +78600 +79800 9002 2003 1105.0456
a range +52200 +83400 2009 9001 1105.0454
a range +52200 +83400 9001 2009 1105.0454
a range +79800 +86400 2001 9002 1105.0559
a range +78600 +86400 2002 9005 1105.0739
a range +69000 +86400 2008 9004 1105.0495
a range +83400 +86400 2014 9001 1105.0342
a range +83400 +86400 9001 2014 1105.0342
a range +79800 +86400 9002 2001 1105.0559
a range +69000 +86400 9004 2008 1105.0495
a range +78600 +86400 9005 2002 1105.0739
