a contact +200 +300 2002 9002 1000
a contact +200 +300 9002 2002 1000
a contact +500 +600 2021 2035 1000
a contact +500 +600 2022 2034 1000
a contact +500 +600 2034 2022 1000
a contact +500 +600 2035 2021 1000
a contact +1300 +1400 2023 2032 1000
a contact +1300 +1400 2032 2023 1000
a contact +1500 +1600 2005 2047 1000
a contact +1500 +1600 2047 2005 1000
a contact +1800 +1900 2014 2043 1000
a contact +1800 +1900 2043 2014 1000
a contact +1900 +2000 2004 9001 1000
a contact +1900 +2000 2013 2022 1000
a contact +1900 +2000 2014 2047 1000
a contact +1900 +2000 2022 2013 1000
a contact +1900 +2000 2047 2014 1000
a contact +1900 +2000 9001 2004 1000
a contact +2600 +2700 2020 2046 1000
a contact +2600 +2700 2046 2020 1000
a contact +3000 +3100 2028 2036 1000
a contact +3000 +3100 2036 2028 1000
a contact +3200 +3300 2010 2025 1000
a contact +3200 +3300 2025 2010 1000
a contact +3500 +3600 2013 2026 1000
a contact +3500 +3600 2026 2013 1000
a contact +3700 +3800 2005 2015 1000
a contact +3700 +3800 2015 2005 1000
a contact +3800 +3900 1002 2034 1000
a contact +3800 +3900 2008 2029 1000
a contact +3800 +3900 2029 2008 1000
a contact +3800 +3900 2034 1002 1000
a contact +4400 +4600 2004 2032 1000
a contact +4400 +4600 2032 2004 1000
a contact +4600 +4700 2035 2043 1000
a contact +4600 +4700 2043 2035 1000
a contact +4700 +4800 1003 2031 1000
a contact +4700 +4800 2031 1003 1000
a contact +4900 +5000 2009 2019 1000
a contact +4900 +5000 2019 2009 1000
a contact +4900 +5000 2040 2044 1000
a contact +4900 +5000 2044 2040 1000
a contact +5000 +5100 2008 2010 1000
a contact +5000 +5100 2010 2008 1000
a contact +5200 +5300 2004 2005 1000
a contact +5200 +5300 2005 2004 1000
a contact +5400 +5500 2004 2008 1000
a contact +5400 +5500 2008 2004 1000
a contact +5800 +5900 2013 2046 1000
a contact +5800 +5900 2046 2013 1000
a contact +6200 +6300 2030 2031 1000
a contact +6200 +6300 2031 2030 1000
a contact +6300 +6400 2015 2024 1000
a contact +6300 +6400 2024 2015 1000
a contact +6400 +6500 2023 2032 1000
a contact +6400 +6500 2032 2023 1000
a contact +6700 +6800 1003 2017 1000
a contact +6700 +6800 2017 1003 1000
a contact +6900 +7100 2032 2046 1000
a contact +6900 +7100 2046 2032 1000
a contact +7100 +7200 2006 2026 1000
a contact +7100 +7200 2026 2006 1000
a contact +7500 +7600 2029 2041 1000
a contact +7500 +7600 2041 2029 1000
a contact +7600 +7700 2011 2035 1000
a contact +7600 +7700 2012 2044 1000
a contact +7600 +7700 2035 2011 1000
a contact +7600 +7700 2044 2012 1000
a contact +8600 +8700 2037 2048 1000
a contact +8600 +8700 2048 2037 1000
a contact +9000 +9100 2036 9002 1000
a contact +9000 +9100 9002 2036 1000
a contact +9100 +9300 2042 2044 1000
a contact +9100 +9300 2044 2042 1000
a contact +9100 +9300 2045 2047 1000
a contact +9100 +9300 2047 2045 1000
a contact +9300 +9400 2021 2036 1000
a contact +9300 +9400 2036 2021 1000
a contact +9700 +9800 2018 2034 1000
a contact +9700 +9800 2034 2018 1000
a contact +9800 +9900 2015 2030 1000
a contact +9800 +9900 2030 2015 1000
a contact +10000 +10100 2008 2009 1000
a contact +10000 +10100 2009 2008 1000
a contact +10600 +10700 2002 2045 1000
a contact +10600 +10700 2006 2046 1000
a contact +10600 +10700 2045 2002 1000
a contact +10600 +10700 2046 2006 1000
a contact +11000 +11200 2009 2045 1000
a contact +11000 +11200 2045 2009 1000
a contact +11300 +11400 2005 2046 1000
a contact +11300 +11400 2046 2005 1000
a contact +11400 +11500 1002 2038 1000
a contact +11400 +11500 2019 2032 1000
a contact +11400 +11500 2030 2046 1000
a contact +11400 +11500 2032 2019 1000
a contact +11400 +11500 2038 1002 1000
a contact +11400 +11500 2046 2030 1000
a contact +11800 +11900 2001 2024 1000
a contact +11800 +11900 2015 2016 1000
a contact +11800 +11900 2016 2015 1000
a contact +11800 +11900 2024 2001 1000
a contact +11900 +12000 2024 2047 1000
a contact +11900 +12000 2047 2024 1000
a contact +12200 +12300 2003 2048 1000
a contact +12200 +12300 2048 2003 1000
a contact +12400 +12500 2011 2033 1000
a contact +12400 +12500 2033 2011 1000
a contact +12500 +12600 2004 2039 1000
a contact +12500 +12600 2020 2021 1000
a contact +12500 +12600 2021 2020 1000
a contact +12500 +12600 2039 2004 1000
a contact +12800 +12900 2033 2045 1000
a contact +12800 +12900 2045 2033 1000
a contact +13000 +13100 2015 2024 1000
a contact +13000 +13100 2024 2015 1000
a contact +13400 +13500 2039 2047 1000
a contact +13400 +13500 2047 2039 1000
a contact +13500 +13600 1003 2016 1000
a contact +13500 +13600 2016 1003 1000
a contact +14000 +14100 2009 2010 1000
a contact +14000 +14100 2010 2009 1000
a contact +14000 +14100 2014 2015 1000
a contact +14000 +14100 2015 2014 1000
a contact +14000 +14100 2017 2018 1000
a contact +14000 +14100 2018 2017 1000
a contact +14100 +14200 2007 2015 1000
a contact +14100 +14200 2015 2007 1000
a contact +14100 +14200 2017 2019 1000
a contact +14100 +14200 2019 2017 1000
a contact +14300 +14400 2024 2034 1000
a contact +14300 +14400 2034 2024 1000
a contact +14500 +14600 1001 2014 1000
a contact +14500 +14600 2014 1001 1000
a contact +14600 +14700 2022 2033 1000
a contact +14600 +14700 2033 2022 1000
a contact +14700 +14800 2027 2048 1000
a contact +14700 +14800 2048 2027 1000
a contact +14800 +14900 2002 2028 1000
a contact +14800 +14900 2028 2002 1000
a contact +15000 +15200 2035 9002 1000
a contact +15000 +15200 9002 2035 1000
a contact +15200 +15300 2021 2037 1000
a contact +15200 +15300 2037 2021 1000
a contact +15400 +15600 2005 2016 1000
a contact +15400 +15600 2016 2005 1000
a contact +15400 +15600 2021 2036 1000
a contact +15400 +15600 2036 2021 1000
a contact +16000 +16100 2028 2048 1000
a contact +16000 +16100 2048 2028 1000
a contact +16100 +16200 2022 2042 1000
a contact +16100 +16200 2042 2022 1000
a contact +16300 +16500 1002 9003 1000
a contact +16300 +16500 9003 1002 1000
a contact +16900 +17000 2009 2025 1000
a contact +16900 +17000 2015 2024 1000
a contact +16900 +17000 2024 2015 1000
a contact +16900 +17000 2025 2009 1000
a contact +17300 +17400 2003 2029 1000
a contact +17300 +17400 2029 2003 1000
a contact +17600 +17700 2012 2024 1000
a contact +17600 +17700 2024 2012 1000
a contact +17800 +17900 2002 2033 1000
a contact +17800 +17900 2028 2041 1000
a contact +17800 +17900 2033 2002 1000
a contact +17800 +17900 2041 2028 1000
a contact +17900 +18100 2027 2038 1000
a contact +17900 +18100 2038 2027 1000
a contact +18300 +18500 2023 2047 1000
a contact +18300 +18500 2047 2023 1000
a contact +18500 +18600 2019 2027 1000
a contact +18500 +18600 2027 2019 1000
a contact +18600 +18700 2019 2034 1000
a contact +18600 +18700 2034 2019 1000
a contact +18800 +18900 2027 2036 1000
a contact +18800 +18900 2036 2027 1000
a contact +18900 +19000 2009 2011 1000
a contact +18900 +19000 2011 2009 1000
a contact +19300 +19400 1002 2040 1000
a contact +19300 +19400 2003 2007 1000
a contact +19300 +19400 2007 2003 1000
a contact +19300 +19400 2040 1002 1000
a contact +19900 +20000 2036 2037 1000
a contact +19900 +20000 2037 2036 1000
a contact +20000 +20100 1003 2044 1000
a contact +20000 +20100 2014 9002 1000
a contact +20000 +20100 2030 2046 1000
a contact +20000 +20100 2044 1003 1000
a contact +20000 +20100 2046 2030 1000
a contact +20000 +20100 9002 2014 1000
a contact +20100 +20300 2036 2040 1000
a contact +20100 +20300 2040 2036 1000
a contact +20300 +20400 2002 2006 1000
a contact +20300 +20400 2006 2002 1000
a contact +20600 +20700 2029 2043 1000
a contact +20600 +20700 2043 2029 1000
a contact +20900 +21000 2008 2035 1000
a contact +20900 +21000 2035 2008 1000
a contact +21200 +21300 2007 2034 1000
a contact +21200 +21300 2034 2007 1000
a contact +21300 +21400 2022 2042 1000
a contact +21300 +21400 2042 2022 1000
a contact +21400 +21500 2022 2045 1000
a contact +21400 +21500 2045 2022 1000
a contact +21900 +22000 2024 2045 1000
a contact +21900 +22000 2045 2024 1000
a contact +22300 +22400 1001 2033 1000
a contact +22300 +22400 2033 1001 1000
a contact +23200 +23300 2020 2035 1000
a contact +23200 +23300 2021 2033 1000
a contact +23200 +23300 2033 2021 1000
a contact +23200 +23300 2035 2020 1000
a contact +23300 +23400 2008 2040 1000
a contact +23300 +23400 2040 2008 1000
a contact +23400 +23500 2018 2031 1000
a contact +23400 +23500 2031 2018 1000
a contact +23600 +23700 2032 2034 1000
a contact +23600 +23700 2034 2032 1000
a contact +23800 +23900 2003 2005 1000
a contact +23800 +23900 2005 2003 1000
a contact +23900 +24000 2020 2029 1000
a contact +23900 +24000 2022 2031 1000
a contact +23900 +24000 2029 2020 1000
a contact +23900 +24000 2031 2022 1000
a contact +24100 +24200 2009 2043 1000
a contact +24100 +24200 2012 2046 1000
a contact +24100 +24200 2035 2036 1000
a contact +24100 +24200 2036 2035 1000
a contact +24100 +24200 2043 2009 1000
a contact +24100 +24200 2046 2012 1000
a contact +24200 +24300 2006 2035 1000
a contact +24200 +24300 2035 2006 1000
a contact +24300 +24400 2010 2022 1000
a contact +24300 +24400 2022 2010 1000
a contact +24600 +24700 2031 2045 1000
a contact +24600 +24700 2045 2031 1000
a contact +24800 +25000 2033 2045 1000
a contact +24800 +25000 2045 2033 1000
a contact +25000 +25100 1003 2007 1000
a contact +25000 +25100 2007 1003 1000
a contact +25200 +25300 2017 2047 1000
a contact +25200 +25300 2047 2017 1000
a contact +25300 +25400 2006 2019 1000
a contact +25300 +25400 2019 2006 1000
a contact +25500 +25600 2012 2034 1000
a contact +25500 +25600 2032 2044 1000
a contact +25500 +25600 2034 2012 1000
a contact +25500 +25600 2044 2032 1000
a contact +25600 +25700 2022 2043 1000
a contact +25600 +25700 2035 2048 1000
a contact +25600 +25700 2043 2022 1000
a contact +25600 +25700 2048 2035 1000
a contact +25700 +25800 2021 2048 1000
a contact +25700 +25800 2022 2046 1000
a contact +25700 +25800 2046 2022 1000
a contact +25700 +25800 2048 2021 1000
a contact +26000 +26200 2009 2033 1000
a contact +26000 +26200 2033 2009 1000
a contact +26200 +26300 2003 2028 1000
a contact +26200 +26300 2022 2041 1000
a contact +26200 +26300 2028 2003 1000
a contact +26200 +26300 2041 2022 1000
a contact +26300 +26400 2017 2046 1000
a contact +26300 +26400 2046 2017 1000
a contact +26700 +26800 2009 2046 1000
a contact +26700 +26800 2046 2009 1000
a contact +27000 +27200 2044 2045 1000
a contact +27000 +27200 2045 2044 1000
a contact +27500 +27600 2040 2044 1000
a contact +27500 +27600 2044 2040 1000
a contact +27700 +27800 2006 2007 1000
a contact +27700 +27800 2007 2006 1000
a contact +27800 +27900 1003 2021 1000
a contact +27800 +27900 2021 1003 1000
a contact +28000 +28100 1001 9001 1000
a contact +28000 +28100 2012 2043 1000
a contact +28000 +28100 2043 2012 1000
a contact +28000 +28100 9001 1001 1000
a contact +28100 +28200 1003 2030 1000
a contact +28100 +28200 2030 1003 1000
a contact +28300 +28400 2010 2043 1000
a contact +28300 +28400 2043 2010 1000
a contact +28400 +28500 2010 2022 1000
a contact +28400 +28500 2022 2010 1000
a contact +28500 +28600 2005 2048 1000
a contact +28500 +28600 2048 2005 1000
a contact +28600 +28700 2013 2037 1000
a contact +28600 +28700 2014 2039 1000
a contact +28600 +28700 2037 2013 1000
a contact +28600 +28700 2039 2014 1000
a contact +28700 +28800 2008 2023 1000
a contact +28700 +28800 2023 2008 1000
a contact +28800 +28900 2011 2019 1000
a contact +28800 +28900 2015 2038 1000
a contact +28800 +28900 2019 2011 1000
a contact +28800 +28900 2038 2015 1000
a contact +28900 +29100 1001 2043 1000
a contact +28900 +29100 2043 1001 1000
a contact +29100 +29200 1001 9002 1000
a contact +29100 +29200 1003 2013 1000
a contact +29100 +29200 2008 2022 1000
a contact +29100 +29200 2009 2021 1000
a contact +29100 +29200 2013 1003 1000
a contact +29100 +29200 2021 2009 1000
a contact +29100 +29200 2022 2008 1000
a contact +29100 +29200 9002 1001 1000
a contact +29700 +29800 2039 9002 1000
a contact +29700 +29800 9002 2039 1000
a contact +30000 +30100 2035 2046 1000
a contact +30000 +30100 2046 2035 1000
a contact +30100 +30200 1002 2034 1000
a contact +30100 +30200 2006 2032 1000
a contact +30100 +30200 2024 2045 1000
a contact +30100 +30200 2032 2006 1000
a contact +30100 +30200 2034 1002 1000
a contact +30100 +30200 2045 2024 1000
a contact +30300 +30400 2006 2033 1000
a contact +30300 +30400 2033 2006 1000
a contact +30400 +30500 2003 2016 1000
a contact +30400 +30500 2016 2003 1000
a contact +30500 +30600 2017 9003 1000
a contact +30500 +30600 9003 2017 1000
a contact +30900 +31000 2020 2045 1000
a contact +30900 +31000 2045 2020 1000
a contact +31100 +31300 2004 2035 1000
a contact +31100 +31300 2035 2004 1000
a contact +31400 +31500 2006 2044 1000
a contact +31400 +31500 2040 2048 1000
a contact +31400 +31500 2044 2006 1000
a contact +31400 +31500 2048 2040 1000
a contact +31600 +31700 2040 2041 1000
a contact +31600 +31700 2041 2040 1000
a contact +31700 +31800 2021 2025 1000
a contact +31700 +31800 2025 2021 1000
a contact +31900 +32000 1001 2004 1000
a contact +31900 +32000 2004 1001 1000
a contact +32000 +32100 2022 2031 1000
a contact +32000 +32100 2031 2022 1000
a contact +32000 +32100 2040 2042 1000
a contact +32000 +32100 2042 2040 1000
a contact +32200 +32300 2034 2036 1000
a contact +32200 +32300 2036 2034 1000
a contact +32300 +32400 2004 2044 1000
a contact +32300 +32400 2044 2004 1000
a contact +32400 +32500 1002 2013 1000
a contact +32400 +32500 2013 1002 1000
a contact +33200 +33300 2004 2017 1000
a contact +33200 +33300 2007 2020 1000
a contact +33200 +33300 2017 2004 1000
a contact +33200 +33300 2020 2007 1000
a contact +33400 +33500 2008 2020 1000
a contact +33400 +33500 2020 2008 1000
a contact +33500 +33600 2008 2021 1000
a contact +33500 +33600 2021 2008 1000
a contact +33800 +33900 2014 2038 1000
a contact +33800 +33900 2038 2014 1000
a contact +34000 +34200 2024 2045 1000
a contact +34000 +34200 2027 2048 1000
a contact +34000 +34200 2045 2024 1000
a contact +34000 +34200 2048 2027 1000
a contact +34200 +34300 1002 2032 1000
a contact +34200 +34300 2032 1002 1000
a contact +34300 +34400 2005 2028 1000
a contact +34300 +34400 2023 9002 1000
a contact +34300 +34400 2028 2005 1000
a contact +34300 +34400 9002 2023 1000
a contact +34400 +34500 2005 2029 1000
a contact +34400 +34500 2029 2005 1000
a contact +34700 +34800 1002 2022 1000
a contact +34700 +34800 2022 1002 1000
a contact +35500 +35600 1001 2016 1000
a contact +35500 +35600 2016 1001 1000
a contact +36200 +36300 2020 2035 1000
a contact +36200 +36300 2035 2020 1000
a contact +36500 +36600 2007 2043 1000
a contact +36500 +36600 2021 2031 1000
a contact +36500 +36600 2031 2021 1000
a contact +36500 +36600 2043 2007 1000
a contact +36600 +36700 2026 2035 1000
a contact +36600 +36700 2035 2026 1000
a contact +36700 +36800 1003 2030 1000
a contact +36700 +36800 2030 1003 1000
a contact +36900 +37000 2016 2028 1000
a contact +36900 +37000 2028 2016 1000
a contact +37200 +37300 2040 2048 1000
a contact +37200 +37300 2048 2040 1000
a contact +37700 +37800 2008 2012 1000
a contact +37700 +37800 2012 2008 1000
a contact +37700 +37800 2016 2030 1000
a contact +37700 +37800 2026 2034 1000
a contact +37700 +37800 2030 2016 1000
a contact +37700 +37800 2034 2026 1000
a contact +37800 +37900 2015 9002 1000
a contact +37800 +37900 9002 2015 1000
a contact +38000 +38200 1003 2035 1000
a contact +38000 +38200 2035 1003 1000
a contact +38800 +38900 2006 2034 1000
a contact +38800 +38900 2034 2006 1000
a contact +38900 +39000 2016 2048 1000
a contact +38900 +39000 2024 2039 1000
a contact +38900 +39000 2039 2024 1000
a contact +38900 +39000 2048 2016 1000
a contact +39100 +39200 2004 2029 1000
a contact +39100 +39200 2013 2039 1000
a contact +39100 +39200 2016 2042 1000
a contact +39100 +39200 2019 2045 1000
a contact +39100 +39200 2029 2004 1000
a contact +39100 +39200 2039 2013 1000
a contact +39100 +39200 2042 2016 1000
a contact +39100 +39200 2045 2019 1000
a contact +39900 +40100 2034 2043 1000
a contact +39900 +40100 2043 2034 1000
a contact +40200 +40300 2015 2037 1000
a contact +40200 +40300 2037 2015 1000
a contact +40300 +40500 2009 2029 1000
a contact +40300 +40500 2029 2009 1000
a contact +40500 +40600 2001 2003 1000
a contact +40500 +40600 2003 2001 1000
a contact +40600 +40700 1002 1003 1000
a contact +40600 +40700 1003 1002 1000
a contact +40600 +40700 2020 2036 1000
a contact +40600 +40700 2036 2020 1000
a contact +41100 +41200 2012 2044 1000
a contact +41100 +41200 2044 2012 1000
a contact +41200 +41300 2005 2007 1000
a contact +41200 +41300 2007 2005 1000
a contact +41200 +41300 2009 2042 1000
a contact +41200 +41300 2042 2009 1000
a contact +41400 +41500 2006 2010 1000
a contact +41400 +41500 2010 2006 1000
a contact +41400 +41500 2021 2035 1000
a contact +41400 +41500 2035 2021 1000
a contact +41700 +41900 2017 2031 1000
a contact +41700 +41900 2031 2017 1000
a contact +41700 +41900 2040 2041 1000
a contact +41700 +41900 2041 2040 1000
a contact +41700 +41900 2045 2046 1000
a contact +41700 +41900 2046 2045 1000
a contact +42100 +42200 1001 2019 1000
a contact +42100 +42200 2019 1001 1000
a contact +42100 +42200 2039 2041 1000
a contact +42100 +42200 2041 2039 1000
a contact +42300 +42400 2002 2029 1000
a contact +42300 +42400 2020 2046 1000
a contact +42300 +42400 2029 2002 1000
a contact +42300 +42400 2046 2020 1000
a contact +42400 +42500 2011 2033 1000
a contact +42400 +42500 2033 2011 1000
a contact +43000 +43100 2002 2026 1000
a contact +43000 +43100 2026 2002 1000
a contact +43400 +43500 1003 2004 1000
a contact +43400 +43500 2004 1003 1000
a contact +44000 +44100 2012 2020 1000
a contact +44000 +44100 2020 2012 1000
a contact +44000 +44100 2022 2045 1000
a contact +44000 +44100 2045 2022 1000
a contact +44100 +44200 2011 2027 1000
a contact +44100 +44200 2027 2011 1000
a contact +44900 +45000 2002 2037 1000
a contact +44900 +45000 2022 2035 1000
a contact +44900 +45000 2035 2022 1000
a contact +44900 +45000 2037 2002 1000
a contact +45300 +45400 2012 2045 1000
a contact +45300 +45400 2045 2012 1000
a contact +45400 +45500 2023 2036 1000
a contact +45400 +45500 2036 2023 1000
a contact +45500 +45600 1003 2010 1000
a contact +45500 +45600 2010 1003 1000
a contact +45700 +45800 1002 9002 1000
a contact +45700 +45800 9002 1002 1000
a contact +45800 +45900 2006 2045 1000
a contact +45800 +45900 2045 2006 1000
a contact +45900 +46000 2018 2027 1000
a contact +45900 +46000 2027 2018 1000
a contact +46500 +46600 2018 2029 1000
a contact +46500 +46600 2029 2018 1000
a contact +46500 +46600 2045 2047 1000
a contact +46500 +46600 2047 2045 1000
a contact +46700 +46800 2022 2045 1000
a contact +46700 +46800 2045 2022 1000
a contact +46800 +46900 2006 2014 1000
a contact +46800 +46900 2014 2006 1000
a contact +47400 +47500 2006 2016 1000
a contact +47400 +47500 2016 2006 1000
a contact +47500 +47600 2018 2048 1000
a contact +47500 +47600 2048 2018 1000
a contact +47700 +47800 2005 2026 1000
a contact +47700 +47800 2008 2029 1000
a contact +47700 +47800 2026 2005 1000
a contact +47700 +47800 2029 2008 1000
a contact +47900 +48000 2017 2048 1000
a contact +47900 +48000 2048 2017 1000
a contact +48200 +48300 2019 2046 1000
a contact +48200 +48300 2046 2019 1000
a contact +48700 +48800 2009 2018 1000
a contact +48700 +48800 2018 2009 1000
a contact +49200 +49300 2024 2038 1000
a contact +49200 +49300 2038 2024 1000
a contact +49300 +49500 2002 2006 1000
a contact +49300 +49500 2006 2002 1000
a contact +49500 +49600 2021 2041 1000
a contact +49500 +49600 2041 2021 1000
a contact +49600 +49700 2016 2018 1000
a contact +49600 +49700 2018 2016 1000
a contact +49700 +49800 2023 2038 1000
a contact +49700 +49800 2038 2023 1000
a contact +50000 +50100 2018 2022 1000
a contact +50000 +50100 2022 2018 1000
a contact +50200 +50300 1003 9001 1000
a contact +50200 +50300 9001 1003 1000
a contact +50300 +50400 2030 2039 1000
a contact +50300 +50400 2039 2030 1000
a contact +50400 +50500 2006 2043 1000
a contact +50400 +50500 2041 2045 1000
a contact +50400 +50500 2043 2006 1000
a contact +50400 +50500 2045 2041 1000
a contact +50800 +50900 2007 2041 1000
a contact +50800 +50900 2024 2034 1000
a contact +50800 +50900 2034 2024 1000
a contact +50800 +50900 2041 2007 1000
a contact +51100 +51200 2013 2029 1000
a contact +51100 +51200 2029 2013 1000
a contact +51200 +51300 2013 2015 1000
a contact +51200 +51300 2015 2013 1000
a contact +51200 +51300 2044 2046 1000
a contact +51200 +51300 2046 2044 1000
a contact +51500 +51600 2010 2038 1000
a contact +51500 +51600 2038 2010 1000
a contact +51500 +51600 2042 2043 1000
a contact +51500 +51600 2043 2042 1000
a contact +51700 +51800 2021 9003 1000
a contact +51700 +51800 9003 2021 1000
a contact +51800 +51900 2008 2020 1000
a contact +51800 +51900 2020 2008 1000
a contact +51800 +51900 2032 2042 1000
a contact +51800 +51900 2035 2045 1000
a contact +51800 +51900 2042 2032 1000
a contact +51800 +51900 2045 2035 1000
a contact +51900 +52000 2001 2022 1000
a contact +51900 +52000 2022 2001 1000
a contact +52100 +52200 1003 2031 1000
a contact +52100 +52200 2009 2038 1000
a contact +52100 +52200 2023 2027 1000
a contact +52100 +52200 2027 2023 1000
a contact +52100 +52200 2031 1003 1000
a contact +52100 +52200 2038 2009 1000
a contact +52300 +52400 1003 2032 1000
a contact +52300 +52400 2006 2020 1000
a contact +52300 +52400 2012 2016 1000
a contact +52300 +52400 2016 2012 1000
a contact +52300 +52400 2020 2006 1000
a contact +52300 +52400 2032 1003 1000
a contact +52500 +52600 2030 2043 1000
a contact +52500 +52600 2043 2030 1000
a contact +52700 +52900 1003 2041 1000
a contact +52700 +52900 2008 2029 1000
a contact +52700 +52900 2010 2025 1000
a contact +52700 +52900 2025 2010 1000
a contact +52700 +52900 2029 2008 1000
a contact +52700 +52900 2041 1003 1000
a contact +52900 +53000 2031 2046 1000
a contact +52900 +53000 2046 2031 1000
a contact +53000 +53100 2023 2043 1000
a contact +53000 +53100 2043 2023 1000
a contact +53100 +53300 2028 2044 1000
a contact +53100 +53300 2044 2028 1000
a contact +53500 +53600 2024 2045 1000
a contact +53500 +53600 2045 2024 1000
a contact +53700 +53800 2007 2039 1000
a contact +53700 +53800 2039 2007 1000
a contact +53900 +54000 2005 2030 1000
a contact +53900 +54000 2030 2005 1000
a contact +54000 +54100 2017 2030 1000
a contact +54000 +54100 2030 2017 1000
a contact +54100 +54200 2013 2044 1000
a contact +54100 +54200 2044 2013 1000
a contact +54200 +54300 1003 2048 1000
a contact +54200 +54300 2022 2030 1000
a contact +54200 +54300 2030 2022 1000
a contact +54200 +54300 2048 1003 1000
a contact +54300 +54400 2008 2043 1000
a contact +54300 +54400 2043 2008 1000
a contact +54400 +54500 2030 2031 1000
a contact +54400 +54500 2031 2030 1000
a contact +54700 +54900 1001 2020 1000
a contact +54700 +54900 2020 1001 1000
a contact +55000 +55100 2013 2043 1000
a contact +55000 +55100 2043 2013 1000
a contact +55100 +55200 1003 9002 1000
a contact +55100 +55200 9002 1003 1000
a contact +55200 +55300 1001 2013 1000
a contact +55200 +55300 2008 2048 1000
a contact +55200 +55300 2013 1001 1000
a contact +55200 +55300 2021 2023 1000
a contact +55200 +55300 2023 2021 1000
a contact +55200 +55300 2048 2008 1000
a contact +55400 +55500 2023 2024 1000
a contact +55400 +55500 2024 2023 1000
a contact +55400 +55500 2043 2047 1000
a contact +55400 +55500 2047 2043 1000
a contact +55500 +55600 2006 2007 1000
a contact +55500 +55600 2007 2006 1000
a contact +55500 +55600 2020 2036 1000
a contact +55500 +55600 2021 2035 1000
a contact +55500 +55600 2035 2021 1000
a contact +55500 +55600 2036 2020 1000
a contact +55500 +55600 2042 2043 1000
a contact +55500 +55600 2043 2042 1000
a contact +55500 +55600 2045 2046 1000
a contact +55500 +55600 2046 2045 1000
a contact +55800 +55900 2008 2010 1000
a contact +55800 +55900 2010 2008 1000
a contact +55800 +55900 2042 2044 1000
a contact +55800 +55900 2044 2042 1000
a contact +56000 +56200 2001 2022 1000
a contact +56000 +56200 2022 2001 1000
a contact +56400 +56500 2004 2020 1000
a contact +56400 +56500 2008 2034 1000
a contact +56400 +56500 2020 2004 1000
a contact +56400 +56500 2034 2008 1000
a contact +56500 +56600 2007 2011 1000
a contact +56500 +56600 2011 2007 1000
a contact +56500 +56600 2029 2042 1000
a contact +56500 +56600 2042 2029 1000
a contact +56600 +56700 2029 2033 1000
a contact +56600 +56700 2033 2029 1000
a contact +56700 +56800 2016 2040 1000
a contact +56700 +56800 2040 2016 1000
a contact +57000 +57100 2011 2033 1000
a contact +57000 +57100 2033 2011 1000
a contact +57100 +57200 2004 2042 1000
a contact +57100 +57200 2042 2004 1000
a contact +57300 +57400 2001 2023 1000
a contact +57300 +57400 2023 2001 1000
a contact +57500 +57600 1002 2029 1000
a contact +57500 +57600 2001 2032 1000
a contact +57500 +57600 2006 2027 1000
a contact +57500 +57600 2027 2006 1000
a contact +57500 +57600 2029 1002 1000
a contact +57500 +57600 2032 2001 1000
a contact +57500 +57600 2036 2040 1000
a contact +57500 +57600 2040 2036 1000
a contact +57600 +57700 2007 2033 1000
a contact +57600 +57700 2033 2007 1000
a contact +57800 +58000 2018 2046 1000
a contact +57800 +58000 2030 2041 1000
a contact +57800 +58000 2041 2030 1000
a contact +57800 +58000 2046 2018 1000
a contact +58000 +58100 2002 2024 1000
a contact +58000 +58100 2024 2002 1000
a contact +58100 +58200 2036 2044 1000
a contact +58100 +58200 2044 2036 1000
a contact +58200 +58300 2010 2030 1000
a contact +58200 +58300 2016 2028 1000
a contact +58200 +58300 2028 2016 1000
a contact +58200 +58300 2030 2010 1000
a contact +58200 +58300 2036 2048 1000
a contact +58200 +58300 2048 2036 1000
a contact +58300 +58400 1003 2043 1000
a contact +58300 +58400 2043 1003 1000
a contact +58600 +58700 2014 2027 1000
a contact +58600 +58700 2027 2014 1000
a contact +58700 +58800 2019 2021 1000
a contact +58700 +58800 2021 2019 1000
a contact +58800 +58900 1002 2010 1000
a contact +58800 +58900 2010 1002 1000
a contact +58900 +59000 2014 2030 1000
a contact +58900 +59000 2030 2014 1000
a contact +59000 +59200 2003 9001 1000
a contact +59000 +59200 9001 2003 1000
a contact +59200 +59300 2020 2021 1000
a contact +59200 +59300 2021 2020 1000
a contact +59500 +59600 2005 2041 1000
a contact +59500 +59600 2041 2005 1000
a contact +59600 +59700 2022 2026 1000
a contact +59600 +59700 2026 2022 1000
a contact +59800 +59900 1003 2033 1000
a contact +59800 +59900 2027 2029 1000
a contact +59800 +59900 2029 2027 1000
a contact +59800 +59900 2033 1003 1000
a contact +59900 +60000 2022 2035 1000
a contact +59900 +60000 2035 2022 1000
a contact +60200 +60300 2008 2009 1000
a contact +60200 +60300 2009 2008 1000
a contact +60300 +60500 2018 9001 1000
a contact +60300 +60500 9001 2018 1000
a contact +60800 +60900 1003 2027 1000
a contact +60800 +60900 2010 2038 1000
a contact +60800 +60900 2014 2026 1000
a contact +60800 +60900 2026 2014 1000
a contact +60800 +60900 2027 1003 1000
a contact +60800 +60900 2038 2010 1000
a contact +61000 +61100 1002 2027 1000
a contact +61000 +61100 2027 1002 1000
a contact +61300 +61400 2007 2020 1000
a contact +61300 +61400 2020 2007 1000
a contact +61600 +61700 1001 2041 1000
a contact +61600 +61700 2012 2033 1000
a contact +61600 +61700 2033 2012 1000
a contact +61600 +61700 2041 1001 1000
a contact +61800 +61900 2009 2033 1000
a contact +61800 +61900 2033 2009 1000
a contact +62200 +62300 1002 2039 1000
a contact +62200 +62300 2039 1002 1000
a contact +62500 +62600 1001 2039 1000
a contact +62500 +62600 2039 1001 1000
a contact +62600 +62700 2005 2036 1000
a contact +62600 +62700 2036 2005 1000
a contact +62700 +62900 1002 1003 1000
a contact +62700 +62900 1003 1002 1000
a contact +63000 +63100 2023 2044 1000
a contact +63000 +63100 2044 2023 1000
a contact +63200 +63300 2016 2038 1000
a contact +63200 +63300 2021 2042 1000
a contact +63200 +63300 2038 2016 1000
a contact +63200 +63300 2042 2021 1000
a contact +63300 +63400 2028 2038 1000
a contact +63300 +63400 2038 2028 1000
a contact +63500 +63600 2005 2034 1000
a contact +63500 +63600 2022 2041 1000
a contact +63500 +63600 2034 2005 1000
a contact +63500 +63600 2041 2022 1000
a contact +63900 +64000 2009 2042 1000
a contact +63900 +64000 2042 2009 1000
a contact +64000 +64100 1002 1003 1000
a contact +64000 +64100 1003 1002 1000
a contact +64000 +64100 2013 2014 1000
a contact +64000 +64100 2014 2013 1000
a contact +64300 +64400 2008 2048 1000
a contact +64300 +64400 2048 2008 1000
a contact +64400 +64500 2043 2047 1000
a contact +64400 +64500 2047 2043 1000
a contact +64500 +64600 2014 9003 1000
a contact +64500 +64600 9003 2014 1000
a contact +64600 +64700 2009 2046 1000
a contact +64600 +64700 2046 2009 1000
a contact +64900 +65000 2025 2036 1000
a contact +64900 +65000 2026 9003 1000
a contact +64900 +65000 2036 2025 1000
a contact +64900 +65000 9003 2026 1000
a contact +65300 +65400 2006 2042 1000
a contact +65300 +65400 2042 2006 1000
a contact +65400 +65500 2005 9003 1000
a contact +65400 +65500 9003 2005 1000
a contact +65500 +65600 2027 2028 1000
a contact +65500 +65600 2028 2027 1000
a contact +65600 +65700 2028 2029 1000
a contact +65600 +65700 2029 2028 1000
a contact +66000 +66100 2036 2038 1000
a contact +66000 +66100 2038 2036 1000
a contact +66100 +66200 1001 2009 1000
a contact +66100 +66200 2009 1001 1000
a contact +66100 +66200 2016 2043 1000
a contact +66100 +66200 2025 2033 1000
a contact +66100 +66200 2033 2025 1000
a contact +66100 +66200 2043 2016 1000
a contact +66200 +66300 2010 2021 1000
a contact +66200 +66300 2013 2024 1000
a contact +66200 +66300 2021 2010 1000
a contact +66200 +66300 2024 2013 1000
a contact +66400 +66500 1003 2042 1000
a contact +66400 +66500 2042 1003 1000
a contact +66500 +66600 2001 2040 1000
a contact +66500 +66600 2021 2029 1000
a contact +66500 +66600 2029 2021 1000
a contact +66500 +66600 2040 2001 1000
a contact +66800 +66900 2006 2018 1000
a contact +66800 +66900 2018 2006 1000
a contact +66900 +67000 2014 2025 1000
a contact +66900 +67000 2025 2014 1000
a contact +67300 +67400 2009 2018 1000
a contact +67300 +67400 2018 2009 1000
a contact +67400 +67500 2011 2023 1000
a contact +67400 +67500 2023 2011 1000
a contact +67500 +67600 1003 2036 1000
a contact +67500 +67600 2036 1003 1000
a contact +67700 +67800 2010 2030 1000
a contact +67700 +67800 2018 2043 1000
a contact +67700 +67800 2030 2010 1000
a contact +67700 +67800 2043 2018 1000
a contact +67800 +67900 2005 2035 1000
a contact +67800 +67900 2035 2005 1000
a contact +68000 +68100 1002 2043 1000
a contact +68000 +68100 2019 2044 1000
a contact +68000 +68100 2043 1002 1000
a contact +68000 +68100 2044 2019 1000
a contact +68500 +68600 2030 2042 1000
a contact +68500 +68600 2042 2030 1000
a contact +68600 +68700 1002 2010 1000
a contact +68600 +68700 2010 1002 1000
a contact +69200 +69300 2010 2028 1000
a contact +69200 +69300 2028 2010 1000
a contact +69600 +69700 2012 2045 1000
a contact +69600 +69700 2045 2012 1000
a contact +69800 +69900 2017 2026 1000
a contact +69800 +69900 2026 2017 1000
a contact +70000 +70200 2007 2009 1000
a contact +70000 +70200 2009 2007 1000
a contact +70000 +70200 2030 2034 1000
a contact +70000 +70200 2034 2030 1000
a contact +70200 +70300 2041 9003 1000
a contact +70200 +70300 9003 2041 1000
a contact +70700 +70800 2015 2023 1000
a contact +70700 +70800 2023 2015 1000
a contact +71200 +71300 2008 2021 1000
a contact +71200 +71300 2021 2008 1000
a contact +71300 +71500 2018 2030 1000
a contact +71300 +71500 2030 2018 1000
a contact +71600 +71700 1001 1003 1000
a contact +71600 +71700 1003 1001 1000
a contact +71600 +71700 2011 2033 1000
a contact +71600 +71700 2033 2011 1000
a contact +71700 +71800 2029 2044 1000
a contact +71700 +71800 2034 2046 1000
a contact +71700 +71800 2044 2029 1000
a contact +71700 +71800 2046 2034 1000
a contact +71800 +71900 2005 2028 1000
a contact +71800 +71900 2028 2005 1000
a contact +72000 +72100 2023 2025 1000
a contact +72000 +72100 2025 2023 1000
a contact +72100 +72200 2029 2041 1000
a contact +72100 +72200 2041 2029 1000
a contact +72200 +72300 1001 1003 1000
a contact +72200 +72300 1003 1001 1000
a contact +72200 +72300 2013 2028 1000
a contact +72200 +72300 2028 2013 1000
a contact +72800 +72900 2017 2041 1000
a contact +72800 +72900 2041 2017 1000
a contact +72900 +73000 1001 1003 1000
a contact +72900 +73000 1003 1001 1000
a contact +72900 +73000 2042 9003 1000
a contact +72900 +73000 9003 2042 1000
a contact +73000 +73100 1003 2021 1000
a contact +73000 +73100 2021 1003 1000
a contact +73200 +73300 2024 9001 1000
a contact +73200 +73300 9001 2024 1000
a contact +73700 +73800 2003 2027 1000
a contact +73700 +73800 2027 2003 1000
a contact +73800 +73900 2006 2008 1000
a contact +73800 +73900 2008 2006 1000
a contact +74100 +74200 2005 2007 1000
a contact +74100 +74200 2007 2005 1000
a contact +74300 +74400 2018 2031 1000
a contact +74300 +74400 2029 2041 1000
a contact +74300 +74400 2031 2018 1000
a contact +74300 +74400 2041 2029 1000
a contact +74400 +74500 2037 2038 1000
a contact +74400 +74500 2038 2037 1000
a contact +75000 +75100 2002 2022 1000
a contact +75000 +75100 2009 2021 1000
a contact +75000 +75100 2021 2009 1000
a contact +75000 +75100 2022 2002 1000
a contact +75100 +75300 2030 9003 1000
a contact +75100 +75300 9003 2030 1000
a contact +75300 +75400 2014 2048 1000
a contact +75300 +75400 2037 2047 1000
a contact +75300 +75400 2047 2037 1000
a contact +75300 +75400 2048 2014 1000
a contact +75400 +75500 2001 2032 1000
a contact +75400 +75500 2032 2001 1000
a contact +75500 +75600 2013 2028 1000
a contact +75500 +75600 2028 2013 1000
a contact +75600 +75700 2039 9001 1000
a contact +75600 +75700 9001 2039 1000
a contact +75700 +75800 2034 2043 1000
a contact +75700 +75800 2043 2034 1000
a contact +75900 +76000 2009 2030 1000
a contact +75900 +76000 2030 2009 1000
a contact +76000 +76200 2010 2031 1000
a contact +76000 +76200 2031 2010 1000
a contact +76300 +76400 2009 2031 1000
a contact +76300 +76400 2020 2043 1000
a contact +76300 +76400 2031 2009 1000
a contact +76300 +76400 2043 2020 1000
a contact +76600 +76700 2022 2048 1000
a contact +76600 +76700 2048 2022 1000
a contact +76700 +76900 2002 2033 1000
a contact +76700 +76900 2023 9003 1000
a contact +76700 +76900 2033 2002 1000
a contact +76700 +76900 9003 2023 1000
a contact +77100 +77200 2011 2023 1000
a contact +77100 +77200 2023 2011 1000
a contact +77300 +77400 2023 2044 1000
a contact +77300 +77400 2044 2023 1000
a contact +77900 +78000 2011 2041 1000
a contact +77900 +78000 2020 2033 1000
a contact +77900 +78000 2026 2027 1000
a contact +77900 +78000 2027 2026 1000
a contact +77900 +78000 2033 2020 1000
a contact +77900 +78000 2041 2011 1000
a contact +78000 +78100 2026 2036 1000
a contact +78000 +78100 2036 2026 1000
a contact +78100 +78200 1001 2025 1000
a contact +78100 +78200 2025 1001 1000
a contact +78200 +78300 2027 2028 1000
a contact +78200 +78300 2028 2027 1000
a contact +78300 +78400 2018 2027 1000
a contact +78300 +78400 2021 2030 1000
a contact +78300 +78400 2027 2018 1000
a contact +78300 +78400 2030 2021 1000
a contact +78400 +78500 2039 2048 1000
a contact +78400 +78500 2048 2039 1000
a contact +78500 +78600 2010 2045 1000
a contact +78500 +78600 2045 2010 1000
a contact +78600 +78700 2001 2044 1000
a contact +78600 +78700 2009 2048 1000
a contact +78600 +78700 2044 2001 1000
a contact +78600 +78700 2048 2009 1000
a contact +78700 +78800 2006 2008 1000
a contact +78700 +78800 2008 2006 1000
a contact +78800 +78900 2018 2026 1000
a contact +78800 +78900 2026 2018 1000
a contact +78900 +79000 2031 2035 1000
a contact +78900 +79000 2035 2031 1000
a contact +79000 +79100 2004 2013 1000
a contact +79000 +79100 2013 2004 1000
a contact +79200 +79300 2021 2040 1000
a contact +79200 +79300 2040 2021 1000
a contact +79300 +79500 1003 9003 1000
a contact +79300 +79500 9003 1003 1000
a contact +79800 +80000 2007 2036 1000
a contact +79800 +80000 2027 2041 1000
a contact +79800 +80000 2036 2007 1000
a contact +79800 +80000 2041 2027 1000
a contact +80200 +80300 2024 2042 1000
a contact +80200 +80300 2042 2024 1000
a contact +80400 +80500 2033 2046 1000
a contact +80400 +80500 2046 2033 1000
a contact +80700 +80800 2030 2042 1000
a contact +80700 +80800 2042 2030 1000
a contact +80800 +80900 2012 2029 1000
a contact +80800 +80900 2029 2012 1000
a contact +80800 +80900 2030 9002 1000
a contact +80800 +80900 9002 2030 1000
a contact +81200 +81300 2012 2025 1000
a contact +81200 +81300 2025 2012 1000
a contact +81400 +81600 2001 2033 1000
a contact +81400 +81600 2033 2001 1000
a contact +81700 +81800 2008 2023 1000
a contact +81700 +81800 2023 2008 1000
a contact +81800 +81900 2010 2023 1000
a contact +81800 +81900 2023 2010 1000
a contact +82200 +82300 2011 2036 1000
a contact +82200 +82300 2015 9001 1000
a contact +82200 +82300 2036 2011 1000
a contact +82200 +82300 9001 2015 1000
a contact +82300 +82500 2013 2044 1000
a contact +82300 +82500 2044 2013 1000
a contact +82600 +82700 2019 2034 1000
a contact +82600 +82700 2026 2030 1000
a contact +82600 +82700 2030 2026 1000
a contact +82600 +82700 2034 2019 1000
a contact +82900 +83000 2019 2032 1000
a contact +82900 +83000 2032 2019 1000
a contact +83200 +83300 2010 2040 1000
a contact +83200 +83300 2040 2010 1000
a contact +83400 +83500 2019 2020 1000
a contact +83400 +83500 2020 2019 1000
a contact +83900 +84100 2018 2020 1000
a contact +83900 +84100 2020 2018 1000
a contact +84100 +84200 2010 2019 1000
a contact +84100 +84200 2019 2010 1000
a contact +84100 +84200 2026 2046 1000
a contact +84100 +84200 2027 2048 1000
a contact +84100 +84200 2046 2026 1000
a contact +84100 +84200 2048 2027 1000
a contact +84400 +84500 1003 2010 1000
a contact +84400 +84500 2010 1003 1000
a contact +84500 +84600 2012 2027 1000
a contact +84500 +84600 2027 2012 1000
a contact +84700 +84800 2018 2044 1000
a contact +84700 +84800 2044 2018 1000
a contact +84800 +84900 1003 2026 1000
a contact +84800 +84900 2026 1003 1000
a contact +84900 +85000 2003 2029 1000
a contact +84900 +85000 2029 2003 1000
a contact +85000 +85100 2024 2042 1000
a contact +85000 +85100 2042 2024 1000
a contact +85100 +85200 2006 2019 1000
a contact +85100 +85200 2019 2006 1000
a contact +85300 +85400 2002 2035 1000
a contact +85300 +85400 2012 2034 1000
a contact +85300 +85400 2034 2012 1000
a contact +85300 +85400 2035 2002 1000
a contact +85400 +85500 2008 2021 1000
a contact +85400 +85500 2021 2008 1000
a contact +85500 +85600 2005 2039 1000
a contact +85500 +85600 2025 2041 1000
a contact +85500 +85600 2039 2005 1000
a contact +85500 +85600 2041 2025 1000
a contact +85600 +85700 1001 2027 1000
a contact +85600 +85700 2027 1001 1000

a range +200 +300 2002 9002 1103.3709
a range +200 +300 9002 2002 1103.3709
a range +500 +600 2021 2035 0.0227
a range +500 +600 2022 2034 0.0035
a range +500 +600 2034 2022 0.0035
a range +500 +600 2035 2021 0.0227
a range +1300 +1400 2023 2032 0.0318
a range +1300 +1400 2032 2023 0.0318
a range +1500 +1600 2005 2047 0.0433
a range +1500 +1600 2047 2005 0.0433
a range +1800 +1900 2014 2043 0.0431
a range +1800 +1900 2043 2014 0.0431
a range +1900 +2000 2004 9001 1102.3444
a range +1900 +2000 2013 2022 0.0343
a range +1900 +2000 2014 2047 0.042
a range +1900 +2000 2022 2013 0.0343
a range +1900 +2000 2047 2014 0.042
a range +1900 +2000 9001 2004 1102.3444
a range +2600 +2700 2020 2046 0.0205
a range +2600 +2700 2046 2020 0.0205
a range +3000 +3100 2028 2036 0.0421
a range +3000 +3100 2036 2028 0.0421
a range +3200 +3300 2010 2025 0.0374
a range +3200 +3300 2025 2010 0.0374
a range +3500 +3600 2013 2026 0.0204
a range +3500 +3600 2026 2013 0.0204
a range +3700 +3800 2005 2015 0.0227
a range +3700 +3800 2015 2005 0.0227
a range +3800 +3900 1002 2034 1101.9022
a range +3800 +3900 2008 2029 0.042
a range +3800 +3900 2029 2008 0.042
a range +3800 +3900 2034 1002 1101.9022
a range +4400 +4600 2004 2032 0.0431
a range +4400 +4600 2032 2004 0.0431
a range +4600 +4700 2035 2043 0.043
a range +4600 +4700 2043 2035 0.043
a range +4700 +4800 1003 2031 1102.0962
a range +4700 +4800 2031 1003 1102.0962
a range +4900 +5000 2009 2019 0.0265
a range +4900 +5000 2019 2009 0.0265
a range +4900 +5000 2040 2044 0.0421
a range +4900 +5000 2044 2040 0.0421
a range +5000 +5100 2008 2010 0.0243
a range +5000 +5100 2010 2008 0.0243
a range +5200 +5300 2004 2005 0.0126
a range +5200 +5300 2005 2004 0.0126
a range +5400 +5500 2004 2008 0.0421
a range +5400 +5500 2008 2004 0.0421
a range +5800 +5900 2013 2046 0.0374
a range +5800 +5900 2046 2013 0.0374
a range +6200 +6300 2030 2031 0.0126
a range +6200 +6300 2031 2030 0.0126
a range +6300 +6400 2015 2024 0.0343
a range +6300 +6400 2024 2015 0.0343
a range +6400 +6500 2023 2032 0.0318
a range +6400 +6500 2032 2023 0.0318
a range +6700 +6800 1003 2017 1102.0739
a range +6700 +6800 2017 1003 1102.0739
a range +6900 +7100 2032 2046 0.0232
a range +6900 +7100 2046 2032 0.0232
a range +7100 +7200 2006 2026 0.043
a range +7100 +7200 2026 2006 0.043
a range +7500 +7600 2029 2041 0.0122
a range +7500 +7600 2041 2029 0.0122
a range +7600 +7700 2011 2035 0.0225
a range +7600 +7700 2012 2044 0.043
a range +7600 +7700 2035 2011 0.0225
a range +7600 +7700 2044 2012 0.043
a range +8600 +8700 2037 2048 0.0126
a range +8600 +8700 2048 2037 0.0126
a range +9000 +9100 2036 9002 1102.5517
a range +9000 +9100 9002 2036 1102.5517
a range +9100 +9300 2042 2044 0.0243
a range +9100 +9300 2044 2042 0.0243
a range +9100 +9300 2045 2047 0.0243
a range +9100 +9300 2047 2045 0.0243
a range +9300 +9400 2021 2036 0.0327
a range +9300 +9400 2036 2021 0.0327
a range +9700 +9800 2018 2034 0.043
a range +9700 +9800 2034 2018 0.043
a range +9800 +9900 2015 2030 0.0327
a range +9800 +9900 2030 2015 0.0327
a range +10000 +10100 2008 2009 0.0126
a range +10000 +10100 2009 2008 0.0126
a range +10600 +10700 2002 2045 0.0435
a range +10600 +10700 2006 2046 0.0434
a range +10600 +10700 2045 2002 0.0435
a range +10600 +10700 2046 2006 0.0434
a range +11000 +11200 2009 2045 0.0433
a range +11000 +11200 2045 2009 0.0433
a range +11300 +11400 2005 2046 0.0436
a range +11300 +11400 2046 2005 0.0436
a range +11400 +11500 1002 2038 1102.3939
a range +11400 +11500 2019 2032 0.0204
a range +11400 +11500 2030 2046 0.043
a range +11400 +11500 2032 2019 0.0204
a range +11400 +11500 2038 1002 1102.3939
a range +11400 +11500 2046 2030 0.043
a range +11800 +11900 2001 2024 0.0219
a range +11800 +11900 2015 2016 0.0126
a range +11800 +11900 2016 2015 0.0126
a range +11800 +11900 2024 2001 0.0219
a range +11900 +12000 2024 2047 0.0298
a range +11900 +12000 2047 2024 0.0298
a range +12200 +12300 2003 2048 0.0431
a range +12200 +12300 2048 2003 0.0431
a range +12400 +12500 2011 2033 0.0184
a range +12400 +12500 2033 2011 0.0184
a range +12500 +12600 2004 2039 0.0431
a range +12500 +12600 2020 2021 0.0126
a range +12500 +12600 2021 2020 0.0126
a range +12500 +12600 2039 2004 0.0431
a range +12800 +12900 2033 2045 0.0061
a range +12800 +12900 2045 2033 0.0061
a range +13000 +13100 2015 2024 0.0343
a range +13000 +13100 2024 2015 0.0343
a range +13400 +13500 2039 2047 0.0421
a range +13400 +13500 2047 2039 0.0421
a range +13500 +13600 1003 2016 1102.3152
a range +13500 +13600 2016 1003 1102.3152
a range +14000 +14100 2009 2010 0.0126
a range +14000 +14100 2010 2009 0.0126
a range +14000 +14100 2014 2015 0.0126
a range +14000 +14100 2015 2014 0.0126
a range +14000 +14100 2017 2018 0.0126
a range +14000 +14100 2018 2017 0.0126
a range +14100 +14200 2007 2015 0.043
a range +14100 +14200 2015 2007 0.043
a range +14100 +14200 2017 2019 0.0243
a range +14100 +14200 2019 2017 0.0243
a range +14300 +14400 2024 2034 0.0255
a range +14300 +14400 2034 2024 0.0255
a range +14500 +14600 1001 2014 1102.4079
a range +14500 +14600 2014 1001 1102.4079
a range +14600 +14700 2022 2033 0.0117
a range +14600 +14700 2033 2022 0.0117
a range +14700 +14800 2027 2048 0.0359
a range +14700 +14800 2048 2027 0.0359
a range +14800 +14900 2002 2028 0.0205
a range +14800 +14900 2028 2002 0.0205
a range +15000 +15200 2035 9002 1102.6141
a range +15000 +15200 9002 2035 1102.6141
a range +15200 +15300 2021 2037 0.0431
a range +15200 +15300 2037 2021 0.0431
a range +15400 +15600 2005 2016 0.0142
a range +15400 +15600 2016 2005 0.0142
a range +15400 +15600 2021 2036 0.0327
a range +15400 +15600 2036 2021 0.0327
a range +16000 +16100 2028 2048 0.043
a range +16000 +16100 2048 2028 0.043
a range +16100 +16200 2022 2042 0.0432
a range +16100 +16200 2042 2022 0.0432
a range +16300 +16500 1002 9003 0.0594
a range +16300 +16500 9003 1002 0.0594
a range +16900 +17000 2009 2025 0.0431
a range +16900 +17000 2015 2024 0.0343
a range +16900 +17000 2024 2015 0.0343
a range +16900 +17000 2025 2009 0.0431
a range +17300 +17400 2003 2029 0.0184
a range +17300 +17400 2029 2003 0.0184
a range +17600 +17700 2012 2024 0.0176
a range +17600 +17700 2024 2012 0.0176
a range +17800 +17900 2002 2033 0.0432
a range +17800 +17900 2028 2041 0.0142
a range +17800 +17900 2033 2002 0.0432
a range +17800 +17900 2041 2028 0.0142
a range +17900 +18100 2027 2038 0.0156
a range +17900 +18100 2038 2027 0.0156
a range +18300 +18500 2023 2047 0.0225
a range +18300 +18500 2047 2023 0.0225
a range +18500 +18600 2019 2027 0.043
a range +18500 +18600 2027 2019 0.043
a range +18600 +18700 2019 2034 0.0334
a range +18600 +18700 2034 2019 0.0334
a range +18800 +18900 2027 2036 0.0343
a range +18800 +18900 2036 2027 0.0343
a range +18900 +19000 2009 2011 0.0243
a range +18900 +19000 2011 2009 0.0243
a range +19300 +19400 1002 2040 1103.296
a range +19300 +19400 2003 2007 0.0421
a range +19300 +19400 2007 2003 0.0421
a range +19300 +19400 2040 1002 1103.296
a range +19900 +20000 2036 2037 0.0219
a range +19900 +20000 2037 2036 0.0219
a range +20000 +20100 1003 2044 1102.9992
a range +20000 +20100 2014 9002 1103.1509
a range +20000 +20100 2030 2046 0.043
a range +20000 +20100 2044 1003 1102.9992
a range +20000 +20100 2046 2030 0.043
a range +20000 +20100 9002 2014 1103.1509
a range +20100 +20300 2036 2040 0.043
a range +20100 +20300 2040 2036 0.043
a range +20300 +20400 2002 2006 0.0421
a range +20300 +20400 2006 2002 0.0421
a range +20600 +20700 2029 2043 0.0285
a range +20600 +20700 2043 2029 0.0285
a range +20900 +21000 2008 2035 0.0244
a range +20900 +21000 2035 2008 0.0244
a range +21200 +21300 2007 2034 0.031
a range +21200 +21300 2034 2007 0.031
a range +21300 +21400 2022 2042 0.0431
a range +21300 +21400 2042 2022 0.0431
a range +21400 +21500 2022 2045 0.0092
a range +21400 +21500 2045 2022 0.0092
a range +21900 +22000 2024 2045 0.0285
a range +21900 +22000 2045 2024 0.0285
a range +22300 +22400 1001 2033 1102.7026
a range +22300 +22400 2033 1001 1102.7026
a range +23200 +23300 2020 2035 0.0318
a range +23200 +23300 2021 2033 0.0061
a range +23200 +23300 2033 2021 0.0061
a range +23200 +23300 2035 2020 0.0318
a range +23300 +23400 2008 2040 0.0436
a range +23300 +23400 2040 2008 0.0436
a range +23400 +23500 2018 2031 0.0219
a range +23400 +23500 2031 2018 0.0219
a range +23600 +23700 2032 2034 0.0243
a range +23600 +23700 2034 2032 0.0243
a range +23800 +23900 2003 2005 0.0243
a range +23800 +23900 2005 2003 0.0243
a range +23900 +24000 2020 2029 0.0367
a range +23900 +24000 2022 2031 0.0334
a range +23900 +24000 2029 2020 0.0367
a range +23900 +24000 2031 2022 0.0334
a range +24100 +24200 2009 2043 0.0434
a range +24100 +24200 2012 2046 0.0434
a range +24100 +24200 2035 2036 0.0126
a range +24100 +24200 2036 2035 0.0126
a range +24100 +24200 2043 2009 0.0434
a range +24100 +24200 2046 2012 0.0434
a range +24200 +24300 2006 2035 0.0432
a range +24200 +24300 2035 2006 0.0432
a range +24300 +24400 2010 2022 0.0035
a range +24300 +24400 2022 2010 0.0035
a range +24600 +24700 2031 2045 0.0265
a range +24600 +24700 2045 2031 0.0265
a range +24800 +25000 2033 2045 0.0061
a range +24800 +25000 2045 2033 0.0061
a range +25000 +25100 1003 2007 1103.0044
a range +25000 +25100 2007 1003 1103.0044
a range +25200 +25300 2017 2047 0.0433
a range +25200 +25300 2047 2017 0.0433
a range +25300 +25400 2006 2019 0.0219
a range +25300 +25400 2019 2006 0.0219
a range +25500 +25600 2012 2034 0.0283
a range +25500 +25600 2032 2044 0.014
a range +25500 +25600 2034 2012 0.0283
a range +25500 +25600 2044 2032 0.014
a range +25600 +25700 2022 2043 0.031
a range +25600 +25700 2035 2048 0.0193
a range +25600 +25700 2043 2022 0.031
a range +25600 +25700 2048 2035 0.0193
a range +25700 +25800 2021 2048 0.0285
a range +25700 +25800 2022 2046 0.0065
a range +25700 +25800 2046 2022 0.0065
a range +25700 +25800 2048 2021 0.0285
a range +26000 +26200 2009 2033 0.0112
a range +26000 +26200 2033 2009 0.0112
a range +26200 +26300 2003 2028 0.0092
a range +26200 +26300 2022 2041 0.0433
a range +26200 +26300 2028 2003 0.0092
a range +26200 +26300 2041 2022 0.0433
a range +26300 +26400 2017 2046 0.0433
a range +26300 +26400 2046 2017 0.0433
a range +26700 +26800 2009 2046 0.0433
a range +26700 +26800 2046 2009 0.0433
a range +27000 +27200 2044 2045 0.0126
a range +27000 +27200 2045 2044 0.0126
a range +27500 +27600 2040 2044 0.0421
a range +27500 +27600 2044 2040 0.0421
a range +27700 +27800 2006 2007 0.0126
a range +27700 +27800 2007 2006 0.0126
a range +27800 +27900 1003 2021 1102.9939
a range +27800 +27900 2021 1003 1102.9939
a range +28000 +28100 1001 9001 0.0595
a range +28000 +28100 2012 2043 0.0435
a range +28000 +28100 2043 2012 0.0435
a range +28000 +28100 9001 1001 0.0595
a range +28100 +28200 1003 2030 1102.9808
a range +28100 +28200 2030 1003 1102.9808
a range +28300 +28400 2010 2043 0.0432
a range +28300 +28400 2043 2010 0.0432
a range +28400 +28500 2010 2022 0.0035
a range +28400 +28500 2022 2010 0.0035
a range +28500 +28600 2005 2048 0.043
a range +28500 +28600 2048 2005 0.043
a range +28600 +28700 2013 2037 0.0337
a range +28600 +28700 2014 2039 0.0212
a range +28600 +28700 2037 2013 0.0337
a range +28600 +28700 2039 2014 0.0212
a range +28700 +28800 2008 2023 0.0318
a range +28700 +28800 2023 2008 0.0318
a range +28800 +28900 2011 2019 0.043
a range +28800 +28900 2015 2038 0.0212
a range +28800 +28900 2019 2011 0.043
a range +28800 +28900 2038 2015 0.0212
a range +28900 +29100 1001 2043 1103.6086
a range +28900 +29100 2043 1001 1103.6086
a range +29100 +29200 1001 9002 0.0594
a range +29100 +29200 1003 2013 1102.9768
a range +29100 +29200 2008 2022 0.0232
a range +29100 +29200 2009 2021 0.0061
a range +29100 +29200 2013 1003 1102.9768
a range +29100 +29200 2021 2009 0.0061
a range +29100 +29200 2022 2008 0.0232
a range +29100 +29200 9002 1001 0.0594
a range +29700 +29800 2039 9002 1103.3673
a range +29700 +29800 9002 2039 1103.3673
a range +30000 +30100 2035 2046 0.0142
a range +30000 +30100 2046 2035 0.0142
a range +30100 +30200 1002 2034 1103.2977
a range +30100 +30200 2006 2032 0.0378
a range +30100 +30200 2024 2045 0.0285
a range +30100 +30200 2032 2006 0.0378
a range +30100 +30200 2034 1002 1103.2977
a range +30100 +30200 2045 2024 0.0285
a range +30300 +30400 2006 2033 0.0393
a range +30300 +30400 2033 2006 0.0393
a range +30400 +30500 2003 2016 0.0117
a range +30400 +30500 2016 2003 0.0117
a range +30500 +30600 2017 9003 1102.9747
a range +30500 +30600 9003 2017 1102.9747
a range +30900 +31000 2020 2045 0.0212
a range +30900 +31000 2045 2020 0.0212
a range +31100 +31300 2004 2035 0.0432
a range +31100 +31300 2035 2004 0.0432
a range +31400 +31500 2006 2044 0.0434
a range +31400 +31500 2040 2048 0.0421
a range +31400 +31500 2044 2006 0.0434
a range +31400 +31500 2048 2040 0.0421
a range +31600 +31700 2040 2041 0.0126
a range +31600 +31700 2041 2040 0.0126
a range +31700 +31800 2021 2025 0.043
a range +31700 +31800 2025 2021 0.043
a range +31900 +32000 1001 2004 1103.592
a range +31900 +32000 2004 1001 1103.592
a range +32000 +32100 2022 2031 0.0334
a range +32000 +32100 2031 2022 0.0334
a range +32000 +32100 2040 2042 0.0243
a range +32000 +32100 2042 2040 0.0243
a range +32200 +32300 2034 2036 0.0243
a range +32200 +32300 2036 2034 0.0243
a range +32300 +32400 2004 2044 0.0434
a range +32300 +32400 2044 2004 0.0434
a range +32400 +32500 1002 2013 1103.2624
a range +32400 +32500 2013 1002 1103.2624
a range +33200 +33300 2004 2017 0.0142
a range +33200 +33300 2007 2020 0.0204
a range +33200 +33300 2017 2004 0.0142
a range +33200 +33300 2020 2007 0.0204
a range +33400 +33500 2008 2020 0.014
a range +33400 +33500 2020 2008 0.014
a range +33500 +33600 2008 2021 0.0156
a range +33500 +33600 2021 2008 0.0156
a range +33800 +33900 2014 2038 0.026
a range +33800 +33900 2038 2014 0.026
a range +34000 +34200 2024 2045 0.0285
a range +34000 +34200 2027 2048 0.0359
a range +34000 +34200 2045 2024 0.0285
a range +34000 +34200 2048 2027 0.0359
a range +34200 +34300 1002 2032 1103.2781
a range +34200 +34300 2032 1002 1103.2781
a range +34300 +34400 2005 2028 0.0174
a range +34300 +34400 2023 9002 1103.3378
a range +34300 +34400 2028 2005 0.0174
a range +34300 +34400 9002 2023 1103.3378
a range +34400 +34500 2005 2029 0.0225
a range +34400 +34500 2029 2005 0.0225
a range +34700 +34800 1002 2022 1103.2978
a range +34700 +34800 2022 1002 1103.2978
a range +35500 +35600 1001 2016 1103.5863
a range +35500 +35600 2016 1001 1103.5863
a range +36200 +36300 2020 2035 0.0318
a range +36200 +36300 2035 2020 0.0318
a range +36500 +36600 2007 2043 0.0433
a range +36500 +36600 2021 2031 0.0265
a range +36500 +36600 2031 2021 0.0265
a range +36500 +36600 2043 2007 0.0433
a range +36600 +36700 2026 2035 0.0343
a range +36600 +36700 2035 2026 0.0343
a range +36700 +36800 1003 2030 1103.6466
a range +36700 +36800 2030 1003 1103.6466
a range +36900 +37000 2016 2028 0.0035
a range +36900 +37000 2028 2016 0.0035
a range +37200 +37300 2040 2048 0.0421
a range +37200 +37300 2048 2040 0.0421
a range +37700 +37800 2008 2012 0.0421
a range +37700 +37800 2012 2008 0.0421
a range +37700 +37800 2016 2030 0.0255
a range +37700 +37800 2026 2034 0.0421
a range +37700 +37800 2030 2016 0.0255
a range +37700 +37800 2034 2026 0.0421
a range +37800 +37900 2015 9002 1103.3584
a range +37800 +37900 9002 2015 1103.3584
a range +38000 +38200 1003 2035 1103.3122
a range +38000 +38200 2035 1003 1103.3122
a range +38800 +38900 2006 2034 0.0432
a range +38800 +38900 2034 2006 0.0432
a range +38900 +39000 2016 2048 0.0432
a range +38900 +39000 2024 2039 0.0393
a range +38900 +39000 2039 2024 0.0393
a range +38900 +39000 2048 2016 0.0432
a range +39100 +39200 2004 2029 0.0174
a range +39100 +39200 2013 2039 0.0311
a range +39100 +39200 2016 2042 0.0283
a range +39100 +39200 2019 2045 0.0311
a range +39100 +39200 2029 2004 0.0174
a range +39100 +39200 2039 2013 0.0311
a range +39100 +39200 2042 2016 0.0283
a range +39100 +39200 2045 2019 0.0311
a range +39900 +40100 2034 2043 0.0334
a range +39900 +40100 2043 2034 0.0334
a range +40200 +40300 2015 2037 0.0311
a range +40200 +40300 2037 2015 0.0311
a range +40300 +40500 2009 2029 0.043
a range +40300 +40500 2029 2009 0.043
a range +40500 +40600 2001 2003 0.0243
a range +40500 +40600 2003 2001 0.0243
a range +40600 +40700 1002 1003 0.1025
a range +40600 +40700 1003 1002 0.1025
a range +40600 +40700 2020 2036 0.043
a range +40600 +40700 2036 2020 0.043
a range +41100 +41200 2012 2044 0.0431
a range +41100 +41200 2044 2012 0.0431
a range +41200 +41300 2005 2007 0.0243
a range +41200 +41300 2007 2005 0.0243
a range +41200 +41300 2009 2042 0.0432
a range +41200 +41300 2042 2009 0.0432
a range +41400 +41500 2006 2010 0.0421
a range +41400 +41500 2010 2006 0.0421
a range +41400 +41500 2021 2035 0.0227
a range +41400 +41500 2035 2021 0.0227
a range +41700 +41900 2017 2031 0.0285
a range +41700 +41900 2031 2017 0.0285
a range +41700 +41900 2040 2041 0.0126
a range +41700 +41900 2041 2040 0.0126
a range +41700 +41900 2045 2046 0.0126
a range +41700 +41900 2046 2045 0.0126
a range +42100 +42200 1001 2019 1103.6172
a range +42100 +42200 2019 1001 1103.6172
a range +42100 +42200 2039 2041 0.0243
a range +42100 +42200 2041 2039 0.0243
a range +42300 +42400 2002 2029 0.0244
a range +42300 +42400 2020 2046 0.0205
a range +42300 +42400 2029 2002 0.0244
a range +42300 +42400 2046 2020 0.0205
a range +42400 +42500 2011 2033 0.0184
a range +42400 +42500 2033 2011 0.0184
a range +43000 +43100 2002 2026 0.026
a range +43000 +43100 2026 2002 0.026
a range +43400 +43500 1003 2004 1103.9106
a range +43400 +43500 2004 1003 1103.9106
a range +44000 +44100 2012 2020 0.043
a range +44000 +44100 2020 2012 0.043
a range +44000 +44100 2022 2045 0.0092
a range +44000 +44100 2045 2022 0.0092
a range +44100 +44200 2011 2027 0.043
a range +44100 +44200 2027 2011 0.043
a range +44900 +45000 2002 2037 0.0434
a range +44900 +45000 2022 2035 0.0142
a range +44900 +45000 2035 2022 0.0142
a range +44900 +45000 2037 2002 0.0434
a range +45300 +45400 2012 2045 0.0431
a range +45300 +45400 2045 2012 0.0431
a range +45400 +45500 2023 2036 0.0193
a range +45400 +45500 2036 2023 0.0193
a range +45500 +45600 1003 2010 1103.893
a range +45500 +45600 2010 1003 1103.893
a range +45700 +45800 1002 9002 0.0594
a range +45700 +45800 9002 1002 0.0594
a range +45800 +45900 2006 2045 0.0432
a range +45800 +45900 2045 2006 0.0432
a range +45900 +46000 2018 2027 0.0327
a range +45900 +46000 2027 2018 0.0327
a range +46500 +46600 2018 2029 0.0193
a range +46500 +46600 2029 2018 0.0193
a range +46500 +46600 2045 2047 0.0243
a range +46500 +46600 2047 2045 0.0243
a range +46700 +46800 2022 2045 0.0092
a range +46700 +46800 2045 2022 0.0092
a range +46800 +46900 2006 2014 0.043
a range +46800 +46900 2014 2006 0.043
a range +47400 +47500 2006 2016 0.0255
a range +47400 +47500 2016 2006 0.0255
a range +47500 +47600 2018 2048 0.0432
a range +47500 +47600 2048 2018 0.0432
a range +47700 +47800 2005 2026 0.0244
a range +47700 +47800 2008 2029 0.042
a range +47700 +47800 2026 2005 0.0244
a range +47700 +47800 2029 2008 0.042
a range +47900 +48000 2017 2048 0.0432
a range +47900 +48000 2048 2017 0.0432
a range +48200 +48300 2019 2046 0.031
a range +48200 +48300 2046 2019 0.031
a range +48700 +48800 2009 2018 0.0359
a range +48700 +48800 2018 2009 0.0359
a range +49200 +49300 2024 2038 0.0378
a range +49200 +49300 2038 2024 0.0378
a range +49300 +49500 2002 2006 0.0421
a range +49300 +49500 2006 2002 0.0421
a range +49500 +49600 2021 2041 0.0433
a range +49500 +49600 2041 2021 0.0433
a range +49600 +49700 2016 2018 0.0243
a range +49600 +49700 2018 2016 0.0243
a range +49700 +49800 2023 2038 0.042
a range +49700 +49800 2038 2023 0.042
a range +50000 +50100 2018 2022 0.0421
a range +50000 +50100 2022 2018 0.0421
a range +50200 +50300 1003 9001 0.0595
a range +50200 +50300 9001 1003 0.0595
a range +50300 +50400 2030 2039 0.0327
a range +50300 +50400 2039 2030 0.0327
a range +50400 +50500 2006 2043 0.043
a range +50400 +50500 2041 2045 0.0421
a range +50400 +50500 2043 2006 0.043
a range +50400 +50500 2045 2041 0.0421
a range +50800 +50900 2007 2041 0.0433
a range +50800 +50900 2024 2034 0.0255
a range +50800 +50900 2034 2024 0.0255
a range +50800 +50900 2041 2007 0.0433
a range +51100 +51200 2013 2029 0.043
a range +51100 +51200 2029 2013 0.043
a range +51200 +51300 2013 2015 0.0243
a range +51200 +51300 2015 2013 0.0243
a range +51200 +51300 2044 2046 0.0243
a range +51200 +51300 2046 2044 0.0243
a range +51500 +51600 2010 2038 0.0431
a range +51500 +51600 2038 2010 0.0431
a range +51500 +51600 2042 2043 0.0126
a range +51500 +51600 2043 2042 0.0126
a range +51700 +51800 2021 9003 1104.1739
a range +51700 +51800 9003 2021 1104.1739
a range +51800 +51900 2008 2020 0.014
a range +51800 +51900 2020 2008 0.014
a range +51800 +51900 2032 2042 0.0289
a range +51800 +51900 2035 2045 0.0227
a range +51800 +51900 2042 2032 0.0289
a range +51800 +51900 2045 2035 0.0227
a range +51900 +52000 2001 2022 0.0353
a range +51900 +52000 2022 2001 0.0353
a range +52100 +52200 1003 2031 1103.8898
a range +52100 +52200 2009 2038 0.0432
a range +52100 +52200 2023 2027 0.043
a range +52100 +52200 2027 2023 0.043
a range +52100 +52200 2031 1003 1103.8898
a range +52100 +52200 2038 2009 0.0432
a range +52300 +52400 1003 2032 1103.8822
a range +52300 +52400 2006 2020 0.0289
a range +52300 +52400 2012 2016 0.043
a range +52300 +52400 2016 2012 0.043
a range +52300 +52400 2020 2006 0.0289
a range +52300 +52400 2032 1003 1103.8822
a range +52500 +52600 2030 2043 0.0219
a range +52500 +52600 2043 2030 0.0219
a range +52700 +52900 1003 2041 1103.9055
a range +52700 +52900 2008 2029 0.042
a range +52700 +52900 2010 2025 0.0374
a range +52700 +52900 2025 2010 0.0374
a range +52700 +52900 2029 2008 0.042
a range +52700 +52900 2041 1003 1103.9055
a range +52900 +53000 2031 2046 0.0334
a range +52900 +53000 2046 2031 0.0334
a range +53000 +53100 2023 2043 0.0431
a range +53000 +53100 2043 2023 0.0431
a range +53100 +53300 2028 2044 0.043
a range +53100 +53300 2044 2028 0.043
a range +53500 +53600 2024 2045 0.0285
a range +53500 +53600 2045 2024 0.0285
a range +53700 +53800 2007 2039 0.0432
a range +53700 +53800 2039 2007 0.0432
a range +53900 +54000 2005 2030 0.0298
a range +53900 +54000 2030 2005 0.0298
a range +54000 +54100 2017 2030 0.0193
a range +54000 +54100 2030 2017 0.0193
a range +54100 +54200 2013 2044 0.0433
a range +54100 +54200 2044 2013 0.0433
a range +54200 +54300 1003 2048 1103.9021
a range +54200 +54300 2022 2030 0.043
a range +54200 +54300 2030 2022 0.043
a range +54200 +54300 2048 1003 1103.9021
a range +54300 +54400 2008 2043 0.0433
a range +54300 +54400 2043 2008 0.0433
a range +54400 +54500 2030 2031 0.0126
a range +54400 +54500 2031 2030 0.0126
a range +54700 +54900 1001 2020 1104.2249
a range +54700 +54900 2020 1001 1104.2249
a range +55000 +55100 2013 2043 0.0434
a range +55000 +55100 2043 2013 0.0434
a range +55100 +55200 1003 9002 0.0594
a range +55100 +55200 9002 1003 0.0594
a range +55200 +55300 1001 2013 1103.9066
a range +55200 +55300 2008 2048 0.0434
a range +55200 +55300 2013 1001 1103.9066
a range +55200 +55300 2021 2023 0.0243
a range +55200 +55300 2023 2021 0.0243
a range +55200 +55300 2048 2008 0.0434
a range +55400 +55500 2023 2024 0.0126
a range +55400 +55500 2024 2023 0.0126
a range +55400 +55500 2043 2047 0.0421
a range +55400 +55500 2047 2043 0.0421
a range +55500 +55600 2006 2007 0.0126
a range +55500 +55600 2007 2006 0.0126
a range +55500 +55600 2020 2036 0.043
a range +55500 +55600 2021 2035 0.0227
a range +55500 +55600 2035 2021 0.0227
a range +55500 +55600 2036 2020 0.043
a range +55500 +55600 2042 2043 0.0126
a range +55500 +55600 2043 2042 0.0126
a range +55500 +55600 2045 2046 0.0126
a range +55500 +55600 2046 2045 0.0126
a range +55800 +55900 2008 2010 0.0243
a range +55800 +55900 2010 2008 0.0243
a range +55800 +55900 2042 2044 0.0243
a range +55800 +55900 2044 2042 0.0243
a range +56000 +56200 2001 2022 0.0353
a range +56000 +56200 2022 2001 0.0353
a range +56400 +56500 2004 2020 0.043
a range +56400 +56500 2008 2034 0.0205
a range +56400 +56500 2020 2004 0.043
a range +56400 +56500 2034 2008 0.0205
a range +56500 +56600 2007 2011 0.0421
a range +56500 +56600 2011 2007 0.0421
a range +56500 +56600 2029 2042 0.0193
a range +56500 +56600 2042 2029 0.0193
a range +56600 +56700 2029 2033 0.0421
a range +56600 +56700 2033 2029 0.0421
a range +56700 +56800 2016 2040 0.0065
a range +56700 +56800 2040 2016 0.0065
a range +57000 +57100 2011 2033 0.0184
a range +57000 +57100 2033 2011 0.0184
a range +57100 +57200 2004 2042 0.0434
a range +57100 +57200 2042 2004 0.0434
a range +57300 +57400 2001 2023 0.0285
a range +57300 +57400 2023 2001 0.0285
a range +57500 +57600 1002 2029 1104.1835
a range +57500 +57600 2001 2032 0.0433
a range +57500 +57600 2006 2027 0.0285
a range +57500 +57600 2027 2006 0.0285
a range +57500 +57600 2029 1002 1104.1835
a range +57500 +57600 2032 2001 0.0433
a range +57500 +57600 2036 2040 0.043
a range +57500 +57600 2040 2036 0.043
a range +57600 +57700 2007 2033 0.0311
a range +57600 +57700 2033 2007 0.0311
a range +57800 +58000 2018 2046 0.0431
a range +57800 +58000 2030 2041 0.0193
a range +57800 +58000 2041 2030 0.0193
a range +57800 +58000 2046 2018 0.0431
a range +58000 +58100 2002 2024 0.0289
a range +58000 +58100 2024 2002 0.0289
a range +58100 +58200 2036 2044 0.043
a range +58100 +58200 2044 2036 0.043
a range +58200 +58300 2010 2030 0.0431
a range +58200 +58300 2016 2028 0.0035
a range +58200 +58300 2028 2016 0.0035
a range +58200 +58300 2030 2010 0.0431
a range +58200 +58300 2036 2048 0.0176
a range +58200 +58300 2048 2036 0.0176
a range +58300 +58400 1003 2043 1104.7996
a range +58300 +58400 2043 1003 1104.7996
a range +58600 +58700 2014 2027 0.0156
a range +58600 +58700 2027 2014 0.0156
a range +58700 +58800 2019 2021 0.0243
a range +58700 +58800 2021 2019 0.0243
a range +58800 +58900 1002 2010 1104.2125
a range +58800 +58900 2010 1002 1104.2125
a range +58900 +59000 2014 2030 0.043
a range +58900 +59000 2030 2014 0.043
a range +59000 +59200 2003 9001 1105.054
a range +59000 +59200 9001 2003 1105.054
a range +59200 +59300 2020 2021 0.0126
a range +59200 +59300 2021 2020 0.0126
a range +59500 +59600 2005 2041 0.0433
a range +59500 +59600 2041 2005 0.0433
a range +59600 +59700 2022 2026 0.043
a range +59600 +59700 2026 2022 0.043
a range +59800 +59900 1003 2033 1104.1799
a range +59800 +59900 2027 2029 0.0243
a range +59800 +59900 2029 2027 0.0243
a range +59800 +59900 2033 1003 1104.1799
a range +59900 +60000 2022 2035 0.0142
a range +59900 +60000 2035 2022 0.0142
a range +60200 +60300 2008 2009 0.0126
a range +60200 +60300 2009 2008 0.0126
a range +60300 +60500 2018 9001 1104.3545
a range +60300 +60500 9001 2018 1104.3545
a range +60800 +60900 1003 2027 1104.5513
a range +60800 +60900 2010 2038 0.0435
a range +60800 +60900 2014 2026 0.014
a range +60800 +60900 2026 2014 0.014
a range +60800 +60900 2027 1003 1104.5513
a range +60800 +60900 2038 2010 0.0435
a range +61000 +61100 1002 2027 1104.1827
a range +61000 +61100 2027 1002 1104.1827
a range +61300 +61400 2007 2020 0.0204
a range +61300 +61400 2020 2007 0.0204
a range +61600 +61700 1001 2041 1104.5148
a range +61600 +61700 2012 2033 0.0285
a range +61600 +61700 2033 2012 0.0285
a range +61600 +61700 2041 1001 1104.5148
a range +61800 +61900 2009 2033 0.0112
a range +61800 +61900 2033 2009 0.0112
a range +62200 +62300 1002 2039 1104.1949
a range +62200 +62300 2039 1002 1104.1949
a range +62500 +62600 1001 2039 1104.511
a range +62500 +62600 2039 1001 1104.511
a range +62600 +62700 2005 2036 0.0431
a range +62600 +62700 2036 2005 0.0431
a range +62700 +62900 1002 1003 0.1025
a range +62700 +62900 1003 1002 0.1025
a range +63000 +63100 2023 2044 0.0244
a range +63000 +63100 2044 2023 0.0244
a range +63200 +63300 2016 2038 0.0205
a range +63200 +63300 2021 2042 0.0393
a range +63200 +63300 2038 2016 0.0205
a range +63200 +63300 2042 2021 0.0393
a range +63300 +63400 2028 2038 0.0232
a range +63300 +63400 2038 2028 0.0232
a range +63500 +63600 2005 2034 0.0432
a range +63500 +63600 2022 2041 0.0432
a range +63500 +63600 2034 2005 0.0432
a range +63500 +63600 2041 2022 0.0432
a range +63900 +64000 2009 2042 0.0434
a range +63900 +64000 2042 2009 0.0434
a range +64000 +64100 1002 1003 0.1025
a range +64000 +64100 1003 1002 0.1025
a range +64000 +64100 2013 2014 0.0126
a range +64000 +64100 2014 2013 0.0126
a range +64300 +64400 2008 2048 0.0433
a range +64300 +64400 2048 2008 0.0433
a range +64400 +64500 2043 2047 0.0421
a range +64400 +64500 2047 2043 0.0421
a range +64500 +64600 2014 9003 1104.6096
a range +64500 +64600 9003 2014 1104.6096
a range +64600 +64700 2009 2046 0.0432
a range +64600 +64700 2046 2009 0.0432
a range +64900 +65000 2025 2036 0.0126
a range +64900 +65000 2026 9003 1104.6254
a range +64900 +65000 2036 2025 0.0126
a range +64900 +65000 9003 2026 1104.6254
a range +65300 +65400 2006 2042 0.0431
a range +65300 +65400 2042 2006 0.0431
a range +65400 +65500 2005 9003 1104.7497
a range +65400 +65500 9003 2005 1104.7497
a range +65500 +65600 2027 2028 0.0126
a range +65500 +65600 2028 2027 0.0126
a range +65600 +65700 2028 2029 0.0126
a range +65600 +65700 2029 2028 0.0126
a range +66000 +66100 2036 2038 0.0289
a range +66000 +66100 2038 2036 0.0289
a range +66100 +66200 1001 2009 1104.501
a range +66100 +66200 2009 1001 1104.501
a range +66100 +66200 2016 2043 0.0374
a range +66100 +66200 2025 2033 0.0421
a range +66100 +66200 2033 2025 0.0421
a range +66100 +66200 2043 2016 0.0374
a range +66200 +66300 2010 2021 0.0117
a range +66200 +66300 2013 2024 0.0126
a range +66200 +66300 2021 2010 0.0117
a range +66200 +66300 2024 2013 0.0126
a range +66400 +66500 1003 2042 1104.7984
a range +66400 +66500 2042 1003 1104.7984
a range +66500 +66600 2001 2040 0.0431
a range +66500 +66600 2021 2029 0.043
a range +66500 +66600 2029 2021 0.043
a range +66500 +66600 2040 2001 0.0431
a range +66800 +66900 2006 2018 0.0176
a range +66800 +66900 2018 2006 0.0176
a range +66900 +67000 2014 2025 0.0204
a range +66900 +67000 2025 2014 0.0204
a range +67300 +67400 2009 2018 0.0359
a range +67300 +67400 2018 2009 0.0359
a range +67400 +67500 2011 2023 0.0122
a range +67400 +67500 2023 2011 0.0122
a range +67500 +67600 1003 2036 1104.7963
a range +67500 +67600 2036 1003 1104.7963
a range +67700 +67800 2010 2030 0.0433
a range +67700 +67800 2018 2043 0.0354
a range +67700 +67800 2030 2010 0.0433
a range +67700 +67800 2043 2018 0.0354
a range +67800 +67900 2005 2035 0.0431
a range +67800 +67900 2035 2005 0.0431
a range +68000 +68100 1002 2043 1105.1191
a range +68000 +68100 2019 2044 0.0321
a range +68000 +68100 2043 1002 1105.1191
a range +68000 +68100 2044 2019 0.0321
a range +68500 +68600 2030 2042 0.0176
a range +68500 +68600 2042 2030 0.0176
a range +68600 +68700 1002 2010 1105.1105
a range +68600 +68700 2010 1002 1105.1105
a range +69200 +69300 2010 2028 0.0432
a range +69200 +69300 2028 2010 0.0432
a range +69600 +69700 2012 2045 0.0433
a range +69600 +69700 2045 2012 0.0433
a range +69800 +69900 2017 2026 0.0318
a range +69800 +69900 2026 2017 0.0318
a range +70000 +70200 2007 2009 0.0243
a range +70000 +70200 2009 2007 0.0243
a range +70000 +70200 2030 2034 0.0421
a range +70000 +70200 2034 2030 0.0421
a range +70200 +70300 2041 9003 1104.7517
a range +70200 +70300 9003 2041 1104.7517
a range +70700 +70800 2015 2023 0.0421
a range +70700 +70800 2023 2015 0.0421
a range +71200 +71300 2008 2021 0.0156
a range +71200 +71300 2021 2008 0.0156
a range +71300 +71500 2018 2030 0.0176
a range +71300 +71500 2030 2018 0.0176
a range +71600 +71700 1001 1003 0.1025
a range +71600 +71700 1003 1001 0.1025
a range +71600 +71700 2011 2033 0.0184
a range +71600 +71700 2033 2011 0.0184
a range +71700 +71800 2029 2044 0.0367
a range +71700 +71800 2034 2046 0.0035
a range +71700 +71800 2044 2029 0.0367
a range +71700 +71800 2046 2034 0.0035
a range +71800 +71900 2005 2028 0.0174
a range +71800 +71900 2028 2005 0.0174
a range +72000 +72100 2023 2025 0.0285
a range +72000 +72100 2025 2023 0.0285
a range +72100 +72200 2029 2041 0.0122
a range +72100 +72200 2041 2029 0.0122
a range +72200 +72300 1001 1003 0.1025
a range +72200 +72300 1003 1001 0.1025
a range +72200 +72300 2013 2028 0.0334
a range +72200 +72300 2028 2013 0.0334
a range +72800 +72900 2017 2041 0.0225
a range +72800 +72900 2041 2017 0.0225
a range +72900 +73000 1001 1003 0.1025
a range +72900 +73000 1003 1001 0.1025
a range +72900 +73000 2042 9003 1104.7508
a range +72900 +73000 9003 2042 1104.7508
a range +73000 +73100 1003 2021 1104.8074
a range +73000 +73100 2021 1003 1104.8074
a range +73200 +73300 2024 9001 1104.7129
a range +73200 +73300 9001 2024 1104.7129
a range +73700 +73800 2003 2027 0.0112
a range +73700 +73800 2027 2003 0.0112
a range +73800 +73900 2006 2008 0.0243
a range +73800 +73900 2008 2006 0.0243
a range +74100 +74200 2005 2007 0.0243
a range +74100 +74200 2007 2005 0.0243
a range +74300 +74400 2018 2031 0.0219
a range +74300 +74400 2029 2041 0.0122
a range +74300 +74400 2031 2018 0.0219
a range +74300 +74400 2041 2029 0.0122
a range +74400 +74500 2037 2038 0.0126
a range +74400 +74500 2038 2037 0.0126
a range +75000 +75100 2002 2022 0.043
a range +75000 +75100 2009 2021 0.0061
a range +75000 +75100 2021 2009 0.0061
a range +75000 +75100 2022 2002 0.043
a range +75100 +75300 2030 9003 1104.737
a range +75100 +75300 9003 2030 1104.737
a range +75300 +75400 2014 2048 0.0378
a range +75300 +75400 2037 2047 0.0243
a range +75300 +75400 2047 2037 0.0243
a range +75300 +75400 2048 2014 0.0378
a range +75400 +75500 2001 2032 0.0431
a range +75400 +75500 2032 2001 0.0431
a range +75500 +75600 2013 2028 0.0334
a range +75500 +75600 2028 2013 0.0334
a range +75600 +75700 2039 9001 1105.0547
a range +75600 +75700 9001 2039 1105.0547
a range +75700 +75800 2034 2043 0.0334
a range +75700 +75800 2043 2034 0.0334
a range +75900 +76000 2009 2030 0.0393
a range +75900 +76000 2030 2009 0.0393
a range +76000 +76200 2010 2031 0.031
a range +76000 +76200 2031 2010 0.031
a range +76300 +76400 2009 2031 0.0311
a range +76300 +76400 2020 2043 0.0321
a range +76300 +76400 2031 2009 0.0311
a range +76300 +76400 2043 2020 0.0321
a range +76600 +76700 2022 2048 0.0283
a range +76600 +76700 2048 2022 0.0283
a range +76700 +76900 2002 2033 0.0434
a range +76700 +76900 2023 9003 1104.7795
a range +76700 +76900 2033 2002 0.0434
a range +76700 +76900 9003 2023 1104.7795
a range +77100 +77200 2011 2023 0.0122
a range +77100 +77200 2023 2011 0.0122
a range +77300 +77400 2023 2044 0.0244
a range +77300 +77400 2044 2023 0.0244
a range +77900 +78000 2011 2041 0.0432
a range +77900 +78000 2020 2033 0.0156
a range +77900 +78000 2026 2027 0.0126
a range +77900 +78000 2027 2026 0.0126
a range +77900 +78000 2033 2020 0.0156
a range +77900 +78000 2041 2011 0.0432
a range +78000 +78100 2026 2036 0.0243
a range +78000 +78100 2036 2026 0.0243
a range +78100 +78200 1001 2025 1105.0081
a range +78100 +78200 2025 1001 1105.0081
a range +78200 +78300 2027 2028 0.0126
a range +78200 +78300 2028 2027 0.0126
a range +78300 +78400 2018 2027 0.0327
a range +78300 +78400 2021 2030 0.0359
a range +78300 +78400 2027 2018 0.0327
a range +78300 +78400 2030 2021 0.0359
a range +78400 +78500 2039 2048 0.0343
a range +78400 +78500 2048 2039 0.0343
a range +78500 +78600 2010 2045 0.0431
a range +78500 +78600 2045 2010 0.0431
a range +78600 +78700 2001 2044 0.0431
a range +78600 +78700 2009 2048 0.0432
a range +78600 +78700 2044 2001 0.0431
a range +78600 +78700 2048 2009 0.0432
a range +78700 +78800 2006 2008 0.0243
a range +78700 +78800 2008 2006 0.0243
a range +78800 +78900 2018 2026 0.043
a range +78800 +78900 2026 2018 0.043
a range +78900 +79000 2031 2035 0.0421
a range +78900 +79000 2035 2031 0.0421
a range +79000 +79100 2004 2013 0.0334
a range +79000 +79100 2013 2004 0.0334
a range +79200 +79300 2021 2040 0.0431
a range +79200 +79300 2040 2021 0.0431
a range +79300 +79500 1003 9003 0.0551
a range +79300 +79500 9003 1003 0.0551
a range +79800 +80000 2007 2036 0.0432
a range +79800 +80000 2027 2041 0.0227
a range +79800 +80000 2036 2007 0.0432
a range +79800 +80000 2041 2027 0.0227
a range +80200 +80300 2024 2042 0.0433
a range +80200 +80300 2042 2024 0.0433
a range +80400 +80500 2033 2046 0.0117
a range +80400 +80500 2046 2033 0.0117
a range +80700 +80800 2030 2042 0.0176
a range +80700 +80800 2042 2030 0.0176
a range +80800 +80900 2012 2029 0.0433
a range +80800 +80900 2029 2012 0.0433
a range +80800 +80900 2030 9002 1105.0855
a range +80800 +80900 9002 2030 1105.0855
a range +81200 +81300 2012 2025 0.0354
a range +81200 +81300 2025 2012 0.0354
a range +81400 +81600 2001 2033 0.0373
a range +81400 +81600 2033 2001 0.0373
a range +81700 +81800 2008 2023 0.0318
a range +81700 +81800 2023 2008 0.0318
a range +81800 +81900 2010 2023 0.0142
a range +81800 +81900 2023 2010 0.0142
a range +82200 +82300 2011 2036 0.0298
a range +82200 +82300 2015 9001 1105.05
a range +82200 +82300 2036 2011 0.0298
a range +82200 +82300 9001 2015 1105.05
a range +82300 +82500 2013 2044 0.0364
a range +82300 +82500 2044 2013 0.0364
a range +82600 +82700 2019 2034 0.0334
a range +82600 +82700 2026 2030 0.0421
a range +82600 +82700 2030 2026 0.0421
a range +82600 +82700 2034 2019 0.0334
a range +82900 +83000 2019 2032 0.0204
a range +82900 +83000 2032 2019 0.0204
a range +83200 +83300 2010 2040 0.0433
a range +83200 +83300 2040 2010 0.0433
a range +83400 +83500 2019 2020 0.0126
a range +83400 +83500 2020 2019 0.0126
a range +83900 +84100 2018 2020 0.0243
a range +83900 +84100 2020 2018 0.0243
a range +84100 +84200 2010 2019 0.0334
a range +84100 +84200 2019 2010 0.0334
a range +84100 +84200 2026 2046 0.0426
a range +84100 +84200 2027 2048 0.0359
a range +84100 +84200 2046 2026 0.0426
a range +84100 +84200 2048 2027 0.0359
a range +84400 +84500 1003 2010 1105.0522
a range +84400 +84500 2010 1003 1105.0522
a range +84500 +84600 2012 2027 0.0393
a range +84500 +84600 2027 2012 0.0393
a range +84700 +84800 2018 2044 0.0378
a range +84700 +84800 2044 2018 0.0378
a range +84800 +84900 1003 2026 1105.0372
a range +84800 +84900 2026 1003 1105.0372
a range +84900 +85000 2003 2029 0.0184
a range +84900 +85000 2029 2003 0.0184
a range +85000 +85100 2024 2042 0.0361
a range +85000 +85100 2042 2024 0.0361
a range +85100 +85200 2006 2019 0.0219
a range +85100 +85200 2019 2006 0.0219
a range +85300 +85400 2002 2035 0.042
a range +85300 +85400 2012 2034 0.0283
a range +85300 +85400 2034 2012 0.0283
a range +85300 +85400 2035 2002 0.042
a range +85400 +85500 2008 2021 0.0156
a range +85400 +85500 2021 2008 0.0156
a range +85500 +85600 2005 2039 0.0126
a range +85500 +85600 2025 2041 0.0393
a range +85500 +85600 2039 2005 0.0126
a range +85500 +85600 2041 2025 0.0393
a range +85600 +85700 1001 2027 1105.0224
a range +85600 +85700 2027 1001 1105.0224
