a contact +0 +1200 1002 2003 50
a contact +0 +1200 1005 2001 50
a contact +0 +1200 1006 2017 50
a contact +0 +1200 2001 1005 50
a contact +0 +1200 2003 1002 50
a contact +0 +1200 2017 1006 50
a contact +0 +1800 1001 2006 50
a contact +0 +1800 2006 1001 50
a contact +1800 +2400 1001 2008 50
a contact +1800 +2400 2008 1001 50
a contact +2400 +4800 1001 9002 50
a contact +1200 +4800 1005 2005 50
a contact +1200 +4800 2005 1005 50
a contact +2400 +4800 9002 1001 50
a contact +4800 +6000 1001 2009 50
a contact +0 +6000 1004 9005 50
a contact +1200 +6000 1006 2015 50
a contact +4800 +6000 2009 1001 50
a contact +1200 +6000 2015 1006 50
a contact +0 +6000 9005 1004 50
a contact +6000 +7800 1004 2014 50
a contact +4800 +7800 1005 9002 50
a contact +6000 +7800 1006 2007 50
a contact +6000 +7800 2007 1006 50
a contact +6000 +7800 2014 1004 50
a contact +4800 +7800 9002 1005 50
a contact +7800 +9600 1005 2001 50
a contact +7800 +9600 2001 1005 50
a contact +1200 +10200 1002 9004 50
a contact +7800 +10200 1004 2007 50
a contact +7800 +10200 2007 1004 50
a contact +1200 +10200 9004 1002 50
a contact +9600 +10800 1005 2017 50
a contact +9600 +10800 2017 1005 50
a contact +10200 +11400 1004 9004 50
a contact +7800 +11400 1006 9002 50
a contact +7800 +11400 9002 1006 50
a contact +10200 +11400 9004 1004 50
a contact +10200 +12000 1002 2005 50
a contact +10800 +12000 1005 2013 50
a contact +10200 +12000 2005 1002 50
a contact +10800 +12000 2013 1005 50
a contact +6000 +13200 1001 9005 50
a contact +12000 +13200 1002 2004 50
a contact +12000 +13200 2004 1002 50
a contact +6000 +13200 9005 1001 50
a contact +13200 +14400 1001 2017 50
a contact +11400 +14400 1006 9004 50
a contact +13200 +14400 2017 1001 50
a contact +11400 +14400 9004 1006 50
a contact +0 +15600 1003 9001 50
a contact +12000 +15600 1005 9002 50
a contact +0 +15600 9001 1003 50
a contact +12000 +15600 9002 1005 50
a contact +14400 +16200 1001 2012 50
a contact +15600 +16200 1003 9002 50
a contact +11400 +16200 1004 2003 50
a contact +11400 +16200 2003 1004 50
a contact +14400 +16200 2012 1001 50
a contact +15600 +16200 9002 1003 50
a contact +14400 +16800 1006 2016 50
a contact +14400 +16800 2016 1006 50
a contact +16200 +18000 1001 2003 50
a contact +16200 +18000 1004 9002 50
a contact +16200 +18000 2003 1001 50
a contact +16200 +18000 9002 1004 50
a contact +13200 +18600 1002 9005 50
a contact +15600 +18600 1005 2020 50
a contact +16800 +18600 1006 2005 50
a contact +16800 +18600 2005 1006 50
a contact +15600 +18600 2020 1005 50
a contact +13200 +18600 9005 1002 50
a contact +16200 +19200 1003 2009 50
a contact +16200 +19200 2009 1003 50
a contact +18000 +19800 1004 2006 50
a contact +18000 +19800 2006 1004 50
a contact +18600 +20400 1002 2015 50
a contact +18600 +20400 2015 1002 50
a contact +19800 +21000 1004 2013 50
a contact +18600 +21000 1006 9005 50
a contact +19800 +21000 2013 1004 50
a contact +18600 +21000 9005 1006 50
a contact +18000 +22200 1001 9002 50
a contact +18000 +22200 9002 1001 50
a contact +21000 +22800 1006 2017 50
a contact +21000 +22800 2017 1006 50
a contact +19200 +25800 1003 2011 50
a contact +19200 +25800 2011 1003 50
a contact +21000 +28800 1004 9005 50
a contact +18600 +28800 1005 2004 50
a contact +18600 +28800 2004 1005 50
a contact +21000 +28800 9005 1004 50
a contact +28800 +29400 1005 9005 50
a contact +28800 +29400 9005 1005 50
a contact +22200 +31800 1001 2014 50
a contact +22800 +31800 1006 2012 50
a contact +22800 +31800 2012 1006 50
a contact +22200 +31800 2014 1001 50
a contact +31800 +32400 1001 9006 50
a contact +31800 +32400 9006 1001 50
a contact +25800 +34800 1003 9002 50
a contact +25800 +34800 9002 1003 50
a contact +32400 +35400 1001 2014 50
a contact +32400 +35400 2014 1001 50
a contact +34800 +37200 1003 2018 50
a contact +29400 +37200 1005 2008 50
a contact +29400 +37200 2008 1005 50
a contact +34800 +37200 2018 1003 50
a contact +31800 +37800 1006 2016 50
a contact +31800 +37800 2016 1006 50
a contact +35400 +38400 1001 2005 50
a contact +37200 +38400 1005 2004 50
a contact +37200 +38400 2004 1005 50
a contact +35400 +38400 2005 1001 50
a contact +20400 +39000 1002 2010 50
a contact +37200 +39000 1003 9003 50
a contact +20400 +39000 2010 1002 50
a contact +37200 +39000 9003 1003 50
a contact +38400 +40200 1005 2020 50
a contact +38400 +40200 2020 1005 50
a contact +39000 +40800 1003 2007 50
a contact +39000 +40800 2007 1003 50
a contact +40200 +41400 1005 2001 50
a contact +37800 +41400 1006 9006 50
a contact +40200 +41400 2001 1005 50
a contact +37800 +41400 9006 1006 50
a contact +38400 +42000 1001 9002 50
a contact +29400 +42000 1004 9005 50
a contact +38400 +42000 9002 1001 50
a contact +29400 +42000 9005 1004 50
a contact +42000 +43200 1001 2018 50
a contact +42000 +43200 2018 1001 50
a contact +43200 +44400 1001 2003 50
a contact +42000 +44400 1004 2020 50
a contact +43200 +44400 2003 1001 50
a contact +42000 +44400 2020 1004 50
a contact +39000 +45000 1002 9003 50
a contact +41400 +45000 1005 9006 50
a contact +39000 +45000 9003 1002 50
a contact +41400 +45000 9006 1005 50
a contact +40800 +45600 1003 2006 50
a contact +41400 +45600 1006 2019 50
a contact +40800 +45600 2006 1003 50
a contact +41400 +45600 2019 1006 50
a contact +44400 +46800 1001 2013 50
a contact +44400 +46800 2013 1001 50
a contact +46800 +48000 1001 9003 50
a contact +46800 +48000 9003 1001 50
a contact +45600 +49200 1003 2015 50
a contact +45600 +49200 1006 9006 50
a contact +45600 +49200 2015 1003 50
a contact +45600 +49200 9006 1006 50
a contact +45000 +49800 1005 2002 50
a contact +45000 +49800 2002 1005 50
a contact +48000 +50400 1001 2009 50
a contact +49200 +50400 1006 9003 50
a contact +48000 +50400 2009 1001 50
a contact +49200 +50400 9003 1006 50
a contact +45000 +51000 1002 2018 50
a contact +45000 +51000 2018 1002 50
a contact +50400 +51600 1001 2012 50
a contact +49200 +51600 1003 2017 50
a contact +50400 +51600 2012 1001 50
a contact +49200 +51600 2017 1003 50
a contact +51600 +52200 1001 9003 50
a contact +51600 +52200 1003 2005 50
a contact +51600 +52200 2005 1003 50
a contact +51600 +52200 9003 1001 50
a contact +44400 +52800 1004 2011 50
a contact +50400 +52800 1006 2006 50
a contact +50400 +52800 2006 1006 50
a contact +44400 +52800 2011 1004 50
a contact +52200 +53400 1001 2009 50
a contact +52200 +53400 1003 9003 50
a contact +52800 +53400 1004 9004 50
a contact +49800 +53400 1005 9006 50
a contact +52200 +53400 2009 1001 50
a contact +52200 +53400 9003 1003 50
a contact +52800 +53400 9004 1004 50
a contact +49800 +53400 9006 1005 50
a contact +51000 +54600 1002 2013 50
a contact +51000 +54600 2013 1002 50
a contact +54600 +55800 1002 2020 50
a contact +54600 +55800 2020 1002 50
a contact +53400 +56400 1001 9004 50
a contact +53400 +56400 1003 9006 50
a contact +53400 +56400 9004 1001 50
a contact +53400 +56400 9006 1003 50
a contact +55800 +57000 1002 2009 50
a contact +56400 +57000 1003 2017 50
a contact +53400 +57000 1004 2018 50
a contact +55800 +57000 2009 1002 50
a contact +56400 +57000 2017 1003 50
a contact +53400 +57000 2018 1004 50
a contact +56400 +57600 1001 2005 50
a contact +56400 +57600 2005 1001 50
a contact +57600 +59400 1001 2002 50
a contact +57600 +59400 2002 1001 50
a contact +57000 +60600 1004 2003 50
a contact +52800 +60600 1006 9001 50
a contact +57000 +60600 2003 1004 50
a contact +52800 +60600 9001 1006 50
a contact +59400 +61200 1001 2009 50
a contact +59400 +61200 2009 1001 50
a contact +61200 +63000 1001 2013 50
a contact +57000 +63000 1003 9004 50
a contact +61200 +63000 2013 1001 50
a contact +57000 +63000 9004 1003 50
a contact +60600 +64200 1006 2001 50
a contact +60600 +64200 2001 1006 50
a contact +60600 +64800 1004 9001 50
a contact +60600 +64800 9001 1004 50
a contact +63000 +66000 1003 2017 50
a contact +53400 +66000 1005 9003 50
a contact +63000 +66000 2017 1003 50
a contact +53400 +66000 9003 1005 50
a contact +64200 +66600 1006 2007 50
a contact +64200 +66600 2007 1006 50
a contact +64800 +67800 1004 2020 50
a contact +66000 +67800 1005 2001 50
a contact +66600 +67800 1006 9003 50
a contact +66000 +67800 2001 1005 50
a contact +64800 +67800 2020 1004 50
a contact +66600 +67800 9003 1006 50
a contact +67800 +68400 1004 2001 50
a contact +67800 +68400 2001 1004 50
a contact +66000 +69000 1003 9001 50
a contact +68400 +69000 1004 9003 50
a contact +67800 +69000 1006 2009 50
a contact +67800 +69000 2009 1006 50
a contact +66000 +69000 9001 1003 50
a contact +68400 +69000 9003 1004 50
a contact +67800 +70200 1005 2007 50
a contact +67800 +70200 2007 1005 50
a contact +69000 +72600 1003 2019 50
a contact +69000 +72600 1004 2018 50
a contact +69000 +72600 2018 1004 50
a contact +69000 +72600 2019 1003 50
a contact +63000 +74400 1001 9004 50
a contact +72600 +74400 1003 2013 50
a contact +72600 +74400 2013 1003 50
a contact +63000 +74400 9004 1001 50
a contact +69000 +75000 1006 9001 50
a contact +69000 +75000 9001 1006 50
a contact +72600 +75600 1004 2016 50
a contact +72600 +75600 2016 1004 50
a contact +57000 +76200 1002 9006 50
a contact +57000 +76200 9006 1002 50
a contact +74400 +76800 1001 2007 50
a contact +76200 +76800 1002 9001 50
a contact +74400 +76800 1003 2019 50
a contact +74400 +76800 2007 1001 50
a contact +74400 +76800 2019 1003 50
a contact +76200 +76800 9001 1002 50
a contact +76800 +77400 1003 2020 50
a contact +75600 +77400 1004 2001 50
a contact +75000 +77400 1006 9004 50
a contact +75600 +77400 2001 1004 50
a contact +76800 +77400 2020 1003 50
a contact +75000 +77400 9004 1006 50
a contact +70200 +78000 1005 9003 50
a contact +70200 +78000 9003 1005 50
a contact +76800 +78600 1002 9006 50
a contact +76800 +78600 9006 1002 50
a contact +78600 +79200 1002 9005 50
a contact +77400 +79200 1004 9004 50
a contact +78000 +79200 1005 2018 50
a contact +77400 +79200 1006 2015 50
a contact +77400 +79200 2015 1006 50
a contact +78000 +79200 2018 1005 50
a contact +77400 +79200 9004 1004 50
a contact +78600 +79200 9005 1002 50
a contact +79200 +81000 1002 2006 50
a contact +77400 +81000 1003 2008 50
a contact +79200 +81000 1004 2011 50
a contact +79200 +81000 2006 1002 50
a contact +77400 +81000 2008 1003 50
a contact +79200 +81000 2011 1004 50
a contact +76800 +81600 1001 9001 50
a contact +76800 +81600 9001 1001 50
a contact +81600 +82200 1001 2017 50
a contact +81600 +82200 2017 1001 50
a contact +82200 +84000 1001 9001 50
a contact +81000 +84000 1003 2019 50
a contact +81000 +84000 2019 1003 50
a contact +82200 +84000 9001 1001 50
a contact +84000 +84600 1001 2017 50
a contact +84000 +84600 1003 9001 50
a contact +84000 +84600 2017 1001 50
a contact +84000 +84600 9001 1003 50
a contact +84600 +85200 1001 9001 50
a contact +84600 +85200 1003 2016 50
a contact +81000 +85200 1004 9002 50
a contact +84600 +85200 2016 1003 50
a contact +84600 +85200 9001 1001 50
a contact +81000 +85200 9002 1004 50
a contact +85200 +85800 1004 2016 50
a contact +85200 +85800 2016 1004 50
a contact +85200 +86400 1001 2017 50
a contact +81000 +86400 1002 2002 50
a contact +85200 +86400 1003 9001 50
a contact +85800 +86400 1004 9002 50
a contact +79200 +86400 1005 9005 50
a contact +79200 +86400 1006 9004 50
a contact +81000 +86400 2002 1002 50
a contact +85200 +86400 2017 1001 50
a contact +85200 +86400 9001 1003 50
a contact +85800 +86400 9002 1004 50
a contact +79200 +86400 9004 1006 50
a contact +79200 +86400 9005 1005 50

a range +0 +1200 1002 2003 0.0546
a range +0 +1200 1005 2001 0.0555
a range +0 +1200 1006 2017 0.0545
a range +0 +1200 2001 1005 0.0555
a range +0 +1200 2003 1002 0.0546
a range +0 +1200 2017 1006 0.0545
a range +0 +1800 1001 2006 0.0543
a range +0 +1800 2006 1001 0.0543
a range +1800 +2400 1001 2008 0.0555
a range +1800 +2400 2008 1001 0.0555
a range +2400 +4800 1001 9002 1102.7998
a range +1200 +4800 1005 2005 0.055
a range +1200 +4800 2005 1005 0.055
a range +2400 +4800 9002 1001 1102.7998
a range +4800 +6000 1001 2009 0.0547
a range +0 +6000 1004 9005 1102.2416
a range +1200 +6000 1006 2015 0.0541
a range +4800 +6000 2009 1001 0.0547
a range +1200 +6000 2015 1006 0.0541
a range +0 +6000 9005 1004 1102.2416
a range +6000 +7800 1004 2014 0.054
a range +4800 +7800 1005 9002 1102.0593
a range +6000 +7800 1006 2007 0.0542
a range +6000 +7800 2007 1006 0.0542
a range +6000 +7800 2014 1004 0.054
a range +4800 +7800 9002 1005 1102.0593
a range +7800 +9600 1005 2001 0.0555
a range +7800 +9600 2001 1005 0.0555
a range +1200 +10200 1002 9004 1102.3407
a range +7800 +10200 1004 2007 0.0554
a range +7800 +10200 2007 1004 0.0554
a range +1200 +10200 9004 1002 1102.3407
a range +9600 +10800 1005 2017 0.0549
a range +9600 +10800 2017 1005 0.0549
a range +10200 +11400 1004 9004 1102.2575
a range +7800 +11400 1006 9002 1103.0142
a range +7800 +11400 9002 1006 1103.0142
a range +10200 +11400 9004 1004 1102.2575
a range +10200 +12000 1002 2005 0.054
a range +10800 +12000 1005 2013 0.0541
a range +10200 +12000 2005 1002 0.054
a range +10800 +12000 2013 1005 0.0541
a range +6000 +13200 1001 9005 1102.7998
a range +12000 +13200 1002 2004 0.0546
a range +12000 +13200 2004 1002 0.0546
a range +6000 +13200 9005 1001 1102.7998
a range +13200 +14400 1001 2017 0.0558
a range +11400 +14400 1006 9004 1102.3204
a range +13200 +14400 2017 1001 0.0558
a range +11400 +14400 9004 1006 1102.3204
a range +0 +15600 1003 9001 1102.3712
a range +12000 +15600 1005 9002 1103.2048
a range +0 +15600 9001 1003 1102.3712
a range +12000 +15600 9002 1005 1103.2048
a range +14400 +16200 1001 2012 0.0544
a range +15600 +16200 1003 9002 1102.4258
a range +11400 +16200 1004 2003 0.0542
a range +11400 +16200 2003 1004 0.0542
a range +14400 +16200 2012 1001 0.0544
a range +15600 +16200 9002 1003 1102.4258
a range +14400 +16800 1006 2016 0.0558
a range +14400 +16800 2016 1006 0.0558
a range +16200 +18000 1001 2003 0.0547
a range +16200 +18000 1004 9002 1103.3955
a range +16200 +18000 2003 1001 0.0547
a range +16200 +18000 9002 1004 1103.3955
a range +13200 +18600 1002 9005 1102.6119
a range +15600 +18600 1005 2020 0.0555
a range +16800 +18600 1006 2005 0.0543
a range +16800 +18600 2005 1006 0.0543
a range +15600 +18600 2020 1005 0.0555
a range +13200 +18600 9005 1002 1102.6119
a range +16200 +19200 1003 2009 0.0554
a range +16200 +19200 2009 1003 0.0554
a range +18000 +19800 1004 2006 0.0549
a range +18000 +19800 2006 1004 0.0549
a range +18600 +20400 1002 2015 0.0553
a range +18600 +20400 2015 1002 0.0553
a range +19800 +21000 1004 2013 0.0551
a range +18600 +21000 1006 9005 1103.0142
a range +19800 +21000 2013 1004 0.0551
a range +18600 +21000 9005 1006 1103.0142
a range +18000 +22200 1001 9002 1102.7998
a range +18000 +22200 9002 1001 1102.7998
a range +21000 +22800 1006 2017 0.0545
a range +21000 +22800 2017 1006 0.0545
a range +19200 +25800 1003 2011 0.0552
a range +19200 +25800 2011 1003 0.0552
a range +21000 +28800 1004 9005 1103.3955
a range +18600 +28800 1005 2004 0.0544
a range +18600 +28800 2004 1005 0.0544
a range +21000 +28800 9005 1004 1103.3955
a range +28800 +29400 1005 9005 1103.2048
a range +28800 +29400 9005 1005 1103.2048
a range +22200 +31800 1001 2014 0.0552
a range +22800 +31800 1006 2012 0.0541
a range +22800 +31800 2012 1006 0.0541
a range +22200 +31800 2014 1001 0.0552
a range +31800 +32400 1001 9006 1103.9292
a range +31800 +32400 9006 1001 1103.9292
a range +25800 +34800 1003 9002 1103.4001
a range +25800 +34800 9002 1003 1103.4001
a range +32400 +35400 1001 2014 0.0552
a range +32400 +35400 2014 1001 0.0552
a range +34800 +37200 1003 2018 0.0546
a range +29400 +37200 1005 2008 0.0552
a range +29400 +37200 2008 1005 0.0552
a range +34800 +37200 2018 1003 0.0546
a range +31800 +37800 1006 2016 0.0558
a range +31800 +37800 2016 1006 0.0558
a range +35400 +38400 1001 2005 0.0551
a range +37200 +38400 1005 2004 0.0544
a range +37200 +38400 2004 1005 0.0544
a range +35400 +38400 2005 1001 0.0551
a range +20400 +39000 1002 2010 0.0552
a range +37200 +39000 1003 9003 1103.5617
a range +20400 +39000 2010 1002 0.0552
a range +37200 +39000 9003 1003 1103.5617
a range +38400 +40200 1005 2020 0.0555
a range +38400 +40200 2020 1005 0.0555
a range +39000 +40800 1003 2007 0.0541
a range +39000 +40800 2007 1003 0.0541
a range +40200 +41400 1005 2001 0.0543
a range +37800 +41400 1006 9006 1104.1161
a range +40200 +41400 2001 1005 0.0543
a range +37800 +41400 9006 1006 1104.1161
a range +38400 +42000 1001 9002 1103.3556
a range +29400 +42000 1004 9005 1103.3955
a range +38400 +42000 9002 1001 1103.3556
a range +29400 +42000 9005 1004 1103.3955
a range +42000 +43200 1001 2018 0.0545
a range +42000 +43200 2018 1001 0.0545
a range +43200 +44400 1001 2003 0.0482
a range +42000 +44400 1004 2020 0.0541
a range +43200 +44400 2003 1001 0.0482
a range +42000 +44400 2020 1004 0.0541
a range +39000 +45000 1002 9003 1103.7444
a range +41400 +45000 1005 9006 1104.3298
a range +39000 +45000 9003 1002 1103.7444
a range +41400 +45000 9006 1005 1104.3298
a range +40800 +45600 1003 2006 0.0555
a range +41400 +45600 1006 2019 0.0442
a range +40800 +45600 2006 1003 0.0555
a range +41400 +45600 2019 1006 0.0442
a range +44400 +46800 1001 2013 0.0545
a range +44400 +46800 2013 1001 0.0545
a range +46800 +48000 1001 9003 1103.9292
a range +46800 +48000 9003 1001 1103.9292
a range +45600 +49200 1003 2015 0.0547
a range +45600 +49200 1006 9006 1104.1161
a range +45600 +49200 2015 1003 0.0547
a range +45600 +49200 9006 1006 1104.1161
a range +45000 +49800 1005 2002 0.038
a range +45000 +49800 2002 1005 0.038
a range +48000 +50400 1001 2009 0.0544
a range +49200 +50400 1006 9003 1104.1161
a range +48000 +50400 2009 1001 0.0544
a range +49200 +50400 9003 1006 1104.1161
a range +45000 +51000 1002 2018 0.0555
a range +45000 +51000 2018 1002 0.0555
a range +50400 +51600 1001 2012 0.0558
a range +49200 +51600 1003 2017 0.0542
a range +50400 +51600 2012 1001 0.0558
a range +49200 +51600 2017 1003 0.0542
a range +51600 +52200 1001 9003 1103.9292
a range +51600 +52200 1003 2005 0.043
a range +51600 +52200 2005 1003 0.043
a range +51600 +52200 9003 1001 1103.9292
a range +44400 +52800 1004 2011 0.0543
a range +50400 +52800 1006 2006 0.0437
a range +50400 +52800 2006 1006 0.0437
a range +44400 +52800 2011 1004 0.0543
a range +52200 +53400 1001 2009 0.0544
a range +52200 +53400 1003 9003 1104.7107
a range +52800 +53400 1004 9004 1104.5083
a range +49800 +53400 1005 9006 1104.3298
a range +52200 +53400 2009 1001 0.0544
a range +52200 +53400 9003 1003 1104.7107
a range +52800 +53400 9004 1004 1104.5083
a range +49800 +53400 9006 1005 1104.3298
a range +51000 +54600 1002 2013 0.0541
a range +51000 +54600 2013 1002 0.0541
a range +54600 +55800 1002 2020 0.0433
a range +54600 +55800 2020 1002 0.0433
a range +53400 +56400 1001 9004 1103.9444
a range +53400 +56400 1003 9006 1104.7107
a range +53400 +56400 9004 1001 1103.9444
a range +53400 +56400 9006 1003 1104.7107
a range +55800 +57000 1002 2009 0.0545
a range +56400 +57000 1003 2017 0.0542
a range +53400 +57000 1004 2018 0.0547
a range +55800 +57000 2009 1002 0.0545
a range +56400 +57000 2017 1003 0.0542
a range +53400 +57000 2018 1004 0.0547
a range +56400 +57600 1001 2005 0.0551
a range +56400 +57600 2005 1001 0.0551
a range +57600 +59400 1001 2002 0.0337
a range +57600 +59400 2002 1001 0.0337
a range +57000 +60600 1004 2003 0.0542
a range +52800 +60600 1006 9001 1104.1232
a range +57000 +60600 2003 1004 0.0542
a range +52800 +60600 9001 1006 1104.1232
a range +59400 +61200 1001 2009 0.0544
a range +59400 +61200 2009 1001 0.0544
a range +61200 +63000 1001 2013 0.0545
a range +57000 +63000 1003 9004 1104.6917
a range +61200 +63000 2013 1001 0.0545
a range +57000 +63000 9004 1003 1104.6917
a range +60600 +64200 1006 2001 0.0104
a range +60600 +64200 2001 1006 0.0104
a range +60600 +64800 1004 9001 1104.5083
a range +60600 +64800 9001 1004 1104.5083
a range +63000 +66000 1003 2017 0.0542
a range +53400 +66000 1005 9003 1104.3298
a range +63000 +66000 2017 1003 0.0542
a range +53400 +66000 9003 1005 1104.3298
a range +64200 +66600 1006 2007 0.0552
a range +64200 +66600 2007 1006 0.0552
a range +64800 +67800 1004 2020 0.0543
a range +66000 +67800 1005 2001 0.0327
a range +66600 +67800 1006 9003 1104.7431
a range +66000 +67800 2001 1005 0.0327
a range +64800 +67800 2020 1004 0.0543
a range +66600 +67800 9003 1006 1104.7431
a range +67800 +68400 1004 2001 0.0519
a range +67800 +68400 2001 1004 0.0519
a range +66000 +69000 1003 9001 1104.6917
a range +68400 +69000 1004 9003 1104.52
a range +67800 +69000 1006 2009 0.039
a range +67800 +69000 2009 1006 0.039
a range +66000 +69000 9001 1003 1104.6917
a range +68400 +69000 9003 1004 1104.52
a range +67800 +70200 1005 2007 0.0547
a range +67800 +70200 2007 1005 0.0547
a range +69000 +72600 1003 2019 0.039
a range +69000 +72600 1004 2018 0.0547
a range +69000 +72600 2018 1004 0.0547
a range +69000 +72600 2019 1003 0.039
a range +63000 +74400 1001 9004 1105.0649
a range +72600 +74400 1003 2013 0.0534
a range +72600 +74400 2013 1003 0.0534
a range +63000 +74400 9004 1001 1105.0649
a range +69000 +75000 1006 9001 1105.068
a range +69000 +75000 9001 1006 1105.068
a range +72600 +75600 1004 2016 0.0199
a range +72600 +75600 2016 1004 0.0199
a range +57000 +76200 1002 9006 1104.7971
a range +57000 +76200 9006 1002 1104.7971
a range +74400 +76800 1001 2007 0.0327
a range +76200 +76800 1002 9001 1104.8773
a range +74400 +76800 1003 2019 0.039
a range +74400 +76800 2007 1001 0.0327
a range +74400 +76800 2019 1003 0.039
a range +76200 +76800 9001 1002 1104.8773
a range +76800 +77400 1003 2020 0.0409
a range +75600 +77400 1004 2001 0.0519
a range +75000 +77400 1006 9004 1105.068
a range +75600 +77400 2001 1004 0.0519
a range +76800 +77400 2020 1003 0.0409
a range +75000 +77400 9004 1006 1105.068
a range +70200 +78000 1005 9003 1104.7526
a range +70200 +78000 9003 1005 1104.7526
a range +76800 +78600 1002 9006 1104.7971
a range +76800 +78600 9006 1002 1104.7971
a range +78600 +79200 1002 9005 1104.8946
a range +77400 +79200 1004 9004 1105.0256
a range +78000 +79200 1005 2018 0.0525
a range +77400 +79200 1006 2015 0.0437
a range +77400 +79200 2015 1006 0.0437
a range +78000 +79200 2018 1005 0.0525
a range +77400 +79200 9004 1004 1105.0256
a range +78600 +79200 9005 1002 1104.8946
a range +79200 +81000 1002 2006 0.0153
a range +77400 +81000 1003 2008 0.0424
a range +79200 +81000 1004 2011 0.0277
a range +79200 +81000 2006 1002 0.0153
a range +77400 +81000 2008 1003 0.0424
a range +79200 +81000 2011 1004 0.0277
a range +76800 +81600 1001 9001 1105.0649
a range +76800 +81600 9001 1001 1105.0649
a range +81600 +82200 1001 2017 0.0486
a range +81600 +82200 2017 1001 0.0486
a range +82200 +84000 1001 9001 1105.0649
a range +81000 +84000 1003 2019 0.039
a range +81000 +84000 2019 1003 0.039
a range +82200 +84000 9001 1001 1105.0649
a range +84000 +84600 1001 2017 0.0486
a range +84000 +84600 1003 9001 1105.0472
a range +84000 +84600 2017 1001 0.0486
a range +84000 +84600 9001 1003 1105.0472
a range +84600 +85200 1001 9001 1105.0649
a range +84600 +85200 1003 2016 0.0437
a range +81000 +85200 1004 9002 1105.0328
a range +84600 +85200 2016 1003 0.0437
a range +84600 +85200 9001 1001 1105.0649
a range +81000 +85200 9002 1004 1105.0328
a range +85200 +85800 1004 2016 0.0199
a range +85200 +85800 2016 1004 0.0199
a range +85200 +86400 1001 2017 0.0486
a range +81000 +86400 1002 2002 0.0451
a range +85200 +86400 1003 9001 1105.0472
a range +85800 +86400 1004 9002 1105.0328
a range +79200 +86400 1005 9005 1105.0433
a range +79200 +86400 1006 9004 1105.068
a range +81000 +86400 2002 1002 0.0451
a range +85200 +86400 2017 1001 0.0486
a range +85200 +86400 9001 1003 1105.0472
a range +85800 +86400 9002 1004 1105.0328
a range +79200 +86400 9004 1006 1105.068
a range +79200 +86400 9005 1005 1105.0433
