a contact +0 +8400 2002 9002 50
a contact +0 +8400 9002 2002 50
a contact +0 +15600 2012 9001 50
a contact +0 +15600 9001 2012 50
a contact +8400 +16800 2013 9002 50
a contact +8400 +16800 9002 2013 50
a contact +16800 +25200 2010 9002 50
a contact +16800 +25200 9002 2010 50
a contact +30000 +34200 2003 9003 50
a contact +25200 +34200 2008 9002 50
a contact +25200 +34200 9002 2008 50
a contact +30000 +34200 9003 2003 50
a contact +34200 +42600 2005 9002 50
a contact +34200 +42600 9002 2005 50
a contact +34200 +43200 2004 9003 50
a contact +34200 +43200 9003 2004 50
a contact +43200 +47400 2003 9003 50
a contact +43200 +47400 9003 2003 50
a contact +47400 +55800 2009 9003 50
a contact +47400 +55800 9003 2009 50
a contact +52200 +62400 2015 9001 50
a contact +52200 +62400 9001 2015 50
a contact +55800 +64200 2011 9003 50
a contact +55800 +64200 9003 2011 50
a contact +62400 +68400 2006 9001 50
a contact +62400 +68400 9001 2006 50
a contact +64200 +73200 2007 9003 50
a contact +64200 +73200 9003 2007 50
a contact +73200 +73800 2016 9003 50
a contact +73200 +73800 9003 2016 50
a contact +68400 +76800 2001 9001 50
a contact +68400 +76800 9001 2001 50
a contact +73800 +78600 2006 9003 50
a contact +73800 +78600 9003 2006 50
a contact +76800 +86400 2014 9001 50
a contact +78600 +86400 2016 9002 50
a contact +76800 +86400 9001 2014 50
a contact +78600 +86400 9002 2016 50

a range +0 +8400 2002 9002 1103.3782
a range +0 +8400 9002 2002 1103.3782
a range +0 +15600 2012 9001 1102.3214
a range +0 +15600 9001 2012 1102.3214
a range +8400 +16800 2013 9002 1103.3734
a range +8400 +16800 9002 2013 1103.3734
a range +16800 +25200 2010 9002 1103.3881
a range +16800 +25200 9002 2010 1103.3881
a range +30000 +34200 2003 9003 1103.1032
a range +25200 +34200 2008 9002 1103.379
a range +25200 +34200 9002 2008 1103.379
a range +30000 +34200 9003 2003 1103.1032
a range +34200 +42600 2005 9002 1103.411
a range +34200 +42600 9002 2005 1103.411
a range +34200 +43200 2004 9003 1103.4622
a range +34200 +43200 9003 2004 1103.4622
a range +43200 +47400 2003 9003 1103.8281
a range +43200 +47400 9003 2003 1103.8281
a range +47400 +55800 2009 9003 1104.7824
a range +47400 +55800 9003 2009 1104.7824
a range +52200 +62400 2015 9001 1105.0639
a range +52200 +62400 9001 2015 1105.0639
a range +55800 +64200 2011 9003 1104.399
a range +55800 +64200 9003 2011 1104.399
a range +62400 +68400 2006 9001 1105.0337
a range +62400 +68400 9001 2006 1105.0337
a range +64200 +73200 2007 9003 1104.7664
a range +64200 +73200 9003 2007 1104.7664
a range +73200 +73800 2016 9003 1104.7644
a range +73200 +73800 9003 2016 1104.7644
a range +68400 +76800 2001 9001 1105.0488
a range +68400 +76800 9001 2001 1105.0488
a range +73800 +78600 2006 9003 1104.7925
a range +73800 +78600 9003 2006 1104.7925
a range +76800 +86400 2014 9001 1105.0348
a range +78600 +86400 2016 9002 1105.0584
a range +76800 +86400 9001 2014 1105.0348
a range +78600 +86400 9002 2016 1105.0584
