a contact +0 +200 1002 2036 50
a contact +0 +200 2036 1002 50
a contact +200 +300 1002 2032 50
a contact +200 +300 2032 1002 50
a contact +300 +700 1002 2003 25
a contact +300 +700 2003 1002 25
a contact +0 +900 2020 9001 50
a contact +0 +900 2035 9002 50
a contact +0 +900 9001 2020 50
a contact +0 +900 9002 2035 50
a contact +700 +1000 1002 2025 50
a contact +700 +1000 2025 1002 50
a contact +900 +1100 2027 9001 50
a contact +900 +1100 9001 2027 50
a contact +1000 +1400 1002 2003 25
a contact +0 +1400 1003 2031 50
a contact +1000 +1400 2003 1002 25
a contact +900 +1400 2014 9002 50
a contact +0 +1400 2031 1003 50
a contact +900 +1400 9002 2014 50
a contact +1400 +1600 1002 2020 50
a contact +1400 +1600 2020 1002 50
a contact +1600 +2800 1002 2001 25
a contact +1600 +2800 2001 1002 25
a contact +1100 +2800 2019 9001 50
a contact +1100 +2800 9001 2019 50
a contact +1400 +2900 2027 9002 50
a contact +1400 +2900 9002 2027 50
a contact +2800 +3000 1002 9001 50
a contact +2800 +3000 9001 1002 50
a contact +1400 +4100 1003 2008 50
a contact +1400 +4100 2008 1003 50
a contact +3000 +4300 1002 2009 50
a contact +3000 +4300 2009 1002 50
a contact +4300 +4700 1002 2017 50
a contact +4300 +4700 2017 1002 50
a contact +4700 +4800 1002 2001 25
a contact +4700 +4800 2001 1002 25
a contact +3000 +4800 2027 9001 50
a contact +2900 +4800 2031 9002 50
a contact +3000 +4800 9001 2027 50
a contact +2900 +4800 9002 2031 50
a contact +4200 +4900 1003 2034 50
a contact +4200 +4900 2034 1003 50
a contact +4900 +5400 1002 2005 50
a contact +4900 +5400 2005 1002 50
a contact +5400 +5600 1002 2001 25
a contact +5400 +5600 2001 1002 25
a contact +0 +5800 1001 9003 50
a contact +0 +5800 9003 1001 50
a contact +5800 +5900 1001 2002 25
a contact +5600 +5900 1002 2029 50
a contact +5800 +5900 2002 1001 25
a contact +5600 +5900 2029 1002 50
a contact +5900 +6200 1001 9003 50
a contact +4900 +6200 1003 2009 50
a contact +4900 +6200 2009 1003 50
a contact +4800 +6200 2035 9001 50
a contact +4800 +6200 9001 2035 50
a contact +5900 +6200 9003 1001 50
a contact +6200 +6300 1003 9003 50
a contact +6200 +6300 9003 1003 50
a contact +5900 +6600 1002 2031 50
a contact +6300 +6600 1003 2022 50
a contact +6300 +6600 2022 1003 50
a contact +6200 +6600 2027 9001 50
a contact +5900 +6600 2031 1002 50
a contact +6200 +6600 9001 2027 50
a contact +6600 +6700 1003 9003 50
a contact +6600 +6700 9003 1003 50
a contact +6700 +7100 1003 2037 50
a contact +6700 +7100 2037 1003 50
a contact +6600 +7200 1002 2001 25
a contact +6600 +7200 2001 1002 25
a contact +7200 +7400 1002 2022 50
a contact +7200 +7400 2022 1002 50
a contact +7400 +7800 1002 2035 50
a contact +7400 +7800 2035 1002 50
a contact +7800 +8100 1002 2003 25
a contact +7800 +8100 2003 1002 25
a contact +6600 +8200 2013 9001 50
a contact +6600 +8200 9001 2013 50
a contact +4800 +8500 2040 9002 50
a contact +4800 +8500 9002 2040 50
a contact +8200 +8600 1002 2032 50
a contact +8200 +8600 2032 1002 50
a contact +8500 +9200 2021 9002 50
a contact +8500 +9200 9002 2021 50
a contact +8600 +9700 1002 2003 25
a contact +8600 +9700 2003 1002 25
a contact +9700 +10800 1002 2038 50
a contact +9700 +10800 2038 1002 50
a contact +10800 +11700 1002 2008 50
a contact +7100 +11700 1003 9003 50
a contact +10800 +11700 2008 1002 50
a contact +7100 +11700 9003 1003 50
a contact +8200 +12400 2020 9001 50
a contact +8200 +12400 9001 2020 50
a contact +6300 +12700 1001 2005 50
a contact +6300 +12700 2005 1001 50
a contact +12700 +12800 1001 2001 25
a contact +12700 +12800 2001 1001 25
a contact +12800 +13100 1001 2029 50
a contact +12800 +13100 2029 1001 50
a contact +13100 +13200 1001 2020 50
a contact +13100 +13200 2020 1001 50
a contact +13200 +13400 1001 2029 50
a contact +13200 +13400 2029 1001 50
a contact +11700 +14200 1003 2009 50
a contact +11700 +14200 2009 1003 50
a contact +12400 +14200 2028 9001 50
a contact +12400 +14200 9001 2028 50
a contact +14200 +14300 1003 9001 50
a contact +14200 +14300 9001 1003 50
a contact +14300 +14600 1003 2036 50
a contact +14300 +14600 2012 9001 50
a contact +9200 +14600 2023 9002 50
a contact +14300 +14600 2036 1003 50
a contact +14300 +14600 9001 2012 50
a contact +9200 +14600 9002 2023 50
a contact +14600 +16100 2016 9002 50
a contact +14600 +16100 9002 2016 50
a contact +14600 +17000 1003 9001 50
a contact +14600 +17000 9001 1003 50
a contact +17000 +17100 1003 2023 50
a contact +17000 +17100 2023 1003 50
a contact +13500 +17900 1001 2008 50
a contact +11700 +17900 1002 9003 50
a contact +17100 +17900 1003 9001 50
a contact +13500 +17900 2008 1001 50
a contact +17100 +17900 9001 1003 50
a contact +11700 +17900 9003 1002 50
a contact +17900 +19400 1002 9001 50
a contact +17900 +19400 9001 1002 50
a contact +19400 +19800 1002 2034 50
a contact +17900 +19800 1003 2035 50
a contact +19400 +19800 2034 1002 50
a contact +17900 +19800 2035 1003 50
a contact +19800 +21300 1003 2031 50
a contact +16100 +21300 2018 9002 50
a contact +19800 +21300 2031 1003 50
a contact +16100 +21300 9002 2018 50
a contact +21300 +21700 2036 9002 50
a contact +21300 +21700 9002 2036 50
a contact +21300 +22100 1003 2007 50
a contact +21300 +22100 2007 1003 50
a contact +21700 +23200 2013 9002 50
a contact +21700 +23200 9002 2013 50
a contact +23200 +23600 2011 9002 50
a contact +23200 +23600 9002 2011 50
a contact +17900 +24000 1001 9003 50
a contact +19800 +24000 1002 9001 50
a contact +22100 +24000 1003 2034 50
a contact +22100 +24000 2034 1003 50
a contact +19800 +24000 9001 1002 50
a contact +17900 +24000 9003 1001 50
a contact +24000 +25400 1002 2003 25
a contact +24000 +25400 2003 1002 25
a contact +25400 +25500 1002 2002 25
a contact +25400 +25500 2002 1002 25
a contact +25500 +26900 1002 2006 50
a contact +25500 +26900 2006 1002 50
a contact +23600 +27400 2016 9002 50
a contact +23600 +27400 9002 2016 50
a contact +26900 +27800 1002 2008 50
a contact +26900 +27800 2008 1002 50
a contact +27400 +27800 2025 9002 50
a contact +27400 +27800 9002 2025 50
a contact +27800 +28000 1002 2003 25
a contact +27800 +28000 2003 1002 25
a contact +28000 +28600 1002 2008 50
a contact +28000 +28600 2008 1002 50
a contact +24000 +29200 1001 9001 50
a contact +28600 +29200 1002 2002 25
a contact +28600 +29200 2002 1002 25
a contact +27800 +29200 2012 9002 50
a contact +24000 +29200 9001 1001 50
a contact +27800 +29200 9002 2012 50
a contact +29200 +29300 1001 2002 25
a contact +29200 +29300 1002 9002 50
a contact +29200 +29300 2002 1001 25
a contact +29200 +29300 9002 1002 50
a contact +29300 +29700 2012 9002 50
a contact +29300 +29700 9002 2012 50
a contact +29300 +29800 1002 2008 50
a contact +29300 +29800 2008 1002 50
a contact +29800 +29900 1002 2036 50
a contact +29800 +29900 2036 1002 50
a contact +24000 +30100 1003 9003 50
a contact +24000 +30100 9003 1003 50
a contact +29300 +30200 1001 9001 50
a contact +29900 +30200 1002 2003 25
a contact +30100 +30200 1003 2018 50
a contact +29900 +30200 2003 1002 25
a contact +30100 +30200 2018 1003 50
a contact +29300 +30200 9001 1001 50
a contact +30200 +30700 1001 2009 50
a contact +30200 +30700 2009 1001 50
a contact +29700 +30700 2027 9002 50
a contact +29700 +30700 9002 2027 50
a contact +30700 +30800 1001 9002 50
a contact +30200 +30800 1002 9003 50
a contact +30700 +30800 9002 1001 50
a contact +30200 +30800 9003 1002 50
a contact +30800 +31100 2012 9002 50
a contact +30800 +31100 9002 2012 50
a contact +30800 +31200 2031 9003 50
a contact +30800 +31200 9003 2031 50
a contact +31200 +31300 2011 9002 50
a contact +31200 +31300 9002 2011 50
a contact +30800 +31600 1002 2032 50
a contact +30800 +31600 2032 1002 50
a contact +31600 +32400 1002 2002 25
a contact +31600 +32400 2002 1002 25
a contact +31200 +32400 2021 9003 50
a contact +31200 +32400 9003 2021 50
a contact +32400 +32500 1002 2032 50
a contact +32400 +32500 2032 1002 50
a contact +30800 +33000 1001 2008 50
a contact +32700 +33000 1002 2020 50
a contact +30800 +33000 2008 1001 50
a contact +32700 +33000 2020 1002 50
a contact +33000 +33900 1002 2001 25
a contact +33000 +33900 2001 1002 25
a contact +32400 +34200 2011 9003 50
a contact +32400 +34200 9003 2011 50
a contact +33000 +34600 1001 2010 50
a contact +33000 +34600 2010 1001 50
a contact +31300 +34600 2029 9002 50
a contact +31300 +34600 9002 2029 50
a contact +34600 +35000 1001 2032 50
a contact +33900 +35000 1002 2008 50
a contact +30200 +35000 1003 9001 50
a contact +33900 +35000 2008 1002 50
a contact +34600 +35000 2032 1001 50
a contact +30200 +35000 9001 1003 50
a contact +35000 +35700 1002 9001 50
a contact +35000 +35700 9001 1002 50
a contact +35700 +35800 1002 2002 25
a contact +35700 +35800 2002 1002 25
a contact +35800 +36200 1002 9001 50
a contact +35800 +36200 9001 1002 50
a contact +35000 +36500 1003 2036 50
a contact +35000 +36500 2036 1003 50
a contact +34600 +37600 2028 9002 50
a contact +34600 +37600 9002 2028 50
a contact +34200 +40100 2026 9003 50
a contact +34200 +40100 9003 2026 50
a contact +36500 +40600 1003 2038 50
a contact +36500 +40600 2038 1003 50
a contact +37600 +41000 2019 9002 50
a contact +37600 +41000 9002 2019 50
a contact +35000 +41200 1001 2039 50
a contact +36300 +41200 1002 9001 50
a contact +41000 +41200 2022 9002 50
a contact +35000 +41200 2039 1001 50
a contact +36300 +41200 9001 1002 50
a contact +41000 +41200 9002 2022 50
a contact +40600 +42200 1003 2007 50
a contact +40600 +42200 2007 1003 50
a contact +40100 +44400 2015 9003 50
a contact +40100 +44400 9003 2015 50
a contact +42200 +45900 1003 2034 50
a contact +44400 +45900 2030 9003 50
a contact +42200 +45900 2034 1003 50
a contact +44400 +45900 9003 2030 50
a contact +41200 +47400 1001 9001 50
a contact +41200 +47400 1002 9002 50
a contact +45900 +47400 1003 2006 50
a contact +45900 +47400 2006 1003 50
a contact +41200 +47400 9001 1001 50
a contact +41200 +47400 9002 1002 50
a contact +47400 +47800 1003 9001 50
a contact +47400 +47800 9001 1003 50
a contact +47800 +48100 1003 2012 50
a contact +47800 +48100 2012 1003 50
a contact +45900 +49600 2033 9003 50
a contact +45900 +49600 9003 2033 50
a contact +47400 +50000 1002 2035 50
a contact +47400 +50000 2035 1002 50
a contact +50000 +50400 1002 2033 50
a contact +50000 +50400 2033 1002 50
a contact +48100 +51400 1003 9001 50
a contact +48100 +51400 9001 1003 50
a contact +47400 +51500 1001 9002 50
a contact +51400 +51500 1003 2027 50
a contact +51400 +51500 2027 1003 50
a contact +47400 +51500 9002 1001 50
a contact +51500 +51800 1001 2018 50
a contact +51500 +51800 2018 1001 50
a contact +50400 +51900 1002 2001 25
a contact +50400 +51900 2001 1002 25
a contact +49600 +51900 2021 9003 50
a contact +49600 +51900 9003 2021 50
a contact +51900 +52000 1002 2020 50
a contact +51500 +52000 1003 9001 50
a contact +51900 +52000 2020 1002 50
a contact +51500 +52000 9001 1003 50
a contact +52000 +52700 1002 2032 50
a contact +52000 +52700 2032 1002 50
a contact +51800 +53500 1001 9002 50
a contact +52700 +53500 1002 2001 25
a contact +52000 +53500 1003 2006 50
a contact +52700 +53500 2001 1002 25
a contact +52000 +53500 2006 1003 50
a contact +51800 +53500 9002 1001 50
a contact +53500 +53800 1002 2029 50
a contact +52000 +53800 2015 9001 50
a contact +53500 +53800 2029 1002 50
a contact +52000 +53800 9001 2015 50
a contact +53800 +53900 1002 2002 25
a contact +53800 +53900 2002 1002 25
a contact +51900 +53900 2036 9003 50
a contact +51900 +53900 9003 2036 50
a contact +53900 +54200 1002 2027 50
a contact +53900 +54200 2027 1002 50
a contact +54200 +54800 1002 2029 50
a contact +54200 +54800 2029 1002 50
a contact +54800 +55000 1002 2001 25
a contact +54800 +55000 2001 1002 25
a contact +53900 +55700 2010 9003 50
a contact +53900 +55700 9003 2010 50
a contact +55000 +55800 1002 2029 50
a contact +53900 +55800 2007 9001 50
a contact +55000 +55800 2029 1002 50
a contact +53900 +55800 9001 2007 50
a contact +55800 +56100 1002 2021 50
a contact +55800 +56100 2021 1002 50
a contact +56300 +56900 1002 2007 50
a contact +56300 +56900 2007 1002 50
a contact +53500 +57200 1001 2040 50
a contact +56900 +57200 1002 2028 50
a contact +56900 +57200 2028 1002 50
a contact +53500 +57200 2040 1001 50
a contact +57200 +57700 1001 2033 50
a contact +57200 +57700 2033 1001 50
a contact +57200 +58500 1002 2040 50
a contact +57200 +58500 2040 1002 50
a contact +58500 +59400 1002 2002 25
a contact +53500 +59400 1003 9002 50
a contact +58500 +59400 2002 1002 25
a contact +53500 +59400 9002 1003 50
a contact +59400 +59500 1002 9002 50
a contact +59400 +59500 9002 1002 50
a contact +59500 +59600 1002 2002 25
a contact +59500 +59600 2002 1002 25
a contact +59400 +60100 1003 2008 50
a contact +59400 +60100 2008 1003 50
a contact +55700 +60100 2024 9003 50
a contact +55700 +60100 9003 2024 50
a contact +60100 +60400 2025 9003 50
a contact +60100 +60400 9003 2025 50
a contact +60400 +60600 2024 9003 50
a contact +60400 +60600 9003 2024 50
a contact +60600 +60700 2027 9003 50
a contact +60600 +60700 9003 2027 50
a contact +57700 +60900 1001 2035 50
a contact +57700 +60900 2035 1001 50
a contact +60900 +61200 1001 2027 50
a contact +60900 +61200 2027 1001 50
a contact +55800 +61400 2014 9001 50
a contact +55800 +61400 9001 2014 50
a contact +61200 +62100 1001 2028 50
a contact +61200 +62100 2028 1001 50
a contact +60700 +65000 2025 9003 50
a contact +60700 +65000 9003 2025 50
a contact +62100 +65500 1001 2010 50
a contact +59600 +65500 1002 9002 50
a contact +62100 +65500 2010 1001 50
a contact +59600 +65500 9002 1002 50
a contact +65500 +65800 1002 2003 25
a contact +65500 +65800 2003 1002 25
a contact +65800 +66600 1002 2007 50
a contact +60100 +66600 1003 2037 50
a contact +65800 +66600 2007 1002 50
a contact +61400 +66600 2022 9001 50
a contact +60100 +66600 2037 1003 50
a contact +61400 +66600 9001 2022 50
a contact +66600 +67000 1002 2003 25
a contact +66600 +67000 2003 1002 25
a contact +65000 +67100 2024 9003 50
a contact +65000 +67100 9003 2024 50
a contact +67000 +67400 1002 2037 50
a contact +66600 +67400 2014 9001 50
a contact +67000 +67400 2037 1002 50
a contact +66600 +67400 9001 2014 50
a contact +67400 +67700 1002 2004 50
a contact +67400 +67700 2004 1002 50
a contact +67700 +68900 1002 2002 25
a contact +67700 +68900 2002 1002 25
a contact +69000 +69500 1002 2032 50
a contact +69000 +69500 2032 1002 50
a contact +69500 +69800 1002 2027 50
a contact +69500 +69800 2027 1002 50
a contact +69800 +70100 1002 2004 50
a contact +69800 +70100 2004 1002 50
a contact +70100 +70300 1002 2003 25
a contact +70100 +70300 2003 1002 25
a contact +67400 +70300 2012 9001 50
a contact +67400 +70300 9001 2012 50
a contact +66600 +70700 1003 2008 50
a contact +66600 +70700 2008 1003 50
a contact +70400 +70800 1002 2032 50
a contact +70400 +70800 2032 1002 50
a contact +70800 +70900 1002 2002 25
a contact +70800 +70900 2002 1002 25
a contact +67100 +70900 2030 9003 50
a contact +67100 +70900 9003 2030 50
a contact +70300 +71200 2023 9001 50
a contact +70300 +71200 9001 2023 50
a contact +70900 +71800 1002 2032 50
a contact +70900 +71800 2032 1002 50
a contact +65500 +72000 1001 9002 50
a contact +71900 +72000 1002 2026 50
a contact +70700 +72000 1003 2004 50
a contact +70700 +72000 2004 1003 50
a contact +71900 +72000 2026 1002 50
a contact +71200 +72000 2038 9001 50
a contact +71200 +72000 9001 2038 50
a contact +65500 +72000 9002 1001 50
a contact +72000 +72100 1002 2002 25
a contact +72000 +72100 2002 1002 25
a contact +72000 +72100 2027 9001 50
a contact +72000 +72100 9001 2027 50
a contact +70900 +72300 2036 9003 50
a contact +70900 +72300 9003 2036 50
a contact +72100 +72600 1002 2035 50
a contact +72100 +72600 2035 1002 50
a contact +72600 +73300 1002 2019 50
a contact +72600 +73300 2019 1002 50
a contact +73400 +73500 1002 2024 50
a contact +73400 +73500 2024 1002 50
a contact +73600 +73800 1002 2034 50
a contact +73600 +73800 2034 1002 50
a contact +72100 +73900 2006 9001 50
a contact +72100 +73900 9001 2006 50
a contact +73900 +74000 1002 2028 50
a contact +73900 +74000 2028 1002 50
a contact +73900 +74100 2032 9001 50
a contact +73900 +74100 9001 2032 50
a contact +72300 +74200 2021 9003 50
a contact +72300 +74200 9003 2021 50
a contact +74100 +74500 1002 2032 50
a contact +74100 +74500 2032 1002 50
a contact +74100 +74700 2018 9001 50
a contact +74100 +74700 9001 2018 50
a contact +74700 +74900 2016 9001 50
a contact +74700 +74900 9001 2016 50
a contact +74800 +75600 1002 2036 50
a contact +74800 +75600 2036 1002 50
a contact +73000 +75700 1001 2004 50
a contact +73000 +75700 2004 1001 50
a contact +74200 +75700 2030 9003 50
a contact +74200 +75700 9003 2030 50
a contact +75600 +76300 1002 2002 25
a contact +75600 +76300 2002 1002 25
a contact +76300 +77100 1002 2004 50
a contact +76300 +77100 2004 1002 50
a contact +77100 +77600 1002 2003 25
a contact +77100 +77600 2003 1002 25
a contact +77600 +77700 1002 2032 50
a contact +77600 +77700 2032 1002 50
a contact +72000 +78400 1003 9002 50
a contact +72000 +78400 9002 1003 50
a contact +78400 +79000 1002 9002 50
a contact +78400 +79000 9002 1002 50
a contact +79000 +79100 2036 9002 50
a contact +79000 +79100 9002 2036 50
a contact +74900 +79200 2017 9001 50
a contact +74900 +79200 9001 2017 50
a contact +75700 +79800 1001 9003 50
a contact +75700 +79800 9003 1001 50
a contact +79100 +80300 1002 9002 50
a contact +79100 +80300 9002 1002 50
a contact +79200 +80900 2011 9001 50
a contact +79200 +80900 9001 2011 50
a contact +79800 +81700 1001 2004 50
a contact +79800 +81700 2004 1001 50
a contact +80300 +82100 1002 2033 50
a contact +80300 +82100 2033 1002 50
a contact +81700 +82200 1001 2031 50
a contact +80900 +82200 2013 9001 50
a contact +81700 +82200 2031 1001 50
a contact +80900 +82200 9001 2013 50
a contact +80300 +82500 2017 9002 50
a contact +80300 +82500 9002 2017 50
a contact +82200 +82800 2031 9001 50
a contact +82200 +82800 9001 2031 50
a contact +82100 +83000 1002 2004 50
a contact +82100 +83000 2004 1002 50
a contact +83000 +83300 1002 2002 25
a contact +83000 +83300 2002 1002 25
a contact +83300 +84000 1002 2037 50
a contact +82500 +84000 2013 9002 50
a contact +83300 +84000 2037 1002 50
a contact +82500 +84000 9002 2013 50
a contact +82200 +84100 1001 2032 50
a contact +84000 +84100 1002 9002 50
a contact +82200 +84100 2032 1001 50
a contact +84000 +84100 9002 1002 50
a contact +84100 +84900 1001 2009 50
a contact +84100 +84900 2009 1001 50
a contact +84900 +85100 1001 2022 50
a contact +84900 +85100 2022 1001 50
a contact +85100 +85200 1001 2020 50
a contact +85100 +85200 2020 1001 50
a contact +85200 +85300 1001 2002 25
a contact +84100 +85300 1002 2032 50
a contact +85200 +85300 2002 1001 25
a contact +84100 +85300 2032 1002 50
a contact +85300 +85400 1002 2003 25
a contact +85300 +85400 2003 1002 25
a contact +82800 +85400 2011 9001 50
a contact +84100 +85400 2025 9002 50
a contact +82800 +85400 9001 2011 50
a contact +84100 +85400 9002 2025 50
a contact +79800 +85500 1003 9003 50
a contact +79800 +85500 9003 1003 50
a contact +85300 +85900 1001 2035 50
a contact +85300 +85900 2035 1001 50
a contact +85500 +86200 2029 9001 50
a contact +85500 +86200 9001 2029 50
a contact +85900 +86400 1001 2004 50
a contact +85500 +86400 1002 9003 50
a contact +85500 +86400 1003 2007 50
a contact +85900 +86400 2004 1001 50
a contact +85500 +86400 2007 1003 50
a contact +85400 +86400 2012 9002 50
a contact +86200 +86400 2019 9001 50
a contact +86200 +86400 9001 2019 50
a contact +85400 +86400 9002 2012 50
a contact +85500 +86400 9003 1002 50

a range +0 +200 1002 2036 1102.3889
a range +0 +200 2036 1002 1102.3889
a range +200 +300 1002 2032 1102.3946
a range +200 +300 2032 1002 1102.3946
a range +300 +700 1002 2003 1102.3997
a range +300 +700 2003 1002 1102.3997
a range +0 +900 2020 9001 1101.8217
a range +0 +900 2035 9002 1103.365
a range +0 +900 9001 2020 1101.8217
a range +0 +900 9002 2035 1103.365
a range +700 +1000 1002 2025 1102.2316
a range +700 +1000 2025 1002 1102.2316
a range +900 +1100 2027 9001 1102.0681
a range +900 +1100 9001 2027 1102.0681
a range +1000 +1400 1002 2003 1102.3997
a range +0 +1400 1003 2031 1102.0796
a range +1000 +1400 2003 1002 1102.3997
a range +900 +1400 2014 9002 1102.2548
a range +0 +1400 2031 1003 1102.0796
a range +900 +1400 9002 2014 1102.2548
a range +1400 +1600 1002 2020 1101.7931
a range +1400 +1600 2020 1002 1101.7931
a range +1600 +2800 1002 2001 1102.3903
a range +1600 +2800 2001 1002 1102.3903
a range +1100 +2800 2019 9001 1101.8971
a range +1100 +2800 9001 2019 1101.8971
a range +1400 +2900 2027 9002 1102.0607
a range +1400 +2900 9002 2027 1102.0607
a range +2800 +3000 1002 9001 0.0595
a range +2800 +3000 9001 1002 0.0595
a range +1400 +4100 1003 2008 1102.0942
a range +1400 +4100 2008 1003 1102.0942
a range +3000 +4300 1002 2009 1102.3797
a range +3000 +4300 2009 1002 1102.3797
a range +4300 +4700 1002 2017 1102.0043
a range +4300 +4700 2017 1002 1102.0043
a range +4700 +4800 1002 2001 1102.3903
a range +4700 +4800 2001 1002 1102.3903
a range +3000 +4800 2027 9001 1102.0681
a range +2900 +4800 2031 9002 1103.3753
a range +3000 +4800 9001 2027 1102.0681
a range +2900 +4800 9002 2031 1103.3753
a range +4200 +4900 1003 2034 1102.079
a range +4200 +4900 2034 1003 1102.079
a range +4900 +5400 1002 2005 1102.395
a range +4900 +5400 2005 1002 1102.395
a range +5400 +5600 1002 2001 1102.3903
a range +5400 +5600 2001 1002 1102.3903
a range +0 +5800 1001 9003 0.0593
a range +0 +5800 9003 1001 0.0593
a range +5800 +5900 1001 2002 1102.6888
a range +5600 +5900 1002 2029 1102.3693
a range +5800 +5900 2002 1001 1102.6888
a range +5600 +5900 2029 1002 1102.3693
a range +5900 +6200 1001 9003 0.0593
a range +4900 +6200 1003 2009 1102.0906
a range +4900 +6200 2009 1003 1102.0906
a range +4800 +6200 2035 9001 1102.3383
a range +4800 +6200 9001 2035 1102.3383
a range +5900 +6200 9003 1001 0.0593
a range +6200 +6300 1003 9003 0.0591
a range +6200 +6300 9003 1003 0.0591
a range +5900 +6600 1002 2031 1102.39
a range +6300 +6600 1003 2022 1102.0634
a range +6300 +6600 2022 1003 1102.0634
a range +6200 +6600 2027 9001 1102.0681
a range +5900 +6600 2031 1002 1102.39
a range +6200 +6600 9001 2027 1102.0681
a range +6600 +6700 1003 9003 0.0591
a range +6600 +6700 9003 1003 0.0591
a range +6700 +7100 1003 2037 1102.0914
a range +6700 +7100 2037 1003 1102.0914
a range +6600 +7200 1002 2001 1102.3903
a range +6600 +7200 2001 1002 1102.3903
a range +7200 +7400 1002 2022 1102.4038
a range +7200 +7400 2022 1002 1102.4038
a range +7400 +7800 1002 2035 1102.3937
a range +7400 +7800 2035 1002 1102.3937
a range +7800 +8100 1002 2003 1102.3997
a range +7800 +8100 2003 1002 1102.3997
a range +6600 +8200 2013 9001 1102.3476
a range +6600 +8200 9001 2013 1102.3476
a range +4800 +8500 2040 9002 1103.379
a range +4800 +8500 9002 2040 1103.379
a range +8200 +8600 1002 2032 1102.3946
a range +8200 +8600 2032 1002 1102.3946
a range +8500 +9200 2021 9002 1102.4935
a range +8500 +9200 9002 2021 1102.4935
a range +8600 +9700 1002 2003 1102.3997
a range +8600 +9700 2003 1002 1102.3997
a range +9700 +10800 1002 2038 1102.3817
a range +9700 +10800 2038 1002 1102.3817
a range +10800 +11700 1002 2008 1102.3792
a range +7100 +11700 1003 9003 0.0591
a range +10800 +11700 2008 1002 1102.3792
a range +7100 +11700 9003 1003 0.0591
a range +8200 +12400 2020 9001 1102.3213
a range +8200 +12400 9001 2020 1102.3213
a range +6300 +12700 1001 2005 1102.6811
a range +6300 +12700 2005 1001 1102.6811
a range +12700 +12800 1001 2001 1102.6952
a range +12700 +12800 2001 1001 1102.6952
a range +12800 +13100 1001 2029 1102.7075
a range +12800 +13100 2029 1001 1102.7075
a range +13100 +13200 1001 2020 1102.5907
a range +13100 +13200 2020 1001 1102.5907
a range +13200 +13400 1001 2029 1102.7075
a range +13200 +13400 2029 1001 1102.7075
a range +11700 +14200 1003 2009 1102.9874
a range +11700 +14200 2009 1003 1102.9874
a range +12400 +14200 2028 9001 1102.3127
a range +12400 +14200 9001 2028 1102.3127
a range +14200 +14300 1003 9001 0.0595
a range +14200 +14300 9001 1003 0.0595
a range +14300 +14600 1003 2036 1103.0024
a range +14300 +14600 2012 9001 1102.3482
a range +9200 +14600 2023 9002 1102.3468
a range +14300 +14600 2036 1003 1103.0024
a range +14300 +14600 9001 2012 1102.3482
a range +9200 +14600 9002 2023 1102.3468
a range +14600 +16100 2016 9002 1102.8419
a range +14600 +16100 9002 2016 1102.8419
a range +14600 +17000 1003 9001 0.0595
a range +14600 +17000 9001 1003 0.0595
a range +17000 +17100 1003 2023 1103.0019
a range +17000 +17100 2023 1003 1103.0019
a range +13500 +17900 1001 2008 1102.6979
a range +11700 +17900 1002 9003 0.0594
a range +17100 +17900 1003 9001 0.0595
a range +13500 +17900 2008 1001 1102.6979
a range +17100 +17900 9001 1003 0.0595
a range +11700 +17900 9003 1002 0.0594
a range +17900 +19400 1002 9001 0.0592
a range +17900 +19400 9001 1002 0.0592
a range +19400 +19800 1002 2034 1103.2935
a range +17900 +19800 1003 2035 1103.0037
a range +19400 +19800 2034 1002 1103.2935
a range +17900 +19800 2035 1003 1103.0037
a range +19800 +21300 1003 2031 1102.989
a range +16100 +21300 2018 9002 1102.6924
a range +19800 +21300 2031 1003 1102.989
a range +16100 +21300 9002 2018 1102.6924
a range +21300 +21700 2036 9002 1103.3687
a range +21300 +21700 9002 2036 1103.3687
a range +21300 +22100 1003 2007 1102.9993
a range +21300 +22100 2007 1003 1102.9993
a range +21700 +23200 2013 9002 1103.0635
a range +21700 +23200 9002 2013 1103.0635
a range +23200 +23600 2011 9002 1103.2146
a range +23200 +23600 9002 2011 1103.2146
a range +17900 +24000 1001 9003 0.0591
a range +19800 +24000 1002 9001 0.0592
a range +22100 +24000 1003 2034 1103.002
a range +22100 +24000 2034 1003 1103.002
a range +19800 +24000 9001 1002 0.0592
a range +17900 +24000 9003 1001 0.0591
a range +24000 +25400 1002 2003 1103.2991
a range +24000 +25400 2003 1002 1103.2991
a range +25400 +25500 1002 2002 1103.3046
a range +25400 +25500 2002 1002 1103.3046
a range +25500 +26900 1002 2006 1103.2859
a range +25500 +26900 2006 1002 1103.2859
a range +23600 +27400 2016 9002 1102.8419
a range +23600 +27400 9002 2016 1102.8419
a range +26900 +27800 1002 2008 1103.2937
a range +26900 +27800 2008 1002 1103.2937
a range +27400 +27800 2025 9002 1102.9367
a range +27400 +27800 9002 2025 1102.9367
a range +27800 +28000 1002 2003 1103.2991
a range +27800 +28000 2003 1002 1103.2991
a range +28000 +28600 1002 2008 1103.2937
a range +28000 +28600 2008 1002 1103.2937
a range +24000 +29200 1001 9001 0.0595
a range +28600 +29200 1002 2002 1103.3046
a range +28600 +29200 2002 1002 1103.3046
a range +27800 +29200 2012 9002 1103.139
a range +24000 +29200 9001 1001 0.0595
a range +27800 +29200 9002 2012 1103.139
a range +29200 +29300 1001 2002 1103.591
a range +29200 +29300 1002 9002 0.0591
a range +29200 +29300 2002 1001 1103.591
a range +29200 +29300 9002 1002 0.0591
a range +29300 +29700 2012 9002 1103.139
a range +29300 +29700 9002 2012 1103.139
a range +29300 +29800 1002 2008 1103.2937
a range +29300 +29800 2008 1002 1103.2937
a range +29800 +29900 1002 2036 1103.2883
a range +29800 +29900 2036 1002 1103.2883
a range +24000 +30100 1003 9003 0.0594
a range +24000 +30100 9003 1003 0.0594
a range +29300 +30200 1001 9001 0.0595
a range +29900 +30200 1002 2003 1103.2991
a range +30100 +30200 1003 2018 1102.9891
a range +29900 +30200 2003 1002 1103.2991
a range +30100 +30200 2018 1003 1102.9891
a range +29300 +30200 9001 1001 0.0595
a range +30200 +30700 1001 2009 1103.5988
a range +30200 +30700 2009 1001 1103.5988
a range +29700 +30700 2027 9002 1103.3767
a range +29700 +30700 9002 2027 1103.3767
a range +30700 +30800 1001 9002 0.0594
a range +30200 +30800 1002 9003 0.0591
a range +30700 +30800 9002 1001 0.0594
a range +30200 +30800 9003 1002 0.0591
a range +30800 +31100 2012 9002 1103.139
a range +30800 +31100 9002 2012 1103.139
a range +30800 +31200 2031 9003 1104.7658
a range +30800 +31200 9003 2031 1104.7658
a range +31200 +31300 2011 9002 1103.2146
a range +31200 +31300 9002 2011 1103.2146
a range +30800 +31600 1002 2032 1103.3027
a range +30800 +31600 2032 1002 1103.3027
a range +31600 +32400 1002 2002 1103.3046
a range +31600 +32400 2002 1002 1103.3046
a range +31200 +32400 2021 9003 1103.2285
a range +31200 +32400 9003 2021 1103.2285
a range +32400 +32500 1002 2032 1103.3027
a range +32400 +32500 2032 1002 1103.3027
a range +30800 +33000 1001 2008 1103.6045
a range +32700 +33000 1002 2020 1103.3157
a range +30800 +33000 2008 1001 1103.6045
a range +32700 +33000 2020 1002 1103.3157
a range +33000 +33900 1002 2001 1103.3069
a range +33000 +33900 2001 1002 1103.3069
a range +32400 +34200 2011 9003 1103.2098
a range +32400 +34200 9003 2011 1103.2098
a range +33000 +34600 1001 2010 1103.5924
a range +33000 +34600 2010 1001 1103.5924
a range +31300 +34600 2029 9002 1103.3857
a range +31300 +34600 9002 2029 1103.3857
a range +34600 +35000 1001 2032 1103.5889
a range +33900 +35000 1002 2008 1103.2937
a range +30200 +35000 1003 9001 0.0592
a range +33900 +35000 2008 1002 1103.2937
a range +34600 +35000 2032 1001 1103.5889
a range +30200 +35000 9001 1003 0.0592
a range +35000 +35700 1002 9001 0.0595
a range +35000 +35700 9001 1002 0.0595
a range +35700 +35800 1002 2002 1103.3046
a range +35700 +35800 2002 1002 1103.3046
a range +35800 +36200 1002 9001 0.0595
a range +35800 +36200 9001 1002 0.0595
a range +35000 +36500 1003 2036 1103.8974
a range +35000 +36500 2036 1003 1103.8974
a range +34600 +37600 2028 9002 1103.3884
a range +34600 +37600 9002 2028 1103.3884
a range +34200 +40100 2026 9003 1103.5823
a range +34200 +40100 9003 2026 1103.5823
a range +36500 +40600 1003 2038 1103.8939
a range +36500 +40600 2038 1003 1103.8939
a range +37600 +41000 2019 9002 1103.3659
a range +37600 +41000 9002 2019 1103.3659
a range +35000 +41200 1001 2039 1103.5984
a range +36300 +41200 1002 9001 0.0595
a range +41000 +41200 2022 9002 1103.3673
a range +35000 +41200 2039 1001 1103.5984
a range +36300 +41200 9001 1002 0.0595
a range +41000 +41200 9002 2022 1103.3673
a range +40600 +42200 1003 2007 1103.892
a range +40600 +42200 2007 1003 1103.892
a range +40100 +44400 2015 9003 1103.6356
a range +40100 +44400 9003 2015 1103.6356
a range +42200 +45900 1003 2034 1103.9069
a range +44400 +45900 2030 9003 1104.0171
a range +42200 +45900 2034 1003 1103.9069
a range +44400 +45900 9003 2030 1104.0171
a range +41200 +47400 1001 9001 0.0593
a range +41200 +47400 1002 9002 0.0594
a range +45900 +47400 1003 2006 1103.8961
a range +45900 +47400 2006 1003 1103.8961
a range +41200 +47400 9001 1001 0.0593
a range +41200 +47400 9002 1002 0.0594
a range +47400 +47800 1003 9001 0.0595
a range +47400 +47800 9001 1003 0.0595
a range +47800 +48100 1003 2012 1103.9232
a range +47800 +48100 2012 1003 1103.9232
a range +45900 +49600 2033 9003 1104.7568
a range +45900 +49600 9003 2033 1104.7568
a range +47400 +50000 1002 2035 1104.1974
a range +47400 +50000 2035 1002 1104.1974
a range +50000 +50400 1002 2033 1104.1943
a range +50000 +50400 2033 1002 1104.1943
a range +48100 +51400 1003 9001 0.0595
a range +48100 +51400 9001 1003 0.0595
a range +47400 +51500 1001 9002 0.0591
a range +51400 +51500 1003 2027 1103.8813
a range +51400 +51500 2027 1003 1103.8813
a range +47400 +51500 9002 1001 0.0591
a range +51500 +51800 1001 2018 1104.1128
a range +51500 +51800 2018 1001 1104.1128
a range +50400 +51900 1002 2001 1104.2018
a range +50400 +51900 2001 1002 1104.2018
a range +49600 +51900 2021 9003 1103.9432
a range +49600 +51900 9003 2021 1103.9432
a range +51900 +52000 1002 2020 1104.028
a range +51500 +52000 1003 9001 0.0595
a range +51900 +52000 2020 1002 1104.028
a range +51500 +52000 9001 1003 0.0595
a range +52000 +52700 1002 2032 1104.1971
a range +52000 +52700 2032 1002 1104.1971
a range +51800 +53500 1001 9002 0.0591
a range +52700 +53500 1002 2001 1104.2018
a range +52000 +53500 1003 2006 1103.8961
a range +52700 +53500 2001 1002 1104.2018
a range +52000 +53500 2006 1003 1103.8961
a range +51800 +53500 9002 1001 0.0591
a range +53500 +53800 1002 2029 1104.1483
a range +52000 +53800 2015 9001 1104.3658
a range +53500 +53800 2029 1002 1104.1483
a range +52000 +53800 9001 2015 1104.3658
a range +53800 +53900 1002 2002 1104.1957
a range +53800 +53900 2002 1002 1104.1957
a range +51900 +53900 2036 9003 1104.7521
a range +51900 +53900 9003 2036 1104.7521
a range +53900 +54200 1002 2027 1104.2156
a range +53900 +54200 2027 1002 1104.2156
a range +54200 +54800 1002 2029 1104.1483
a range +54200 +54800 2029 1002 1104.1483
a range +54800 +55000 1002 2001 1104.2018
a range +54800 +55000 2001 1002 1104.2018
a range +53900 +55700 2010 9003 1104.7693
a range +53900 +55700 9003 2010 1104.7693
a range +55000 +55800 1002 2029 1104.1483
a range +53900 +55800 2007 9001 1105.0648
a range +55000 +55800 2029 1002 1104.1483
a range +53900 +55800 9001 2007 1105.0648
a range +55800 +56100 1002 2021 1103.9465
a range +55800 +56100 2021 1002 1103.9465
a range +56300 +56900 1002 2007 1104.2084
a range +56300 +56900 2007 1002 1104.2084
a range +53500 +57200 1001 2040 1104.4993
a range +56900 +57200 1002 2028 1104.2232
a range +56900 +57200 2028 1002 1104.2232
a range +53500 +57200 2040 1001 1104.4993
a range +57200 +57700 1001 2033 1104.5123
a range +57200 +57700 2033 1001 1104.5123
a range +57200 +58500 1002 2040 1104.2067
a range +57200 +58500 2040 1002 1104.2067
a range +58500 +59400 1002 2002 1104.1957
a range +53500 +59400 1003 9002 0.0594
a range +58500 +59400 2002 1002 1104.1957
a range +53500 +59400 9002 1003 0.0594
a range +59400 +59500 1002 9002 0.0591
a range +59400 +59500 9002 1002 0.0591
a range +59500 +59600 1002 2002 1104.1957
a range +59500 +59600 2002 1002 1104.1957
a range +59400 +60100 1003 2008 1104.809
a range +59400 +60100 2008 1003 1104.809
a range +55700 +60100 2024 9003 1104.4624
a range +55700 +60100 9003 2024 1104.4624
a range +60100 +60400 2025 9003 1104.387
a range +60100 +60400 9003 2025 1104.387
a range +60400 +60600 2024 9003 1104.4624
a range +60400 +60600 9003 2024 1104.4624
a range +60600 +60700 2027 9003 1104.2407
a range +60600 +60700 9003 2027 1104.2407
a range +57700 +60900 1001 2035 1104.5139
a range +57700 +60900 2035 1001 1104.5139
a range +60900 +61200 1001 2027 1104.2356
a range +60900 +61200 2027 1001 1104.2356
a range +55800 +61400 2014 9001 1104.4377
a range +55800 +61400 9001 2014 1104.4377
a range +61200 +62100 1001 2028 1104.1371
a range +61200 +62100 2028 1001 1104.1371
a range +60700 +65000 2025 9003 1104.387
a range +60700 +65000 9003 2025 1104.387
a range +62100 +65500 1001 2010 1104.4973
a range +59600 +65500 1002 9002 0.0591
a range +62100 +65500 2010 1001 1104.4973
a range +59600 +65500 9002 1002 0.0591
a range +65500 +65800 1002 2003 1105.1081
a range +65500 +65800 2003 1002 1105.1081
a range +65800 +66600 1002 2007 1105.119
a range +60100 +66600 1003 2037 1104.8035
a range +65800 +66600 2007 1002 1105.119
a range +61400 +66600 2022 9001 1104.5976
a range +60100 +66600 2037 1003 1104.8035
a range +61400 +66600 9001 2022 1104.5976
a range +66600 +67000 1002 2003 1105.1081
a range +66600 +67000 2003 1002 1105.1081
a range +65000 +67100 2024 9003 1104.4624
a range +65000 +67100 9003 2024 1104.4624
a range +67000 +67400 1002 2037 1105.1173
a range +66600 +67400 2014 9001 1104.4377
a range +67000 +67400 2037 1002 1105.1173
a range +66600 +67400 9001 2014 1104.4377
a range +67400 +67700 1002 2004 1105.1145
a range +67400 +67700 2004 1002 1105.1145
a range +67700 +68900 1002 2002 1105.1028
a range +67700 +68900 2002 1002 1105.1028
a range +69000 +69500 1002 2032 1105.1044
a range +69000 +69500 2032 1002 1105.1044
a range +69500 +69800 1002 2027 1105.0067
a range +69500 +69800 2027 1002 1105.0067
a range +69800 +70100 1002 2004 1105.1145
a range +69800 +70100 2004 1002 1105.1145
a range +70100 +70300 1002 2003 1105.1081
a range +70100 +70300 2003 1002 1105.1081
a range +67400 +70300 2012 9001 1104.5784
a range +67400 +70300 9001 2012 1104.5784
a range +66600 +70700 1003 2008 1104.809
a range +66600 +70700 2008 1003 1104.809
a range +70400 +70800 1002 2032 1105.1044
a range +70400 +70800 2032 1002 1105.1044
a range +70800 +70900 1002 2002 1105.1028
a range +70800 +70900 2002 1002 1105.1028
a range +67100 +70900 2030 9003 1104.7606
a range +67100 +70900 9003 2030 1104.7606
a range +70300 +71200 2023 9001 1104.525
a range +70300 +71200 9001 2023 1104.525
a range +70900 +71800 1002 2032 1105.1044
a range +70900 +71800 2032 1002 1105.1044
a range +65500 +72000 1001 9002 0.0594
a range +71900 +72000 1002 2026 1105.1009
a range +70700 +72000 1003 2004 1104.7987
a range +70700 +72000 2004 1003 1104.7987
a range +71900 +72000 2026 1002 1105.1009
a range +71200 +72000 2038 9001 1105.0588
a range +71200 +72000 9001 2038 1105.0588
a range +65500 +72000 9002 1001 0.0594
a range +72000 +72100 1002 2002 1105.1028
a range +72000 +72100 2002 1002 1105.1028
a range +72000 +72100 2027 9001 1104.9614
a range +72000 +72100 9001 2027 1104.9614
a range +70900 +72300 2036 9003 1104.7521
a range +70900 +72300 9003 2036 1104.7521
a range +72100 +72600 1002 2035 1105.1177
a range +72100 +72600 2035 1002 1105.1177
a range +72600 +73300 1002 2019 1104.7823
a range +72600 +73300 2019 1002 1104.7823
a range +73400 +73500 1002 2024 1105.1187
a range +73400 +73500 2024 1002 1105.1187
a range +73600 +73800 1002 2034 1105.1137
a range +73600 +73800 2034 1002 1105.1137
a range +72100 +73900 2006 9001 1105.0678
a range +72100 +73900 9001 2006 1105.0678
a range +73900 +74000 1002 2028 1104.905
a range +73900 +74000 2028 1002 1104.905
a range +73900 +74100 2032 9001 1105.0519
a range +73900 +74100 9001 2032 1105.0519
a range +72300 +74200 2021 9003 1104.6891
a range +72300 +74200 9003 2021 1104.6891
a range +74100 +74500 1002 2032 1105.1044
a range +74100 +74500 2032 1002 1105.1044
a range +74100 +74700 2018 9001 1104.8718
a range +74100 +74700 9001 2018 1104.8718
a range +74700 +74900 2016 9001 1105.0204
a range +74700 +74900 9001 2016 1105.0204
a range +74800 +75600 1002 2036 1105.1191
a range +74800 +75600 2036 1002 1105.1191
a range +73000 +75700 1001 2004 1105.0346
a range +73000 +75700 2004 1001 1105.0346
a range +74200 +75700 2030 9003 1104.7606
a range +74200 +75700 9003 2030 1104.7606
a range +75600 +76300 1002 2002 1105.1028
a range +75600 +76300 2002 1002 1105.1028
a range +76300 +77100 1002 2004 1105.1145
a range +76300 +77100 2004 1002 1105.1145
a range +77100 +77600 1002 2003 1105.1081
a range +77100 +77600 2003 1002 1105.1081
a range +77600 +77700 1002 2032 1105.1044
a range +77600 +77700 2032 1002 1105.1044
a range +72000 +78400 1003 9002 0.0591
a range +72000 +78400 9002 1003 0.0591
a range +78400 +79000 1002 9002 0.0594
a range +78400 +79000 9002 1002 0.0594
a range +79000 +79100 2036 9002 1105.0729
a range +79000 +79100 9002 2036 1105.0729
a range +74900 +79200 2017 9001 1104.9459
a range +74900 +79200 9001 2017 1104.9459
a range +75700 +79800 1001 9003 0.0594
a range +75700 +79800 9003 1001 0.0594
a range +79100 +80300 1002 9002 0.0594
a range +79100 +80300 9002 1002 0.0594
a range +79200 +80900 2011 9001 1105.0351
a range +79200 +80900 9001 2011 1105.0351
a range +79800 +81700 1001 2004 1105.0346
a range +79800 +81700 2004 1001 1105.0346
a range +80300 +82100 1002 2033 1105.1086
a range +80300 +82100 2033 1002 1105.1086
a range +81700 +82200 1001 2031 1105.0216
a range +80900 +82200 2013 9001 1105.0546
a range +81700 +82200 2031 1001 1105.0216
a range +80900 +82200 9001 2013 1105.0546
a range +80300 +82500 2017 9002 1104.9597
a range +80300 +82500 9002 2017 1104.9597
a range +82200 +82800 2031 9001 1105.0495
a range +82200 +82800 9001 2031 1105.0495
a range +82100 +83000 1002 2004 1105.1145
a range +82100 +83000 2004 1002 1105.1145
a range +83000 +83300 1002 2002 1105.1028
a range +83000 +83300 2002 1002 1105.1028
a range +83300 +84000 1002 2037 1105.1173
a range +82500 +84000 2013 9002 1105.0618
a range +83300 +84000 2037 1002 1105.1173
a range +82500 +84000 9002 2013 1105.0618
a range +82200 +84100 1001 2032 1105.024
a range +84000 +84100 1002 9002 0.0594
a range +82200 +84100 2032 1001 1105.024
a range +84000 +84100 9002 1002 0.0594
a range +84100 +84900 1001 2009 1105.0249
a range +84100 +84900 2009 1001 1105.0249
a range +84900 +85100 1001 2022 1105.0146
a range +84900 +85100 2022 1001 1105.0146
a range +85100 +85200 1001 2020 1105.0091
a range +85100 +85200 2020 1001 1105.0091
a range +85200 +85300 1001 2002 1105.0225
a range +84100 +85300 1002 2032 1105.1044
a range +85200 +85300 2002 1001 1105.0225
a range +84100 +85300 2032 1002 1105.1044
a range +85300 +85400 1002 2003 1105.1081
a range +85300 +85400 2003 1002 1105.1081
a range +82800 +85400 2011 9001 1105.0351
a range +84100 +85400 2025 9002 1105.0846
a range +82800 +85400 9001 2011 1105.0351
a range +84100 +85400 9002 2025 1105.0846
a range +79800 +85500 1003 9003 0.0551
a range +79800 +85500 9003 1003 0.0551
a range +85300 +85900 1001 2035 1105.0371
a range +85300 +85900 2035 1001 1105.0371
a range +85500 +86200 2029 9001 1105.0471
a range +85500 +86200 9001 2029 1105.0471
a range +85900 +86400 1001 2004 1105.0346
a range +85500 +86400 1002 9003 0.0532
a range +85500 +86400 1003 2007 1105.0612
a range +85900 +86400 2004 1001 1105.0346
a range +85500 +86400 2007 1003 1105.0612
a range +85400 +86400 2012 9002 1105.0491
a range +86200 +86400 2019 9001 1105.0467
a range +86200 +86400 9001 2019 1105.0467
a range +85400 +86400 9002 2012 1105.0491
a range +85500 +86400 9003 1002 0.0532
