a contact +0 +600 1001 9003 1200
a contact +0 +600 1002 2021 50
a contact +0 +600 2021 1002 50
a contact +0 +600 9003 1001 1200
a contact +600 +1800 1002 2039 50
a contact +0 +1800 1005 2025 50
a contact +0 +1800 1007 2037 50
a contact +0 +1800 2025 1005 50
a contact +0 +1800 2037 1007 50
a contact +600 +1800 2039 1002 50
a contact +600 +2400 1001 9003 1200
a contact +0 +2400 1003 2032 50
a contact +0 +2400 1008 2030 50
a contact +0 +2400 2030 1008 50
a contact +0 +2400 2032 1003 50
a contact +600 +2400 9003 1001 1200
a contact +0 +3000 1006 2022 50
a contact +0 +3000 1008 2054 50
a contact +2400 +3000 1008 2014 50
a contact +2400 +3000 2014 1008 50
a contact +0 +3000 2022 1006 50
a contact +0 +3000 2054 1008 50
a contact +3000 +3600 1008 9003 1200
a contact +3000 +3600 9003 1008 1200
a contact +2400 +4200 1001 2035 50
a contact +0 +4200 1007 2027 50
a contact +3600 +4200 1008 9003 1200
a contact +0 +4200 2027 1007 50
a contact +2400 +4200 2035 1001 50
a contact +3600 +4200 9003 1008 1200
a contact +4200 +4800 1008 9003 1200
a contact +4200 +4800 9003 1008 1200
a contact +4800 +5400 1008 9003 1200
a contact +4800 +5400 9003 1008 1200
a contact +2400 +6000 1001 2039 50
a contact +3000 +6000 1006 2043 50
a contact +4200 +6000 1007 2022 50
a contact +1800 +6000 1007 2044 50
a contact +4200 +6000 2022 1007 50
a contact +2400 +6000 2039 1001 50
a contact +3000 +6000 2043 1006 50
a contact +1800 +6000 2044 1007 50
a contact +0 +6000 2046 9002 50
a contact +0 +6000 9002 2046 50
a contact +6000 +6600 1001 2035 50
a contact +1800 +6600 1002 2007 50
a contact +0 +6600 1004 2024 50
a contact +6000 +6600 1006 2049 50
a contact +1800 +6600 2007 1002 50
a contact +0 +6600 2024 1004 50
a contact +6000 +6600 2035 1001 50
a contact +6000 +6600 2049 1006 50
a contact +4200 +7200 1001 2027 50
a contact +6600 +7200 1001 2039 50
a contact +0 +7200 1004 2060 50
a contact +4200 +7200 2027 1001 50
a contact +6600 +7200 2039 1001 50
a contact +0 +7200 2060 1004 50
a contact +0 +7800 1003 2004 50
a contact +0 +7800 2004 1003 50
a contact +6600 +8400 1006 2025 50
a contact +6000 +8400 1007 9003 1200
a contact +6600 +8400 2025 1006 50
a contact +6000 +8400 2059 9002 50
a contact +6000 +8400 9002 2059 50
a contact +6000 +8400 9003 1007 1200
a contact +0 +9000 1006 2047 50
a contact +8400 +9000 1006 2026 50
a contact +5400 +9000 1008 2011 50
a contact +5400 +9000 2011 1008 50
a contact +8400 +9000 2026 1006 50
a contact +0 +9000 2047 1006 50
a contact +7200 +9600 1001 2035 50
a contact +6600 +9600 1004 2042 50
a contact +0 +9600 1005 2052 50
a contact +9000 +9600 1006 9003 1200
a contact +7200 +9600 2035 1001 50
a contact +8400 +9600 2037 9002 50
a contact +6600 +9600 2042 1004 50
a contact +0 +9600 2052 1005 50
a contact +8400 +9600 9002 2037 50
a contact +9000 +9600 9003 1006 1200
a contact +7200 +10200 1004 2012 50
a contact +5400 +10200 1008 2054 50
a contact +7200 +10200 2012 1004 50
a contact +5400 +10200 2054 1008 50
a contact +6600 +10800 1002 2009 50
a contact +6600 +10800 2009 1002 50
a contact +10200 +11400 1004 2050 50
a contact +9600 +11400 1006 9003 1200
a contact +9000 +11400 1008 2021 50
a contact +9000 +11400 2021 1008 50
a contact +10200 +11400 2050 1004 50
a contact +9600 +11400 9003 1006 1200
a contact +10800 +12000 1002 2006 50
a contact +11400 +12000 1004 2029 50
a contact +9600 +12000 1005 2042 50
a contact +1800 +12000 1005 2019 50
a contact +10800 +12000 2006 1002 50
a contact +1800 +12000 2019 1005 50
a contact +9600 +12000 2023 9002 50
a contact +11400 +12000 2029 1004 50
a contact +9600 +12000 2042 1005 50
a contact +9600 +12000 9002 2023 50
a contact +12000 +13200 1005 9003 1200
a contact +11400 +13200 1006 2035 50
a contact +8400 +13200 1007 2018 50
a contact +8400 +13200 2018 1007 50
a contact +11400 +13200 2035 1006 50
a contact +12000 +13200 9003 1005 1200
a contact +12000 +13800 1002 2019 50
a contact +2400 +13800 1003 2013 50
a contact +12000 +13800 1004 2021 50
a contact +2400 +13800 2013 1003 50
a contact +12000 +13800 2019 1002 50
a contact +12000 +13800 2021 1004 50
a contact +9600 +14400 1004 2058 50
a contact +13800 +14400 1004 2018 50
a contact +13200 +14400 1005 9003 1200
a contact +13800 +14400 2018 1004 50
a contact +9600 +14400 2058 1004 50
a contact +13200 +14400 9003 1005 1200
a contact +13800 +15600 1003 2021 50
a contact +7800 +15600 1003 2030 50
a contact +12000 +15600 2007 9002 50
a contact +13800 +15600 2021 1003 50
a contact +7800 +15600 2030 1003 50
a contact +0 +15600 2033 9001 50
a contact +0 +15600 9001 2033 50
a contact +12000 +15600 9002 2007 50
a contact +7200 +16200 1001 2053 50
a contact +15600 +16200 1003 2019 50
a contact +14400 +16200 1004 9003 1200
a contact +14400 +16200 1005 2055 50
a contact +15600 +16200 2019 1003 50
a contact +7200 +16200 2053 1001 50
a contact +14400 +16200 2055 1005 50
a contact +14400 +16200 9003 1004 1200
a contact +15600 +16800 1003 2041 50
a contact +16200 +16800 1004 9003 1200
a contact +16200 +16800 1004 9001 1200
a contact +14400 +16800 1005 2014 50
a contact +10200 +16800 1008 2056 50
a contact +11400 +16800 1008 2060 50
a contact +14400 +16800 2014 1005 50
a contact +15600 +16800 2041 1003 50
a contact +10200 +16800 2056 1008 50
a contact +11400 +16800 2060 1008 50
a contact +16200 +16800 9001 1004 1200
a contact +16200 +16800 9003 1004 1200
a contact +0 +17400 1002 2001 50
a contact +16800 +17400 1003 2013 50
a contact +16200 +17400 1003 2018 50
a contact +16800 +17400 1004 9001 1200
a contact +16800 +17400 1004 9003 1200
a contact +11400 +17400 1006 2004 50
a contact +13200 +17400 1007 2057 50
a contact +0 +17400 2001 1002 50
a contact +11400 +17400 2004 1006 50
a contact +16800 +17400 2013 1003 50
a contact +16200 +17400 2018 1003 50
a contact +15600 +17400 2046 9002 50
a contact +13200 +17400 2057 1007 50
a contact +16800 +17400 9001 1004 1200
a contact +15600 +17400 9002 2046 50
a contact +16800 +17400 9003 1004 1200
a contact +16200 +18000 1005 2002 50
a contact +16200 +18000 2002 1005 50
a contact +16200 +18600 1001 2032 50
a contact +18000 +18600 1003 9001 1200
a contact +17400 +18600 1003 9003 1200
a contact +13200 +18600 1006 2029 50
a contact +13200 +18600 2029 1006 50
a contact +16200 +18600 2032 1001 50
a contact +18000 +18600 9001 1003 1200
a contact +17400 +18600 9003 1003 1200
a contact +17400 +19200 1002 2007 50
a contact +18000 +19200 1005 2053 50
a contact +18600 +19200 1006 2002 50
a contact +18600 +19200 2002 1006 50
a contact +17400 +19200 2007 1002 50
a contact +18000 +19200 2053 1005 50
a contact +19200 +19800 1005 2025 50
a contact +8400 +19800 1007 2045 50
a contact +19200 +19800 2025 1005 50
a contact +8400 +19800 2045 1007 50
a contact +9600 +20400 1001 2039 50
a contact +13800 +20400 1002 2016 50
a contact +19200 +20400 1002 2002 50
a contact +18600 +20400 1003 9003 1200
a contact +18600 +20400 1003 9001 1200
a contact +17400 +20400 1007 2017 50
a contact +16800 +20400 1008 2023 50
a contact +19200 +20400 2002 1002 50
a contact +13800 +20400 2016 1002 50
a contact +17400 +20400 2017 1007 50
a contact +16800 +20400 2023 1008 50
a contact +9600 +20400 2039 1001 50
a contact +18600 +20400 9001 1003 1200
a contact +18600 +20400 9003 1003 1200
a contact +20400 +21000 1002 9003 1200
a contact +20400 +21000 1002 9001 1200
a contact +17400 +21000 1004 2009 50
a contact +17400 +21000 1004 2041 50
a contact +19800 +21000 1005 2045 50
a contact +19200 +21000 1006 2024 50
a contact +16800 +21000 1008 2051 50
a contact +17400 +21000 2009 1004 50
a contact +19200 +21000 2024 1006 50
a contact +17400 +21000 2041 1004 50
a contact +19800 +21000 2045 1005 50
a contact +16800 +21000 2051 1008 50
a contact +20400 +21000 9001 1002 1200
a contact +20400 +21000 9003 1002 1200
a contact +21000 +21600 1002 9001 1200
a contact +21000 +21600 9001 1002 1200
a contact +18600 +22800 1001 2027 50
a contact +20400 +22800 1001 2021 50
a contact +22200 +22800 1002 9001 1200
a contact +21000 +22800 1002 9003 1200
a contact +20400 +22800 1003 2011 50
a contact +21000 +22800 1005 2056 50
a contact +21000 +22800 1006 2045 50
a contact +20400 +22800 1007 2042 50
a contact +20400 +22800 2011 1003 50
a contact +20400 +22800 2021 1001 50
a contact +18600 +22800 2027 1001 50
a contact +17400 +22800 2028 9002 50
a contact +20400 +22800 2042 1007 50
a contact +21000 +22800 2045 1006 50
a contact +21000 +22800 2056 1005 50
a contact +22200 +22800 9001 1002 1200
a contact +17400 +22800 9002 2028 50
a contact +21000 +22800 9003 1002 1200
a contact +22800 +23400 1001 2043 50
a contact +22800 +23400 1001 2060 50
a contact +22800 +23400 1002 9003 1200
a contact +22800 +23400 1002 9001 1200
a contact +21000 +23400 1004 2006 50
a contact +21000 +23400 2006 1004 50
a contact +22800 +23400 2043 1001 50
a contact +22800 +23400 2060 1001 50
a contact +22800 +23400 9001 1002 1200
a contact +22800 +23400 9003 1002 1200
a contact +23400 +24000 1002 2021 50
a contact +23400 +24000 1004 2019 50
a contact +21000 +24000 1004 2037 50
a contact +23400 +24000 2019 1004 50
a contact +23400 +24000 2021 1002 50
a contact +21000 +24000 2037 1004 50
a contact +17400 +24600 1006 2008 50
a contact +17400 +24600 2008 1006 50
a contact +24000 +25200 1001 9001 1200
a contact +23400 +25200 1001 9003 1200
a contact +21000 +25200 1008 2022 50
a contact +21000 +25200 2022 1008 50
a contact +24000 +25200 9001 1001 1200
a contact +23400 +25200 9003 1001 1200
a contact +25200 +25800 1001 9003 1200
a contact +19800 +25800 1007 2036 50
a contact +19800 +25800 2036 1007 50
a contact +25200 +25800 9003 1001 1200
a contact +25800 +26400 1001 9001 1200
a contact +22800 +26400 1003 2044 50
a contact +16800 +26400 1005 2033 50
a contact +24600 +26400 1006 2026 50
a contact +22800 +26400 1007 2040 50
a contact +25200 +26400 1008 2029 50
a contact +20400 +26400 1008 2002 50
a contact +20400 +26400 2002 1008 50
a contact +24600 +26400 2026 1006 50
a contact +25200 +26400 2029 1008 50
a contact +16800 +26400 2033 1005 50
a contact +22800 +26400 2040 1007 50
a contact +22800 +26400 2044 1003 50
a contact +25800 +26400 9001 1001 1200
a contact +23400 +27000 1002 2058 50
a contact +23400 +27000 2058 1002 50
a contact +24000 +27600 1002 2028 50
a contact +22800 +27600 1006 2051 50
a contact +25800 +27600 1007 2057 50
a contact +22800 +27600 2010 9002 50
a contact +24000 +27600 2028 1002 50
a contact +22800 +27600 2051 1006 50
a contact +25800 +27600 2057 1007 50
a contact +22800 +27600 9002 2010 50
a contact +26400 +28200 1003 2041 50
a contact +26400 +28200 1007 2025 50
a contact +26400 +28200 1008 9003 1200
a contact +26400 +28200 1008 9001 1200
a contact +26400 +28200 2025 1007 50
a contact +26400 +28200 2041 1003 50
a contact +26400 +28200 9001 1008 1200
a contact +26400 +28200 9003 1008 1200
a contact +28200 +28800 1007 2043 50
a contact +28200 +28800 2043 1007 50
a contact +26400 +29400 1001 2001 50
a contact +27600 +29400 1006 2049 50
a contact +28800 +29400 1007 2021 50
a contact +27600 +29400 1007 2034 50
a contact +28200 +29400 1008 9001 1200
a contact +26400 +29400 2001 1001 50
a contact +28800 +29400 2021 1007 50
a contact +27600 +29400 2034 1007 50
a contact +27600 +29400 2049 1006 50
a contact +28200 +29400 9001 1008 1200
a contact +27000 +30000 1002 2017 50
a contact +29400 +30000 1006 2047 50
a contact +29400 +30000 1007 9003 1200
a contact +27000 +30000 2017 1002 50
a contact +29400 +30000 2047 1006 50
a contact +29400 +30000 9003 1007 1200
a contact +24000 +30600 1004 2050 50
a contact +29400 +30600 1007 9001 1200
a contact +24000 +30600 2050 1004 50
a contact +29400 +30600 9001 1007 1200
a contact +24000 +31200 1004 2009 50
a contact +22800 +31200 1005 2023 50
a contact +26400 +31200 1005 2038 50
a contact +26400 +31200 1006 2046 50
a contact +30000 +31200 1006 2043 50
a contact +29400 +31200 1008 2026 50
a contact +24000 +31200 2009 1004 50
a contact +22800 +31200 2023 1005 50
a contact +29400 +31200 2026 1008 50
a contact +26400 +31200 2038 1005 50
a contact +30000 +31200 2043 1006 50
a contact +26400 +31200 2046 1006 50
a contact +27600 +31800 1002 2015 50
a contact +27600 +31800 2015 1002 50
a contact +31200 +32400 1006 2003 50
a contact +31200 +32400 1006 2035 50
a contact +30600 +32400 1007 9001 1200
a contact +31200 +32400 2003 1006 50
a contact +31200 +32400 2035 1006 50
a contact +30600 +32400 9001 1007 1200
a contact +29400 +33000 1001 2006 50
a contact +26400 +33000 1001 2020 50
a contact +20400 +33000 1003 2012 50
a contact +31200 +33000 1005 2022 50
a contact +32400 +33000 1006 9001 1200
a contact +29400 +33000 2006 1001 50
a contact +20400 +33000 2012 1003 50
a contact +26400 +33000 2020 1001 50
a contact +31200 +33000 2022 1005 50
a contact +32400 +33000 9001 1006 1200
a contact +33000 +33600 1003 2037 50
a contact +30600 +33600 1004 2047 50
a contact +33000 +33600 2037 1003 50
a contact +30600 +33600 2047 1004 50
a contact +33600 +34800 1004 2026 50
a contact +33000 +34800 1005 2019 50
a contact +31200 +34800 1005 2029 50
a contact +33000 +34800 1006 9001 1200
a contact +33000 +34800 2019 1005 50
a contact +33600 +34800 2026 1004 50
a contact +31200 +34800 2029 1005 50
a contact +33000 +34800 9001 1006 1200
a contact +34800 +35400 1005 2056 50
a contact +34800 +35400 1005 2030 50
a contact +32400 +35400 1007 2016 50
a contact +32400 +35400 2016 1007 50
a contact +34800 +35400 2030 1005 50
a contact +34800 +35400 2056 1005 50
a contact +27600 +36000 2042 9002 50
a contact +27600 +36000 9002 2042 50
a contact +33000 +37200 1001 2033 50
a contact +33000 +37200 2033 1001 50
a contact +33000 +37800 1001 2001 50
a contact +31800 +37800 1002 2028 50
a contact +30000 +37800 1002 2031 50
a contact +28200 +37800 1003 2051 50
a contact +35400 +37800 1005 9001 1200
a contact +35400 +37800 1007 2030 50
a contact +33000 +37800 2001 1001 50
a contact +31800 +37800 2028 1002 50
a contact +35400 +37800 2030 1007 50
a contact +30000 +37800 2031 1002 50
a contact +28200 +37800 2051 1003 50
a contact +35400 +37800 9001 1005 1200
a contact +31200 +38400 1004 2011 50
a contact +34800 +38400 1004 2060 50
a contact +32400 +38400 1007 2018 50
a contact +36000 +38400 2007 9002 50
a contact +31200 +38400 2011 1004 50
a contact +32400 +38400 2018 1007 50
a contact +34800 +38400 2060 1004 50
a contact +36000 +38400 9002 2007 50
a contact +34800 +39600 1006 2039 50
a contact +31200 +39600 1008 2046 50
a contact +30000 +39600 2005 9003 50
a contact +34800 +39600 2039 1006 50
a contact +31200 +39600 2046 1008 50
a contact +30000 +39600 9003 2005 50
a contact +37800 +40200 1001 2026 50
a contact +37800 +40200 1002 2052 50
a contact +37800 +40200 1002 2010 50
a contact +37800 +40200 1003 2049 50
a contact +37800 +40200 2010 1002 50
a contact +39600 +40200 2018 9003 50
a contact +37800 +40200 2026 1001 50
a contact +37800 +40200 2049 1003 50
a contact +37800 +40200 2052 1002 50
a contact +39600 +40200 9003 2018 50
a contact +40200 +40800 1001 2018 50
a contact +40200 +40800 1002 2026 50
a contact +38400 +40800 1004 9001 1200
a contact +40200 +40800 2018 1001 50
a contact +40200 +40800 2026 1002 50
a contact +38400 +40800 9001 1004 1200
a contact +40200 +41400 1003 2010 50
a contact +33600 +41400 1003 2034 50
a contact +29400 +41400 1008 2048 50
a contact +40200 +41400 2010 1003 50
a contact +33600 +41400 2034 1003 50
a contact +29400 +41400 2048 1008 50
a contact +41400 +42000 1003 9001 1200
a contact +41400 +42000 9001 1003 1200
a contact +37200 +42600 1001 2040 50
a contact +40200 +42600 1002 2032 50
a contact +40800 +42600 1002 2014 50
a contact +40800 +42600 1004 2044 50
a contact +39600 +42600 1006 2030 50
a contact +38400 +42600 1007 2037 50
a contact +37800 +42600 1007 2016 50
a contact +38400 +42600 2013 9002 50
a contact +40800 +42600 2014 1002 50
a contact +37800 +42600 2016 1007 50
a contact +39600 +42600 2030 1006 50
a contact +40200 +42600 2032 1002 50
a contact +38400 +42600 2037 1007 50
a contact +37200 +42600 2040 1001 50
a contact +40800 +42600 2044 1004 50
a contact +38400 +42600 9002 2013 50
a contact +42600 +43800 1001 2015 50
a contact +42600 +43800 1002 2043 50
a contact +42600 +43800 1002 2005 50
a contact +42000 +43800 1003 9001 1200
a contact +42600 +43800 1003 9002 1200
a contact +42600 +43800 2005 1002 50
a contact +42600 +43800 2015 1001 50
a contact +42600 +43800 2043 1002 50
a contact +42000 +43800 9001 1003 1200
a contact +42600 +43800 9002 1003 1200
a contact +40800 +44400 1001 2056 50
a contact +43800 +44400 1001 2043 50
a contact +37800 +44400 1005 2008 50
a contact +42600 +44400 1007 2052 50
a contact +37800 +44400 2008 1005 50
a contact +43800 +44400 2043 1001 50
a contact +42600 +44400 2052 1007 50
a contact +40800 +44400 2056 1001 50
a contact +43800 +45000 1002 9001 1200
a contact +42600 +45000 1004 2013 50
a contact +42600 +45000 1006 2028 50
a contact +42600 +45000 2013 1004 50
a contact +42600 +45000 2028 1006 50
a contact +43800 +45000 9001 1002 1200
a contact +44400 +45600 1001 2002 50
a contact +45000 +45600 1002 9002 1200
a contact +43800 +45600 1003 2006 50
a contact +37800 +45600 1005 2055 50
a contact +45000 +45600 1006 2030 50
a contact +44400 +45600 2002 1001 50
a contact +43800 +45600 2006 1003 50
a contact +45000 +45600 2030 1006 50
a contact +37800 +45600 2055 1005 50
a contact +45000 +45600 9002 1002 1200
a contact +43800 +46200 1003 2034 50
a contact +34800 +46200 1006 2057 50
a contact +44400 +46200 1007 2042 50
a contact +39600 +46200 1008 2035 50
a contact +41400 +46200 1008 2022 50
a contact +41400 +46200 2022 1008 50
a contact +43800 +46200 2034 1003 50
a contact +39600 +46200 2035 1008 50
a contact +44400 +46200 2042 1007 50
a contact +34800 +46200 2057 1006 50
a contact +45600 +46800 1001 2007 50
a contact +44400 +46800 1001 2044 50
a contact +46200 +46800 1002 9002 1200
a contact +45000 +46800 1002 9001 1200
a contact +45600 +46800 2007 1001 50
a contact +44400 +46800 2044 1001 50
a contact +45000 +46800 9001 1002 1200
a contact +46200 +46800 9002 1002 1200
a contact +46800 +47400 1001 9001 1200
a contact +45000 +47400 1004 2050 50
a contact +45000 +47400 2050 1004 50
a contact +46800 +47400 9001 1001 1200
a contact +45600 +48000 1006 2055 50
a contact +45600 +48000 2055 1006 50
a contact +47400 +48600 1001 9002 1200
a contact +48000 +48600 1001 9001 1200
a contact +46200 +48600 1008 2026 50
a contact +46200 +48600 1008 2040 50
a contact +46200 +48600 2026 1008 50
a contact +46200 +48600 2040 1008 50
a contact +48000 +48600 9001 1001 1200
a contact +47400 +48600 9002 1001 1200
a contact +48600 +49200 1001 9002 1200
a contact +48600 +49200 9002 1001 1200
a contact +49200 +49800 1001 9002 1200
a contact +46200 +49800 1003 2010 50
a contact +40800 +49800 1004 2054 50
a contact +48000 +49800 1006 2019 50
a contact +48600 +49800 1008 2048 50
a contact +48600 +49800 1008 2035 50
a contact +46200 +49800 2010 1003 50
a contact +48000 +49800 2019 1006 50
a contact +48600 +49800 2035 1008 50
a contact +48600 +49800 2048 1008 50
a contact +40800 +49800 2054 1004 50
a contact +49200 +49800 9002 1001 1200
a contact +49800 +50400 1001 2026 50
a contact +49800 +50400 2026 1001 50
a contact +40200 +50400 2038 9003 50
a contact +40200 +50400 9003 2038 50
a contact +42600 +51000 1007 2020 50
a contact +49800 +51000 1008 9002 1200
a contact +49800 +51000 1008 9001 1200
a contact +42600 +51000 2020 1007 50
a contact +49800 +51000 9001 1008 1200
a contact +49800 +51000 9002 1008 1200
a contact +45600 +51600 1005 2002 50
a contact +51000 +51600 1008 9002 1200
a contact +45600 +51600 2002 1005 50
a contact +51000 +51600 9002 1008 1200
a contact +51600 +52200 1008 9002 1200
a contact +50400 +52200 2034 9003 50
a contact +51600 +52200 9002 1008 1200
a contact +50400 +52200 9003 2034 50
a contact +49800 +52800 1001 2056 50
a contact +46800 +52800 1002 2021 50
a contact +46800 +52800 1002 2006 50
a contact +49800 +52800 1003 2019 50
a contact +45600 +52800 1003 2015 50
a contact +49800 +52800 1004 2044 50
a contact +47400 +52800 1004 2031 50
a contact +49800 +52800 1006 2009 50
a contact +51000 +52800 1007 2043 50
a contact +46200 +52800 1007 2017 50
a contact +52200 +52800 1008 9002 1200
a contact +46800 +52800 2006 1002 50
a contact +49800 +52800 2009 1006 50
a contact +45600 +52800 2015 1003 50
a contact +46200 +52800 2017 1007 50
a contact +49800 +52800 2019 1003 50
a contact +46800 +52800 2021 1002 50
a contact +47400 +52800 2031 1004 50
a contact +51000 +52800 2043 1007 50
a contact +49800 +52800 2044 1004 50
a contact +49800 +52800 2056 1001 50
a contact +52200 +52800 9002 1008 1200
a contact +52800 +53400 1001 2022 50
a contact +50400 +53400 1001 2049 50
a contact +51600 +53400 1005 2010 50
a contact +46200 +53400 1006 2052 50
a contact +51600 +53400 2010 1005 50
a contact +52800 +53400 2022 1001 50
a contact +50400 +53400 2049 1001 50
a contact +46200 +53400 2052 1006 50
a contact +52800 +54000 1006 2006 50
a contact +52800 +54000 2006 1006 50
a contact +44400 +54600 1005 2041 50
a contact +53400 +54600 1005 2030 50
a contact +53400 +54600 1006 2038 50
a contact +53400 +54600 2030 1005 50
a contact +53400 +54600 2038 1006 50
a contact +44400 +54600 2041 1005 50
a contact +52800 +55200 1003 2023 50
a contact +53400 +55200 1007 9002 1200
a contact +52800 +55200 2023 1003 50
a contact +52200 +55200 2029 9003 50
a contact +52200 +55200 2058 9001 50
a contact +52200 +55200 9001 2058 50
a contact +53400 +55200 9002 1007 1200
a contact +52200 +55200 9003 2029 50
a contact +52800 +55800 1004 2007 50
a contact +52800 +55800 1004 2018 50
a contact +54000 +55800 1006 2055 50
a contact +54600 +55800 1006 2056 50
a contact +55200 +55800 1007 9002 1200
a contact +52800 +55800 2007 1004 50
a contact +52800 +55800 2018 1004 50
a contact +54000 +55800 2055 1006 50
a contact +54600 +55800 2056 1006 50
a contact +55200 +55800 9002 1007 1200
a contact +52800 +56400 1002 2003 50
a contact +52800 +56400 2003 1002 50
a contact +55200 +56400 2040 9003 50
a contact +55200 +56400 9003 2040 50
a contact +55800 +57000 1004 2059 50
a contact +54600 +57000 1005 2051 50
a contact +54600 +57000 1005 2043 50
a contact +54600 +57000 2043 1005 50
a contact +54600 +57000 2051 1005 50
a contact +55800 +57000 2059 1004 50
a contact +55800 +57600 1004 2006 50
a contact +55800 +57600 1007 2027 50
a contact +52800 +57600 1008 2021 50
a contact +55800 +57600 2006 1004 50
a contact +52800 +57600 2021 1008 50
a contact +55800 +57600 2027 1007 50
a contact +52800 +58200 1002 2033 50
a contact +57000 +58200 1005 2059 50
a contact +52800 +58200 2033 1002 50
a contact +57000 +58200 2059 1005 50
a contact +53400 +58800 1001 2052 50
a contact +57000 +58800 1005 2032 50
a contact +58200 +58800 1005 2014 50
a contact +55800 +58800 1006 9002 1200
a contact +57600 +58800 1007 2044 50
a contact +55800 +58800 1007 2054 50
a contact +57600 +58800 1008 2045 50
a contact +52800 +58800 1008 2012 50
a contact +55200 +58800 2004 9001 50
a contact +52800 +58800 2012 1008 50
a contact +58200 +58800 2014 1005 50
a contact +57000 +58800 2032 1005 50
a contact +57600 +58800 2044 1007 50
a contact +57600 +58800 2045 1008 50
a contact +53400 +58800 2052 1001 50
a contact +55800 +58800 2054 1007 50
a contact +55200 +58800 9001 2004 50
a contact +55800 +58800 9002 1006 1200
a contact +56400 +59400 1002 2034 50
a contact +57600 +59400 1004 2020 50
a contact +57000 +59400 1004 2024 50
a contact +57600 +59400 2020 1004 50
a contact +57000 +59400 2024 1004 50
a contact +56400 +59400 2034 1002 50
a contact +53400 +60000 1001 2053 50
a contact +59400 +60000 1004 2028 50
a contact +59400 +60000 2028 1004 50
a contact +53400 +60000 2053 1001 50
a contact +55200 +60600 1003 2048 50
a contact +59400 +60600 1004 2035 50
a contact +59400 +60600 2035 1004 50
a contact +55200 +60600 2048 1003 50
a contact +52800 +61200 1003 2015 50
a contact +58800 +61200 1005 9002 1200
a contact +58800 +61200 1008 2004 50
a contact +58800 +61200 2001 9001 50
a contact +58800 +61200 2004 1008 50
a contact +52800 +61200 2015 1003 50
a contact +58800 +61200 9001 2001 50
a contact +58800 +61200 9002 1005 1200
a contact +60600 +61800 1004 2054 50
a contact +60000 +61800 1004 2026 50
a contact +61200 +61800 1005 9002 1200
a contact +58800 +61800 1006 2049 50
a contact +58800 +61800 1008 2057 50
a contact +60000 +61800 2026 1004 50
a contact +58800 +61800 2049 1006 50
a contact +60600 +61800 2054 1004 50
a contact +58800 +61800 2057 1008 50
a contact +61200 +61800 9002 1005 1200
a contact +60000 +62400 1001 2043 50
a contact +60000 +62400 2043 1001 50
a contact +59400 +63000 1002 2017 50
a contact +58200 +63000 1002 2025 50
a contact +60600 +63000 1003 2051 50
a contact +61800 +63000 1004 9002 1200
a contact +61800 +63000 1006 2029 50
a contact +59400 +63000 2017 1002 50
a contact +58200 +63000 2025 1002 50
a contact +61800 +63000 2029 1006 50
a contact +60600 +63000 2051 1003 50
a contact +56400 +63000 2055 9003 50
a contact +61800 +63000 9002 1004 1200
a contact +56400 +63000 9003 2055 50
a contact +63000 +64200 1004 9002 1200
a contact +63000 +64200 9002 1004 1200
a contact +58800 +64800 1001 2011 50
a contact +61200 +64800 1003 2031 50
a contact +63000 +64800 1003 2010 50
a contact +61200 +64800 1008 2053 50
a contact +63000 +64800 2010 1003 50
a contact +58800 +64800 2011 1001 50
a contact +61200 +64800 2031 1003 50
a contact +61200 +64800 2053 1008 50
a contact +63000 +65400 1002 2022 50
a contact +61800 +65400 1008 2009 50
a contact +61800 +65400 2009 1008 50
a contact +63000 +65400 2022 1002 50
a contact +63000 +66000 1002 2051 50
a contact +63000 +66000 1006 2049 50
a contact +64800 +66000 1008 2050 50
a contact +63000 +66000 2049 1006 50
a contact +64800 +66000 2050 1008 50
a contact +63000 +66000 2051 1002 50
a contact +65400 +66600 1002 2027 50
a contact +58800 +66600 1007 2023 50
a contact +58800 +66600 2023 1007 50
a contact +65400 +66600 2027 1002 50
a contact +64800 +67200 1001 2002 50
a contact +64800 +67200 1003 9002 1200
a contact +64800 +67200 2002 1001 50
a contact +64800 +67200 9002 1003 1200
a contact +66600 +67800 1002 2022 50
a contact +66000 +67800 1002 2011 50
a contact +66000 +67800 2011 1002 50
a contact +63000 +67800 2020 9003 50
a contact +66600 +67800 2022 1002 50
a contact +63000 +67800 9003 2020 50
a contact +67200 +68400 1001 2037 50
a contact +67800 +68400 1002 9002 1200
a contact +67200 +68400 1003 2026 50
a contact +67200 +68400 1003 2038 50
a contact +67200 +68400 2026 1003 50
a contact +67200 +68400 2037 1001 50
a contact +67200 +68400 2038 1003 50
a contact +67800 +68400 9002 1002 1200
a contact +62400 +69000 1001 2005 50
a contact +68400 +69000 1002 9002 1200
a contact +68400 +69000 1003 2010 50
a contact +61800 +69000 1005 2058 50
a contact +58800 +69000 1006 2003 50
a contact +66000 +69000 1008 2041 50
a contact +58800 +69000 2003 1006 50
a contact +62400 +69000 2005 1001 50
a contact +68400 +69000 2010 1003 50
a contact +66000 +69000 2041 1008 50
a contact +61800 +69000 2058 1005 50
a contact +68400 +69000 9002 1002 1200
a contact +68400 +69600 1001 2026 50
a contact +68400 +69600 1003 2002 50
a contact +64200 +69600 1004 2008 50
a contact +68400 +69600 2002 1003 50
a contact +64200 +69600 2008 1004 50
a contact +68400 +69600 2026 1001 50
a contact +69000 +70200 1002 9002 1200
a contact +69000 +70200 9002 1002 1200
a contact +69600 +70800 1001 2013 50
a contact +69000 +70800 1001 2043 50
a contact +69600 +70800 1004 2049 50
a contact +69600 +70800 2013 1001 50
a contact +69000 +70800 2043 1001 50
a contact +69600 +70800 2049 1004 50
a contact +69000 +71400 1003 2053 50
a contact +69000 +71400 2053 1003 50
a contact +70200 +72000 1002 2040 50
a contact +69600 +72000 1003 2030 50
a contact +69000 +72000 1005 2055 50
a contact +66000 +72000 1006 2025 50
a contact +69000 +72000 1008 2004 50
a contact +65400 +72000 1008 2048 50
a contact +69000 +72000 2004 1008 50
a contact +67800 +72000 2006 9003 50
a contact +66000 +72000 2025 1006 50
a contact +69600 +72000 2030 1003 50
a contact +61200 +72000 2036 9001 50
a contact +70200 +72000 2040 1002 50
a contact +65400 +72000 2048 1008 50
a contact +69000 +72000 2055 1005 50
a contact +61200 +72000 9001 2036 50
a contact +67800 +72000 9003 2006 50
a contact +70800 +72600 1001 9002 1200
a contact +70800 +72600 1004 2029 50
a contact +70800 +72600 2029 1004 50
a contact +70800 +72600 9002 1001 1200
a contact +72600 +73200 1001 9002 1200
a contact +72000 +73200 1002 2001 50
a contact +64200 +73200 1004 2024 50
a contact +58800 +73200 1007 2059 50
a contact +72000 +73200 1008 2050 50
a contact +72000 +73200 1008 2020 50
a contact +72000 +73200 2001 1002 50
a contact +72000 +73200 2020 1008 50
a contact +64200 +73200 2024 1004 50
a contact +72000 +73200 2050 1008 50
a contact +58800 +73200 2059 1007 50
a contact +72600 +73200 9002 1001 1200
a contact +72600 +73800 1004 2045 50
a contact +73200 +73800 1008 9002 1200
a contact +72600 +73800 2045 1004 50
a contact +73200 +73800 9002 1008 1200
a contact +71400 +74400 1003 2044 50
a contact +73800 +74400 1008 9002 1200
a contact +71400 +74400 2044 1003 50
a contact +73800 +74400 9002 1008 1200
a contact +73200 +75000 1002 2017 50
a contact +74400 +75000 1008 9002 1200
a contact +73200 +75000 2017 1002 50
a contact +72000 +75000 2052 9003 50
a contact +72000 +75000 2060 9001 50
a contact +72000 +75000 9001 2060 50
a contact +74400 +75000 9002 1008 1200
a contact +72000 +75000 9003 2052 50
a contact +75000 +75600 1008 9002 1200
a contact +75000 +75600 9002 1008 1200
a contact +72000 +76200 1003 2005 50
a contact +72000 +76200 1005 2054 50
a contact +66600 +76200 1007 2014 50
a contact +73200 +76200 1007 2008 50
a contact +72000 +76200 2005 1003 50
a contact +73200 +76200 2008 1007 50
a contact +66600 +76200 2014 1007 50
a contact +72000 +76200 2054 1005 50
a contact +76200 +76800 1007 9002 1200
a contact +76200 +76800 9002 1007 1200
a contact +74400 +77400 1003 2045 50
a contact +73800 +77400 1004 2027 50
a contact +61800 +77400 1005 2015 50
a contact +61800 +77400 2015 1005 50
a contact +73800 +77400 2027 1004 50
a contact +74400 +77400 2045 1003 50
a contact +72000 +78000 1006 2049 50
a contact +76800 +78000 1007 9002 1200
a contact +75000 +78000 2042 9001 50
a contact +72000 +78000 2049 1006 50
a contact +75000 +78000 9001 2042 50
a contact +76800 +78000 9002 1007 1200
a contact +73200 +78600 1001 2031 50
a contact +75000 +78600 1002 2037 50
a contact +75000 +78600 2018 9003 50
a contact +73200 +78600 2031 1001 50
a contact +75000 +78600 2037 1002 50
a contact +75000 +78600 9003 2018 50
a contact +78000 +79200 1006 2011 50
a contact +69000 +79200 1006 2032 50
a contact +78600 +79200 1007 9003 1200
a contact +78000 +79200 2011 1006 50
a contact +69000 +79200 2032 1006 50
a contact +78600 +79200 9003 1007 1200
a contact +70200 +79800 1002 2003 50
a contact +78600 +79800 2001 9002 50
a contact +70200 +79800 2003 1002 50
a contact +78000 +79800 2051 9001 50
a contact +78000 +79800 9001 2051 50
a contact +78600 +79800 9002 2001 50
a contact +78600 +81600 1001 2035 50
a contact +79800 +81600 1002 2014 50
a contact +78600 +81600 1002 2027 50
a contact +76200 +81600 1003 2043 50
a contact +77400 +81600 1003 2025 50
a contact +77400 +81600 1004 2034 50
a contact +73200 +81600 1004 2016 50
a contact +76200 +81600 1005 2047 50
a contact +77400 +81600 1005 2029 50
a contact +79200 +81600 1007 2037 50
a contact +79200 +81600 1007 2010 50
a contact +76200 +81600 1008 2040 50
a contact +79200 +81600 2010 1007 50
a contact +79800 +81600 2014 1002 50
a contact +73200 +81600 2016 1004 50
a contact +77400 +81600 2025 1003 50
a contact +79800 +81600 2026 9001 50
a contact +78600 +81600 2027 1002 50
a contact +79800 +81600 2028 9002 50
a contact +77400 +81600 2029 1005 50
a contact +77400 +81600 2034 1004 50
a contact +78600 +81600 2035 1001 50
a contact +79200 +81600 2037 1007 50
a contact +76200 +81600 2040 1008 50
a contact +76200 +81600 2043 1003 50
a contact +76200 +81600 2047 1005 50
a contact +79800 +81600 9001 2026 50
a contact +79800 +81600 9002 2028 50
a contact +81600 +82200 1001 2017 50
a contact +81600 +82200 1003 2018 50
a contact +81600 +82200 1005 2038 50
a contact +81600 +82200 1005 2056 50
a contact +80400 +82200 1006 9003 1200
a contact +81600 +82200 1008 2010 50
a contact +81600 +82200 2010 1008 50
a contact +81600 +82200 2017 1001 50
a contact +81600 +82200 2018 1003 50
a contact +81600 +82200 2038 1005 50
a contact +81600 +82200 2056 1005 50
a contact +80400 +82200 9003 1006 1200
a contact +73200 +82800 1001 2050 50
a contact +82200 +82800 1003 2044 50
a contact +81600 +82800 1007 2040 50
a contact +81600 +82800 2040 1007 50
a contact +82200 +82800 2044 1003 50
a contact +73200 +82800 2050 1001 50
a contact +82200 +83400 1006 2013 50
a contact +82800 +83400 1007 2035 50
a contact +82200 +83400 2013 1006 50
a contact +82800 +83400 2035 1007 50
a contact +83400 +84000 1007 2030 50
a contact +81600 +84000 1007 2014 50
a contact +81600 +84000 2014 1007 50
a contact +81600 +84000 2026 9002 50
a contact +83400 +84000 2030 1007 50
a contact +81600 +84000 9002 2026 50
a contact +81600 +84600 1002 2007 50
a contact +81600 +84600 1002 2047 50
a contact +82800 +84600 1003 2041 50
a contact +81600 +84600 1003 2037 50
a contact +81600 +84600 1004 2032 50
a contact +83400 +84600 1006 2023 50
a contact +84000 +84600 1007 2057 50
a contact +82200 +84600 1008 2058 50
a contact +81600 +84600 2007 1002 50
a contact +83400 +84600 2023 1006 50
a contact +81600 +84600 2032 1004 50
a contact +84000 +84600 2035 9002 50
a contact +81600 +84600 2037 1003 50
a contact +82800 +84600 2041 1003 50
a contact +81600 +84600 2047 1002 50
a contact +84000 +84600 2057 1007 50
a contact +82200 +84600 2058 1008 50
a contact +84000 +84600 9002 2035 50
a contact +82800 +85200 1001 2017 50
a contact +81600 +85200 1004 2052 50
a contact +84600 +85200 1004 2028 50
a contact +82800 +85200 1005 9003 1200
a contact +76200 +85200 1008 2059 50
a contact +84600 +85200 1008 2045 50
a contact +82800 +85200 2017 1001 50
a contact +84600 +85200 2028 1004 50
a contact +84600 +85200 2045 1008 50
a contact +81600 +85200 2052 1004 50
a contact +76200 +85200 2059 1008 50
a contact +82800 +85200 9003 1005 1200
a contact +82200 +85800 1001 2038 50
a contact +84600 +85800 1003 2022 50
a contact +84000 +85800 1007 2008 50
a contact +84000 +85800 2008 1007 50
a contact +84600 +85800 2011 9002 50
a contact +84600 +85800 2022 1003 50
a contact +82200 +85800 2038 1001 50
a contact +84600 +85800 9002 2011 50
a contact +85200 +86400 1001 2042 50
a contact +85800 +86400 1001 2045 50
a contact +84600 +86400 1002 2024 50
a contact +84600 +86400 1002 2010 50
a contact +85800 +86400 1003 2048 50
a contact +84600 +86400 1003 2005 50
a contact +85200 +86400 1004 9003 1200
a contact +85200 +86400 1005 2044 50
a contact +85200 +86400 1005 2060 50
a contact +82200 +86400 1006 2056 50
a contact +84600 +86400 1006 2007 50
a contact +84600 +86400 1007 2014 50
a contact +85800 +86400 1007 2002 50
a contact +85200 +86400 1008 2019 50
a contact +85200 +86400 1008 2026 50
a contact +85800 +86400 2002 1007 50
a contact +84600 +86400 2005 1003 50
a contact +84600 +86400 2007 1006 50
a contact +84600 +86400 2010 1002 50
a contact +84600 +86400 2014 1007 50
a contact +85200 +86400 2019 1008 50
a contact +84600 +86400 2024 1002 50
a contact +85200 +86400 2026 1008 50
a contact +85800 +86400 2028 9002 50
a contact +81600 +86400 2036 9001 50
a contact +85200 +86400 2042 1001 50
a contact +85200 +86400 2044 1005 50
a contact +85800 +86400 2045 1001 50
a contact +85800 +86400 2048 1003 50
a contact +82200 +86400 2056 1006 50
a contact +85200 +86400 2060 1005 50
a contact +81600 +86400 9001 2036 50
a contact +85800 +86400 9002 2028 50
a contact +85200 +86400 9003 1004 1200

a range +0 +600 1001 9003 0.0593
a range +0 +600 1002 2021 1102.4282
a range +0 +600 2021 1002 1102.4282
a range +0 +600 9003 1001 0.0593
a range +600 +1800 1002 2039 1102.572
a range +0 +1800 1005 2025 1102.2583
a range +0 +1800 1007 2037 1102.0048
a range +0 +1800 2025 1005 1102.2583
a range +0 +1800 2037 1007 1102.0048
a range +600 +1800 2039 1002 1102.572
a range +600 +2400 1001 9003 0.0593
a range +0 +2400 1003 2032 1102.4622
a range +0 +2400 1008 2030 1101.9309
a range +0 +2400 2030 1008 1101.9309
a range +0 +2400 2032 1003 1102.4622
a range +600 +2400 9003 1001 0.0593
a range +0 +3000 1006 2022 1102.1293
a range +0 +3000 1008 2054 1101.9035
a range +2400 +3000 1008 2014 1101.9168
a range +2400 +3000 2014 1008 1101.9168
a range +0 +3000 2022 1006 1102.1293
a range +0 +3000 2054 1008 1101.9035
a range +3000 +3600 1008 9003 0.0599
a range +3000 +3600 9003 1008 0.0599
a range +2400 +4200 1001 2035 1102.7056
a range +0 +4200 1007 2027 1102.0406
a range +3600 +4200 1008 9003 0.0599
a range +0 +4200 2027 1007 1102.0406
a range +2400 +4200 2035 1001 1102.7056
a range +3600 +4200 9003 1008 0.0599
a range +4200 +4800 1008 9003 0.0599
a range +4200 +4800 9003 1008 0.0599
a range +4800 +5400 1008 9003 0.0599
a range +4800 +5400 9003 1008 0.0599
a range +2400 +6000 1001 2039 1102.6762
a range +3000 +6000 1006 2043 1102.1666
a range +4200 +6000 1007 2022 1102.0036
a range +1800 +6000 1007 2044 1102.0511
a range +4200 +6000 2022 1007 1102.0036
a range +2400 +6000 2039 1001 1102.6762
a range +3000 +6000 2043 1006 1102.1666
a range +1800 +6000 2044 1007 1102.0511
a range +0 +6000 2046 9002 1103.3935
a range +0 +6000 9002 2046 1103.3935
a range +6000 +6600 1001 2035 1102.7056
a range +1800 +6600 1002 2007 1102.5873
a range +0 +6600 1004 2024 1102.2888
a range +6000 +6600 1006 2049 1102.1362
a range +1800 +6600 2007 1002 1102.5873
a range +0 +6600 2024 1004 1102.2888
a range +6000 +6600 2035 1001 1102.7056
a range +6000 +6600 2049 1006 1102.1362
a range +4200 +7200 1001 2027 1102.0794
a range +6600 +7200 1001 2039 1102.6762
a range +0 +7200 1004 2060 1102.3428
a range +4200 +7200 2027 1001 1102.0794
a range +6600 +7200 2039 1001 1102.6762
a range +0 +7200 2060 1004 1102.3428
a range +0 +7800 1003 2004 1102.4732
a range +0 +7800 2004 1003 1102.4732
a range +6600 +8400 1006 2025 1102.1581
a range +6000 +8400 1007 9003 0.0604
a range +6600 +8400 2025 1006 1102.1581
a range +6000 +8400 2059 9002 1103.3867
a range +6000 +8400 9002 2059 1103.3867
a range +6000 +8400 9003 1007 0.0604
a range +0 +9000 1006 2047 1102.1409
a range +8400 +9000 1006 2026 1102.1651
a range +5400 +9000 1008 2011 1102.8148
a range +5400 +9000 2011 1008 1102.8148
a range +8400 +9000 2026 1006 1102.1651
a range +0 +9000 2047 1006 1102.1409
a range +7200 +9600 1001 2035 1102.7056
a range +6600 +9600 1004 2042 1102.3521
a range +0 +9600 1005 2052 1102.2626
a range +9000 +9600 1006 9003 0.061
a range +7200 +9600 2035 1001 1102.7056
a range +8400 +9600 2037 9002 1103.1965
a range +6600 +9600 2042 1004 1102.3521
a range +0 +9600 2052 1005 1102.2626
a range +8400 +9600 9002 2037 1103.1965
a range +9000 +9600 9003 1006 0.061
a range +7200 +10200 1004 2012 1102.3519
a range +5400 +10200 1008 2054 1102.8089
a range +7200 +10200 2012 1004 1102.3519
a range +5400 +10200 2054 1008 1102.8089
a range +6600 +10800 1002 2009 1102.5782
a range +6600 +10800 2009 1002 1102.5782
a range +10200 +11400 1004 2050 1102.352
a range +9600 +11400 1006 9003 0.061
a range +9000 +11400 1008 2021 1102.3546
a range +9000 +11400 2021 1008 1102.3546
a range +10200 +11400 2050 1004 1102.352
a range +9600 +11400 9003 1006 0.061
a range +10800 +12000 1002 2006 1102.5912
a range +11400 +12000 1004 2029 1102.3338
a range +9600 +12000 1005 2042 1102.2769
a range +1800 +12000 1005 2019 1102.2396
a range +10800 +12000 2006 1002 1102.5912
a range +1800 +12000 2019 1005 1102.2396
a range +9600 +12000 2023 9002 1102.3032
a range +11400 +12000 2029 1004 1102.3338
a range +9600 +12000 2042 1005 1102.2769
a range +9600 +12000 9002 2023 1102.3032
a range +12000 +13200 1005 9003 0.0615
a range +11400 +13200 1006 2035 1102.4565
a range +8400 +13200 1007 2018 1102.5256
a range +8400 +13200 2018 1007 1102.5256
a range +11400 +13200 2035 1006 1102.4565
a range +12000 +13200 9003 1005 0.0615
a range +12000 +13800 1002 2019 1102.5801
a range +2400 +13800 1003 2013 1102.4563
a range +12000 +13800 1004 2021 1102.3636
a range +2400 +13800 2013 1003 1102.4563
a range +12000 +13800 2019 1002 1102.5801
a range +12000 +13800 2021 1004 1102.3636
a range +9600 +14400 1004 2058 1102.3477
a range +13800 +14400 1004 2018 1102.3349
a range +13200 +14400 1005 9003 0.0615
a range +13800 +14400 2018 1004 1102.3349
a range +9600 +14400 2058 1004 1102.3477
a range +13200 +14400 9003 1005 0.0615
a range +13800 +15600 1003 2021 1102.4634
a range +7800 +15600 1003 2030 1102.4456
a range +12000 +15600 2007 9002 1103.3876
a range +13800 +15600 2021 1003 1102.4634
a range +7800 +15600 2030 1003 1102.4456
a range +0 +15600 2033 9001 1102.3383
a range +0 +15600 9001 2033 1102.3383
a range +12000 +15600 9002 2007 1103.3876
a range +7200 +16200 1001 2053 1102.6921
a range +15600 +16200 1003 2019 1102.4811
a range +14400 +16200 1004 9003 0.0621
a range +14400 +16200 1005 2055 1103.1697
a range +15600 +16200 2019 1003 1102.4811
a range +7200 +16200 2053 1001 1102.6921
a range +14400 +16200 2055 1005 1103.1697
a range +14400 +16200 9003 1004 0.0621
a range +15600 +16800 1003 2041 1102.4573
a range +16200 +16800 1004 9003 0.0621
a range +16200 +16800 1004 9001 0.0619
a range +14400 +16800 1005 2014 1103.1554
a range +10200 +16800 1008 2056 1102.8153
a range +11400 +16800 1008 2060 1102.8238
a range +14400 +16800 2014 1005 1103.1554
a range +15600 +16800 2041 1003 1102.4573
a range +10200 +16800 2056 1008 1102.8153
a range +11400 +16800 2060 1008 1102.8238
a range +16200 +16800 9001 1004 0.0619
a range +16200 +16800 9003 1004 0.0621
a range +0 +17400 1002 2001 1102.5858
a range +16800 +17400 1003 2013 1102.4563
a range +16200 +17400 1003 2018 1102.4718
a range +16800 +17400 1004 9001 0.0619
a range +16800 +17400 1004 9003 0.0621
a range +11400 +17400 1006 2004 1103.037
a range +13200 +17400 1007 2057 1102.9397
a range +0 +17400 2001 1002 1102.5858
a range +11400 +17400 2004 1006 1103.037
a range +16800 +17400 2013 1003 1102.4563
a range +16200 +17400 2018 1003 1102.4718
a range +15600 +17400 2046 9002 1103.3935
a range +13200 +17400 2057 1007 1102.9397
a range +16800 +17400 9001 1004 0.0619
a range +15600 +17400 9002 2046 1103.3935
a range +16800 +17400 9003 1004 0.0621
a range +16200 +18000 1005 2002 1103.1533
a range +16200 +18000 2002 1005 1103.1533
a range +16200 +18600 1001 2032 1102.7226
a range +18000 +18600 1003 9001 0.0625
a range +17400 +18600 1003 9003 0.0591
a range +13200 +18600 1006 2029 1102.7983
a range +13200 +18600 2029 1006 1102.7983
a range +16200 +18600 2032 1001 1102.7226
a range +18000 +18600 9001 1003 0.0625
a range +17400 +18600 9003 1003 0.0591
a range +17400 +19200 1002 2007 1102.5873
a range +18000 +19200 1005 2053 1103.1719
a range +18600 +19200 1006 2002 1103.0371
a range +18600 +19200 2002 1006 1103.0371
a range +17400 +19200 2007 1002 1102.5873
a range +18000 +19200 2053 1005 1103.1719
a range +19200 +19800 1005 2025 1103.0439
a range +8400 +19800 1007 2045 1102.9438
a range +19200 +19800 2025 1005 1103.0439
a range +8400 +19800 2045 1007 1102.9438
a range +9600 +20400 1001 2039 1102.6762
a range +13800 +20400 1002 2016 1102.5895
a range +19200 +20400 1002 2002 1102.59
a range +18600 +20400 1003 9003 0.0591
a range +18600 +20400 1003 9001 0.0625
a range +17400 +20400 1007 2017 1102.6172
a range +16800 +20400 1008 2023 1102.7919
a range +19200 +20400 2002 1002 1102.59
a range +13800 +20400 2016 1002 1102.5895
a range +17400 +20400 2017 1007 1102.6172
a range +16800 +20400 2023 1008 1102.7919
a range +9600 +20400 2039 1001 1102.6762
a range +18600 +20400 9001 1003 0.0625
a range +18600 +20400 9003 1003 0.0591
a range +20400 +21000 1002 9003 0.0597
a range +20400 +21000 1002 9001 0.0596
a range +17400 +21000 1004 2009 1103.2837
a range +17400 +21000 1004 2041 1103.2685
a range +19800 +21000 1005 2045 1103.1411
a range +19200 +21000 1006 2024 1103.0673
a range +16800 +21000 1008 2051 1102.8079
a range +17400 +21000 2009 1004 1103.2837
a range +19200 +21000 2024 1006 1103.0673
a range +17400 +21000 2041 1004 1103.2685
a range +19800 +21000 2045 1005 1103.1411
a range +16800 +21000 2051 1008 1102.8079
a range +20400 +21000 9001 1002 0.0596
a range +20400 +21000 9003 1002 0.0597
a range +21000 +21600 1002 9001 0.0596
a range +21000 +21600 9001 1002 0.0596
a range +18600 +22800 1001 2027 1102.6874
a range +20400 +22800 1001 2021 1102.6961
a range +22200 +22800 1002 9001 0.0596
a range +21000 +22800 1002 9003 0.0597
a range +20400 +22800 1003 2011 1103.3843
a range +21000 +22800 1005 2056 1103.1669
a range +21000 +22800 1006 2045 1103.0395
a range +20400 +22800 1007 2042 1102.954
a range +20400 +22800 2011 1003 1103.3843
a range +20400 +22800 2021 1001 1102.6961
a range +18600 +22800 2027 1001 1102.6874
a range +17400 +22800 2028 9002 1102.8403
a range +20400 +22800 2042 1007 1102.954
a range +21000 +22800 2045 1006 1103.0395
a range +21000 +22800 2056 1005 1103.1669
a range +22200 +22800 9001 1002 0.0596
a range +17400 +22800 9002 2028 1102.8403
a range +21000 +22800 9003 1002 0.0597
a range +22800 +23400 1001 2043 1102.6976
a range +22800 +23400 1001 2060 1102.7052
a range +22800 +23400 1002 9003 0.0597
a range +22800 +23400 1002 9001 0.0596
a range +21000 +23400 1004 2006 1103.2905
a range +21000 +23400 2006 1004 1103.2905
a range +22800 +23400 2043 1001 1102.6976
a range +22800 +23400 2060 1001 1102.7052
a range +22800 +23400 9001 1002 0.0596
a range +22800 +23400 9003 1002 0.0597
a range +23400 +24000 1002 2021 1103.1999
a range +23400 +24000 1004 2019 1103.2945
a range +21000 +24000 1004 2037 1103.2492
a range +23400 +24000 2019 1004 1103.2945
a range +23400 +24000 2021 1002 1103.1999
a range +21000 +24000 2037 1004 1103.2492
a range +17400 +24600 1006 2008 1103.0528
a range +17400 +24600 2008 1006 1103.0528
a range +24000 +25200 1001 9001 0.0601
a range +23400 +25200 1001 9003 0.0602
a range +21000 +25200 1008 2022 1102.791
a range +21000 +25200 2022 1008 1102.791
a range +24000 +25200 9001 1001 0.0601
a range +23400 +25200 9003 1001 0.0602
a range +25200 +25800 1001 9003 0.0602
a range +19800 +25800 1007 2036 1102.9096
a range +19800 +25800 2036 1007 1102.9096
a range +25200 +25800 9003 1001 0.0602
a range +25800 +26400 1001 9001 0.0601
a range +22800 +26400 1003 2044 1103.3839
a range +16800 +26400 1005 2033 1103.1494
a range +24600 +26400 1006 2026 1103.0176
a range +22800 +26400 1007 2040 1102.9422
a range +25200 +26400 1008 2029 1102.8384
a range +20400 +26400 1008 2002 1102.8223
a range +20400 +26400 2002 1008 1102.8223
a range +24600 +26400 2026 1006 1103.0176
a range +25200 +26400 2029 1008 1102.8384
a range +16800 +26400 2033 1005 1103.1494
a range +22800 +26400 2040 1007 1102.9422
a range +22800 +26400 2044 1003 1103.3839
a range +25800 +26400 9001 1001 0.0601
a range +23400 +27000 1002 2058 1103.4837
a range +23400 +27000 2058 1002 1103.4837
a range +24000 +27600 1002 2028 1102.8408
a range +22800 +27600 1006 2051 1103.045
a range +25800 +27600 1007 2057 1102.9397
a range +22800 +27600 2010 9002 1103.3771
a range +24000 +27600 2028 1002 1102.8408
a range +22800 +27600 2051 1006 1103.045
a range +25800 +27600 2057 1007 1102.9397
a range +22800 +27600 9002 2010 1103.3771
a range +26400 +28200 1003 2041 1103.3722
a range +26400 +28200 1007 2025 1102.9424
a range +26400 +28200 1008 9003 0.0608
a range +26400 +28200 1008 9001 0.0607
a range +26400 +28200 2025 1007 1102.9424
a range +26400 +28200 2041 1003 1103.3722
a range +26400 +28200 9001 1008 0.0607
a range +26400 +28200 9003 1008 0.0608
a range +28200 +28800 1007 2043 1102.9283
a range +28200 +28800 2043 1007 1102.9283
a range +26400 +29400 1001 2001 1103.6119
a range +27600 +29400 1006 2049 1103.0396
a range +28800 +29400 1007 2021 1102.9084
a range +27600 +29400 1007 2034 1102.9104
a range +28200 +29400 1008 9001 0.0607
a range +26400 +29400 2001 1001 1103.6119
a range +28800 +29400 2021 1007 1102.9084
a range +27600 +29400 2034 1007 1102.9104
a range +27600 +29400 2049 1006 1103.0396
a range +28200 +29400 9001 1008 0.0607
a range +27000 +30000 1002 2017 1103.4817
a range +29400 +30000 1006 2047 1103.0394
a range +29400 +30000 1007 9003 0.0613
a range +27000 +30000 2017 1002 1103.4817
a range +29400 +30000 2047 1006 1103.0394
a range +29400 +30000 9003 1007 0.0613
a range +24000 +30600 1004 2050 1103.287
a range +29400 +30600 1007 9001 0.0612
a range +24000 +30600 2050 1004 1103.287
a range +29400 +30600 9001 1007 0.0612
a range +24000 +31200 1004 2009 1103.2837
a range +22800 +31200 1005 2023 1103.1876
a range +26400 +31200 1005 2038 1103.1866
a range +26400 +31200 1006 2046 1103.0414
a range +30000 +31200 1006 2043 1103.0584
a range +29400 +31200 1008 2026 1103.0005
a range +24000 +31200 2009 1004 1103.2837
a range +22800 +31200 2023 1005 1103.1876
a range +29400 +31200 2026 1008 1103.0005
a range +26400 +31200 2038 1005 1103.1866
a range +30000 +31200 2043 1006 1103.0584
a range +26400 +31200 2046 1006 1103.0414
a range +27600 +31800 1002 2015 1103.4917
a range +27600 +31800 2015 1002 1103.4917
a range +31200 +32400 1006 2003 1103.0361
a range +31200 +32400 1006 2035 1103.0322
a range +30600 +32400 1007 9001 0.0612
a range +31200 +32400 2003 1006 1103.0361
a range +31200 +32400 2035 1006 1103.0322
a range +30600 +32400 9001 1007 0.0612
a range +29400 +33000 1001 2006 1103.5928
a range +26400 +33000 1001 2020 1103.2236
a range +20400 +33000 1003 2012 1103.3842
a range +31200 +33000 1005 2022 1103.1842
a range +32400 +33000 1006 9001 0.0617
a range +29400 +33000 2006 1001 1103.5928
a range +20400 +33000 2012 1003 1103.3842
a range +26400 +33000 2020 1001 1103.2236
a range +31200 +33000 2022 1005 1103.1842
a range +32400 +33000 9001 1006 0.0617
a range +33000 +33600 1003 2037 1103.2127
a range +30600 +33600 1004 2047 1103.278
a range +33000 +33600 2037 1003 1103.2127
a range +30600 +33600 2047 1004 1103.278
a range +33600 +34800 1004 2026 1103.2684
a range +33000 +34800 1005 2019 1103.1576
a range +31200 +34800 1005 2029 1103.1456
a range +33000 +34800 1006 9001 0.0617
a range +33000 +34800 2019 1005 1103.1576
a range +33600 +34800 2026 1004 1103.2684
a range +31200 +34800 2029 1005 1103.1456
a range +33000 +34800 9001 1006 0.0617
a range +34800 +35400 1005 2056 1103.1669
a range +34800 +35400 1005 2030 1103.1402
a range +32400 +35400 1007 2016 1103.457
a range +32400 +35400 2016 1007 1103.457
a range +34800 +35400 2030 1005 1103.1402
a range +34800 +35400 2056 1005 1103.1669
a range +27600 +36000 2042 9002 1103.3685
a range +27600 +36000 9002 2042 1103.3685
a range +33000 +37200 1001 2033 1103.4134
a range +33000 +37200 2033 1001 1103.4134
a range +33000 +37800 1001 2001 1103.6119
a range +31800 +37800 1002 2028 1103.4801
a range +30000 +37800 1002 2031 1103.5058
a range +28200 +37800 1003 2051 1103.4008
a range +35400 +37800 1005 9001 0.0623
a range +35400 +37800 1007 2030 1103.5179
a range +33000 +37800 2001 1001 1103.6119
a range +31800 +37800 2028 1002 1103.4801
a range +35400 +37800 2030 1007 1103.5179
a range +30000 +37800 2031 1002 1103.5058
a range +28200 +37800 2051 1003 1103.4008
a range +35400 +37800 9001 1005 0.0623
a range +31200 +38400 1004 2011 1103.2746
a range +34800 +38400 1004 2060 1103.2721
a range +32400 +38400 1007 2018 1103.3252
a range +36000 +38400 2007 9002 1103.3876
a range +31200 +38400 2011 1004 1103.2746
a range +32400 +38400 2018 1007 1103.3252
a range +34800 +38400 2060 1004 1103.2721
a range +36000 +38400 9002 2007 1103.3876
a range +34800 +39600 1006 2039 1103.946
a range +31200 +39600 1008 2046 1103.7196
a range +30000 +39600 2005 9003 1104.7813
a range +34800 +39600 2039 1006 1103.946
a range +31200 +39600 2046 1008 1103.7196
a range +30000 +39600 9003 2005 1104.7813
a range +37800 +40200 1001 2026 1103.5978
a range +37800 +40200 1002 2052 1103.4817
a range +37800 +40200 1002 2010 1103.4742
a range +37800 +40200 1003 2049 1103.4038
a range +37800 +40200 2010 1002 1103.4742
a range +39600 +40200 2018 9003 1103.3731
a range +37800 +40200 2026 1001 1103.5978
a range +37800 +40200 2049 1003 1103.4038
a range +37800 +40200 2052 1002 1103.4817
a range +39600 +40200 9003 2018 1103.3731
a range +40200 +40800 1001 2018 1103.3812
a range +40200 +40800 1002 2026 1103.4641
a range +38400 +40800 1004 9001 0.0594
a range +40200 +40800 2018 1001 1103.3812
a range +40200 +40800 2026 1002 1103.4641
a range +38400 +40800 9001 1004 0.0594
a range +40200 +41400 1003 2010 1103.3863
a range +33600 +41400 1003 2034 1103.4186
a range +29400 +41400 1008 2048 1103.7126
a range +40200 +41400 2010 1003 1103.3863
a range +33600 +41400 2034 1003 1103.4186
a range +29400 +41400 2048 1008 1103.7126
a range +41400 +42000 1003 9001 0.0599
a range +41400 +42000 9001 1003 0.0599
a range +37200 +42600 1001 2040 1103.5891
a range +40200 +42600 1002 2032 1103.5087
a range +40800 +42600 1002 2014 1103.4873
a range +40800 +42600 1004 2044 1104.167
a range +39600 +42600 1006 2030 1103.4895
a range +38400 +42600 1007 2037 1103.8333
a range +37800 +42600 1007 2016 1103.457
a range +38400 +42600 2013 9002 1103.3815
a range +40800 +42600 2014 1002 1103.4873
a range +37800 +42600 2016 1007 1103.457
a range +39600 +42600 2030 1006 1103.4895
a range +40200 +42600 2032 1002 1103.5087
a range +38400 +42600 2037 1007 1103.8333
a range +37200 +42600 2040 1001 1103.5891
a range +40800 +42600 2044 1004 1104.167
a range +38400 +42600 9002 2013 1103.3815
a range +42600 +43800 1001 2015 1103.6125
a range +42600 +43800 1002 2043 1103.4808
a range +42600 +43800 1002 2005 1103.4902
a range +42000 +43800 1003 9001 0.0599
a range +42600 +43800 1003 9002 0.0613
a range +42600 +43800 2005 1002 1103.4902
a range +42600 +43800 2015 1001 1103.6125
a range +42600 +43800 2043 1002 1103.4808
a range +42000 +43800 9001 1003 0.0599
a range +42600 +43800 9002 1003 0.0613
a range +40800 +44400 1001 2056 1103.6003
a range +43800 +44400 1001 2043 1103.6166
a range +37800 +44400 1005 2008 1104.0741
a range +42600 +44400 1007 2052 1103.8333
a range +37800 +44400 2008 1005 1104.0741
a range +43800 +44400 2043 1001 1103.6166
a range +42600 +44400 2052 1007 1103.8333
a range +40800 +44400 2056 1001 1103.6003
a range +43800 +45000 1002 9001 0.0604
a range +42600 +45000 1004 2013 1104.1709
a range +42600 +45000 1006 2028 1103.6347
a range +42600 +45000 2013 1004 1104.1709
a range +42600 +45000 2028 1006 1103.6347
a range +43800 +45000 9001 1002 0.0604
a range +44400 +45600 1001 2002 1103.6094
a range +45000 +45600 1002 9002 0.0618
a range +43800 +45600 1003 2006 1104.2964
a range +37800 +45600 1005 2055 1104.0656
a range +45000 +45600 1006 2030 1103.4895
a range +44400 +45600 2002 1001 1103.6094
a range +43800 +45600 2006 1003 1104.2964
a range +45000 +45600 2030 1006 1103.4895
a range +37800 +45600 2055 1005 1104.0656
a range +45000 +45600 9002 1002 0.0618
a range +43800 +46200 1003 2034 1104.2075
a range +34800 +46200 1006 2057 1103.9503
a range +44400 +46200 1007 2042 1103.7725
a range +39600 +46200 1008 2035 1103.6942
a range +41400 +46200 1008 2022 1103.6979
a range +41400 +46200 2022 1008 1103.6979
a range +43800 +46200 2034 1003 1104.2075
a range +39600 +46200 2035 1008 1103.6942
a range +44400 +46200 2042 1007 1103.7725
a range +34800 +46200 2057 1006 1103.9503
a range +45600 +46800 1001 2007 1103.5906
a range +44400 +46800 1001 2044 1103.6225
a range +46200 +46800 1002 9002 0.0618
a range +45000 +46800 1002 9001 0.0604
a range +45600 +46800 2007 1001 1103.5906
a range +44400 +46800 2044 1001 1103.6225
a range +45000 +46800 9001 1002 0.0604
a range +46200 +46800 9002 1002 0.0618
a range +46800 +47400 1001 9001 0.061
a range +45000 +47400 1004 2050 1104.1891
a range +45000 +47400 2050 1004 1104.1891
a range +46800 +47400 9001 1001 0.061
a range +45600 +48000 1006 2055 1103.9563
a range +45600 +48000 2055 1006 1103.9563
a range +47400 +48600 1001 9002 0.0591
a range +48000 +48600 1001 9001 0.061
a range +46200 +48600 1008 2026 1103.7341
a range +46200 +48600 1008 2040 1103.7255
a range +46200 +48600 2026 1008 1103.7341
a range +46200 +48600 2040 1008 1103.7255
a range +48000 +48600 9001 1001 0.061
a range +47400 +48600 9002 1001 0.0591
a range +48600 +49200 1001 9002 0.0591
a range +48600 +49200 9002 1001 0.0591
a range +49200 +49800 1001 9002 0.0591
a range +46200 +49800 1003 2010 1104.2855
a range +40800 +49800 1004 2054 1104.1773
a range +48000 +49800 1006 2019 1103.9404
a range +48600 +49800 1008 2048 1103.7126
a range +48600 +49800 1008 2035 1103.6942
a range +46200 +49800 2010 1003 1104.2855
a range +48000 +49800 2019 1006 1103.9404
a range +48600 +49800 2035 1008 1103.6942
a range +48600 +49800 2048 1008 1103.7126
a range +40800 +49800 2054 1004 1104.1773
a range +49200 +49800 9002 1001 0.0591
a range +49800 +50400 1001 2026 1103.789
a range +49800 +50400 2026 1001 1103.789
a range +40200 +50400 2038 9003 1103.9218
a range +40200 +50400 9003 2038 1103.9218
a range +42600 +51000 1007 2020 1103.8148
a range +49800 +51000 1008 9002 0.0596
a range +49800 +51000 1008 9001 0.0615
a range +42600 +51000 2020 1007 1103.8148
a range +49800 +51000 9001 1008 0.0615
a range +49800 +51000 9002 1008 0.0596
a range +45600 +51600 1005 2002 1104.0614
a range +51000 +51600 1008 9002 0.0596
a range +45600 +51600 2002 1005 1104.0614
a range +51000 +51600 9002 1008 0.0596
a range +51600 +52200 1008 9002 0.0596
a range +50400 +52200 2034 9003 1104.1559
a range +51600 +52200 9002 1008 0.0596
a range +50400 +52200 9003 2034 1104.1559
a range +49800 +52800 1001 2056 1104.5345
a range +46800 +52800 1002 2021 1103.9803
a range +46800 +52800 1002 2006 1104.4034
a range +49800 +52800 1003 2019 1104.1775
a range +45600 +52800 1003 2015 1104.3033
a range +49800 +52800 1004 2044 1104.167
a range +47400 +52800 1004 2031 1104.1856
a range +49800 +52800 1006 2009 1103.9602
a range +51000 +52800 1007 2043 1103.8469
a range +46200 +52800 1007 2017 1103.8122
a range +52200 +52800 1008 9002 0.0596
a range +46800 +52800 2006 1002 1104.4034
a range +49800 +52800 2009 1006 1103.9602
a range +45600 +52800 2015 1003 1104.3033
a range +46200 +52800 2017 1007 1103.8122
a range +49800 +52800 2019 1003 1104.1775
a range +46800 +52800 2021 1002 1103.9803
a range +47400 +52800 2031 1004 1104.1856
a range +51000 +52800 2043 1007 1103.8469
a range +49800 +52800 2044 1004 1104.167
a range +49800 +52800 2056 1001 1104.5345
a range +52200 +52800 9002 1008 0.0596
a range +52800 +53400 1001 2022 1103.9372
a range +50400 +53400 1001 2049 1104.5205
a range +51600 +53400 1005 2010 1104.0662
a range +46200 +53400 1006 2052 1103.956
a range +51600 +53400 2010 1005 1104.0662
a range +52800 +53400 2022 1001 1103.9372
a range +50400 +53400 2049 1001 1104.5205
a range +46200 +53400 2052 1006 1103.956
a range +52800 +54000 1006 2006 1103.9539
a range +52800 +54000 2006 1006 1103.9539
a range +44400 +54600 1005 2041 1104.057
a range +53400 +54600 1005 2030 1104.0428
a range +53400 +54600 1006 2038 1103.9719
a range +53400 +54600 2030 1005 1104.0428
a range +53400 +54600 2038 1006 1103.9719
a range +44400 +54600 2041 1005 1104.057
a range +52800 +55200 1003 2023 1103.8639
a range +53400 +55200 1007 9002 0.0601
a range +52800 +55200 2023 1003 1103.8639
a range +52200 +55200 2029 9003 1104.3932
a range +52200 +55200 2058 9001 1105.0584
a range +52200 +55200 9001 2058 1105.0584
a range +53400 +55200 9002 1007 0.0601
a range +52200 +55200 9003 2029 1104.3932
a range +52800 +55800 1004 2007 1104.1858
a range +52800 +55800 1004 2018 1104.2017
a range +54000 +55800 1006 2055 1103.9563
a range +54600 +55800 1006 2056 1103.9537
a range +55200 +55800 1007 9002 0.0601
a range +52800 +55800 2007 1004 1104.1858
a range +52800 +55800 2018 1004 1104.2017
a range +54000 +55800 2055 1006 1103.9563
a range +54600 +55800 2056 1006 1103.9537
a range +55200 +55800 9002 1007 0.0601
a range +52800 +56400 1002 2003 1104.416
a range +52800 +56400 2003 1002 1104.416
a range +55200 +56400 2040 9003 1104.6312
a range +55200 +56400 9003 2040 1104.6312
a range +55800 +57000 1004 2059 1104.1757
a range +54600 +57000 1005 2051 1104.0735
a range +54600 +57000 1005 2043 1104.0433
a range +54600 +57000 2043 1005 1104.0433
a range +54600 +57000 2051 1005 1104.0735
a range +55800 +57000 2059 1004 1104.1757
a range +55800 +57600 1004 2006 1104.1894
a range +55800 +57600 1007 2027 1104.5142
a range +52800 +57600 1008 2021 1104.0033
a range +55800 +57600 2006 1004 1104.1894
a range +52800 +57600 2021 1008 1104.0033
a range +55800 +57600 2027 1007 1104.5142
a range +52800 +58200 1002 2033 1104.2292
a range +57000 +58200 1005 2059 1104.0563
a range +52800 +58200 2033 1002 1104.2292
a range +57000 +58200 2059 1005 1104.0563
a range +53400 +58800 1001 2052 1104.5215
a range +57000 +58800 1005 2032 1104.0585
a range +58200 +58800 1005 2014 1104.0538
a range +55800 +58800 1006 9002 0.0606
a range +57600 +58800 1007 2044 1104.3864
a range +55800 +58800 1007 2054 1104.7425
a range +57600 +58800 1008 2045 1104.3646
a range +52800 +58800 1008 2012 1104.6285
a range +55200 +58800 2004 9001 1105.0637
a range +52800 +58800 2012 1008 1104.6285
a range +58200 +58800 2014 1005 1104.0538
a range +57000 +58800 2032 1005 1104.0585
a range +57600 +58800 2044 1007 1104.3864
a range +57600 +58800 2045 1008 1104.3646
a range +53400 +58800 2052 1001 1104.5215
a range +55800 +58800 2054 1007 1104.7425
a range +55200 +58800 9001 2004 1105.0637
a range +55800 +58800 9002 1006 0.0606
a range +56400 +59400 1002 2034 1104.1641
a range +57600 +59400 1004 2020 1104.1216
a range +57000 +59400 1004 2024 1104.1713
a range +57600 +59400 2020 1004 1104.1216
a range +57000 +59400 2024 1004 1104.1713
a range +56400 +59400 2034 1002 1104.1641
a range +53400 +60000 1001 2053 1104.5245
a range +59400 +60000 1004 2028 1104.1594
a range +59400 +60000 2028 1004 1104.1594
a range +53400 +60000 2053 1001 1104.5245
a range +55200 +60600 1003 2048 1104.3047
a range +59400 +60600 1004 2035 1104.1502
a range +59400 +60600 2035 1004 1104.1502
a range +55200 +60600 2048 1003 1104.3047
a range +52800 +61200 1003 2015 1104.3033
a range +58800 +61200 1005 9002 0.0612
a range +58800 +61200 1008 2004 1104.607
a range +58800 +61200 2001 9001 1105.0683
a range +58800 +61200 2004 1008 1104.607
a range +52800 +61200 2015 1003 1104.3033
a range +58800 +61200 9001 2001 1105.0683
a range +58800 +61200 9002 1005 0.0612
a range +60600 +61800 1004 2054 1104.1773
a range +60000 +61800 1004 2026 1104.1577
a range +61200 +61800 1005 9002 0.0612
a range +58800 +61800 1006 2049 1104.8532
a range +58800 +61800 1008 2057 1104.6261
a range +60000 +61800 2026 1004 1104.1577
a range +58800 +61800 2049 1006 1104.8532
a range +60600 +61800 2054 1004 1104.1773
a range +58800 +61800 2057 1008 1104.6261
a range +61200 +61800 9002 1005 0.0612
a range +60000 +62400 1001 2043 1104.5514
a range +60000 +62400 2043 1001 1104.5514
a range +59400 +63000 1002 2017 1104.2617
a range +58200 +63000 1002 2025 1104.4003
a range +60600 +63000 1003 2051 1104.296
a range +61800 +63000 1004 9002 0.0617
a range +61800 +63000 1006 2029 1104.3426
a range +59400 +63000 2017 1002 1104.2617
a range +58200 +63000 2025 1002 1104.4003
a range +61800 +63000 2029 1006 1104.3426
a range +60600 +63000 2051 1003 1104.296
a range +56400 +63000 2055 9003 1104.7781
a range +61800 +63000 9002 1004 0.0617
a range +56400 +63000 9003 2055 1104.7781
a range +63000 +64200 1004 9002 0.0617
a range +63000 +64200 9002 1004 0.0617
a range +58800 +64800 1001 2011 1104.5359
a range +61200 +64800 1003 2031 1104.3176
a range +63000 +64800 1003 2010 1104.2855
a range +61200 +64800 1008 2053 1104.6206
a range +63000 +64800 2010 1003 1104.2855
a range +58800 +64800 2011 1001 1104.5359
a range +61200 +64800 2031 1003 1104.3176
a range +61200 +64800 2053 1008 1104.6206
a range +63000 +65400 1002 2022 1104.3884
a range +61800 +65400 1008 2009 1104.6249
a range +61800 +65400 2009 1008 1104.6249
a range +63000 +65400 2022 1002 1104.3884
a range +63000 +66000 1002 2051 1104.4051
a range +63000 +66000 1006 2049 1104.8532
a range +64800 +66000 1008 2050 1104.6109
a range +63000 +66000 2049 1006 1104.8532
a range +64800 +66000 2050 1008 1104.6109
a range +63000 +66000 2051 1002 1104.4051
a range +65400 +66600 1002 2027 1104.4201
a range +58800 +66600 1007 2023 1104.7564
a range +58800 +66600 2023 1007 1104.7564
a range +65400 +66600 2027 1002 1104.4201
a range +64800 +67200 1001 2002 1104.5263
a range +64800 +67200 1003 9002 0.0622
a range +64800 +67200 2002 1001 1104.5263
a range +64800 +67200 9002 1003 0.0622
a range +66600 +67800 1002 2022 1104.3884
a range +66000 +67800 1002 2011 1104.411
a range +66000 +67800 2011 1002 1104.411
a range +63000 +67800 2020 9003 1104.7896
a range +66600 +67800 2022 1002 1104.3884
a range +63000 +67800 9003 2020 1104.7896
a range +67200 +68400 1001 2037 1104.5105
a range +67800 +68400 1002 9002 0.0594
a range +67200 +68400 1003 2026 1104.5479
a range +67200 +68400 1003 2038 1104.6886
a range +67200 +68400 2026 1003 1104.5479
a range +67200 +68400 2037 1001 1104.5105
a range +67200 +68400 2038 1003 1104.6886
a range +67800 +68400 9002 1002 0.0594
a range +62400 +69000 1001 2005 1104.5171
a range +68400 +69000 1002 9002 0.0594
a range +68400 +69000 1003 2010 1105.103
a range +61800 +69000 1005 2058 1104.9572
a range +58800 +69000 1006 2003 1104.8492
a range +66000 +69000 1008 2041 1104.6415
a range +58800 +69000 2003 1006 1104.8492
a range +62400 +69000 2005 1001 1104.5171
a range +68400 +69000 2010 1003 1105.103
a range +66000 +69000 2041 1008 1104.6415
a range +61800 +69000 2058 1005 1104.9572
a range +68400 +69000 9002 1002 0.0594
a range +68400 +69600 1001 2026 1104.5457
a range +68400 +69600 1003 2002 1105.1244
a range +64200 +69600 1004 2008 1105.0736
a range +68400 +69600 2002 1003 1105.1244
a range +64200 +69600 2008 1004 1105.0736
a range +68400 +69600 2026 1001 1104.5457
a range +69000 +70200 1002 9002 0.0594
a range +69000 +70200 9002 1002 0.0594
a range +69600 +70800 1001 2013 1104.5392
a range +69000 +70800 1001 2043 1104.5514
a range +69600 +70800 1004 2049 1105.0879
a range +69600 +70800 2013 1001 1104.5392
a range +69000 +70800 2043 1001 1104.5514
a range +69600 +70800 2049 1004 1105.0879
a range +69000 +71400 1003 2053 1105.1054
a range +69000 +71400 2053 1003 1105.1054
a range +70200 +72000 1002 2040 1104.6345
a range +69600 +72000 1003 2030 1105.1326
a range +69000 +72000 1005 2055 1104.9596
a range +66000 +72000 1006 2025 1104.5975
a range +69000 +72000 1008 2004 1104.607
a range +65400 +72000 1008 2048 1104.6095
a range +69000 +72000 2004 1008 1104.607
a range +67800 +72000 2006 9003 1104.7844
a range +66000 +72000 2025 1006 1104.5975
a range +69600 +72000 2030 1003 1105.1326
a range +61200 +72000 2036 9001 1104.8463
a range +70200 +72000 2040 1002 1104.6345
a range +65400 +72000 2048 1008 1104.6095
a range +69000 +72000 2055 1005 1104.9596
a range +61200 +72000 9001 2036 1104.8463
a range +67800 +72000 9003 2006 1104.7844
a range +70800 +72600 1001 9002 0.0599
a range +70800 +72600 1004 2029 1105.0841
a range +70800 +72600 2029 1004 1105.0841
a range +70800 +72600 9002 1001 0.0599
a range +72600 +73200 1001 9002 0.0599
a range +72000 +73200 1002 2001 1105.0826
a range +64200 +73200 1004 2024 1104.6223
a range +58800 +73200 1007 2059 1104.7291
a range +72000 +73200 1008 2050 1104.6109
a range +72000 +73200 1008 2020 1104.5977
a range +72000 +73200 2001 1002 1105.0826
a range +72000 +73200 2020 1008 1104.5977
a range +64200 +73200 2024 1004 1104.6223
a range +72000 +73200 2050 1008 1104.6109
a range +58800 +73200 2059 1007 1104.7291
a range +72600 +73200 9002 1001 0.0599
a range +72600 +73800 1004 2045 1105.0935
a range +73200 +73800 1008 9002 0.0605
a range +72600 +73800 2045 1004 1105.0935
a range +73200 +73800 9002 1008 0.0605
a range +71400 +74400 1003 2044 1105.1248
a range +73800 +74400 1008 9002 0.0605
a range +71400 +74400 2044 1003 1105.1248
a range +73800 +74400 9002 1008 0.0605
a range +73200 +75000 1002 2017 1105.0311
a range +74400 +75000 1008 9002 0.0605
a range +73200 +75000 2017 1002 1105.0311
a range +72000 +75000 2052 9003 1104.7836
a range +72000 +75000 2060 9001 1105.0646
a range +72000 +75000 9001 2060 1105.0646
a range +74400 +75000 9002 1008 0.0605
a range +72000 +75000 9003 2052 1104.7836
a range +75000 +75600 1008 9002 0.0605
a range +75000 +75600 9002 1008 0.0605
a range +72000 +76200 1003 2005 1105.1152
a range +72000 +76200 1005 2054 1104.9628
a range +66600 +76200 1007 2014 1104.7282
a range +73200 +76200 1007 2008 1104.744
a range +72000 +76200 2005 1003 1105.1152
a range +73200 +76200 2008 1007 1104.744
a range +66600 +76200 2014 1007 1104.7282
a range +72000 +76200 2054 1005 1104.9628
a range +76200 +76800 1007 9002 0.061
a range +76200 +76800 9002 1007 0.061
a range +74400 +77400 1003 2045 1105.1321
a range +73800 +77400 1004 2027 1105.0651
a range +61800 +77400 1005 2015 1104.9611
a range +61800 +77400 2015 1005 1104.9611
a range +73800 +77400 2027 1004 1105.0651
a range +74400 +77400 2045 1003 1105.1321
a range +72000 +78000 1006 2049 1104.8532
a range +76800 +78000 1007 9002 0.061
a range +75000 +78000 2042 9001 1105.0499
a range +72000 +78000 2049 1006 1104.8532
a range +75000 +78000 9001 2042 1105.0499
a range +76800 +78000 9002 1007 0.061
a range +73200 +78600 1001 2031 1105.0526
a range +75000 +78600 1002 2037 1104.7416
a range +75000 +78600 2018 9003 1104.7702
a range +73200 +78600 2031 1001 1105.0526
a range +75000 +78600 2037 1002 1104.7416
a range +75000 +78600 9003 2018 1104.7702
a range +78000 +79200 1006 2011 1104.8477
a range +69000 +79200 1006 2032 1104.8402
a range +78600 +79200 1007 9003 0.0605
a range +78000 +79200 2011 1006 1104.8477
a range +69000 +79200 2032 1006 1104.8402
a range +78600 +79200 9003 1007 0.0605
a range +70200 +79800 1002 2003 1105.0813
a range +78600 +79800 2001 9002 1105.0755
a range +70200 +79800 2003 1002 1105.0813
a range +78000 +79800 2051 9001 1105.055
a range +78000 +79800 9001 2051 1105.055
a range +78600 +79800 9002 2001 1105.0755
a range +78600 +81600 1001 2035 1104.8567
a range +79800 +81600 1002 2014 1105.0769
a range +78600 +81600 1002 2027 1105.0636
a range +76200 +81600 1003 2043 1105.1154
a range +77400 +81600 1003 2025 1105.0907
a range +77400 +81600 1004 2034 1104.9905
a range +73200 +81600 1004 2016 1105.1011
a range +76200 +81600 1005 2047 1104.9695
a range +77400 +81600 1005 2029 1104.9482
a range +79200 +81600 1007 2037 1105.0124
a range +79200 +81600 1007 2010 1105.0174
a range +76200 +81600 1008 2040 1104.9898
a range +79200 +81600 2010 1007 1105.0174
a range +79800 +81600 2014 1002 1105.0769
a range +73200 +81600 2016 1004 1105.1011
a range +77400 +81600 2025 1003 1105.0907
a range +79800 +81600 2026 9001 1105.0406
a range +78600 +81600 2027 1002 1105.0636
a range +79800 +81600 2028 9002 1105.0665
a range +77400 +81600 2029 1005 1104.9482
a range +77400 +81600 2034 1004 1104.9905
a range +78600 +81600 2035 1001 1104.8567
a range +79200 +81600 2037 1007 1105.0124
a range +76200 +81600 2040 1008 1104.9898
a range +76200 +81600 2043 1003 1105.1154
a range +76200 +81600 2047 1005 1104.9695
a range +79800 +81600 9001 2026 1105.0406
a range +79800 +81600 9002 2028 1105.0665
a range +81600 +82200 1001 2017 1104.9962
a range +81600 +82200 1003 2018 1105.0124
a range +81600 +82200 1005 2038 1104.9684
a range +81600 +82200 1005 2056 1104.9574
a range +80400 +82200 1006 9003 0.0508
a range +81600 +82200 1008 2010 1105.001
a range +81600 +82200 2010 1008 1105.001
a range +81600 +82200 2017 1001 1104.9962
a range +81600 +82200 2018 1003 1105.0124
a range +81600 +82200 2038 1005 1104.9684
a range +81600 +82200 2056 1005 1104.9574
a range +80400 +82200 9003 1006 0.0508
a range +73200 +82800 1001 2050 1105.0308
a range +82200 +82800 1003 2044 1105.1248
a range +81600 +82800 1007 2040 1105.0062
a range +81600 +82800 2040 1007 1105.0062
a range +82200 +82800 2044 1003 1105.1248
a range +73200 +82800 2050 1001 1105.0308
a range +82200 +83400 1006 2013 1105.0697
a range +82800 +83400 1007 2035 1105.0307
a range +82200 +83400 2013 1006 1105.0697
a range +82800 +83400 2035 1007 1105.0307
a range +83400 +84000 1007 2030 1105.047
a range +81600 +84000 1007 2014 1105.0327
a range +81600 +84000 2014 1007 1105.0327
a range +81600 +84000 2026 9002 1105.0478
a range +83400 +84000 2030 1007 1105.047
a range +81600 +84000 9002 2026 1105.0478
a range +81600 +84600 1002 2007 1105.0651
a range +81600 +84600 1002 2047 1105.0806
a range +82800 +84600 1003 2041 1105.0974
a range +81600 +84600 1003 2037 1105.098
a range +81600 +84600 1004 2032 1105.1041
a range +83400 +84600 1006 2023 1105.0473
a range +84000 +84600 1007 2057 1105.025
a range +82200 +84600 1008 2058 1105.0122
a range +81600 +84600 2007 1002 1105.0651
a range +83400 +84600 2023 1006 1105.0473
a range +81600 +84600 2032 1004 1105.1041
a range +84000 +84600 2035 9002 1105.0677
a range +81600 +84600 2037 1003 1105.098
a range +82800 +84600 2041 1003 1105.0974
a range +81600 +84600 2047 1002 1105.0806
a range +84000 +84600 2057 1007 1105.025
a range +82200 +84600 2058 1008 1105.0122
a range +84000 +84600 9002 2035 1105.0677
a range +82800 +85200 1001 2017 1104.9962
a range +81600 +85200 1004 2052 1105.078
a range +84600 +85200 1004 2028 1105.074
a range +82800 +85200 1005 9003 0.0435
a range +76200 +85200 1008 2059 1105.0157
a range +84600 +85200 1008 2045 1105.0302
a range +82800 +85200 2017 1001 1104.9962
a range +84600 +85200 2028 1004 1105.074
a range +84600 +85200 2045 1008 1105.0302
a range +81600 +85200 2052 1004 1105.078
a range +76200 +85200 2059 1008 1105.0157
a range +82800 +85200 9003 1005 0.0435
a range +82200 +85800 1001 2038 1105.0085
a range +84600 +85800 1003 2022 1105.0977
a range +84000 +85800 1007 2008 1105.018
a range +84000 +85800 2008 1007 1105.018
a range +84600 +85800 2011 9002 1105.0569
a range +84600 +85800 2022 1003 1105.0977
a range +82200 +85800 2038 1001 1105.0085
a range +84600 +85800 9002 2011 1105.0569
a range +85200 +86400 1001 2042 1105.0221
a range +85800 +86400 1001 2045 1105.0485
a range +84600 +86400 1002 2024 1105.0476
a range +84600 +86400 1002 2010 1105.0616
a range +85800 +86400 1003 2048 1105.1206
a range +84600 +86400 1003 2005 1105.1152
a range +85200 +86400 1004 9003 0.0491
a range +85200 +86400 1005 2044 1105.1228
a range +85200 +86400 1005 2060 1105.1185
a range +82200 +86400 1006 2056 1105.0633
a range +84600 +86400 1006 2007 1105.0623
a range +84600 +86400 1007 2014 1105.0327
a range +85800 +86400 1007 2002 1105.0387
a range +85200 +86400 1008 2019 1105.0244
a range +85200 +86400 1008 2026 1104.9944
a range +85800 +86400 2002 1007 1105.0387
a range +84600 +86400 2005 1003 1105.1152
a range +84600 +86400 2007 1006 1105.0623
a range +84600 +86400 2010 1002 1105.0616
a range +84600 +86400 2014 1007 1105.0327
a range +85200 +86400 2019 1008 1105.0244
a range +84600 +86400 2024 1002 1105.0476
a range +85200 +86400 2026 1008 1104.9944
a range +85800 +86400 2028 9002 1105.0665
a range +81600 +86400 2036 9001 1105.0508
a range +85200 +86400 2042 1001 1105.0221
a range +85200 +86400 2044 1005 1105.1228
a range +85800 +86400 2045 1001 1105.0485
a range +85800 +86400 2048 1003 1105.1206
a range +82200 +86400 2056 1006 1105.0633
a range +85200 +86400 2060 1005 1105.1185
a range +81600 +86400 9001 2036 1105.0508
a range +85800 +86400 9002 2028 1105.0665
a range +85200 +86400 9003 1004 0.0491
