a contact +3000 +4200 2003 1001 25
a contact +4800 +5400 2003 1001 25
a contact +6000 +6600 2003 1001 25
a contact +7200 +7800 2003 1001 25
a contact +8400 +9000 2003 1001 25
a contact +9600 +10000 2003 1001 25
a contact +10600 +11200 2003 1001 25
a contact +11900 +12600 2003 1001 25
a contact +13200 +13800 2003 1001 25
a contact +14400 +15000 2003 1001 25
a contact +15300 +15900 2004 1001 50
a contact +16500 +17100 2004 1001 50
a contact +26000 +26600 2002 1001 25
a contact +27200 +27800 2002 1001 25
a contact +28400 +29000 2002 1001 25
a contact +29600 +30200 2002 1001 25
a contact +31100 +31700 2002 1001 25
a contact +32300 +32900 2002 1001 25
a contact +33500 +34100 2002 1001 25
a contact +34700 +35300 2002 1001 25
a contact +35900 +36800 2002 1001 25
a contact +37400 +37700 2002 1001 25
a contact +39300 +41000 2003 9003 25
a contact +47300 +47900 1001 9002 1200
a contact +48500 +48900 1001 9002 1200
a contact +57000 +58200 2001 9001 25
a contact +61900 +62500 2004 1001 50
a contact +65300 +65900 2004 1001 50
a contact +65300 +66200 2001 9003 25
a contact +67900 +68500 2004 1001 50
a contact +75400 +75900 2004 1001 50
a contact +75900 +77100 2001 9001 25
a contact +78000 +78200 2004 1001 50
a contact +78400 +79000 2003 9002 25
a contact +79600 +80200 2003 9002 25
a contact +80800 +81600 2003 9002 25
a contact +82200 +82800 2003 9002 25
a contact +83400 +83800 2003 9002 25
a contact +83800 +84400 2001 9001 25
a contact +83800 +84400 2002 9002 25
a contact +84400 +85000 2003 9002 25
a contact +85000 +85600 2002 9002 25

a range +3000 +4200 2003 1001 1102.5215
a range +4800 +5400 2003 1001 1102.5215
a range +6000 +6600 2003 1001 1102.5215
a range +7200 +7800 2003 1001 1102.5215
a range +8400 +9000 2003 1001 1102.5215
a range +9600 +10000 2003 1001 1102.5215
a range +10600 +11200 2003 1001 1102.5215
a range +11900 +12600 2003 1001 1102.5215
a range +13200 +13800 2003 1001 1102.5215
a range +14400 +15000 2003 1001 1102.5215
a range +15300 +15900 2004 1001 1102.6941
a range +16500 +17100 2004 1001 1102.6941
a range +26000 +26600 2002 1001 1103.1611
a range +27200 +27800 2002 1001 1103.1611
a range +28400 +29000 2002 1001 1103.1611
a range +29600 +30200 2002 1001 1103.1611
a range +31100 +31700 2002 1001 1103.1611
a range +32300 +32900 2002 1001 1103.1611
a range +33500 +34100 2002 1001 1103.1611
a range +34700 +35300 2002 1001 1103.1611
a range +35900 +36800 2002 1001 1103.1611
a range +37400 +37700 2002 1001 1103.1611
a range +39300 +41000 2003 9003 1103.9432
a range +47300 +47900 1001 9002 0.0591
a range +48500 +48900 1001 9002 0.0591
a range +57000 +58200 2001 9001 1105.0474
a range +61900 +62500 2004 1001 1104.5028
a range +65300 +65900 2004 1001 1104.5028
a range +65300 +66200 2001 9003 1104.7676
a range +67900 +68500 2004 1001 1104.5028
a range +75400 +75900 2004 1001 1105.0216
a range +75900 +77100 2001 9001 1105.0474
a range +78000 +78200 2004 1001 1105.0216
a range +78400 +79000 2003 9002 1105.0432
a range +79600 +80200 2003 9002 1105.0432
a range +80800 +81600 2003 9002 1105.0432
a range +82200 +82800 2003 9002 1105.0432
a range +83400 +83800 2003 9002 1105.0432
a range +83800 +84400 2001 9001 1105.0474
a range +83800 +84400 2002 9002 1105.0424
a range +84400 +85000 2003 9002 1105.0432
a range +85000 +85600 2002 9002 1105.0424
