a contact +0 +3000 1001 2009 50
a contact +0 +3000 1003 9001 50
a contact +0 +3000 2009 1001 50
a contact +0 +3000 9001 1003 50
a contact +0 +11400 1002 9002 50
a contact +3000 +11400 1003 2004 50
a contact +3000 +11400 2004 1003 50
a contact +0 +11400 9002 1002 50
a contact +3000 +15600 1001 9001 50
a contact +3000 +15600 9001 1001 50
a contact +11400 +21600 1002 2003 50
a contact +11400 +21600 2003 1002 50
a contact +15600 +22200 1001 2007 50
a contact +15600 +22200 2007 1001 50
a contact +22200 +27600 1001 2002 50
a contact +22200 +27600 2002 1001 50
a contact +21600 +28800 1002 2009 50
a contact +11400 +28800 1003 9002 50
a contact +21600 +28800 2009 1002 50
a contact +11400 +28800 9002 1003 50
a contact +28800 +30000 1003 2008 50
a contact +28800 +30000 2008 1003 50
a contact +27600 +31200 1001 2007 50
a contact +27600 +31200 2007 1001 50
a contact +31200 +36000 1001 2002 50
a contact +31200 +36000 2002 1001 50
a contact +30000 +40800 1003 2012 50
a contact +30000 +40800 2012 1003 50
a contact +28800 +42600 1002 9002 50
a contact +28800 +42600 9002 1002 50
a contact +40800 +50400 1003 2010 50
a contact +40800 +50400 2010 1003 50
a contact +36000 +53400 1001 9003 50
a contact +42600 +53400 1002 2006 50
a contact +42600 +53400 2006 1002 50
a contact +36000 +53400 9003 1001 50
a contact +50400 +54000 1003 2004 50
a contact +50400 +54000 2004 1003 50
a contact +53400 +54600 1002 2010 50
a contact +53400 +54600 2010 1002 50
a contact +54600 +55200 1002 2009 50
a contact +54600 +55200 2009 1002 50
a contact +54000 +62400 1003 9003 50
a contact +54000 +62400 9003 1003 50
a contact +53400 +63000 1001 2008 50
a contact +53400 +63000 2008 1001 50
a contact +55200 +72600 1002 9001 50
a contact +62400 +72600 1003 2001 50
a contact +62400 +72600 2001 1003 50
a contact +55200 +72600 9001 1002 50
a contact +63000 +75600 1001 9003 50
a contact +63000 +75600 9003 1001 50
a contact +75600 +86400 1001 2011 50
a contact +72600 +86400 1002 2005 50
a contact +72600 +86400 1003 9001 50
a contact +72600 +86400 2005 1002 50
a contact +75600 +86400 2011 1001 50
a contact +72600 +86400 9001 1003 50

a range +0 +3000 1001 2009 0.054
a range +0 +3000 1003 9001 1102.0661
a range +0 +3000 2009 1001 0.054
a range +0 +3000 9001 1003 1102.0661
a range +0 +11400 1002 9002 1102.4258
a range +3000 +11400 1003 2004 0.0549
a range +3000 +11400 2004 1003 0.0549
a range +0 +11400 9002 1002 1102.4258
a range +3000 +15600 1001 9001 1102.3154
a range +3000 +15600 9001 1001 1102.3154
a range +11400 +21600 1002 2003 0.0546
a range +11400 +21600 2003 1002 0.0546
a range +15600 +22200 1001 2007 0.0545
a range +15600 +22200 2007 1001 0.0545
a range +22200 +27600 1001 2002 0.0554
a range +22200 +27600 2002 1001 0.0554
a range +21600 +28800 1002 2009 0.0543
a range +11400 +28800 1003 9002 1103.2048
a range +21600 +28800 2009 1002 0.0543
a range +11400 +28800 9002 1003 1103.2048
a range +28800 +30000 1003 2008 0.0554
a range +28800 +30000 2008 1003 0.0554
a range +27600 +31200 1001 2007 0.0552
a range +27600 +31200 2007 1001 0.0552
a range +31200 +36000 1001 2002 0.0554
a range +31200 +36000 2002 1001 0.0554
a range +30000 +40800 1003 2012 0.0545
a range +30000 +40800 2012 1003 0.0545
a range +28800 +42600 1002 9002 1103.4001
a range +28800 +42600 9002 1002 1103.4001
a range +40800 +50400 1003 2010 0.0542
a range +40800 +50400 2010 1003 0.0542
a range +36000 +53400 1001 9003 1103.9292
a range +42600 +53400 1002 2006 0.0543
a range +42600 +53400 2006 1002 0.0543
a range +36000 +53400 9003 1001 1103.9292
a range +50400 +54000 1003 2004 0.0542
a range +50400 +54000 2004 1003 0.0542
a range +53400 +54600 1002 2010 0.0437
a range +53400 +54600 2010 1002 0.0437
a range +54600 +55200 1002 2009 0.0543
a range +54600 +55200 2009 1002 0.0543
a range +54000 +62400 1003 9003 1104.3298
a range +54000 +62400 9003 1003 1104.3298
a range +53400 +63000 1001 2008 0.0543
a range +53400 +63000 2008 1001 0.0543
a range +55200 +72600 1002 9001 1104.6917
a range +62400 +72600 1003 2001 0.0327
a range +62400 +72600 2001 1003 0.0327
a range +55200 +72600 9001 1002 1104.6917
a range +63000 +75600 1001 9003 1104.7653
a range +63000 +75600 9003 1001 1104.7653
a range +75600 +86400 1001 2011 0.0355
a range +72600 +86400 1002 2005 0.0413
a range +72600 +86400 1003 9001 1105.0361
a range +72600 +86400 2005 1002 0.0413
a range +75600 +86400 2011 1001 0.0355
a range +72600 +86400 9001 1003 1105.0361
