a contact +0 +600 1003 2003 1000
a contact +0 +600 2003 1003 1000
a contact +0 +1200 1001 2010 1000
a contact +0 +1200 2010 1001 1000
a contact +0 +1800 1003 2007 1000
a contact +0 +1800 2007 1003 1000
a contact +0 +2400 2001 2007 1000
a contact +0 +2400 2002 2009 1000
a contact +0 +2400 2003 2008 1000
a contact +0 +2400 2004 2010 1000
a contact +0 +2400 2005 2009 1000
a contact +0 +2400 2005 2012 1000
a contact +0 +2400 2006 2011 1000
a contact +0 +2400 2007 2001 1000
a contact +0 +2400 2008 2003 1000
a contact +0 +2400 2008 2012 1000
a contact +0 +2400 2009 2002 1000
a contact +0 +2400 2009 2005 1000
a contact +0 +2400 2010 2004 1000
a contact +0 +2400 2011 2006 1000
a contact +0 +2400 2012 2005 1000
a contact +0 +2400 2012 2008 1000
a contact +0 +3000 1002 2004 1000
a contact +0 +3000 2002 2006 1000
a contact +0 +3000 2002 2012 1000
a contact +0 +3000 2003 2005 1000
a contact +0 +3000 2003 2011 1000
a contact +0 +3000 2004 1002 1000
a contact +0 +3000 2005 2003 1000
a contact +0 +3000 2006 2002 1000
a contact +0 +3000 2006 2008 1000
a contact +0 +3000 2008 2006 1000
a contact +0 +3000 2009 2011 1000
a contact +0 +3000 2011 2003 1000
a contact +0 +3000 2011 2009 1000
a contact +0 +3000 2012 2002 1000
a contact +0 +4800 1002 2011 1000
a contact +0 +4800 2011 1002 1000
a contact +0 +5400 1003 2002 1000
a contact +0 +5400 2002 1003 1000
a contact +0 +6000 1001 2008 1000
a contact +0 +6000 2001 2009 1000
a contact +0 +6000 2001 2012 1000
a contact +0 +6000 2002 2008 1000
a contact +0 +6000 2003 2004 1000
a contact +0 +6000 2003 2007 1000
a contact +0 +6000 2004 2003 1000
a contact +0 +6000 2004 2012 1000
a contact +0 +6000 2005 2011 1000
a contact +0 +6000 2006 2007 1000
a contact +0 +6000 2006 2010 1000
a contact +0 +6000 2007 2003 1000
a contact +0 +6000 2007 2006 1000
a contact +0 +6000 2008 1001 1000
a contact +0 +6000 2008 2002 1000
a contact +0 +6000 2009 2001 1000
a contact +0 +6000 2009 2010 1000
a contact +0 +6000 2010 2006 1000
a contact +0 +6000 2010 2009 1000
a contact +0 +6000 2011 2005 1000
a contact +0 +6000 2012 2001 1000
a contact +0 +6000 2012 2004 1000
a contact +0 +6600 2001 2006 1000
a contact +0 +6600 2003 2010 1000
a contact +0 +6600 2004 2009 1000
a contact +0 +6600 2006 2001 1000
a contact +0 +6600 2007 2012 1000
a contact +0 +6600 2009 2004 1000
a contact +0 +6600 2010 2003 1000
a contact +0 +6600 2012 2007 1000
a contact +0 +7800 1003 2005 1000
a contact +0 +7800 1003 9001 1000
a contact +0 +7800 1003 9002 1000
a contact +0 +7800 2005 1003 1000
a contact +0 +7800 9001 1003 1000
a contact +0 +7800 9002 1003 1000
a contact +0 +8400 1001 2003 1000
a contact +0 +8400 2003 1001 1000
a contact +600 +9000 1003 2012 1000
a contact +600 +9000 2012 1003 1000
a contact +2400 +9600 2001 2005 1000
a contact +2400 +9600 2001 2008 1000
a contact +2400 +9600 2002 2007 1000
a contact +1800 +9600 2002 2010 1000
a contact +2400 +9600 2003 2009 1000
a contact +2400 +9600 2004 2008 1000
a contact +2400 +9600 2004 2011 1000
a contact +2400 +9600 2005 2001 1000
a contact +2400 +9600 2005 2010 1000
a contact +2400 +9600 2006 2012 1000
a contact +2400 +9600 2007 2002 1000
a contact +1800 +9600 2007 2011 1000
a contact +2400 +9600 2008 2001 1000
a contact +2400 +9600 2008 2004 1000
a contact +2400 +9600 2009 2003 1000
a contact +1800 +9600 2010 2002 1000
a contact +2400 +9600 2010 2005 1000
a contact +2400 +9600 2011 2004 1000
a contact +1800 +9600 2011 2007 1000
a contact +2400 +9600 2012 2006 1000
a contact +2400 +10200 1002 2009 1000
a contact +1800 +10200 2001 2011 1000
a contact +1800 +10200 2002 2004 1000
a contact +1800 +10200 2004 2002 1000
a contact +1800 +10200 2005 2007 1000
a contact +1800 +10200 2007 2005 1000
a contact +1800 +10200 2008 2010 1000
a contact +2400 +10200 2009 1002 1000
a contact +1800 +10200 2010 2008 1000
a contact +1800 +10200 2011 2001 1000
a contact +0 +12000 1002 2001 1000
a contact +0 +12000 1003 2004 1000
a contact +0 +12000 2001 1002 1000
a contact +0 +12000 2004 1003 1000
a contact +5400 +13200 1001 2010 1000
a contact +5400 +13200 2001 2007 1000
a contact +5400 +13200 2002 2006 1000
a contact +5400 +13200 2002 2009 1000
a contact +5400 +13200 2002 2012 1000
a contact +5400 +13200 2003 2008 1000
a contact +5400 +13200 2003 2011 1000
a contact +5400 +13200 2004 2010 1000
a contact +5400 +13200 2005 2009 1000
a contact +5400 +13200 2005 2012 1000
a contact +5400 +13200 2006 2002 1000
a contact +5400 +13200 2006 2011 1000
a contact +5400 +13200 2007 2001 1000
a contact +5400 +13200 2008 2003 1000
a contact +5400 +13200 2008 2012 1000
a contact +5400 +13200 2009 2002 1000
a contact +5400 +13200 2009 2005 1000
a contact +5400 +13200 2010 1001 1000
a contact +5400 +13200 2010 2004 1000
a contact +5400 +13200 2011 2003 1000
a contact +5400 +13200 2011 2006 1000
a contact +5400 +13200 2012 2002 1000
a contact +5400 +13200 2012 2005 1000
a contact +5400 +13200 2012 2008 1000
a contact +5400 +13800 2003 2005 1000
a contact +5400 +13800 2005 2003 1000
a contact +4800 +13800 2006 2008 1000
a contact +4800 +13800 2008 2006 1000
a contact +4800 +13800 2009 2011 1000
a contact +4800 +13800 2011 2009 1000
a contact +6600 +15000 1003 2007 1000
a contact +6600 +15000 2007 1003 1000
a contact +0 +15600 1001 2005 1000
a contact +1200 +15600 1001 9001 1000
a contact +0 +15600 1002 2008 1000
a contact +0 +15600 1002 9001 1000
a contact +10800 +15600 1003 9001 1000
a contact +0 +15600 2001 9001 1000
a contact +0 +15600 2002 9001 1000
a contact +0 +15600 2003 9001 1000
a contact +0 +15600 2004 9001 1000
a contact +0 +15600 2005 1001 1000
a contact +0 +15600 2005 9001 1000
a contact +0 +15600 2006 9001 1000
a contact +0 +15600 2007 9001 1000
a contact +0 +15600 2008 1002 1000
a contact +0 +15600 2008 9001 1000
a contact +0 +15600 2009 9001 1000
a contact +0 +15600 2010 9001 1000
a contact +0 +15600 2011 9001 1000
a contact +0 +15600 2012 9001 1000
a contact +1200 +15600 9001 1001 1000
a contact +0 +15600 9001 1002 1000
a contact +10800 +15600 9001 1003 1000
a contact +0 +15600 9001 2001 1000
a contact +0 +15600 9001 2002 1000
a contact +0 +15600 9001 2003 1000
a contact +0 +15600 9001 2004 1000
a contact +0 +15600 9001 2005 1000
a contact +0 +15600 9001 2006 1000
a contact +0 +15600 9001 2007 1000
a contact +0 +15600 9001 2008 1000
a contact +0 +15600 9001 2009 1000
a contact +0 +15600 9001 2010 1000
a contact +0 +15600 9001 2011 1000
a contact +0 +15600 9001 2012 1000
a contact +7800 +16200 1003 2002 1000
a contact +7800 +16200 2002 1003 1000
a contact +9000 +16200 2005 2011 1000
a contact +9000 +16200 2011 2005 1000
a contact +9000 +16800 2001 2009 1000
a contact +9000 +16800 2001 2012 1000
a contact +9000 +16800 2002 2008 1000
a contact +9000 +16800 2003 2004 1000
a contact +9000 +16800 2003 2007 1000
a contact +9000 +16800 2003 2010 1000
a contact +9000 +16800 2004 2003 1000
a contact +9000 +16800 2004 2012 1000
a contact +9000 +16800 2006 2007 1000
a contact +9000 +16800 2006 2010 1000
a contact +9000 +16800 2007 2003 1000
a contact +9000 +16800 2007 2006 1000
a contact +8400 +16800 2007 2012 1000
a contact +9000 +16800 2008 2002 1000
a contact +9000 +16800 2009 2001 1000
a contact +9000 +16800 2009 2010 1000
a contact +9000 +16800 2010 2003 1000
a contact +9000 +16800 2010 2006 1000
a contact +9000 +16800 2010 2009 1000
a contact +9000 +16800 2012 2001 1000
a contact +9000 +16800 2012 2004 1000
a contact +8400 +16800 2012 2007 1000
a contact +9600 +17400 1002 2011 1000
a contact +0 +17400 1002 9002 1000
a contact +8400 +17400 2001 2006 1000
a contact +8400 +17400 2004 2009 1000
a contact +8400 +17400 2006 2001 1000
a contact +8400 +17400 2009 2004 1000
a contact +9600 +17400 2011 1002 1000
a contact +0 +17400 9002 1002 1000
a contact +0 +18600 1003 2009 1000
a contact +0 +18600 2009 1003 1000
a contact +0 +19200 1002 2006 1000
a contact +0 +19200 2006 1002 1000
a contact +12600 +19800 2001 2005 1000
a contact +12600 +19800 2001 2008 1000
a contact +12600 +19800 2002 2007 1000
a contact +12600 +19800 2003 2009 1000
a contact +12600 +19800 2004 2008 1000
a contact +12600 +19800 2004 2011 1000
a contact +12600 +19800 2005 2001 1000
a contact +12600 +19800 2005 2010 1000
a contact +12600 +19800 2006 2012 1000
a contact +12600 +19800 2007 2002 1000
a contact +12600 +19800 2007 2011 1000
a contact +12600 +19800 2008 2001 1000
a contact +12600 +19800 2008 2004 1000
a contact +12600 +19800 2009 2003 1000
a contact +12600 +19800 2010 2005 1000
a contact +12600 +19800 2011 2004 1000
a contact +12600 +19800 2011 2007 1000
a contact +12600 +19800 2012 2006 1000
a contact +12600 +20400 1001 2003 1000
a contact +12000 +20400 2001 2011 1000
a contact +12000 +20400 2002 2004 1000
a contact +12600 +20400 2002 2010 1000
a contact +12600 +20400 2003 1001 1000
a contact +12000 +20400 2004 2002 1000
a contact +12000 +20400 2005 2007 1000
a contact +12000 +20400 2007 2005 1000
a contact +12000 +20400 2008 2010 1000
a contact +12600 +20400 2010 2002 1000
a contact +12000 +20400 2010 2008 1000
a contact +12000 +20400 2011 2001 1000
a contact +0 +21000 2012 9002 1000
a contact +0 +21000 9002 2012 1000
a contact +0 +21600 1001 1002 1000
a contact +0 +21600 1001 1003 1000
a contact +0 +21600 1001 2001 1000
a contact +0 +21600 1001 2002 1000
a contact +0 +21600 1001 2004 1000
a contact +19800 +21600 1001 2005 1000
a contact +3000 +21600 1001 2006 1000
a contact +0 +21600 1001 2007 1000
a contact +10200 +21600 1001 2008 1000
a contact +0 +21600 1001 2009 1000
a contact +17400 +21600 1001 2010 1000
a contact +0 +21600 1001 2011 1000
a contact +0 +21600 1001 2012 1000
a contact +1200 +21600 1001 9002 1000
a contact +0 +21600 1002 1001 1000
a contact +0 +21600 1002 1003 1000
a contact +16800 +21600 1002 2001 1000
a contact +0 +21600 1002 2002 1000
a contact +0 +21600 1002 2003 1000
a contact +6600 +21600 1002 2004 1000
a contact +0 +21600 1002 2005 1000
a contact +0 +21600 1002 2007 1000
a contact +17400 +21600 1002 2008 1000
a contact +13800 +21600 1002 2009 1000
a contact +0 +21600 1002 2010 1000
a contact +20400 +21600 1002 2011 1000
a contact +0 +21600 1002 2012 1000
a contact +21000 +21600 1002 9002 1000
a contact +0 +21600 1003 1001 1000
a contact +0 +21600 1003 1002 1000
a contact +0 +21600 1003 2001 1000
a contact +20400 +21600 1003 2002 1000
a contact +3600 +21600 1003 2003 1000
a contact +15000 +21600 1003 2004 1000
a contact +10200 +21600 1003 2005 1000
a contact +0 +21600 1003 2006 1000
a contact +16800 +21600 1003 2007 1000
a contact +0 +21600 1003 2008 1000
a contact +0 +21600 1003 2010 1000
a contact +0 +21600 1003 2011 1000
a contact +13200 +21600 1003 2012 1000
a contact +10800 +21600 1003 9002 1000
a contact +0 +21600 2001 1001 1000
a contact +16800 +21600 2001 1002 1000
a contact +0 +21600 2001 1003 1000
a contact +0 +21600 2001 2002 1000
a contact +0 +21600 2001 2003 1000
a contact +0 +21600 2001 2004 1000
a contact +19200 +21600 2001 2006 1000
a contact +16200 +21600 2001 2007 1000
a contact +19800 +21600 2001 2009 1000
a contact +0 +21600 2001 2010 1000
a contact +19200 +21600 2001 2012 1000
a contact +0 +21600 2001 9002 1000
a contact +0 +21600 2002 1001 1000
a contact +0 +21600 2002 1002 1000
a contact +20400 +21600 2002 1003 1000
a contact +0 +21600 2002 2001 1000
a contact +0 +21600 2002 2003 1000
a contact +0 +21600 2002 2005 1000
a contact +16200 +21600 2002 2006 1000
a contact +19800 +21600 2002 2008 1000
a contact +16200 +21600 2002 2009 1000
a contact +0 +21600 2002 2011 1000
a contact +15600 +21600 2002 2012 1000
a contact +0 +21600 2002 9002 1000
a contact +0 +21600 2003 1002 1000
a contact +3600 +21600 2003 1003 1000
a contact +0 +21600 2003 2001 1000
a contact +0 +21600 2003 2002 1000
a contact +19800 +21600 2003 2004 1000
a contact +15600 +21600 2003 2005 1000
a contact +0 +21600 2003 2006 1000
a contact +19800 +21600 2003 2007 1000
a contact +16200 +21600 2003 2008 1000
a contact +19200 +21600 2003 2010 1000
a contact +15600 +21600 2003 2011 1000
a contact +0 +21600 2003 2012 1000
a contact +0 +21600 2003 9002 1000
a contact +0 +21600 2004 1001 1000
a contact +6600 +21600 2004 1002 1000
a contact +15000 +21600 2004 1003 1000
a contact +0 +21600 2004 2001 1000
a contact +19800 +21600 2004 2003 1000
a contact +0 +21600 2004 2005 1000
a contact +0 +21600 2004 2006 1000
a contact +0 +21600 2004 2007 1000
a contact +19200 +21600 2004 2009 1000
a contact +16200 +21600 2004 2010 1000
a contact +19200 +21600 2004 2012 1000
a contact +0 +21600 2004 9002 1000
a contact +19800 +21600 2005 1001 1000
a contact +0 +21600 2005 1002 1000
a contact +10200 +21600 2005 1003 1000
a contact +0 +21600 2005 2002 1000
a contact +15600 +21600 2005 2003 1000
a contact +0 +21600 2005 2004 1000
a contact +0 +21600 2005 2006 1000
a contact +0 +21600 2005 2008 1000
a contact +16200 +21600 2005 2009 1000
a contact +19200 +21600 2005 2011 1000
a contact +16200 +21600 2005 2012 1000
a contact +0 +21600 2005 9002 1000
a contact +3000 +21600 2006 1001 1000
a contact +0 +21600 2006 1003 1000
a contact +19200 +21600 2006 2001 1000
a contact +16200 +21600 2006 2002 1000
a contact +0 +21600 2006 2003 1000
a contact +0 +21600 2006 2004 1000
a contact +0 +21600 2006 2005 1000
a contact +19200 +21600 2006 2007 1000
a contact +15600 +21600 2006 2008 1000
a contact +0 +21600 2006 2009 1000
a contact +19200 +21600 2006 2010 1000
a contact +16200 +21600 2006 2011 1000
a contact +0 +21600 2006 9002 1000
a contact +0 +21600 2007 1001 1000
a contact +0 +21600 2007 1002 1000
a contact +16800 +21600 2007 1003 1000
a contact +16200 +21600 2007 2001 1000
a contact +19800 +21600 2007 2003 1000
a contact +0 +21600 2007 2004 1000
a contact +19200 +21600 2007 2006 1000
a contact +0 +21600 2007 2008 1000
a contact +0 +21600 2007 2009 1000
a contact +0 +21600 2007 2010 1000
a contact +18600 +21600 2007 2012 1000
a contact +0 +21600 2007 9002 1000
a contact +10200 +21600 2008 1001 1000
a contact +17400 +21600 2008 1002 1000
a contact +0 +21600 2008 1003 1000
a contact +19800 +21600 2008 2002 1000
a contact +16200 +21600 2008 2003 1000
a contact +0 +21600 2008 2005 1000
a contact +15600 +21600 2008 2006 1000
a contact +0 +21600 2008 2007 1000
a contact +0 +21600 2008 2009 1000
a contact +0 +21600 2008 2011 1000
a contact +16200 +21600 2008 2012 1000
a contact +0 +21600 2008 9002 1000
a contact +0 +21600 2009 1001 1000
a contact +13800 +21600 2009 1002 1000
a contact +19800 +21600 2009 2001 1000
a contact +16200 +21600 2009 2002 1000
a contact +19200 +21600 2009 2004 1000
a contact +16200 +21600 2009 2005 1000
a contact +0 +21600 2009 2006 1000
a contact +0 +21600 2009 2007 1000
a contact +0 +21600 2009 2008 1000
a contact +19200 +21600 2009 2010 1000
a contact +15600 +21600 2009 2011 1000
a contact +0 +21600 2009 2012 1000
a contact +0 +21600 2009 9002 1000
a contact +17400 +21600 2010 1001 1000
a contact +0 +21600 2010 1002 1000
a contact +0 +21600 2010 1003 1000
a contact +0 +21600 2010 2001 1000
a contact +19200 +21600 2010 2003 1000
a contact +16200 +21600 2010 2004 1000
a contact +19200 +21600 2010 2006 1000
a contact +0 +21600 2010 2007 1000
a contact +19200 +21600 2010 2009 1000
a contact +0 +21600 2010 2011 1000
a contact +0 +21600 2010 2012 1000
a contact +0 +21600 2010 9002 1000
a contact +0 +21600 2011 1001 1000
a contact +20400 +21600 2011 1002 1000
a contact +0 +21600 2011 1003 1000
a contact +0 +21600 2011 2002 1000
a contact +15600 +21600 2011 2003 1000
a contact +19200 +21600 2011 2005 1000
a contact +16200 +21600 2011 2006 1000
a contact +0 +21600 2011 2008 1000
a contact +15600 +21600 2011 2009 1000
a contact +0 +21600 2011 2010 1000
a contact +0 +21600 2011 2012 1000
a contact +0 +21600 2011 9002 1000
a contact +0 +21600 2012 1001 1000
a contact +0 +21600 2012 1002 1000
a contact +13200 +21600 2012 1003 1000
a contact +19200 +21600 2012 2001 1000
a contact +15600 +21600 2012 2002 1000
a contact +0 +21600 2012 2003 1000
a contact +19200 +21600 2012 2004 1000
a contact +16200 +21600 2012 2005 1000
a contact +18600 +21600 2012 2007 1000
a contact +16200 +21600 2012 2008 1000
a contact +0 +21600 2012 2009 1000
a contact +0 +21600 2012 2010 1000
a contact +0 +21600 2012 2011 1000
a contact +1200 +21600 9002 1001 1000
a contact +21000 +21600 9002 1002 1000
a contact +10800 +21600 9002 1003 1000
a contact +0 +21600 9002 2001 1000
a contact +0 +21600 9002 2002 1000
a contact +0 +21600 9002 2003 1000
a contact +0 +21600 9002 2004 1000
a contact +0 +21600 9002 2005 1000
a contact +0 +21600 9002 2006 1000
a contact +0 +21600 9002 2007 1000
a contact +0 +21600 9002 2008 1000
a contact +0 +21600 9002 2009 1000
a contact +0 +21600 9002 2010 1000
a contact +0 +21600 9002 2011 1000

a range +0 +600 1003 2003 0.0553
a range +0 +600 2003 1003 0.0553
a range +0 +1200 1001 2010 0.0544
a range +0 +1200 2010 1001 0.0544
a range +0 +1800 1003 2007 0.0550
a range +0 +1800 2007 1003 0.0550
a range +0 +2400 2001 2007 0.0469
a range +0 +2400 2002 2009 0.0469
a range +0 +2400 2003 2008 0.0469
a range +0 +2400 2004 2010 0.0473
a range +0 +2400 2005 2009 0.0468
a range +0 +2400 2005 2012 0.0472
a range +0 +2400 2006 2011 0.0472
a range +0 +2400 2007 2001 0.0469
a range +0 +2400 2008 2003 0.0469
a range +0 +2400 2008 2012 0.0470
a range +0 +2400 2009 2002 0.0469
a range +0 +2400 2009 2005 0.0468
a range +0 +2400 2010 2004 0.0473
a range +0 +2400 2011 2006 0.0472
a range +0 +2400 2012 2005 0.0472
a range +0 +2400 2012 2008 0.0470
a range +0 +3000 1002 2004 0.0549
a range +0 +3000 2002 2006 0.0483
a range +0 +3000 2002 2012 0.0473
a range +0 +3000 2003 2005 0.0468
a range +0 +3000 2003 2011 0.0480
a range +0 +3000 2004 1002 0.0549
a range +0 +3000 2005 2003 0.0468
a range +0 +3000 2006 2002 0.0483
a range +0 +3000 2006 2008 0.0469
a range +0 +3000 2008 2006 0.0469
a range +0 +3000 2009 2011 0.0470
a range +0 +3000 2011 2003 0.0480
a range +0 +3000 2011 2009 0.0470
a range +0 +3000 2012 2002 0.0473
a range +0 +4800 1002 2011 0.0544
a range +0 +4800 2011 1002 0.0544
a range +0 +5400 1003 2002 0.0550
a range +0 +5400 2002 1003 0.0550
a range +0 +6000 1001 2008 0.0555
a range +0 +6000 2001 2009 0.0477
a range +0 +6000 2001 2012 0.0468
a range +0 +6000 2002 2008 0.0477
a range +0 +6000 2003 2004 0.0470
a range +0 +6000 2003 2007 0.0477
a range +0 +6000 2004 2003 0.0470
a range +0 +6000 2004 2012 0.0480
a range +0 +6000 2005 2011 0.0481
a range +0 +6000 2006 2007 0.0472
a range +0 +6000 2006 2010 0.0480
a range +0 +6000 2007 2003 0.0477
a range +0 +6000 2007 2006 0.0472
a range +0 +6000 2008 1001 0.0555
a range +0 +6000 2008 2002 0.0477
a range +0 +6000 2009 2001 0.0477
a range +0 +6000 2009 2010 0.0473
a range +0 +6000 2010 2006 0.0480
a range +0 +6000 2010 2009 0.0473
a range +0 +6000 2011 2005 0.0481
a range +0 +6000 2012 2001 0.0468
a range +0 +6000 2012 2004 0.0480
a range +0 +6600 2001 2006 0.0470
a range +0 +6600 2003 2010 0.0476
a range +0 +6600 2004 2009 0.0471
a range +0 +6600 2006 2001 0.0470
a range +0 +6600 2007 2012 0.0472
a range +0 +6600 2009 2004 0.0471
a range +0 +6600 2010 2003 0.0476
a range +0 +6600 2012 2007 0.0472
a range +0 +7800 1003 2005 0.0548
a range +0 +7800 1003 9001 1102.0661
a range +0 +7800 1003 9002 1102.0593
a range +0 +7800 2005 1003 0.0548
a range +0 +7800 9001 1003 1102.0661
a range +0 +7800 9002 1003 1102.0593
a range +0 +8400 1001 2003 0.0546
a range +0 +8400 2003 1001 0.0546
a range +600 +9000 1003 2012 0.0556
a range +600 +9000 2012 1003 0.0556
a range +2400 +9600 2001 2005 0.0474
a range +2400 +9600 2001 2008 0.0484
a range +2400 +9600 2002 2007 0.0484
a range +1800 +9600 2002 2010 0.0471
a range +2400 +9600 2003 2009 0.0485
a range +2400 +9600 2004 2008 0.0475
a range +2400 +9600 2004 2011 0.0487
a range +2400 +9600 2005 2001 0.0474
a range +2400 +9600 2005 2010 0.0487
a range +2400 +9600 2006 2012 0.0488
a range +2400 +9600 2007 2002 0.0484
a range +1800 +9600 2007 2011 0.0477
a range +2400 +9600 2008 2001 0.0484
a range +2400 +9600 2008 2004 0.0475
a range +2400 +9600 2009 2003 0.0485
a range +1800 +9600 2010 2002 0.0471
a range +2400 +9600 2010 2005 0.0487
a range +2400 +9600 2011 2004 0.0487
a range +1800 +9600 2011 2007 0.0477
a range +2400 +9600 2012 2006 0.0488
a range +2400 +10200 1002 2009 0.0548
a range +1800 +10200 2001 2011 0.0478
a range +1800 +10200 2002 2004 0.0473
a range +1800 +10200 2004 2002 0.0473
a range +1800 +10200 2005 2007 0.0473
a range +1800 +10200 2007 2005 0.0473
a range +1800 +10200 2008 2010 0.0474
a range +2400 +10200 2009 1002 0.0548
a range +1800 +10200 2010 2008 0.0474
a range +1800 +10200 2011 2001 0.0478
a range +0 +12000 1002 2001 0.0545
a range +0 +12000 1003 2004 0.0549
a range +0 +12000 2001 1002 0.0545
a range +0 +12000 2004 1003 0.0549
a range +5400 +13200 1001 2010 0.0556
a range +5400 +13200 2001 2007 0.0492
a range +5400 +13200 2002 2006 0.0477
a range +5400 +13200 2002 2009 0.0491
a range +5400 +13200 2002 2012 0.0468
a range +5400 +13200 2003 2008 0.0491
a range +5400 +13200 2003 2011 0.0475
a range +5400 +13200 2004 2010 0.0494
a range +5400 +13200 2005 2009 0.0479
a range +5400 +13200 2005 2012 0.0494
a range +5400 +13200 2006 2002 0.0477
a range +5400 +13200 2006 2011 0.0494
a range +5400 +13200 2007 2001 0.0492
a range +5400 +13200 2008 2003 0.0491
a range +5400 +13200 2008 2012 0.0480
a range +5400 +13200 2009 2002 0.0491
a range +5400 +13200 2009 2005 0.0479
a range +5400 +13200 2010 1001 0.0556
a range +5400 +13200 2010 2004 0.0494
a range +5400 +13200 2011 2003 0.0475
a range +5400 +13200 2011 2006 0.0494
a range +5400 +13200 2012 2002 0.0468
a range +5400 +13200 2012 2005 0.0494
a range +5400 +13200 2012 2008 0.0480
a range +5400 +13800 2003 2005 0.0474
a range +5400 +13800 2005 2003 0.0474
a range +4800 +13800 2006 2008 0.0475
a range +4800 +13800 2008 2006 0.0475
a range +4800 +13800 2009 2011 0.0476
a range +4800 +13800 2011 2009 0.0476
a range +6600 +15000 1003 2007 0.0543
a range +6600 +15000 2007 1003 0.0543
a range +0 +15600 1001 2005 0.0555
a range +1200 +15600 1001 9001 1102.3154
a range +0 +15600 1002 2008 0.0543
a range +0 +15600 1002 9001 1102.3712
a range +10800 +15600 1003 9001 1102.3509
a range +0 +15600 2001 9001 1102.3348
a range +0 +15600 2002 9001 1102.3538
a range +0 +15600 2003 9001 1102.3488
a range +0 +15600 2004 9001 1102.3244
a range +0 +15600 2005 1001 0.0555
a range +0 +15600 2005 9001 1102.3646
a range +0 +15600 2006 9001 1102.3483
a range +0 +15600 2007 9001 1102.3566
a range +0 +15600 2008 1002 0.0543
a range +0 +15600 2008 9001 1102.3373
a range +0 +15600 2009 9001 1102.3435
a range +0 +15600 2010 9001 1102.3667
a range +0 +15600 2011 9001 1102.3263
a range +0 +15600 2012 9001 1102.3445
a range +1200 +15600 9001 1001 1102.3154
a range +0 +15600 9001 1002 1102.3712
a range +10800 +15600 9001 1003 1102.3509
a range +0 +15600 9001 2001 1102.3348
a range +0 +15600 9001 2002 1102.3538
a range +0 +15600 9001 2003 1102.3488
a range +0 +15600 9001 2004 1102.3244
a range +0 +15600 9001 2005 1102.3646
a range +0 +15600 9001 2006 1102.3483
a range +0 +15600 9001 2007 1102.3566
a range +0 +15600 9001 2008 1102.3373
a range +0 +15600 9001 2009 1102.3435
a range +0 +15600 9001 2010 1102.3667
a range +0 +15600 9001 2011 1102.3263
a range +0 +15600 9001 2012 1102.3445
a range +7800 +16200 1003 2002 0.0555
a range +7800 +16200 2002 1003 0.0555
a range +9000 +16200 2005 2011 0.0467
a range +9000 +16200 2011 2005 0.0467
a range +9000 +16800 2001 2009 0.0497
a range +9000 +16800 2001 2012 0.0478
a range +9000 +16800 2002 2008 0.0498
a range +9000 +16800 2003 2004 0.0481
a range +9000 +16800 2003 2007 0.0497
a range +9000 +16800 2003 2010 0.0471
a range +9000 +16800 2004 2003 0.0481
a range +9000 +16800 2004 2012 0.0500
a range +9000 +16800 2006 2007 0.0482
a range +9000 +16800 2006 2010 0.0500
a range +9000 +16800 2007 2003 0.0497
a range +9000 +16800 2007 2006 0.0482
a range +8400 +16800 2007 2012 0.0468
a range +9000 +16800 2008 2002 0.0498
a range +9000 +16800 2009 2001 0.0497
a range +9000 +16800 2009 2010 0.0483
a range +9000 +16800 2010 2003 0.0471
a range +9000 +16800 2010 2006 0.0500
a range +9000 +16800 2010 2009 0.0483
a range +9000 +16800 2012 2001 0.0478
a range +9000 +16800 2012 2004 0.0500
a range +8400 +16800 2012 2007 0.0468
a range +9600 +17400 1002 2011 0.0546
a range +0 +17400 1002 9002 1102.4258
a range +8400 +17400 2001 2006 0.0476
a range +8400 +17400 2004 2009 0.0476
a range +8400 +17400 2006 2001 0.0476
a range +8400 +17400 2009 2004 0.0476
a range +9600 +17400 2011 1002 0.0546
a range +0 +17400 9002 1002 1102.4258
a range +0 +18600 1003 2009 0.0543
a range +0 +18600 2009 1003 0.0543
a range +0 +19200 1002 2006 0.0553
a range +0 +19200 2006 1002 0.0553
a range +12600 +19800 2001 2005 0.0467
a range +12600 +19800 2001 2008 0.0471
a range +12600 +19800 2002 2007 0.0471
a range +12600 +19800 2003 2009 0.0472
a range +12600 +19800 2004 2008 0.0469
a range +12600 +19800 2004 2011 0.0475
a range +12600 +19800 2005 2001 0.0467
a range +12600 +19800 2005 2010 0.0475
a range +12600 +19800 2006 2012 0.0476
a range +12600 +19800 2007 2002 0.0471
a range +12600 +19800 2007 2011 0.0471
a range +12600 +19800 2008 2001 0.0471
a range +12600 +19800 2008 2004 0.0469
a range +12600 +19800 2009 2003 0.0472
a range +12600 +19800 2010 2005 0.0475
a range +12600 +19800 2011 2004 0.0475
a range +12600 +19800 2011 2007 0.0471
a range +12600 +19800 2012 2006 0.0476
a range +12600 +20400 1001 2003 0.0554
a range +12000 +20400 2001 2011 0.0474
a range +12000 +20400 2002 2004 0.0468
a range +12600 +20400 2002 2010 0.0481
a range +12600 +20400 2003 1001 0.0554
a range +12000 +20400 2004 2002 0.0468
a range +12000 +20400 2005 2007 0.0470
a range +12000 +20400 2007 2005 0.0470
a range +12000 +20400 2008 2010 0.0471
a range +12600 +20400 2010 2002 0.0481
a range +12000 +20400 2010 2008 0.0471
a range +12000 +20400 2011 2001 0.0474
a range +0 +21000 2012 9002 1102.5575
a range +0 +21000 9002 2012 1102.5575
a range +0 +21600 1001 1002 0.0565
a range +0 +21600 1001 1003 0.0565
a range +0 +21600 1001 2001 0.0282
a range +0 +21600 1001 2002 0.0333
a range +0 +21600 1001 2004 0.0451
a range +19800 +21600 1001 2005 0.0454
a range +3000 +21600 1001 2006 0.0335
a range +0 +21600 1001 2007 0.0522
a range +10200 +21600 1001 2008 0.0481
a range +0 +21600 1001 2009 0.0133
a range +17400 +21600 1001 2010 0.0377
a range +0 +21600 1001 2011 0.0379
a range +0 +21600 1001 2012 0.0485
a range +1200 +21600 1001 9002 1102.5601
a range +0 +21600 1002 1001 0.0565
a range +0 +21600 1002 1003 0.0565
a range +16800 +21600 1002 2001 0.0443
a range +0 +21600 1002 2002 0.0420
a range +0 +21600 1002 2003 0.0386
a range +6600 +21600 1002 2004 0.0275
a range +0 +21600 1002 2005 0.0325
a range +0 +21600 1002 2007 0.0389
a range +17400 +21600 1002 2008 0.0415
a range +13800 +21600 1002 2009 0.0445
a range +0 +21600 1002 2010 0.0526
a range +20400 +21600 1002 2011 0.0486
a range +0 +21600 1002 2012 0.0090
a range +21000 +21600 1002 9002 1102.5843
a range +0 +21600 1003 1001 0.0565
a range +0 +21600 1003 1002 0.0565
a range +0 +21600 1003 2001 0.0496
a range +20400 +21600 1003 2002 0.0483
a range +3600 +21600 1003 2003 0.0205
a range +15000 +21600 1003 2004 0.0492
a range +10200 +21600 1003 2005 0.0458
a range +0 +21600 1003 2006 0.0263
a range +16800 +21600 1003 2007 0.0313
a range +0 +21600 1003 2008 0.0344
a range +0 +21600 1003 2010 0.0320
a range +0 +21600 1003 2011 0.0376
a range +13200 +21600 1003 2012 0.0527
a range +10800 +21600 1003 9002 1102.5280
a range +0 +21600 2001 1001 0.0282
a range +16800 +21600 2001 1002 0.0443
a range +0 +21600 2001 1003 0.0496
a range +0 +21600 2001 2002 0.0449
a range +0 +21600 2001 2003 0.0449
a range +0 +21600 2001 2004 0.0216
a range +19200 +21600 2001 2006 0.0341
a range +16200 +21600 2001 2007 0.0309
a range +19800 +21600 2001 2009 0.0207
a range +0 +21600 2001 2010 0.0221
a range +19200 +21600 2001 2012 0.0353
a range +0 +21600 2001 9002 1102.5628
a range +0 +21600 2002 1001 0.0333
a range +0 +21600 2002 1002 0.0420
a range +20400 +21600 2002 1003 0.0483
a range +0 +21600 2002 2001 0.0449
a range +0 +21600 2002 2003 0.0449
a range +0 +21600 2002 2005 0.0151
a range +16200 +21600 2002 2006 0.0393
a range +19800 +21600 2002 2008 0.0209
a range +16200 +21600 2002 2009 0.0308
a range +0 +21600 2002 2011 0.0144
a range +15600 +21600 2002 2012 0.0383
a range +0 +21600 2002 9002 1102.5634
a range +0 +21600 2003 1002 0.0386
a range +3600 +21600 2003 1003 0.0205
a range +0 +21600 2003 2001 0.0449
a range +0 +21600 2003 2002 0.0449
a range +19800 +21600 2003 2004 0.0361
a range +15600 +21600 2003 2005 0.0375
a range +0 +21600 2003 2006 0.0365
a range +19800 +21600 2003 2007 0.0207
a range +16200 +21600 2003 2008 0.0308
a range +19200 +21600 2003 2010 0.0345
a range +15600 +21600 2003 2011 0.0391
a range +0 +21600 2003 2012 0.0364
a range +0 +21600 2003 9002 1102.5461
a range +0 +21600 2004 1001 0.0451
a range +6600 +21600 2004 1002 0.0275
a range +15000 +21600 2004 1003 0.0492
a range +0 +21600 2004 2001 0.0216
a range +19800 +21600 2004 2003 0.0361
a range +0 +21600 2004 2005 0.0449
a range +0 +21600 2004 2006 0.0449
a range +0 +21600 2004 2007 0.0222
a range +19200 +21600 2004 2009 0.0338
a range +16200 +21600 2004 2010 0.0317
a range +19200 +21600 2004 2012 0.0199
a range +0 +21600 2004 9002 1102.5717
a range +19800 +21600 2005 1001 0.0454
a range +0 +21600 2005 1002 0.0325
a range +10200 +21600 2005 1003 0.0458
a range +0 +21600 2005 2002 0.0151
a range +15600 +21600 2005 2003 0.0375
a range +0 +21600 2005 2004 0.0449
a range +0 +21600 2005 2006 0.0449
a range +0 +21600 2005 2008 0.0145
a range +16200 +21600 2005 2009 0.0396
a range +19200 +21600 2005 2011 0.0200
a range +16200 +21600 2005 2012 0.0316
a range +0 +21600 2005 9002 1102.5664
a range +3000 +21600 2006 1001 0.0335
a range +0 +21600 2006 1003 0.0263
a range +19200 +21600 2006 2001 0.0341
a range +16200 +21600 2006 2002 0.0393
a range +0 +21600 2006 2003 0.0365
a range +0 +21600 2006 2004 0.0449
a range +0 +21600 2006 2005 0.0449
a range +19200 +21600 2006 2007 0.0359
a range +15600 +21600 2006 2008 0.0377
a range +0 +21600 2006 2009 0.0364
a range +19200 +21600 2006 2010 0.0199
a range +16200 +21600 2006 2011 0.0316
a range +0 +21600 2006 9002 1102.5343
a range +0 +21600 2007 1001 0.0522
a range +0 +21600 2007 1002 0.0389
a range +16800 +21600 2007 1003 0.0313
a range +16200 +21600 2007 2001 0.0309
a range +19800 +21600 2007 2003 0.0207
a range +0 +21600 2007 2004 0.0222
a range +19200 +21600 2007 2006 0.0359
a range +0 +21600 2007 2008 0.0449
a range +0 +21600 2007 2009 0.0449
a range +0 +21600 2007 2010 0.0227
a range +18600 +21600 2007 2012 0.0336
a range +0 +21600 2007 9002 1102.5514
a range +10200 +21600 2008 1001 0.0481
a range +17400 +21600 2008 1002 0.0415
a range +0 +21600 2008 1003 0.0344
a range +19800 +21600 2008 2002 0.0209
a range +16200 +21600 2008 2003 0.0308
a range +0 +21600 2008 2005 0.0145
a range +15600 +21600 2008 2006 0.0377
a range +0 +21600 2008 2007 0.0449
a range +0 +21600 2008 2009 0.0449
a range +0 +21600 2008 2011 0.0139
a range +16200 +21600 2008 2012 0.0399
a range +0 +21600 2008 9002 1102.5522
a range +0 +21600 2009 1001 0.0133
a range +13800 +21600 2009 1002 0.0445
a range +19800 +21600 2009 2001 0.0207
a range +16200 +21600 2009 2002 0.0308
a range +19200 +21600 2009 2004 0.0338
a range +16200 +21600 2009 2005 0.0396
a range +0 +21600 2009 2006 0.0364
a range +0 +21600 2009 2007 0.0449
a range +0 +21600 2009 2008 0.0449
a range +19200 +21600 2009 2010 0.0356
a range +15600 +21600 2009 2011 0.0380
a range +0 +21600 2009 2012 0.0364
a range +0 +21600 2009 9002 1102.5688
a range +17400 +21600 2010 1001 0.0377
a range +0 +21600 2010 1002 0.0526
a range +0 +21600 2010 1003 0.0320
a range +0 +21600 2010 2001 0.0221
a range +19200 +21600 2010 2003 0.0345
a range +16200 +21600 2010 2004 0.0317
a range +19200 +21600 2010 2006 0.0199
a range +0 +21600 2010 2007 0.0227
a range +19200 +21600 2010 2009 0.0356
a range +0 +21600 2010 2011 0.0449
a range +0 +21600 2010 2012 0.0449
a range +0 +21600 2010 9002 1102.5423
a range +0 +21600 2011 1001 0.0379
a range +20400 +21600 2011 1002 0.0486
a range +0 +21600 2011 1003 0.0376
a range +0 +21600 2011 2002 0.0144
a range +15600 +21600 2011 2003 0.0391
a range +19200 +21600 2011 2005 0.0200
a range +16200 +21600 2011 2006 0.0316
a range +0 +21600 2011 2008 0.0139
a range +15600 +21600 2011 2009 0.0380
a range +0 +21600 2011 2010 0.0449
a range +0 +21600 2011 2012 0.0449
a range +0 +21600 2011 9002 1102.5496
a range +0 +21600 2012 1001 0.0485
a range +0 +21600 2012 1002 0.0090
a range +13200 +21600 2012 1003 0.0527
a range +19200 +21600 2012 2001 0.0353
a range +15600 +21600 2012 2002 0.0383
a range +0 +21600 2012 2003 0.0364
a range +19200 +21600 2012 2004 0.0199
a range +16200 +21600 2012 2005 0.0316
a range +18600 +21600 2012 2007 0.0336
a range +16200 +21600 2012 2008 0.0399
a range +0 +21600 2012 2009 0.0364
a range +0 +21600 2012 2010 0.0449
a range +0 +21600 2012 2011 0.0449
a range +1200 +21600 9002 1001 1102.5601
a range +21000 +21600 9002 1002 1102.5843
a range +10800 +21600 9002 1003 1102.5280
a range +0 +21600 9002 2001 1102.5628
a range +0 +21600 9002 2002 1102.5634
a range +0 +21600 9002 2003 1102.5461
a range +0 +21600 9002 2004 1102.5717
a range +0 +21600 9002 2005 1102.5664
a range +0 +21600 9002 2006 1102.5343
a range +0 +21600 9002 2007 1102.5514
a range +0 +21600 9002 2008 1102.5522
a range +0 +21600 9002 2009 1102.5688
a range +0 +21600 9002 2010 1102.5423
a range +0 +21600 9002 2011 1102.5496

a position +0 +600 1003 2003 8273601.18582167 2401104.24053423 233942265.405401 8258193.88110557 2400759.28563384 233948356.392666
a position +0 +600 2003 1003 8258193.88110557 2400759.28563384 233948356.392666 8273601.18582167 2401104.24053423 233942265.405401
a position +0 +1200 1001 2010 8252212.87255345 2400687.80736832 233959909.572045 8251707.07725798 2395283.14568573 233944545.417865
a position +0 +1200 2010 1001 8251707.07725798 2395283.14568573 233944545.417865 8252212.87255345 2400687.80736832 233959909.572045
a position +0 +1800 1003 2007 8246952.6465033 2400271.36526276 233947921.658567 8231621.17168409 2395847.24747742 233952122.725502
a position +0 +1800 2007 1003 8231621.17168409 2395847.24747742 233952122.725502 8246952.6465033 2400271.36526276 233947921.658567
a position +0 +2400 2001 2007 8231011.44690811 2396407.36776774 233953467.080459 8216953.24241656 2396652.41834567 233953815.594409
a position +0 +2400 2002 2009 8223544.73087334 2407607.46323038 233954054.05259 8230361.32185399 2395326.86080861 233953885.063936
a position +0 +2400 2003 2008 8217565.21053301 2395549.91165955 233953422.143088 8224806.8240439 2407585.46350336 233953242.617792
a position +0 +2400 2004 2010 8224214.74629086 2396529.38656284 233960677.931688 8223879.12602146 2396776.42563998 233946505.649814
a position +0 +2400 2005 2009 8223634.68357027 2407597.64262191 233953016.616001 8230361.32185399 2395326.86080861 233953885.063936
a position +0 +2400 2005 2012 8223634.68357027 2407597.64262191 233953016.616001 8223797.42029122 2395217.38743305 233959888.521219
a position +0 +2400 2006 2011 8224271.95845321 2395437.71347291 233947248.728449 8224444.84200166 2407570.92958464 233954549.105105
a position +0 +2400 2007 2001 8216953.24241656 2396652.41834567 233953815.594409 8231011.44690811 2396407.36776774 233953467.080459
a position +0 +2400 2008 2003 8224806.8240439 2407585.46350336 233953242.617792 8217565.21053301 2395549.91165955 233953422.143088
a position +0 +2400 2008 2012 8224806.8240439 2407585.46350336 233953242.617792 8223797.42029122 2395217.38743305 233959888.521219
a position +0 +2400 2009 2002 8230361.32185399 2395326.86080861 233953885.063936 8223544.73087334 2407607.46323038 233954054.05259
a position +0 +2400 2009 2005 8230361.32185399 2395326.86080861 233953885.063936 8223634.68357027 2407597.64262191 233953016.616001
a position +0 +2400 2010 2004 8223879.12602146 2396776.42563998 233946505.649814 8224214.74629086 2396529.38656284 233960677.931688
a position +0 +2400 2011 2006 8224444.84200166 2407570.92958464 233954549.105105 8224271.95845321 2395437.71347291 233947248.728449
a position +0 +2400 2012 2005 8223797.42029122 2395217.38743305 233959888.521219 8223634.68357027 2407597.64262191 233953016.616001
a position +0 +2400 2012 2008 8223797.42029122 2395217.38743305 233959888.521219 8224806.8240439 2407585.46350336 233953242.617792
a position +0 +3000 1002 2004 8203880.52773819 2399438.45423938 233947829.14184 8210170.69708224 2397430.91496568 233962918.534947
a position +0 +3000 2002 2006 8208180.503426 2406975.27483013 233955798.766975 8210353.4818818 2393943.1732209 233949905.435
a position +0 +3000 2002 2012 8208180.503426 2406975.27483013 233955798.766975 8209767.62365429 2393754.8943391 233960706.727713
a position +0 +3000 2003 2005 8204471.94239286 2394039.83800319 233955120.849456 8209672.28025721 2406941.27453158 233953387.366887
a position +0 +3000 2003 2011 8204471.94239286 2394039.83800319 233955120.849456 8210454.77005273 2406866.4286923 233957681.166652
a position +0 +3000 2004 1002 8210170.69708224 2397430.91496568 233962918.534947 8203880.52773819 2399438.45423938 233947829.14184
a position +0 +3000 2005 2003 8209672.28025721 2406941.27453158 233953387.366887 8204471.94239286 2394039.83800319 233955120.849456
a position +0 +3000 2006 2002 8210353.4818818 2393943.1732209 233949905.435 8208180.503426 2406975.27483013 233955798.766975
a position +0 +3000 2006 2008 8210353.4818818 2393943.1732209 233949905.435 8212212.71332286 2406904.98880129 233955012.474449
a position +0 +3000 2008 2006 8212212.71332286 2406904.98880129 233955012.474449 8210353.4818818 2393943.1732209 233949905.435
a position +0 +3000 2009 2011 8215466.95543362 2393848.18235459 233955696.75268 8210454.77005273 2406866.4286923 233957681.166652
a position +0 +3000 2011 2003 8210454.77005273 2406866.4286923 233957681.166652 8204471.94239286 2394039.83800319 233955120.849456
a position +0 +3000 2011 2009 8210454.77005273 2406866.4286923 233957681.166652 8215466.95543362 2393848.18235459 233955696.75268
a position +0 +3000 2012 2002 8209767.62365429 2393754.8943391 233960706.727713 8208180.503426 2406975.27483013 233955798.766975
a position +0 +4800 1002 2011 8165254.89634334 2398189.02069922 233951323.012815 8168412.09365608 2403373.73871402 233966459.514286
a position +0 +4800 2011 1002 8168412.09365608 2403373.73871402 233966459.514286 8165254.89634334 2398189.02069922 233951323.012815
a position +0 +5400 1003 2002 8163343.07008433 2397772.52499133 233965795.082671 8147754.27663093 2402172.38416708 233962649.735206
a position +0 +5400 2002 1003 8147754.27663093 2402172.38416708 233962649.735206 8163343.07008433 2397772.52499133 233965795.082671
a position +0 +6000 1001 2008 8131937.81447698 2397356.02035554 233969417.511615 8147396.13842798 2400282.28258545 233964017.453964
a position +0 +6000 2001 2009 8146493.75745195 2401907.98992671 233964409.371486 8139124.846648 2389660.87015416 233964574.098603
a position +0 +6000 2001 2012 8146493.75745195 2401907.98992671 233964409.371486 8139787.8957951 2389680.60873904 233962971.191501
a position +0 +6000 2002 2008 8133090.81064331 2400531.64080515 233964337.240085 8147396.13842798 2400282.28258545 233964017.453964
a position +0 +6000 2003 2004 8140985.8731238 2389628.43033485 233963765.827037 8139945.86714557 2402017.15904089 233970393.911332
a position +0 +6000 2003 2007 8140985.8731238 2389628.43033485 233963765.827037 8134049.45614305 2402124.90832689 233963920.886041
a position +0 +6000 2004 2003 8139945.86714557 2402017.15904089 233970393.911332 8140985.8731238 2389628.43033485 233963765.827037
a position +0 +6000 2004 2012 8139945.86714557 2402017.15904089 233970393.911332 8139787.8957951 2389680.60873904 233962971.191501
a position +0 +6000 2005 2011 8140030.22965646 2400407.42643923 233957017.059426 8140336.90075201 2400156.24736407 233971426.847121
a position +0 +6000 2006 2007 8140594.34441696 2389643.47558659 233965101.467851 8134049.45614305 2402124.90832689 233963920.886041
a position +0 +6000 2006 2010 8140594.34441696 2389643.47558659 233965101.467851 8140445.6446719 2402231.2049636 233958114.399986
a position +0 +6000 2007 2003 8134049.45614305 2402124.90832689 233963920.886041 8140985.8731238 2389628.43033485 233963765.827037
a position +0 +6000 2007 2006 8134049.45614305 2402124.90832689 233963920.886041 8140594.34441696 2389643.47558659 233965101.467851
a position +0 +6000 2008 1001 8147396.13842798 2400282.28258545 233964017.453964 8131937.81447698 2397356.02035554 233969417.511615
a position +0 +6000 2008 2002 8147396.13842798 2400282.28258545 233964017.453964 8133090.81064331 2400531.64080515 233964337.240085
a position +0 +6000 2009 2001 8139124.846648 2389660.87015416 233964574.098603 8146493.75745195 2401907.98992671 233964409.371486
a position +0 +6000 2009 2010 8139124.846648 2389660.87015416 233964574.098603 8140445.6446719 2402231.2049636 233958114.399986
a position +0 +6000 2010 2006 8140445.6446719 2402231.2049636 233958114.399986 8140594.34441696 2389643.47558659 233965101.467851
a position +0 +6000 2010 2009 8140445.6446719 2402231.2049636 233958114.399986 8139124.846648 2389660.87015416 233964574.098603
a position +0 +6000 2011 2005 8140336.90075201 2400156.24736407 233971426.847121 8140030.22965646 2400407.42643923 233957017.059426
a position +0 +6000 2012 2001 8139787.8957951 2389680.60873904 233962971.191501 8146493.75745195 2401907.98992671 233964409.371486
a position +0 +6000 2012 2004 8139787.8957951 2389680.60873904 233962971.191501 8139945.86714557 2402017.15904089 233970393.911332
a position +0 +6600 2001 2006 8131595.17937405 2402550.2037678 233966215.650429 8126603.81670244 2389520.21447024 233968227.198313
a position +0 +6600 2003 2010 8128390.56676508 2389481.16147975 233965530.730945 8126523.36588472 2402823.70606727 233960842.832488
a position +0 +6600 2004 2009 8125916.07447941 2402643.11783395 233971202.923593 8123780.08496554 2389561.52744897 233966308.269773
a position +0 +6600 2006 2001 8126603.81670244 2389520.21447024 233968227.198313 8131595.17937405 2402550.2037678 233966215.650429
a position +0 +6600 2007 2012 8121034.15344923 2402734.29452477 233965617.914304 8125830.6074578 2389605.08783176 233963358.133803
a position +0 +6600 2009 2004 8123780.08496554 2389561.52744897 233966308.269773 8125916.07447941 2402643.11783395 233971202.923593
a position +0 +6600 2010 2003 8126523.36588472 2402823.70606727 233960842.832488 8128390.56676508 2389481.16147975 233965530.730945
a position +0 +6600 2012 2007 8125830.6074578 2389605.08783176 233963358.133803 8121034.15344923 2402734.29452477 233965617.914304
a position +0 +7800 1003 2005 8104599.46904653 2396106.45289839 233976870.278595 8098321.09780867 2395028.01644999 233961716.903864
a position +0 +7800 1003 9001 8104599.46904653 2396106.45289839 233976870.278595 -136082309.466185 3750.98291015625 -63281756.7519451
a position +0 +7800 1003 9002 8104599.46904653 2396106.45289839 233976870.278595 -136088846.56262 4196.68310546875 -63276341.0945354
a position +0 +7800 2005 1003 8098321.09780867 2395028.01644999 233961716.903864 8104599.46904653 2396106.45289839 233976870.278595
a position +0 +7800 9001 1003 -136082309.466185 3750.98291015625 -63281756.7519451 8104599.46904653 2396106.45289839 233976870.278595
a position +0 +7800 9002 1003 -136088846.56262 4196.68310546875 -63276341.0945354 8104599.46904653 2396106.45289839 233976870.278595
a position +0 +8400 1001 2003 8074523.90432261 2395689.91256829 233971683.83992 8090010.77661719 2390426.66248226 233970892.92453
a position +0 +8400 2003 1001 8090010.77661719 2390426.66248226 233970892.92453 8074523.90432261 2395689.91256829 233971683.83992
a position +600 +9000 1003 2012 8074548.99122509 2395273.36331914 233981730.495232 8070114.92947653 2391473.9168625 233966130.982272
a position +600 +9000 2012 1003 8070114.92947653 2391473.9168625 233966130.982272 8074548.99122509 2395273.36331914 233981730.495232
a position +2400 +9600 2001 2005 8055244.21170438 2402547.86371087 233975065.577955 8056595.43861709 2389958.70882758 233968624.659411
a position +2400 +9600 2001 2008 8055244.21170438 2402547.86371087 233975065.577955 8062290.06703663 2389854.22427992 233974924.68081
a position +2400 +9600 2002 2007 8050216.21173357 2390064.68538284 233974411.362301 8057701.38450014 2402505.0323796 233974261.680051
a position +1800 +9600 2002 2010 8050216.21173357 2390064.68538284 233974411.362301 8056738.26119922 2402480.11868814 233976158.606503
a position +2400 +9600 2003 2009 8063555.79736002 2391957.86636251 233974510.579712 8049024.76926117 2392211.15879653 233974801.159106
a position +2400 +9600 2004 2008 8055936.73008599 2402527.61634692 233973433.73311 8062290.06703663 2389854.22427992 233974924.68081
a position +2400 +9600 2004 2011 8055936.73008599 2402527.61634692 233973433.73311 8056071.1701695 2389751.26356702 233980525.50012
a position +2400 +9600 2005 2001 8056595.43861709 2389958.70882758 233968624.659411 8055244.21170438 2402547.86371087 233975065.577955
a position +2400 +9600 2005 2010 8056595.43861709 2389958.70882758 233968624.659411 8056738.26119922 2402480.11868814 233976158.606503
a position +2400 +9600 2006 2012 8056484.05209495 2392084.09028172 233981929.127447 8056206.78942932 2392339.03320106 233967303.413343
a position +2400 +9600 2007 2002 8057701.38450014 2402505.0323796 233974261.680051 8050216.21173357 2390064.68538284 233974411.362301
a position +1800 +9600 2007 2011 8057701.38450014 2402505.0323796 233974261.680051 8056071.1701695 2389751.26356702 233980525.50012
a position +2400 +9600 2008 2001 8062290.06703663 2389854.22427992 233974924.68081 8055244.21170438 2402547.86371087 233975065.577955
a position +2400 +9600 2008 2004 8062290.06703663 2389854.22427992 233974924.68081 8055936.73008599 2402527.61634692 233973433.73311
a position +2400 +9600 2009 2003 8049024.76926117 2392211.15879653 233974801.159106 8063555.79736002 2391957.86636251 233974510.579712
a position +1800 +9600 2010 2002 8056738.26119922 2402480.11868814 233976158.606503 8050216.21173357 2390064.68538284 233974411.362301
a position +2400 +9600 2010 2005 8056738.26119922 2402480.11868814 233976158.606503 8056595.43861709 2389958.70882758 233968624.659411
a position +2400 +9600 2011 2004 8056071.1701695 2389751.26356702 233980525.50012 8055936.73008599 2402527.61634692 233973433.73311
a position +1800 +9600 2011 2007 8056071.1701695 2389751.26356702 233980525.50012 8057701.38450014 2402505.0323796 233974261.680051
a position +2400 +9600 2012 2006 8056206.78942932 2392339.03320106 233967303.413343 8056484.05209495 2392084.09028172 233981929.127447
a position +2400 +10200 1002 2009 8049749.5144362 2394440.23806916 233969999.160764 8034692.02598255 2393152.48843214 233976475.561575
a position +1800 +10200 2001 2011 8039900.4841457 2401808.93884273 233976794.25072 8042044.96944693 2388364.21131909 233981255.066522
a position +1800 +10200 2002 2004 8037204.61903655 2388625.86266987 233976103.354974 8041979.53168788 2401764.8916442 233973816.754173
a position +1800 +10200 2004 2002 8041979.53168788 2401764.8916442 233973816.754173 8037204.61903655 2388625.86266987 233976103.354974
a position +1800 +10200 2005 2007 8042672.78457932 2388536.83846356 233971351.691806 8045082.33340993 2401718.61328532 233976026.629994
a position +1800 +10200 2007 2005 8045082.33340993 2401718.61328532 233976026.629994 8042672.78457932 2388536.83846356 233971351.691806
a position +1800 +10200 2008 2010 8047315.84215472 2388449.61248996 233976722.028859 8042742.30246023 2401670.11786275 233979253.791749
a position +2400 +10200 2009 1002 8034692.02598255 2393152.48843214 233976475.561575 8049749.5144362 2394440.23806916 233969999.160764
a position +1800 +10200 2010 2008 8042742.30246023 2401670.11786275 233979253.791749 8047315.84215472 2388449.61248996 233976722.028859
a position +1800 +10200 2011 2001 8042044.96944693 2388364.21131909 233981255.066522 8039900.4841457 2401808.93884273 233976794.25072
a position +0 +12000 1002 2001 8009690.24655298 2393190.48334178 233978475.688472 7994516.11926785 2398228.7274326 233981903.590741
a position +0 +12000 1003 2004 7998550.66180598 2393190.48334178 233991234.848894 8000178.60710627 2398124.76456414 233975631.316654
a position +0 +12000 2001 1002 7994516.11926785 2398228.7274326 233981903.590741 8009690.24655298 2393190.48334178 233978475.688472
a position +0 +12000 2004 1003 8000178.60710627 2398124.76456414 233975631.316654 7998550.66180598 2393190.48334178 233991234.848894
a position +5400 +13200 1001 2010 7966994.89561362 2392357.26897508 233977031.251788 7972603.20409408 2394588.81537308 233992573.973447
a position +5400 +13200 2001 2007 7965162.2838663 2394975.18479176 233985260.040856 7979897.25130249 2394718.33746191 233984999.103346
a position +5400 +13200 2002 2006 7973877.94566143 2384714.25964171 233984722.288556 7972217.52134751 2397484.98778264 233990966.395736
a position +5400 +13200 2002 2009 7973877.94566143 2384714.25964171 233984722.288556 7966733.20351558 2397586.05112053 233984848.812841
a position +5400 +13200 2002 2012 7973877.94566143 2384714.25964171 233984722.288556 7972765.49559687 2397685.52172089 233979462.047796
a position +5400 +13200 2003 2008 7978418.53158114 2397382.36249176 233985386.195694 7970828.30629082 2384767.41834283 233985520.608918
a position +5400 +13200 2003 2011 7978418.53158114 2397382.36249176 233985386.195694 7972090.06141804 2384797.46983126 233983332.503863
a position +5400 +13200 2004 2010 7972355.76507374 2394847.1403462 233977754.235709 7972603.20409408 2394588.81537308 233992573.973447
a position +5400 +13200 2005 2009 7972885.47468775 2384739.67879639 233986647.89366 7966733.20351558 2397586.05112053 233984848.812841
a position +5400 +13200 2005 2012 7972885.47468775 2384739.67879639 233986647.89366 7972765.49559687 2397685.52172089 233979462.047796
a position +5400 +13200 2006 2002 7972217.52134751 2397484.98778264 233990966.395736 7973877.94566143 2384714.25964171 233984722.288556
a position +5400 +13200 2006 2011 7972217.52134751 2397484.98778264 233990966.395736 7972090.06141804 2384797.46983126 233983332.503863
a position +5400 +13200 2007 2001 7979897.25130249 2394718.33746191 233984999.103346 7965162.2838663 2394975.18479176 233985260.040856
a position +5400 +13200 2008 2003 7970828.30629082 2384767.41834283 233985520.608918 7978418.53158114 2397382.36249176 233985386.195694
a position +5400 +13200 2008 2012 7970828.30629082 2384767.41834283 233985520.608918 7972765.49559687 2397685.52172089 233979462.047796
a position +5400 +13200 2009 2002 7966733.20351558 2397586.05112053 233984848.812841 7973877.94566143 2384714.25964171 233984722.288556
a position +5400 +13200 2009 2005 7966733.20351558 2397586.05112053 233984848.812841 7972885.47468775 2384739.67879639 233986647.89366
a position +5400 +13200 2010 1001 7972603.20409408 2394588.81537308 233992573.973447 7966994.89561362 2392357.26897508 233977031.251788
a position +5400 +13200 2010 2004 7972603.20409408 2394588.81537308 233992573.973447 7972355.76507374 2394847.1403462 233977754.235709
a position +5400 +13200 2011 2003 7972090.06141804 2384797.46983126 233983332.503863 7978418.53158114 2397382.36249176 233985386.195694
a position +5400 +13200 2011 2006 7972090.06141804 2384797.46983126 233983332.503863 7972217.52134751 2397484.98778264 233990966.395736
a position +5400 +13200 2012 2002 7972765.49559687 2397685.52172089 233979462.047796 7973877.94566143 2384714.25964171 233984722.288556
a position +5400 +13200 2012 2005 7972765.49559687 2397685.52172089 233979462.047796 7972885.47468775 2384739.67879639 233986647.89366
a position +5400 +13200 2012 2008 7972765.49559687 2397685.52172089 233979462.047796 7970828.30629082 2384767.41834283 233985520.608918
a position +5400 +13800 2003 2005 7963440.38120255 2397949.99492442 233987178.118729 7958889.06925368 2384721.60265832 233989736.34814
a position +5400 +13800 2005 2003 7958889.06925368 2384721.60265832 233989736.34814 7963440.38120255 2397949.99492442 233987178.118729
a position +4800 +13800 2006 2008 7958191.34387641 2398034.99595247 233991687.056036 7955511.8441549 2384772.77709317 233987238.834443
a position +4800 +13800 2008 2006 7955511.8441549 2384772.77709317 233987238.834443 7958191.34387641 2398034.99595247 233991687.056036
a position +4800 +13800 2009 2011 7953794.1029777 2398118.14058308 233986539.433579 7958137.87924285 2384826.13493098 233983739.479749
a position +4800 +13800 2011 2009 7958137.87924285 2384826.13493098 233983739.479749 7953794.1029777 2398118.14058308 233986539.433579
a position +6600 +15000 1003 2007 7923302.86513206 2391107.38063589 233996896.287097 7938126.37292221 2389305.15847885 233990435.700669
a position +6600 +15000 2007 1003 7938126.37292221 2389305.15847885 233990435.700669 7923302.86513206 2391107.38063589 233996896.287097
a position +0 +15600 1001 2005 7915776.852001 2390690.73338572 233982333.345313 7916830.23657197 2385992.29258221 233998273.883932
a position +1200 +15600 1001 9001 7915776.852001 2390690.73338572 233982333.345313 -135989153.766107 3750.98291015625 -63495968.3965652
a position +0 +15600 1002 2008 7925427.5417945 2390690.73338572 233996252.781706 7910307.92736039 2386100.97602999 233992319.516675
a position +0 +15600 1002 9001 7925427.5417945 2390690.73338572 233996252.781706 -135989153.766107 3750.98291015625 -63495968.3965652
a position +10800 +15600 1003 9001 7908547.61137463 2390690.73338572 233997650.806035 -135989153.766107 3750.98291015625 -63495968.3965652
a position +0 +15600 2001 9001 7909360.51239695 2387807.81549379 233991927.89036 -135989153.766107 3750.98291015625 -63495968.3965652
a position +0 +15600 2002 9001 7922695.85282692 2385885.04032502 233991827.121983 -135989153.766107 3750.98291015625 -63495968.3965652
a position +0 +15600 2003 9001 7917695.63994613 2398379.34433826 233992481.920711 -135989153.766107 3750.98291015625 -63495968.3965652
a position +0 +15600 2004 9001 7916741.66388782 2387682.36007527 233984906.971434 -135989153.766107 3750.98291015625 -63495968.3965652
a position +0 +15600 2005 1001 7916830.23657197 2385992.29258221 233998273.883932 7915776.852001 2390690.73338572 233982333.345313
a position +0 +15600 2005 9001 7916830.23657197 2385992.29258221 233998273.883932 -135989153.766107 3750.98291015625 -63495968.3965652
a position +0 +15600 2006 9001 7916180.10471031 2398397.54749959 233993056.077688 -135989153.766107 3750.98291015625 -63495968.3965652
a position +0 +15600 2007 9001 7923702.34023681 2387557.82103661 233992243.166664 -135989153.766107 3750.98291015625 -63495968.3965652
a position +0 +15600 2008 1002 7910307.92736039 2386100.97602999 233992319.516675 7925427.5417945 2390690.73338572 233996252.781706
a position +0 +15600 2008 9001 7910307.92736039 2386100.97602999 233992319.516675 -135989153.766107 3750.98291015625 -63495968.3965652
a position +0 +15600 2009 9001 7915741.73757284 2398413.40309065 233991674.249715 -135989153.766107 3750.98291015625 -63495968.3965652
a position +0 +15600 2010 9001 7916413.33594355 2387434.23631319 233999141.480145 -135989153.766107 3750.98291015625 -63495968.3965652
a position +0 +15600 2011 9001 7916349.23186154 2386211.05756213 233985723.646959 -135989153.766107 3750.98291015625 -63495968.3965652
a position +0 +15600 2012 9001 7916989.43736499 2398426.90628174 233991371.805949 -135989153.766107 3750.98291015625 -63495968.3965652
a position +1200 +15600 9001 1001 -135989153.766107 3750.98291015625 -63495968.3965652 7915776.852001 2390690.73338572 233982333.345313
a position +0 +15600 9001 1002 -135989153.766107 3750.98291015625 -63495968.3965652 7925427.5417945 2390690.73338572 233996252.781706
a position +10800 +15600 9001 1003 -135989153.766107 3750.98291015625 -63495968.3965652 7908547.61137463 2390690.73338572 233997650.806035
a position +0 +15600 9001 2001 -135989153.766107 3750.98291015625 -63495968.3965652 7909360.51239695 2387807.81549379 233991927.89036
a position +0 +15600 9001 2002 -135989153.766107 3750.98291015625 -63495968.3965652 7922695.85282692 2385885.04032502 233991827.121983
a position +0 +15600 9001 2003 -135989153.766107 3750.98291015625 -63495968.3965652 7917695.63994613 2398379.34433826 233992481.920711
a position +0 +15600 9001 2004 -135989153.766107 3750.98291015625 -63495968.3965652 7916741.66388782 2387682.36007527 233984906.971434
a position +0 +15600 9001 2005 -135989153.766107 3750.98291015625 -63495968.3965652 7916830.23657197 2385992.29258221 233998273.883932
a position +0 +15600 9001 2006 -135989153.766107 3750.98291015625 -63495968.3965652 7916180.10471031 2398397.54749959 233993056.077688
a position +0 +15600 9001 2007 -135989153.766107 3750.98291015625 -63495968.3965652 7923702.34023681 2387557.82103661 233992243.166664
a position +0 +15600 9001 2008 -135989153.766107 3750.98291015625 -63495968.3965652 7910307.92736039 2386100.97602999 233992319.516675
a position +0 +15600 9001 2009 -135989153.766107 3750.98291015625 -63495968.3965652 7915741.73757284 2398413.40309065 233991674.249715
a position +0 +15600 9001 2010 -135989153.766107 3750.98291015625 -63495968.3965652 7916413.33594355 2387434.23631319 233999141.480145
a position +0 +15600 9001 2011 -135989153.766107 3750.98291015625 -63495968.3965652 7916349.23186154 2386211.05756213 233985723.646959
a position +0 +15600 9001 2012 -135989153.766107 3750.98291015625 -63495968.3965652 7916989.43736499 2398426.90628174 233991371.805949
a position +7800 +16200 1003 2002 7893924.64889724 2390274.07723681 233998312.712727 7909486.58822651 2386645.47944907 233993625.667408
a position +7800 +16200 2002 1003 7909486.58822651 2386645.47944907 233993625.667408 7893924.64889724 2390274.07723681 233998312.712727
a position +9000 +16200 2005 2011 7902792.22023054 2386765.9091379 234000756.42454 7902437.29860953 2387009.93737178 233986756.870479
a position +9000 +16200 2011 2005 7902437.29860953 2387009.93737178 233986756.870479 7902792.22023054 2386765.9091379 234000756.42454
a position +9000 +16800 2001 2009 7882899.55539179 2384606.87026739 233995276.650401 7890583.46644529 2397377.52002793 233995157.707491
a position +9000 +16800 2001 2012 7882899.55539179 2384606.87026739 233995276.650401 7889024.96903625 2397342.37574613 233997633.71435
a position +9000 +16800 2002 2008 7896052.6132687 2387524.43981304 233995429.553742 7881135.77288168 2387784.45739658 233995660.4586
a position +9000 +16800 2003 2004 7886945.9274943 2397440.92649088 233995949.254787 7888913.06263739 2384507.74992764 233989911.309848
a position +9000 +16800 2003 2007 7886945.9274943 2397440.92649088 233995949.254787 7894178.85682785 2384410.25914701 233995837.292838
a position +9000 +16800 2003 2010 7886945.9274943 2397440.92649088 233995949.254787 7888342.20320643 2384314.4276218 234001001.936654
a position +9000 +16800 2004 2003 7888913.06263739 2384507.74992764 233989911.309848 7886945.9274943 2397440.92649088 233995949.254787
a position +9000 +16800 2004 2012 7888913.06263739 2384507.74992764 233989911.309848 7889024.96903625 2397342.37574613 233997633.71435
a position +9000 +16800 2006 2007 7888236.86478317 2397410.37361199 233993732.773118 7894178.85682785 2384410.25914701 233995837.292838
a position +9000 +16800 2006 2010 7888236.86478317 2397410.37361199 233993732.773118 7888342.20320643 2384314.4276218 234001001.936654
a position +9000 +16800 2007 2003 7894178.85682785 2384410.25914701 233995837.292838 7886945.9274943 2397440.92649088 233995949.254787
a position +9000 +16800 2007 2006 7894178.85682785 2384410.25914701 233995837.292838 7888236.86478317 2397410.37361199 233993732.773118
a position +8400 +16800 2007 2012 7894178.85682785 2384410.25914701 233995837.292838 7889024.96903625 2397342.37574613 233997633.71435
a position +9000 +16800 2008 2002 7881135.77288168 2387784.45739658 233995660.4586 7896052.6132687 2387524.43981304 233995429.553742
a position +9000 +16800 2009 2001 7890583.46644529 2397377.52002793 233995157.707491 7882899.55539179 2384606.87026739 233995276.650401
a position +9000 +16800 2009 2010 7890583.46644529 2397377.52002793 233995157.707491 7888342.20320643 2384314.4276218 234001001.936654
a position +9000 +16800 2010 2003 7888342.20320643 2384314.4276218 234001001.936654 7886945.9274943 2397440.92649088 233995949.254787
a position +9000 +16800 2010 2006 7888342.20320643 2384314.4276218 234001001.936654 7888236.86478317 2397410.37361199 233993732.773118
a position +9000 +16800 2010 2009 7888342.20320643 2384314.4276218 234001001.936654 7890583.46644529 2397377.52002793 233995157.707491
a position +9000 +16800 2012 2001 7889024.96903625 2397342.37574613 233997633.71435 7882899.55539179 2384606.87026739 233995276.650401
a position +9000 +16800 2012 2004 7889024.96903625 2397342.37574613 233997633.71435 7888913.06263739 2384507.74992764 233989911.309848
a position +8400 +16800 2012 2007 7889024.96903625 2397342.37574613 233997633.71435 7894178.85682785 2384410.25914701 233995837.292838
a position +9600 +17400 1002 2011 7881284.12664444 2389440.73824856 234004477.905918 7874627.84438242 2388884.35594806 233989527.911683
a position +0 +17400 1002 9002 7881284.12664444 2389440.73824856 234004477.905918 -135969284.563896 4196.68310546875 -63536891.5489618
a position +8400 +17400 2001 2006 7869963.87481311 2383245.41997512 233996962.251268 7874284.77023125 2396543.36532147 233994136.224328
a position +8400 +17400 2004 2009 7874985.92321399 2383164.56941882 233992702.792192 7877931.36113482 2396487.37144723 233996917.635744
a position +8400 +17400 2006 2001 7874284.77023125 2396543.36532147 233994136.224328 7869963.87481311 2383245.41997512 233996962.251268
a position +8400 +17400 2009 2004 7877931.36113482 2396487.37144723 233996917.635744 7874985.92321399 2383164.56941882 233992702.792192
a position +9600 +17400 2011 1002 7874627.84438242 2388884.35594806 233989527.911683 7881284.12664444 2389440.73824856 234004477.905918
a position +0 +17400 9002 1002 -135969284.563896 4196.68310546875 -63536891.5489618 7881284.12664444 2389440.73824856 234004477.905918
a position +0 +18600 1003 2009 7836932.78757356 2388607.36368475 234000404.605198 7852266.44459794 2394039.48652391 234000469.864716
a position +0 +18600 2009 1003 7852266.44459794 2394039.48652391 234000469.864716 7836932.78757356 2388607.36368475 234000404.605198
a position +0 +19200 1002 2006 7836169.14593111 2388190.66306621 234011641.249366 7832496.23453723 2392646.22728929 233996114.747405
a position +0 +19200 2006 1002 7832496.23453723 2392646.22728929 233996114.747405 7836169.14593111 2388190.66306621 234011641.249366
a position +12600 +19800 2001 2005 7819346.81511404 2380028.21013682 234003812.74522 7818518.25784022 2392270.81308759 234010561.832661
a position +12600 +19800 2001 2008 7819346.81511404 2380028.21013682 234003812.74522 7812490.3328484 2392380.67971512 234003977.254144
a position +12600 +19800 2002 2007 7825174.70112201 2392159.57667308 234004448.5232 7817890.70905732 2380053.59173025 234004623.289451
a position +12600 +19800 2003 2009 7811740.26854958 2391134.0738667 234004394.778875 7825880.74287995 2390887.58923141 234004055.503701
a position +12600 +19800 2004 2008 7819159.26211134 2380039.72297276 234004946.846363 7812490.3328484 2392380.67971512 234003977.254144
a position +12600 +19800 2004 2011 7819159.26211134 2380039.72297276 234004946.846363 7819001.04087404 2392489.14308906 233998036.549786
a position +12600 +19800 2005 2001 7818518.25784022 2392270.81308759 234010561.832661 7819346.81511404 2380028.21013682 234003812.74522
a position +12600 +19800 2005 2010 7818518.25784022 2392270.81308759 234010561.832661 7818350.17132116 2380069.81218475 234003220.670899
a position +12600 +19800 2006 2012 7818584.26483403 2391011.32461624 233997147.368271 7818910.57259038 2390762.90540278 234011398.826611
a position +12600 +19800 2007 2002 7817890.70905732 2380053.59173025 234004623.289451 7825174.70112201 2392159.57667308 234004448.5232
a position +12600 +19800 2007 2011 7817890.70905732 2380053.59173025 234004623.289451 7819001.04087404 2392489.14308906 233998036.549786
a position +12600 +19800 2008 2001 7812490.3328484 2392380.67971512 234003977.254144 7819346.81511404 2380028.21013682 234003812.74522
a position +12600 +19800 2008 2004 7812490.3328484 2392380.67971512 234003977.254144 7819159.26211134 2380039.72297276 234004946.846363
a position +12600 +19800 2009 2003 7825880.74287995 2390887.58923141 234004055.503701 7811740.26854958 2391134.0738667 234004394.778875
a position +12600 +19800 2010 2005 7818350.17132116 2380069.81218475 234003220.670899 7818518.25784022 2392270.81308759 234010561.832661
a position +12600 +19800 2011 2004 7819001.04087404 2392489.14308906 233998036.549786 7819159.26211134 2380039.72297276 234004946.846363
a position +12600 +19800 2011 2007 7819001.04087404 2392489.14308906 233998036.549786 7817890.70905732 2380053.59173025 234004623.289451
a position +12600 +19800 2012 2006 7818910.57259038 2390762.90540278 234011398.826611 7818584.26483403 2391011.32461624 233997147.368271
a position +12600 +20400 1001 2003 7812701.6827245 2387357.23516431 234000218.345686 7797273.33910133 2389401.77035398 234006056.591667
a position +12000 +20400 2001 2011 7806757.41111497 2379844.57260725 234005555.720157 7805079.40075174 2393106.65064548 234000718.163838
a position +12000 +20400 2002 2004 7810303.50974638 2392825.36253162 234006236.01453 7805169.9407576 2379880.21345581 234008059.759092
a position +12600 +20400 2002 2010 7810303.50974638 2392825.36253162 234006236.01453 7804390.32574859 2379958.31632228 234003579.108292
a position +12600 +20400 2003 1001 7797273.33910133 2389401.77035398 234006056.591667 7812701.6827245 2387357.23516431 234000218.345686
a position +12000 +20400 2004 2002 7805169.9407576 2379880.21345581 234008059.759092 7810303.50974638 2392825.36253162 234006236.01453
a position +12000 +20400 2005 2007 7804486.51103116 2392920.82948233 234011378.460715 7802537.4199895 2379918.13187755 234006339.309001
a position +12000 +20400 2007 2005 7802537.4199895 2379918.13187755 234006339.309001 7804486.51103116 2392920.82948233 234011378.460715
a position +12000 +20400 2008 2010 7799447.12628513 2393014.60170831 234005652.952101 7804390.32574859 2379958.31632228 234003579.108292
a position +12600 +20400 2010 2002 7804390.32574859 2379958.31632228 234003579.108292 7810303.50974638 2392825.36253162 234006236.01453
a position +12000 +20400 2010 2008 7804390.32574859 2379958.31632228 234003579.108292 7799447.12628513 2393014.60170831 234005652.952101
a position +12000 +20400 2011 2001 7805079.40075174 2393106.65064548 234000718.163838 7806757.41111497 2379844.57260725 234005555.720157
a position +0 +21000 2012 9002 7790815.64146055 2387196.68082987 234015454.100068 -135924499.025162 4196.68310546875 -63635131.2425364
a position +0 +21000 9002 2012 -135924499.025162 4196.68310546875 -63635131.2425364 7790815.64146055 2387196.68082987 234015454.100068
a position +0 +21600 1001 1002 7785945.73730347 2386523.77172079 234005877.767628 7775324.17876016 2386523.77172079 234019071.289413
a position +0 +21600 1001 1003 7785945.73730347 2386523.77172079 234005877.767628 7769209.03300001 2386523.77172079 234003275.988994
a position +0 +21600 1001 2001 7785945.73730347 2386523.77172079 234005877.767628 7781341.37214447 2380197.85661277 234009076.821516
a position +0 +21600 1001 2002 7785945.73730347 2386523.77172079 234005877.767628 7780054.70991002 2393591.52355956 234009778.753857
a position +0 +21600 1001 2004 7785945.73730347 2386523.77172079 234005877.767628 7777153.66902456 2380277.51067834 234014033.270756
a position +19800 +21600 1001 2005 7785945.73730347 2386523.77172079 234005877.767628 7776453.01881345 2393646.71312678 234012512.731978
a position +3000 +21600 1001 2006 7785945.73730347 2386523.77172079 234005877.767628 7776872.2612255 2385647.09135718 234001679.043302
a position +0 +21600 1001 2007 7785945.73730347 2386523.77172079 234005877.767628 7772092.93678658 2380359.06741539 234009731.427141
a position +10200 +21600 1001 2008 7785945.73730347 2386523.77172079 234005877.767628 7773846.88893546 2393699.73297704 234009032.272485
a position +0 +21600 1001 2009 7785945.73730347 2386523.77172079 234005877.767628 7784539.12334158 2385512.51476996 234009461.34641
a position +17400 +21600 1001 2010 7785945.73730347 2386523.77172079 234005877.767628 7776507.61051223 2380442.50198123 234004567.953453
a position +0 +21600 1001 2011 7785945.73730347 2386523.77172079 234005877.767628 7777205.05664431 2393750.5669599 234006554.784703
a position +0 +21600 1001 2012 7785945.73730347 2386523.77172079 234005877.767628 7776766.28190695 2385378.24622117 234017102.30788
a position +1200 +21600 1001 9002 7785945.73730347 2386523.77172079 234005877.767628 -135917047.667428 4196.68310546875 -63651528.4206634
a position +0 +21600 1002 1001 7775324.17876016 2386523.77172079 234019071.289413 7785945.73730347 2386523.77172079 234005877.767628
a position +0 +21600 1002 1003 7775324.17876016 2386523.77172079 234019071.289413 7769209.03300001 2386523.77172079 234003275.988994
a position +16800 +21600 1002 2001 7775324.17876016 2386523.77172079 234019071.289413 7781341.37214447 2380197.85661277 234009076.821516
a position +0 +21600 1002 2002 7775324.17876016 2386523.77172079 234019071.289413 7780054.70991002 2393591.52355956 234009778.753857
a position +0 +21600 1002 2003 7775324.17876016 2386523.77172079 234019071.289413 7769082.8670091 2385781.93498996 234009369.470663
a position +6600 +21600 1002 2004 7775324.17876016 2386523.77172079 234019071.289413 7777153.66902456 2380277.51067834 234014033.270756
a position +0 +21600 1002 2005 7775324.17876016 2386523.77172079 234019071.289413 7776453.01881345 2393646.71312678 234012512.731978
a position +0 +21600 1002 2007 7775324.17876016 2386523.77172079 234019071.289413 7772092.93678658 2380359.06741539 234009731.427141
a position +17400 +21600 1002 2008 7775324.17876016 2386523.77172079 234019071.289413 7773846.88893546 2393699.73297704 234009032.272485
a position +13800 +21600 1002 2009 7775324.17876016 2386523.77172079 234019071.289413 7784539.12334158 2385512.51476996 234009461.34641
a position +0 +21600 1002 2010 7775324.17876016 2386523.77172079 234019071.289413 7776507.61051223 2380442.50198123 234004567.953453
a position +20400 +21600 1002 2011 7775324.17876016 2386523.77172079 234019071.289413 7777205.05664431 2393750.5669599 234006554.784703
a position +0 +21600 1002 2012 7775324.17876016 2386523.77172079 234019071.289413 7776766.28190695 2385378.24622117 234017102.30788
a position +21000 +21600 1002 9002 7775324.17876016 2386523.77172079 234019071.289413 -135917047.667428 4196.68310546875 -63651528.4206634
a position +0 +21600 1003 1001 7769209.03300001 2386523.77172079 234003275.988994 7785945.73730347 2386523.77172079 234005877.767628
a position +0 +21600 1003 1002 7769209.03300001 2386523.77172079 234003275.988994 7775324.17876016 2386523.77172079 234019071.289413
a position +0 +21600 1003 2001 7769209.03300001 2386523.77172079 234003275.988994 7781341.37214447 2380197.85661277 234009076.821516
a position +20400 +21600 1003 2002 7769209.03300001 2386523.77172079 234003275.988994 7780054.70991002 2393591.52355956 234009778.753857
a position +3600 +21600 1003 2003 7769209.03300001 2386523.77172079 234003275.988994 7769082.8670091 2385781.93498996 234009369.470663
a position +15000 +21600 1003 2004 7769209.03300001 2386523.77172079 234003275.988994 7777153.66902456 2380277.51067834 234014033.270756
a position +10200 +21600 1003 2005 7769209.03300001 2386523.77172079 234003275.988994 7776453.01881345 2393646.71312678 234012512.731978
a position +0 +21600 1003 2006 7769209.03300001 2386523.77172079 234003275.988994 7776872.2612255 2385647.09135718 234001679.043302
a position +16800 +21600 1003 2007 7769209.03300001 2386523.77172079 234003275.988994 7772092.93678658 2380359.06741539 234009731.427141
a position +0 +21600 1003 2008 7769209.03300001 2386523.77172079 234003275.988994 7773846.88893546 2393699.73297704 234009032.272485
a position +0 +21600 1003 2010 7769209.03300001 2386523.77172079 234003275.988994 7776507.61051223 2380442.50198123 234004567.953453
a position +0 +21600 1003 2011 7769209.03300001 2386523.77172079 234003275.988994 7777205.05664431 2393750.5669599 234006554.784703
a position +13200 +21600 1003 2012 7769209.03300001 2386523.77172079 234003275.988994 7776766.28190695 2385378.24622117 234017102.30788
a position +10800 +21600 1003 9002 7769209.03300001 2386523.77172079 234003275.988994 -135917047.667428 4196.68310546875 -63651528.4206634
a position +0 +21600 2001 1001 7781341.37214447 2380197.85661277 234009076.821516 7785945.73730347 2386523.77172079 234005877.767628
a position +16800 +21600 2001 1002 7781341.37214447 2380197.85661277 234009076.821516 7775324.17876016 2386523.77172079 234019071.289413
a position +0 +21600 2001 1003 7781341.37214447 2380197.85661277 234009076.821516 7769209.03300001 2386523.77172079 234003275.988994
a position +0 +21600 2001 2002 7781341.37214447 2380197.85661277 234009076.821516 7780054.70991002 2393591.52355956 234009778.753857
a position +0 +21600 2001 2003 7781341.37214447 2380197.85661277 234009076.821516 7769082.8670091 2385781.93498996 234009369.470663
a position +0 +21600 2001 2004 7781341.37214447 2380197.85661277 234009076.821516 7777153.66902456 2380277.51067834 234014033.270756
a position +19200 +21600 2001 2006 7781341.37214447 2380197.85661277 234009076.821516 7776872.2612255 2385647.09135718 234001679.043302
a position +16200 +21600 2001 2007 7781341.37214447 2380197.85661277 234009076.821516 7772092.93678658 2380359.06741539 234009731.427141
a position +19800 +21600 2001 2009 7781341.37214447 2380197.85661277 234009076.821516 7784539.12334158 2385512.51476996 234009461.34641
a position +0 +21600 2001 2010 7781341.37214447 2380197.85661277 234009076.821516 7776507.61051223 2380442.50198123 234004567.953453
a position +19200 +21600 2001 2012 7781341.37214447 2380197.85661277 234009076.821516 7776766.28190695 2385378.24622117 234017102.30788
a position +0 +21600 2001 9002 7781341.37214447 2380197.85661277 234009076.821516 -135917047.667428 4196.68310546875 -63651528.4206634
a position +0 +21600 2002 1001 7780054.70991002 2393591.52355956 234009778.753857 7785945.73730347 2386523.77172079 234005877.767628
a position +0 +21600 2002 1002 7780054.70991002 2393591.52355956 234009778.753857 7775324.17876016 2386523.77172079 234019071.289413
a position +20400 +21600 2002 1003 7780054.70991002 2393591.52355956 234009778.753857 7769209.03300001 2386523.77172079 234003275.988994
a position +0 +21600 2002 2001 7780054.70991002 2393591.52355956 234009778.753857 7781341.37214447 2380197.85661277 234009076.821516
a position +0 +21600 2002 2003 7780054.70991002 2393591.52355956 234009778.753857 7769082.8670091 2385781.93498996 234009369.470663
a position +0 +21600 2002 2005 7780054.70991002 2393591.52355956 234009778.753857 7776453.01881345 2393646.71312678 234012512.731978
a position +16200 +21600 2002 2006 7780054.70991002 2393591.52355956 234009778.753857 7776872.2612255 2385647.09135718 234001679.043302
a position +19800 +21600 2002 2008 7780054.70991002 2393591.52355956 234009778.753857 7773846.88893546 2393699.73297704 234009032.272485
a position +16200 +21600 2002 2009 7780054.70991002 2393591.52355956 234009778.753857 7784539.12334158 2385512.51476996 234009461.34641
a position +0 +21600 2002 2011 7780054.70991002 2393591.52355956 234009778.753857 7777205.05664431 2393750.5669599 234006554.784703
a position +15600 +21600 2002 2012 7780054.70991002 2393591.52355956 234009778.753857 7776766.28190695 2385378.24622117 234017102.30788
a position +0 +21600 2002 9002 7780054.70991002 2393591.52355956 234009778.753857 -135917047.667428 4196.68310546875 -63651528.4206634
a position +0 +21600 2003 1002 7769082.8670091 2385781.93498996 234009369.470663 7775324.17876016 2386523.77172079 234019071.289413
a position +3600 +21600 2003 1003 7769082.8670091 2385781.93498996 234009369.470663 7769209.03300001 2386523.77172079 234003275.988994
a position +0 +21600 2003 2001 7769082.8670091 2385781.93498996 234009369.470663 7781341.37214447 2380197.85661277 234009076.821516
a position +0 +21600 2003 2002 7769082.8670091 2385781.93498996 234009369.470663 7780054.70991002 2393591.52355956 234009778.753857
a position +19800 +21600 2003 2004 7769082.8670091 2385781.93498996 234009369.470663 7777153.66902456 2380277.51067834 234014033.270756
a position +15600 +21600 2003 2005 7769082.8670091 2385781.93498996 234009369.470663 7776453.01881345 2393646.71312678 234012512.731978
a position +0 +21600 2003 2006 7769082.8670091 2385781.93498996 234009369.470663 7776872.2612255 2385647.09135718 234001679.043302
a position +19800 +21600 2003 2007 7769082.8670091 2385781.93498996 234009369.470663 7772092.93678658 2380359.06741539 234009731.427141
a position +16200 +21600 2003 2008 7769082.8670091 2385781.93498996 234009369.470663 7773846.88893546 2393699.73297704 234009032.272485
a position +19200 +21600 2003 2010 7769082.8670091 2385781.93498996 234009369.470663 7776507.61051223 2380442.50198123 234004567.953453
a position +15600 +21600 2003 2011 7769082.8670091 2385781.93498996 234009369.470663 7777205.05664431 2393750.5669599 234006554.784703
a position +0 +21600 2003 2012 7769082.8670091 2385781.93498996 234009369.470663 7776766.28190695 2385378.24622117 234017102.30788
a position +0 +21600 2003 9002 7769082.8670091 2385781.93498996 234009369.470663 -135917047.667428 4196.68310546875 -63651528.4206634
a position +0 +21600 2004 1001 7777153.66902456 2380277.51067834 234014033.270756 7785945.73730347 2386523.77172079 234005877.767628
a position +6600 +21600 2004 1002 7777153.66902456 2380277.51067834 234014033.270756 7775324.17876016 2386523.77172079 234019071.289413
a position +15000 +21600 2004 1003 7777153.66902456 2380277.51067834 234014033.270756 7769209.03300001 2386523.77172079 234003275.988994
a position +0 +21600 2004 2001 7777153.66902456 2380277.51067834 234014033.270756 7781341.37214447 2380197.85661277 234009076.821516
a position +19800 +21600 2004 2003 7777153.66902456 2380277.51067834 234014033.270756 7769082.8670091 2385781.93498996 234009369.470663
a position +0 +21600 2004 2005 7777153.66902456 2380277.51067834 234014033.270756 7776453.01881345 2393646.71312678 234012512.731978
a position +0 +21600 2004 2006 7777153.66902456 2380277.51067834 234014033.270756 7776872.2612255 2385647.09135718 234001679.043302
a position +0 +21600 2004 2007 7777153.66902456 2380277.51067834 234014033.270756 7772092.93678658 2380359.06741539 234009731.427141
a position +19200 +21600 2004 2009 7777153.66902456 2380277.51067834 234014033.270756 7784539.12334158 2385512.51476996 234009461.34641
a position +16200 +21600 2004 2010 7777153.66902456 2380277.51067834 234014033.270756 7776507.61051223 2380442.50198123 234004567.953453
a position +19200 +21600 2004 2012 7777153.66902456 2380277.51067834 234014033.270756 7776766.28190695 2385378.24622117 234017102.30788
a position +0 +21600 2004 9002 7777153.66902456 2380277.51067834 234014033.270756 -135917047.667428 4196.68310546875 -63651528.4206634
a position +19800 +21600 2005 1001 7776453.01881345 2393646.71312678 234012512.731978 7785945.73730347 2386523.77172079 234005877.767628
a position +0 +21600 2005 1002 7776453.01881345 2393646.71312678 234012512.731978 7775324.17876016 2386523.77172079 234019071.289413
a position +10200 +21600 2005 1003 7776453.01881345 2393646.71312678 234012512.731978 7769209.03300001 2386523.77172079 234003275.988994
a position +0 +21600 2005 2002 7776453.01881345 2393646.71312678 234012512.731978 7780054.70991002 2393591.52355956 234009778.753857
a position +15600 +21600 2005 2003 7776453.01881345 2393646.71312678 234012512.731978 7769082.8670091 2385781.93498996 234009369.470663
a position +0 +21600 2005 2004 7776453.01881345 2393646.71312678 234012512.731978 7777153.66902456 2380277.51067834 234014033.270756
a position +0 +21600 2005 2006 7776453.01881345 2393646.71312678 234012512.731978 7776872.2612255 2385647.09135718 234001679.043302
a position +0 +21600 2005 2008 7776453.01881345 2393646.71312678 234012512.731978 7773846.88893546 2393699.73297704 234009032.272485
a position +16200 +21600 2005 2009 7776453.01881345 2393646.71312678 234012512.731978 7784539.12334158 2385512.51476996 234009461.34641
a position +19200 +21600 2005 2011 7776453.01881345 2393646.71312678 234012512.731978 7777205.05664431 2393750.5669599 234006554.784703
a position +16200 +21600 2005 2012 7776453.01881345 2393646.71312678 234012512.731978 7776766.28190695 2385378.24622117 234017102.30788
a position +0 +21600 2005 9002 7776453.01881345 2393646.71312678 234012512.731978 -135917047.667428 4196.68310546875 -63651528.4206634
a position +3000 +21600 2006 1001 7776872.2612255 2385647.09135718 234001679.043302 7785945.73730347 2386523.77172079 234005877.767628
a position +0 +21600 2006 1003 7776872.2612255 2385647.09135718 234001679.043302 7769209.03300001 2386523.77172079 234003275.988994
a position +19200 +21600 2006 2001 7776872.2612255 2385647.09135718 234001679.043302 7781341.37214447 2380197.85661277 234009076.821516
a position +16200 +21600 2006 2002 7776872.2612255 2385647.09135718 234001679.043302 7780054.70991002 2393591.52355956 234009778.753857
a position +0 +21600 2006 2003 7776872.2612255 2385647.09135718 234001679.043302 7769082.8670091 2385781.93498996 234009369.470663
a position +0 +21600 2006 2004 7776872.2612255 2385647.09135718 234001679.043302 7777153.66902456 2380277.51067834 234014033.270756
a position +0 +21600 2006 2005 7776872.2612255 2385647.09135718 234001679.043302 7776453.01881345 2393646.71312678 234012512.731978
a position +19200 +21600 2006 2007 7776872.2612255 2385647.09135718 234001679.043302 7772092.93678658 2380359.06741539 234009731.427141
a position +15600 +21600 2006 2008 7776872.2612255 2385647.09135718 234001679.043302 7773846.88893546 2393699.73297704 234009032.272485
a position +0 +21600 2006 2009 7776872.2612255 2385647.09135718 234001679.043302 7784539.12334158 2385512.51476996 234009461.34641
a position +19200 +21600 2006 2010 7776872.2612255 2385647.09135718 234001679.043302 7776507.61051223 2380442.50198123 234004567.953453
a position +16200 +21600 2006 2011 7776872.2612255 2385647.09135718 234001679.043302 7777205.05664431 2393750.5669599 234006554.784703
a position +0 +21600 2006 9002 7776872.2612255 2385647.09135718 234001679.043302 -135917047.667428 4196.68310546875 -63651528.4206634
a position +0 +21600 2007 1001 7772092.93678658 2380359.06741539 234009731.427141 7785945.73730347 2386523.77172079 234005877.767628
a position +0 +21600 2007 1002 7772092.93678658 2380359.06741539 234009731.427141 7775324.17876016 2386523.77172079 234019071.289413
a position +16800 +21600 2007 1003 7772092.93678658 2380359.06741539 234009731.427141 7769209.03300001 2386523.77172079 234003275.988994
a position +16200 +21600 2007 2001 7772092.93678658 2380359.06741539 234009731.427141 7781341.37214447 2380197.85661277 234009076.821516
a position +19800 +21600 2007 2003 7772092.93678658 2380359.06741539 234009731.427141 7769082.8670091 2385781.93498996 234009369.470663
a position +0 +21600 2007 2004 7772092.93678658 2380359.06741539 234009731.427141 7777153.66902456 2380277.51067834 234014033.270756
a position +19200 +21600 2007 2006 7772092.93678658 2380359.06741539 234009731.427141 7776872.2612255 2385647.09135718 234001679.043302
a position +0 +21600 2007 2008 7772092.93678658 2380359.06741539 234009731.427141 7773846.88893546 2393699.73297704 234009032.272485
a position +0 +21600 2007 2009 7772092.93678658 2380359.06741539 234009731.427141 7784539.12334158 2385512.51476996 234009461.34641
a position +0 +21600 2007 2010 7772092.93678658 2380359.06741539 234009731.427141 7776507.61051223 2380442.50198123 234004567.953453
a position +18600 +21600 2007 2012 7772092.93678658 2380359.06741539 234009731.427141 7776766.28190695 2385378.24622117 234017102.30788
a position +0 +21600 2007 9002 7772092.93678658 2380359.06741539 234009731.427141 -135917047.667428 4196.68310546875 -63651528.4206634
a position +10200 +21600 2008 1001 7773846.88893546 2393699.73297704 234009032.272485 7785945.73730347 2386523.77172079 234005877.767628
a position +17400 +21600 2008 1002 7773846.88893546 2393699.73297704 234009032.272485 7775324.17876016 2386523.77172079 234019071.289413
a position +0 +21600 2008 1003 7773846.88893546 2393699.73297704 234009032.272485 7769209.03300001 2386523.77172079 234003275.988994
a position +19800 +21600 2008 2002 7773846.88893546 2393699.73297704 234009032.272485 7780054.70991002 2393591.52355956 234009778.753857
a position +16200 +21600 2008 2003 7773846.88893546 2393699.73297704 234009032.272485 7769082.8670091 2385781.93498996 234009369.470663
a position +0 +21600 2008 2005 7773846.88893546 2393699.73297704 234009032.272485 7776453.01881345 2393646.71312678 234012512.731978
a position +15600 +21600 2008 2006 7773846.88893546 2393699.73297704 234009032.272485 7776872.2612255 2385647.09135718 234001679.043302
a position +0 +21600 2008 2007 7773846.88893546 2393699.73297704 234009032.272485 7772092.93678658 2380359.06741539 234009731.427141
a position +0 +21600 2008 2009 7773846.88893546 2393699.73297704 234009032.272485 7784539.12334158 2385512.51476996 234009461.34641
a position +0 +21600 2008 2011 7773846.88893546 2393699.73297704 234009032.272485 7777205.05664431 2393750.5669599 234006554.784703
a position +16200 +21600 2008 2012 7773846.88893546 2393699.73297704 234009032.272485 7776766.28190695 2385378.24622117 234017102.30788
a position +0 +21600 2008 9002 7773846.88893546 2393699.73297704 234009032.272485 -135917047.667428 4196.68310546875 -63651528.4206634
a position +0 +21600 2009 1001 7784539.12334158 2385512.51476996 234009461.34641 7785945.73730347 2386523.77172079 234005877.767628
a position +13800 +21600 2009 1002 7784539.12334158 2385512.51476996 234009461.34641 7775324.17876016 2386523.77172079 234019071.289413
a position +19800 +21600 2009 2001 7784539.12334158 2385512.51476996 234009461.34641 7781341.37214447 2380197.85661277 234009076.821516
a position +16200 +21600 2009 2002 7784539.12334158 2385512.51476996 234009461.34641 7780054.70991002 2393591.52355956 234009778.753857
a position +19200 +21600 2009 2004 7784539.12334158 2385512.51476996 234009461.34641 7777153.66902456 2380277.51067834 234014033.270756
a position +16200 +21600 2009 2005 7784539.12334158 2385512.51476996 234009461.34641 7776453.01881345 2393646.71312678 234012512.731978
a position +0 +21600 2009 2006 7784539.12334158 2385512.51476996 234009461.34641 7776872.2612255 2385647.09135718 234001679.043302
a position +0 +21600 2009 2007 7784539.12334158 2385512.51476996 234009461.34641 7772092.93678658 2380359.06741539 234009731.427141
a position +0 +21600 2009 2008 7784539.12334158 2385512.51476996 234009461.34641 7773846.88893546 2393699.73297704 234009032.272485
a position +19200 +21600 2009 2010 7784539.12334158 2385512.51476996 234009461.34641 7776507.61051223 2380442.50198123 234004567.953453
a position +15600 +21600 2009 2011 7784539.12334158 2385512.51476996 234009461.34641 7777205.05664431 2393750.5669599 234006554.784703
a position +0 +21600 2009 2012 7784539.12334158 2385512.51476996 234009461.34641 7776766.28190695 2385378.24622117 234017102.30788
a position +0 +21600 2009 9002 7784539.12334158 2385512.51476996 234009461.34641 -135917047.667428 4196.68310546875 -63651528.4206634
a position +17400 +21600 2010 1001 7776507.61051223 2380442.50198123 234004567.953453 7785945.73730347 2386523.77172079 234005877.767628
a position +0 +21600 2010 1002 7776507.61051223 2380442.50198123 234004567.953453 7775324.17876016 2386523.77172079 234019071.289413
a position +0 +21600 2010 1003 7776507.61051223 2380442.50198123 234004567.953453 7769209.03300001 2386523.77172079 234003275.988994
a position +0 +21600 2010 2001 7776507.61051223 2380442.50198123 234004567.953453 7781341.37214447 2380197.85661277 234009076.821516
a position +19200 +21600 2010 2003 7776507.61051223 2380442.50198123 234004567.953453 7769082.8670091 2385781.93498996 234009369.470663
a position +16200 +21600 2010 2004 7776507.61051223 2380442.50198123 234004567.953453 7777153.66902456 2380277.51067834 234014033.270756
a position +19200 +21600 2010 2006 7776507.61051223 2380442.50198123 234004567.953453 7776872.2612255 2385647.09135718 234001679.043302
a position +0 +21600 2010 2007 7776507.61051223 2380442.50198123 234004567.953453 7772092.93678658 2380359.06741539 234009731.427141
a position +19200 +21600 2010 2009 7776507.61051223 2380442.50198123 234004567.953453 7784539.12334158 2385512.51476996 234009461.34641
a position +0 +21600 2010 2011 7776507.61051223 2380442.50198123 234004567.953453 7777205.05664431 2393750.5669599 234006554.784703
a position +0 +21600 2010 2012 7776507.61051223 2380442.50198123 234004567.953453 7776766.28190695 2385378.24622117 234017102.30788
a position +0 +21600 2010 9002 7776507.61051223 2380442.50198123 234004567.953453 -135917047.667428 4196.68310546875 -63651528.4206634
a position +0 +21600 2011 1001 7777205.05664431 2393750.5669599 234006554.784703 7785945.73730347 2386523.77172079 234005877.767628
a position +20400 +21600 2011 1002 7777205.05664431 2393750.5669599 234006554.784703 7775324.17876016 2386523.77172079 234019071.289413
a position +0 +21600 2011 1003 7777205.05664431 2393750.5669599 234006554.784703 7769209.03300001 2386523.77172079 234003275.988994
a position +0 +21600 2011 2002 7777205.05664431 2393750.5669599 234006554.784703 7780054.70991002 2393591.52355956 234009778.753857
a position +15600 +21600 2011 2003 7777205.05664431 2393750.5669599 234006554.784703 7769082.8670091 2385781.93498996 234009369.470663
a position +19200 +21600 2011 2005 7777205.05664431 2393750.5669599 234006554.784703 7776453.01881345 2393646.71312678 234012512.731978
a position +16200 +21600 2011 2006 7777205.05664431 2393750.5669599 234006554.784703 7776872.2612255 2385647.09135718 234001679.043302
a position +0 +21600 2011 2008 7777205.05664431 2393750.5669599 234006554.784703 7773846.88893546 2393699.73297704 234009032.272485
a position +15600 +21600 2011 2009 7777205.05664431 2393750.5669599 234006554.784703 7784539.12334158 2385512.51476996 234009461.34641
a position +0 +21600 2011 2010 7777205.05664431 2393750.5669599 234006554.784703 7776507.61051223 2380442.50198123 234004567.953453
a position +0 +21600 2011 2012 7777205.05664431 2393750.5669599 234006554.784703 7776766.28190695 2385378.24622117 234017102.30788
a position +0 +21600 2011 9002 7777205.05664431 2393750.5669599 234006554.784703 -135917047.667428 4196.68310546875 -63651528.4206634
a position +0 +21600 2012 1001 7776766.28190695 2385378.24622117 234017102.30788 7785945.73730347 2386523.77172079 234005877.767628
a position +0 +21600 2012 1002 7776766.28190695 2385378.24622117 234017102.30788 7775324.17876016 2386523.77172079 234019071.289413
a position +13200 +21600 2012 1003 7776766.28190695 2385378.24622117 234017102.30788 7769209.03300001 2386523.77172079 234003275.988994
a position +19200 +21600 2012 2001 7776766.28190695 2385378.24622117 234017102.30788 7781341.37214447 2380197.85661277 234009076.821516
a position +15600 +21600 2012 2002 7776766.28190695 2385378.24622117 234017102.30788 7780054.70991002 2393591.52355956 234009778.753857
a position +0 +21600 2012 2003 7776766.28190695 2385378.24622117 234017102.30788 7769082.8670091 2385781.93498996 234009369.470663
a position +19200 +21600 2012 2004 7776766.28190695 2385378.24622117 234017102.30788 7777153.66902456 2380277.51067834 234014033.270756
a position +16200 +21600 2012 2005 7776766.28190695 2385378.24622117 234017102.30788 7776453.01881345 2393646.71312678 234012512.731978
a position +18600 +21600 2012 2007 7776766.28190695 2385378.24622117 234017102.30788 7772092.93678658 2380359.06741539 234009731.427141
a position +16200 +21600 2012 2008 7776766.28190695 2385378.24622117 234017102.30788 7773846.88893546 2393699.73297704 234009032.272485
a position +0 +21600 2012 2009 7776766.28190695 2385378.24622117 234017102.30788 7784539.12334158 2385512.51476996 234009461.34641
a position +0 +21600 2012 2010 7776766.28190695 2385378.24622117 234017102.30788 7776507.61051223 2380442.50198123 234004567.953453
a position +0 +21600 2012 2011 7776766.28190695 2385378.24622117 234017102.30788 7777205.05664431 2393750.5669599 234006554.784703
a position +1200 +21600 9002 1001 -135917047.667428 4196.68310546875 -63651528.4206634 7785945.73730347 2386523.77172079 234005877.767628
a position +21000 +21600 9002 1002 -135917047.667428 4196.68310546875 -63651528.4206634 7775324.17876016 2386523.77172079 234019071.289413
a position +10800 +21600 9002 1003 -135917047.667428 4196.68310546875 -63651528.4206634 7769209.03300001 2386523.77172079 234003275.988994
a position +0 +21600 9002 2001 -135917047.667428 4196.68310546875 -63651528.4206634 7781341.37214447 2380197.85661277 234009076.821516
a position +0 +21600 9002 2002 -135917047.667428 4196.68310546875 -63651528.4206634 7780054.70991002 2393591.52355956 234009778.753857
a position +0 +21600 9002 2003 -135917047.667428 4196.68310546875 -63651528.4206634 7769082.8670091 2385781.93498996 234009369.470663
a position +0 +21600 9002 2004 -135917047.667428 4196.68310546875 -63651528.4206634 7777153.66902456 2380277.51067834 234014033.270756
a position +0 +21600 9002 2005 -135917047.667428 4196.68310546875 -63651528.4206634 7776453.01881345 2393646.71312678 234012512.731978
a position +0 +21600 9002 2006 -135917047.667428 4196.68310546875 -63651528.4206634 7776872.2612255 2385647.09135718 234001679.043302
a position +0 +21600 9002 2007 -135917047.667428 4196.68310546875 -63651528.4206634 7772092.93678658 2380359.06741539 234009731.427141
a position +0 +21600 9002 2008 -135917047.667428 4196.68310546875 -63651528.4206634 7773846.88893546 2393699.73297704 234009032.272485
a position +0 +21600 9002 2009 -135917047.667428 4196.68310546875 -63651528.4206634 7784539.12334158 2385512.51476996 234009461.34641
a position +0 +21600 9002 2010 -135917047.667428 4196.68310546875 -63651528.4206634 7776507.61051223 2380442.50198123 234004567.953453
a position +0 +21600 9002 2011 -135917047.667428 4196.68310546875 -63651528.4206634 7777205.05664431 2393750.5669599 234006554.784703

