a contact +0 +600 1003 2011 50
a contact +0 +600 1006 2017 50
a contact +0 +600 1008 2029 50
a contact +0 +600 2011 1003 50
a contact +0 +600 2017 1006 50
a contact +0 +600 2029 1008 50
a contact +0 +1200 1004 2015 50
a contact +0 +1200 1005 2008 50
a contact +0 +1200 2008 1005 50
a contact +0 +1200 2015 1004 50
a contact +0 +1800 1001 2010 50
a contact +0 +1800 1007 9007 50
a contact +0 +1800 2010 1001 50
a contact +0 +1800 9007 1007 50
a contact +1200 +2400 1005 9004 50
a contact +0 +2400 1009 2012 50
a contact +0 +2400 2012 1009 50
a contact +1200 +2400 9004 1005 50
a contact +1200 +3000 1004 2001 50
a contact +600 +3000 1008 9008 50
a contact +1200 +3000 2001 1004 50
a contact +600 +3000 9008 1008 50
a contact +600 +3600 1006 9005 50
a contact +1800 +3600 1007 2015 50
a contact +1800 +3600 2015 1007 50
a contact +600 +3600 9005 1006 50
a contact +600 +4200 1003 9001 50
a contact +600 +4200 9001 1003 50
a contact +3000 +4800 1008 2022 50
a contact +2400 +4800 1009 2038 50
a contact +3000 +4800 2022 1008 50
a contact +2400 +4800 2038 1009 50
a contact +2400 +5400 1005 2002 50
a contact +2400 +5400 2002 1005 50
a contact +0 +6000 1002 9002 50
a contact +4200 +6000 1003 2044 50
a contact +5400 +6000 1005 2009 50
a contact +5400 +6000 2009 1005 50
a contact +4200 +6000 2044 1003 50
a contact +0 +6000 9002 1002 50
a contact +3600 +6600 1007 9005 50
a contact +4800 +6600 1008 2029 50
a contact +4800 +6600 2029 1008 50
a contact +3600 +6600 9005 1007 50
a contact +6000 +7800 1003 2006 50
a contact +6600 +7800 1008 2009 50
a contact +4800 +7800 1009 9001 50
a contact +6000 +7800 2006 1003 50
a contact +6600 +7800 2009 1008 50
a contact +4800 +7800 9001 1009 50
a contact +6000 +9000 1002 2012 50
a contact +6600 +9000 1007 2028 50
a contact +7800 +9000 1008 2024 50
a contact +6000 +9000 2012 1002 50
a contact +7800 +9000 2024 1008 50
a contact +6600 +9000 2028 1007 50
a contact +9000 +9600 1007 2021 50
a contact +7800 +9600 1009 2011 50
a contact +7800 +9600 2011 1009 50
a contact +9000 +9600 2021 1007 50
a contact +6000 +10200 1005 9002 50
a contact +6000 +10200 9002 1005 50
a contact +9000 +10800 1002 2008 50
a contact +3000 +10800 1004 9008 50
a contact +3600 +10800 1006 9004 50
a contact +9000 +10800 2008 1002 50
a contact +3600 +10800 9004 1006 50
a contact +3000 +10800 9008 1004 50
a contact +10800 +11400 1002 9002 50
a contact +10200 +11400 1005 2016 50
a contact +9600 +11400 1007 2009 50
a contact +9000 +11400 1008 2036 50
a contact +9600 +11400 2009 1007 50
a contact +10200 +11400 2016 1005 50
a contact +9000 +11400 2036 1008 50
a contact +10800 +11400 9002 1002 50
a contact +11400 +12000 1008 9008 50
a contact +11400 +12000 9008 1008 50
a contact +11400 +12600 1002 2016 50
a contact +11400 +12600 2016 1002 50
a contact +7800 +13200 1003 9005 50
a contact +11400 +13200 1005 2043 50
a contact +11400 +13200 2043 1005 50
a contact +7800 +13200 9005 1003 50
a contact +1800 +13800 1001 9007 50
a contact +12600 +13800 1002 9008 50
a contact +13200 +13800 1005 9005 50
a contact +12000 +13800 1008 2038 50
a contact +12000 +13800 2038 1008 50
a contact +13200 +13800 9005 1005 50
a contact +1800 +13800 9007 1001 50
a contact +12600 +13800 9008 1002 50
a contact +13200 +14400 1003 2042 50
a contact +10800 +14400 1006 2028 50
a contact +13800 +14400 1008 9005 50
a contact +9600 +14400 1009 9001 50
a contact +10800 +14400 2028 1006 50
a contact +13200 +14400 2042 1003 50
a contact +9600 +14400 9001 1009 50
a contact +13800 +14400 9005 1008 50
a contact +13800 +15000 1001 2026 50
a contact +13800 +15000 1002 2010 50
a contact +10800 +15000 1004 9004 50
a contact +13800 +15000 1005 2031 50
a contact +11400 +15000 1007 9002 50
a contact +14400 +15000 1008 9008 50
a contact +14400 +15000 1009 9007 50
a contact +13800 +15000 2010 1002 50
a contact +13800 +15000 2026 1001 50
a contact +13800 +15000 2031 1005 50
a contact +11400 +15000 9002 1007 50
a contact +10800 +15000 9004 1004 50
a contact +14400 +15000 9007 1009 50
a contact +14400 +15000 9008 1008 50
a contact +14400 +15600 1003 9005 50
a contact +14400 +15600 1006 9001 50
a contact +15000 +15600 1008 9004 50
a contact +14400 +15600 9001 1006 50
a contact +15000 +15600 9004 1008 50
a contact +14400 +15600 9005 1003 50
a contact +15000 +16200 1002 9008 50
a contact +15000 +16200 1004 2036 50
a contact +15600 +16200 1006 2019 50
a contact +15600 +16200 2019 1006 50
a contact +15000 +16200 2036 1004 50
a contact +15000 +16200 9008 1002 50
a contact +15600 +16800 1003 2016 50
a contact +16200 +16800 1006 2032 50
a contact +15000 +16800 1009 2012 50
a contact +15000 +16800 2012 1009 50
a contact +15600 +16800 2016 1003 50
a contact +16200 +16800 2032 1006 50
a contact +16800 +17400 1003 2008 50
a contact +15000 +17400 1005 2034 50
a contact +16800 +17400 1006 9005 50
a contact +15000 +17400 1007 2018 50
a contact +15600 +17400 1008 2010 50
a contact +16800 +17400 2008 1003 50
a contact +15600 +17400 2010 1008 50
a contact +15000 +17400 2018 1007 50
a contact +15000 +17400 2034 1005 50
a contact +16800 +17400 9005 1006 50
a contact +17400 +18000 1008 9008 50
a contact +16800 +18000 1009 2006 50
a contact +16800 +18000 2006 1009 50
a contact +17400 +18000 9008 1008 50
a contact +15000 +18600 1001 9002 50
a contact +16200 +18600 1002 2002 50
a contact +17400 +18600 1003 9005 50
a contact +17400 +18600 1006 2001 50
a contact +17400 +18600 2001 1006 50
a contact +16200 +18600 2002 1002 50
a contact +15000 +18600 9002 1001 50
a contact +17400 +18600 9005 1003 50
a contact +16200 +19200 1004 2033 50
a contact +17400 +19200 1005 2016 50
a contact +18000 +19200 1009 2023 50
a contact +17400 +19200 2016 1005 50
a contact +18000 +19200 2023 1009 50
a contact +16200 +19200 2033 1004 50
a contact +18600 +19800 1001 2039 50
a contact +17400 +19800 1007 2029 50
a contact +18000 +19800 1008 2020 50
a contact +18000 +19800 2020 1008 50
a contact +17400 +19800 2029 1007 50
a contact +18600 +19800 2039 1001 50
a contact +18600 +20400 1002 2007 50
a contact +19200 +20400 1004 2018 50
a contact +19200 +20400 1009 9005 50
a contact +18600 +20400 2007 1002 50
a contact +19200 +20400 2018 1004 50
a contact +19200 +20400 9005 1009 50
a contact +20400 +21000 1002 9005 50
a contact +19200 +21000 1005 2006 50
a contact +18600 +21000 1006 9002 50
a contact +19800 +21000 1008 2038 50
a contact +19200 +21000 2006 1005 50
a contact +19800 +21000 2038 1008 50
a contact +18600 +21000 9002 1006 50
a contact +20400 +21000 9005 1002 50
a contact +19800 +21600 1001 2020 50
a contact +19800 +21600 2020 1001 50
a contact +21000 +22200 1006 2015 50
a contact +21000 +22200 2015 1006 50
a contact +21600 +22800 1001 2038 50
a contact +21000 +22800 1002 2001 50
a contact +20400 +22800 1004 2004 50
a contact +19800 +22800 1007 9008 50
a contact +21000 +22800 2001 1002 50
a contact +20400 +22800 2004 1004 50
a contact +21600 +22800 2038 1001 50
a contact +19800 +22800 9008 1007 50
a contact +21000 +23400 1008 9002 50
a contact +20400 +23400 1009 2005 50
a contact +20400 +23400 2005 1009 50
a contact +21000 +23400 9002 1008 50
a contact +18600 +24000 1003 2037 50
a contact +21000 +24000 1005 9005 50
a contact +22200 +24000 1006 2021 50
a contact +22800 +24000 1007 2030 50
a contact +22200 +24000 2021 1006 50
a contact +22800 +24000 2030 1007 50
a contact +18600 +24000 2037 1003 50
a contact +21000 +24000 9005 1005 50
a contact +22800 +24600 1002 2029 50
a contact +22800 +24600 2029 1002 50
a contact +22800 +25200 1001 9008 50
a contact +24000 +25200 1006 2025 50
a contact +24000 +25200 1007 9005 50
a contact +23400 +25200 1008 2002 50
a contact +23400 +25200 2002 1008 50
a contact +24000 +25200 2025 1006 50
a contact +24000 +25200 9005 1007 50
a contact +22800 +25200 9008 1001 50
a contact +24600 +25800 1002 2008 50
a contact +24000 +25800 1003 2004 50
a contact +24000 +25800 1005 2035 50
a contact +23400 +25800 1009 9002 50
a contact +24000 +25800 2004 1003 50
a contact +24600 +25800 2008 1002 50
a contact +24000 +25800 2035 1005 50
a contact +23400 +25800 9002 1009 50
a contact +25200 +26400 1001 2001 50
a contact +22800 +26400 1004 2003 50
a contact +25200 +26400 1007 9008 50
a contact +25200 +26400 2001 1001 50
a contact +22800 +26400 2003 1004 50
a contact +25200 +26400 9008 1007 50
a contact +25800 +27000 1003 9002 50
a contact +25800 +27000 1009 2009 50
a contact +25800 +27000 2009 1009 50
a contact +25800 +27000 9002 1003 50
a contact +25800 +27600 1005 2040 50
a contact +25200 +27600 1008 2023 50
a contact +25200 +27600 2023 1008 50
a contact +25800 +27600 2040 1005 50
a contact +26400 +28200 1001 2020 50
a contact +25800 +28200 1002 2035 50
a contact +26400 +28200 1004 9008 50
a contact +27000 +28200 1009 2008 50
a contact +27000 +28200 2008 1009 50
a contact +26400 +28200 2020 1001 50
a contact +25800 +28200 2035 1002 50
a contact +26400 +28200 9008 1004 50
a contact +28200 +28800 1002 9008 50
a contact +28200 +28800 1004 2001 50
a contact +27600 +28800 1005 9002 50
a contact +26400 +28800 1007 2002 50
a contact +27600 +28800 1008 2010 50
a contact +28200 +28800 2001 1004 50
a contact +26400 +28800 2002 1007 50
a contact +27600 +28800 2010 1008 50
a contact +27600 +28800 9002 1005 50
a contact +28200 +28800 9008 1002 50
a contact +27000 +29400 1003 2022 50
a contact +25200 +29400 1006 9005 50
a contact +27000 +29400 2022 1003 50
a contact +25200 +29400 9005 1006 50
a contact +28200 +30000 1001 2004 50
a contact +28800 +30000 1002 2034 50
a contact +28800 +30000 1007 2027 50
a contact +28800 +30000 1008 9002 50
a contact +28200 +30000 1009 2017 50
a contact +28200 +30000 2004 1001 50
a contact +28200 +30000 2017 1009 50
a contact +28800 +30000 2027 1007 50
a contact +28800 +30000 2034 1002 50
a contact +28800 +30000 9002 1008 50
a contact +28800 +30600 1005 2030 50
a contact +30000 +30600 1008 2036 50
a contact +28800 +30600 2030 1005 50
a contact +30000 +30600 2036 1008 50
a contact +30000 +31200 1001 2017 50
a contact +30000 +31200 2017 1001 50
a contact +29400 +31800 1003 2028 50
a contact +29400 +31800 2028 1003 50
a contact +29400 +32400 1006 2014 50
a contact +29400 +32400 2014 1006 50
a contact +31200 +33000 1001 2010 50
a contact +30000 +33000 1002 9005 50
a contact +30600 +33000 1008 9006 50
a contact +31200 +33000 2010 1001 50
a contact +30000 +33000 9005 1002 50
a contact +30600 +33000 9006 1008 50
a contact +33000 +33600 1002 2034 50
a contact +31800 +33600 1003 2012 50
a contact +28800 +33600 1004 9008 50
a contact +31800 +33600 2012 1003 50
a contact +33000 +33600 2034 1002 50
a contact +28800 +33600 9008 1004 50
a contact +30000 +34200 1007 9003 50
a contact +30000 +34200 1009 2021 50
a contact +30000 +34200 2021 1009 50
a contact +30000 +34200 9003 1007 50
a contact +33600 +35400 1004 2041 50
a contact +30600 +35400 1005 9009 50
a contact +32400 +35400 1006 9002 50
a contact +34200 +35400 1007 2033 50
a contact +33000 +35400 1008 2038 50
a contact +34200 +35400 2033 1007 50
a contact +33000 +35400 2038 1008 50
a contact +33600 +35400 2041 1004 50
a contact +32400 +35400 9002 1006 50
a contact +30600 +35400 9009 1005 50
a contact +35400 +36000 1005 2012 50
a contact +35400 +36000 1007 9009 50
a contact +35400 +36000 1008 2021 50
a contact +35400 +36000 2012 1005 50
a contact +35400 +36000 2021 1008 50
a contact +35400 +36000 9009 1007 50
a contact +36000 +36600 1007 2036 50
a contact +36000 +36600 2036 1007 50
a contact +33600 +37200 1003 9008 50
a contact +35400 +37200 1006 2022 50
a contact +35400 +37200 2022 1006 50
a contact +33600 +37200 9008 1003 50
a contact +36000 +37800 1005 9009 50
a contact +37200 +37800 1006 9008 50
a contact +36600 +37800 1007 2026 50
a contact +36000 +37800 1008 2005 50
a contact +36000 +37800 2005 1008 50
a contact +36600 +37800 2026 1007 50
a contact +37200 +37800 9008 1006 50
a contact +36000 +37800 9009 1005 50
a contact +33000 +38400 1001 9006 50
a contact +37800 +38400 1006 2043 50
a contact +37800 +38400 2043 1006 50
a contact +33000 +38400 9006 1001 50
a contact +37200 +39000 1003 2010 50
a contact +37800 +39000 1008 9008 50
a contact +37200 +39000 2010 1003 50
a contact +37800 +39000 9008 1008 50
a contact +38400 +39600 1006 9009 50
a contact +37800 +39600 1007 2005 50
a contact +37800 +39600 2005 1007 50
a contact +38400 +39600 9009 1006 50
a contact +37800 +40200 1005 2018 50
a contact +39600 +40200 1006 2038 50
a contact +37800 +40200 2018 1005 50
a contact +39600 +40200 2038 1006 50
a contact +38400 +40800 1001 2009 50
a contact +38400 +40800 2009 1001 50
a contact +33600 +41400 1002 9005 50
a contact +39000 +41400 1003 9008 50
a contact +40200 +41400 1005 2013 50
a contact +39600 +41400 1007 2034 50
a contact +40200 +41400 2013 1005 50
a contact +39600 +41400 2034 1007 50
a contact +33600 +41400 9005 1002 50
a contact +39000 +41400 9008 1003 50
a contact +41400 +42000 1002 9008 50
a contact +35400 +42000 1004 9002 50
a contact +40200 +42000 1006 2033 50
a contact +40200 +42000 2033 1006 50
a contact +35400 +42000 9002 1004 50
a contact +41400 +42000 9008 1002 50
a contact +41400 +42600 1007 9005 50
a contact +34200 +42600 1009 9003 50
a contact +34200 +42600 9003 1009 50
a contact +41400 +42600 9005 1007 50
a contact +42000 +43200 1002 2030 50
a contact +41400 +43200 1003 2032 50
a contact +41400 +43200 1005 9009 50
a contact +42000 +43200 1006 2031 50
a contact +39000 +43200 1008 9006 50
a contact +42000 +43200 2030 1002 50
a contact +42000 +43200 2031 1006 50
a contact +41400 +43200 2032 1003 50
a contact +39000 +43200 9006 1008 50
a contact +41400 +43200 9009 1005 50
a contact +42000 +43800 1004 2003 50
a contact +43200 +43800 1005 2016 50
a contact +43200 +43800 1006 2042 50
a contact +42600 +43800 1007 2008 50
a contact +42000 +43800 2003 1004 50
a contact +42600 +43800 2008 1007 50
a contact +43200 +43800 2016 1005 50
a contact +43200 +43800 2042 1006 50
a contact +40800 +44400 1001 2019 50
a contact +43800 +44400 1004 2002 50
a contact +43800 +44400 1006 2015 50
a contact +43800 +44400 1007 9009 50
a contact +43200 +44400 1008 2035 50
a contact +43800 +44400 2002 1004 50
a contact +43800 +44400 2015 1006 50
a contact +40800 +44400 2019 1001 50
a contact +43200 +44400 2035 1008 50
a contact +43800 +44400 9009 1007 50
a contact +44400 +45000 1001 9006 50
a contact +43200 +45000 1002 2007 50
a contact +44400 +45000 1004 9009 50
a contact +43800 +45000 1005 2044 50
a contact +44400 +45000 1008 2017 50
a contact +43200 +45000 2007 1002 50
a contact +44400 +45000 2017 1008 50
a contact +43800 +45000 2044 1005 50
a contact +44400 +45000 9006 1001 50
a contact +44400 +45000 9009 1004 50
a contact +45000 +45600 1005 2030 50
a contact +44400 +45600 1006 2016 50
a contact +44400 +45600 1007 2013 50
a contact +42600 +45600 1009 2027 50
a contact +44400 +45600 2013 1007 50
a contact +44400 +45600 2016 1006 50
a contact +42600 +45600 2027 1009 50
a contact +45000 +45600 2030 1005 50
a contact +43200 +46200 1003 9003 50
a contact +45600 +46200 1009 9006 50
a contact +43200 +46200 9003 1003 50
a contact +45600 +46200 9006 1009 50
a contact +45000 +46800 1001 2001 50
a contact +45000 +46800 1002 9009 50
a contact +45600 +46800 1005 2033 50
a contact +45600 +46800 1007 2039 50
a contact +45000 +46800 1008 2006 50
a contact +46200 +46800 1009 2016 50
a contact +45000 +46800 2001 1001 50
a contact +45000 +46800 2006 1008 50
a contact +46200 +46800 2016 1009 50
a contact +45600 +46800 2033 1005 50
a contact +45600 +46800 2039 1007 50
a contact +45000 +46800 9009 1002 50
a contact +45000 +47400 1004 2019 50
a contact +45000 +47400 2019 1004 50
a contact +46800 +48000 1001 2018 50
a contact +46200 +48000 1003 2043 50
a contact +45600 +48000 1006 2014 50
a contact +45600 +48000 2014 1006 50
a contact +46800 +48000 2018 1001 50
a contact +46200 +48000 2043 1003 50
a contact +48000 +48600 1001 2008 50
a contact +46800 +48600 1007 2013 50
a contact +48000 +48600 2008 1001 50
a contact +46800 +48600 2013 1007 50
a contact +46800 +49200 1002 2007 50
a contact +47400 +49200 1004 2041 50
a contact +46800 +49200 1005 2037 50
a contact +46800 +49200 2007 1002 50
a contact +46800 +49200 2037 1005 50
a contact +47400 +49200 2041 1004 50
a contact +48000 +49800 1006 9006 50
a contact +48000 +49800 9006 1006 50
a contact +48600 +50400 1001 2019 50
a contact +48600 +50400 2019 1001 50
a contact +49200 +51000 1004 2031 50
a contact +46800 +51000 1008 9003 50
a contact +49200 +51000 2031 1004 50
a contact +46800 +51000 9003 1008 50
a contact +49800 +51600 1006 2036 50
a contact +46800 +51600 1009 2003 50
a contact +46800 +51600 2003 1009 50
a contact +49800 +51600 2036 1006 50
a contact +50400 +52200 1001 2007 50
a contact +49200 +52200 1005 2034 50
a contact +50400 +52200 2007 1001 50
a contact +49200 +52200 2034 1005 50
a contact +49200 +52800 1002 2040 50
a contact +48600 +52800 1007 9009 50
a contact +51000 +52800 1008 2022 50
a contact +51000 +52800 2022 1008 50
a contact +49200 +52800 2040 1002 50
a contact +48600 +52800 9009 1007 50
a contact +52200 +53400 1001 2027 50
a contact +51000 +53400 1004 9003 50
a contact +51600 +53400 1006 2020 50
a contact +51600 +53400 2020 1006 50
a contact +52200 +53400 2027 1001 50
a contact +51000 +53400 9003 1004 50
a contact +48000 +54000 1003 2024 50
a contact +48000 +54000 2024 1003 50
a contact +54000 +54600 1003 9003 50
a contact +53400 +54600 1004 2037 50
a contact +52800 +54600 1007 9001 50
a contact +53400 +54600 2037 1004 50
a contact +52800 +54600 9001 1007 50
a contact +54000 +54600 9003 1003 50
a contact +53400 +55200 1006 2004 50
a contact +53400 +55200 2004 1006 50
a contact +52800 +55800 1002 2011 50
a contact +52800 +55800 2011 1002 50
a contact +53400 +56400 1001 9009 50
a contact +54600 +56400 1003 2006 50
a contact +54600 +56400 1004 9001 50
a contact +55200 +56400 1006 9003 50
a contact +54600 +56400 2006 1003 50
a contact +54600 +56400 9001 1004 50
a contact +55200 +56400 9003 1006 50
a contact +53400 +56400 9009 1001 50
a contact +56400 +57000 1001 2008 50
a contact +55800 +57000 1002 2023 50
a contact +56400 +57000 1006 9009 50
a contact +56400 +57000 2008 1001 50
a contact +55800 +57000 2023 1002 50
a contact +56400 +57000 9009 1006 50
a contact +57000 +57600 1006 9003 50
a contact +57000 +57600 9003 1006 50
a contact +57000 +58200 1001 2033 50
a contact +56400 +58200 1003 9001 50
a contact +56400 +58200 1004 2035 50
a contact +54600 +58200 1007 2010 50
a contact +54600 +58200 2010 1007 50
a contact +57000 +58200 2033 1001 50
a contact +56400 +58200 2035 1004 50
a contact +56400 +58200 9001 1003 50
a contact +52200 +59400 1005 9007 50
a contact +57600 +59400 1006 2023 50
a contact +58200 +59400 1007 2036 50
a contact +52800 +59400 1008 9004 50
a contact +51600 +59400 1009 9006 50
a contact +57600 +59400 2023 1006 50
a contact +58200 +59400 2036 1007 50
a contact +52800 +59400 9004 1008 50
a contact +51600 +59400 9006 1009 50
a contact +52200 +59400 9007 1005 50
a contact +58200 +60000 1004 2026 50
a contact +58200 +60000 2026 1004 50
a contact +58200 +60600 1001 2030 50
a contact +58200 +60600 2030 1001 50
a contact +60600 +61200 1001 9006 50
a contact +60000 +61200 1004 9004 50
a contact +59400 +61200 1005 2011 50
a contact +59400 +61200 1006 9007 50
a contact +59400 +61200 1007 9001 50
a contact +59400 +61200 1008 2039 50
a contact +59400 +61200 1009 2025 50
a contact +59400 +61200 2011 1005 50
a contact +59400 +61200 2025 1009 50
a contact +59400 +61200 2039 1008 50
a contact +59400 +61200 9001 1007 50
a contact +60000 +61200 9004 1004 50
a contact +60600 +61200 9006 1001 50
a contact +59400 +61200 9007 1006 50
a contact +61200 +61800 1004 2007 50
a contact +61200 +61800 1007 2022 50
a contact +61200 +61800 1008 9007 50
a contact +61200 +61800 2007 1004 50
a contact +61200 +61800 2022 1007 50
a contact +61200 +61800 9007 1008 50
a contact +61200 +62400 1001 2010 50
a contact +61200 +62400 1005 9004 50
a contact +61200 +62400 1009 2023 50
a contact +61200 +62400 2010 1001 50
a contact +61200 +62400 2023 1009 50
a contact +61200 +62400 9004 1005 50
a contact +61800 +63000 1007 2005 50
a contact +62400 +63000 1009 2016 50
a contact +61800 +63000 2005 1007 50
a contact +62400 +63000 2016 1009 50
a contact +61800 +63600 1004 9007 50
a contact +61800 +63600 9007 1004 50
a contact +63000 +64200 1007 2021 50
a contact +61800 +64200 1008 2013 50
a contact +61800 +64200 2013 1008 50
a contact +63000 +64200 2021 1007 50
a contact +62400 +64800 1005 2017 50
a contact +64200 +64800 1008 2023 50
a contact +62400 +64800 2017 1005 50
a contact +64200 +64800 2023 1008 50
a contact +63600 +65400 1004 2044 50
a contact +63600 +65400 2044 1004 50
a contact +64800 +66000 1005 2033 50
a contact +63000 +66000 1009 9004 50
a contact +64800 +66000 2033 1005 50
a contact +63000 +66000 9004 1009 50
a contact +65400 +66600 1004 2024 50
a contact +64200 +66600 1007 9007 50
a contact +65400 +66600 2024 1004 50
a contact +64200 +66600 9007 1007 50
a contact +61200 +67200 1006 9001 50
a contact +61200 +67200 9001 1006 50
a contact +58200 +67800 1003 9003 50
a contact +66600 +67800 1007 2020 50
a contact +64800 +67800 1008 2041 50
a contact +66000 +67800 1009 2015 50
a contact +66000 +67800 2015 1009 50
a contact +66600 +67800 2020 1007 50
a contact +64800 +67800 2041 1008 50
a contact +58200 +67800 9003 1003 50
a contact +62400 +69600 1001 9006 50
a contact +67800 +69600 1003 2013 50
a contact +67800 +69600 2013 1003 50
a contact +62400 +69600 9006 1001 50
a contact +69600 +70800 1001 2029 50
a contact +57000 +70800 1002 9009 50
a contact +69600 +70800 1003 9006 50
a contact +66000 +70800 1005 9004 50
a contact +67800 +70800 1008 9001 50
a contact +69600 +70800 2029 1001 50
a contact +67800 +70800 9001 1008 50
a contact +66000 +70800 9004 1005 50
a contact +69600 +70800 9006 1003 50
a contact +57000 +70800 9009 1002 50
a contact +66600 +71400 1004 9007 50
a contact +67200 +71400 1006 2026 50
a contact +70800 +71400 1008 2037 50
a contact +67200 +71400 2026 1006 50
a contact +70800 +71400 2037 1008 50
a contact +66600 +71400 9007 1004 50
a contact +70800 +72000 1002 9004 50
a contact +67800 +72000 1007 2005 50
a contact +67800 +72000 2005 1007 50
a contact +70800 +72000 9004 1002 50
a contact +70800 +72600 1005 9009 50
a contact +70800 +72600 9009 1005 50
a contact +71400 +73200 1004 2035 50
a contact +71400 +73200 1006 2036 50
a contact +71400 +73200 1008 9007 50
a contact +71400 +73200 2035 1004 50
a contact +71400 +73200 2036 1006 50
a contact +71400 +73200 9007 1008 50
a contact +72600 +73800 1005 2015 50
a contact +73200 +73800 1008 9009 50
a contact +72600 +73800 2015 1005 50
a contact +73200 +73800 9009 1008 50
a contact +72000 +74400 1002 2039 50
a contact +70800 +74400 1003 9001 50
a contact +73200 +74400 1006 2025 50
a contact +73200 +74400 2025 1006 50
a contact +72000 +74400 2039 1002 50
a contact +70800 +74400 9001 1003 50
a contact +70800 +75000 1001 9006 50
a contact +72000 +75000 1007 9004 50
a contact +72000 +75000 9004 1007 50
a contact +70800 +75000 9006 1001 50
a contact +73200 +75600 1004 9007 50
a contact +73800 +75600 1005 2029 50
a contact +74400 +75600 1006 9009 50
a contact +73800 +75600 1008 2027 50
a contact +67800 +75600 1009 9003 50
a contact +73800 +75600 2027 1008 50
a contact +73800 +75600 2029 1005 50
a contact +67800 +75600 9003 1009 50
a contact +73200 +75600 9007 1004 50
a contact +74400 +75600 9009 1006 50
a contact +74400 +78600 1002 2042 50
a contact +74400 +78600 1003 2004 50
a contact +75600 +78600 1004 2031 50
a contact +74400 +78600 2004 1003 50
a contact +75600 +78600 2031 1004 50
a contact +74400 +78600 2042 1002 50
a contact +75000 +79200 1001 2043 50
a contact +75600 +79200 1005 2044 50
a contact +75600 +79200 1006 2025 50
a contact +75000 +79200 1007 2041 50
a contact +75600 +79200 1008 2032 50
a contact +75600 +79200 1009 2040 50
a contact +75600 +79200 2025 1006 50
a contact +75600 +79200 2032 1008 50
a contact +75600 +79200 2040 1009 50
a contact +75000 +79200 2041 1007 50
a contact +75000 +79200 2043 1001 50
a contact +75600 +79200 2044 1005 50
a contact +78600 +79800 1004 2011 50
a contact +79200 +79800 1006 9005 50
a contact +78600 +79800 2011 1004 50
a contact +79200 +79800 9005 1006 50
a contact +79200 +80400 1001 2025 50
a contact +79200 +80400 2025 1001 50
a contact +78600 +81000 1003 2042 50
a contact +79800 +81000 1006 2027 50
a contact +79800 +81000 2027 1006 50
a contact +78600 +81000 2042 1003 50
a contact +78600 +81600 1002 9007 50
a contact +78600 +81600 9007 1002 50
a contact +81000 +82200 1003 2002 50
a contact +79800 +82200 1004 2032 50
a contact +81000 +82200 1006 9001 50
a contact +79200 +82200 1009 2014 50
a contact +81000 +82200 2002 1003 50
a contact +79200 +82200 2014 1009 50
a contact +79800 +82200 2032 1004 50
a contact +81000 +82200 9001 1006 50
a contact +80400 +82800 1001 2039 50
a contact +82200 +82800 1004 9007 50
a contact +80400 +82800 2039 1001 50
a contact +82200 +82800 9007 1004 50
a contact +82200 +83400 1003 2030 50
a contact +82200 +83400 1009 2015 50
a contact +82200 +83400 2015 1009 50
a contact +82200 +83400 2030 1003 50
a contact +82800 +84000 1004 2031 50
a contact +82200 +84000 1006 2017 50
a contact +82200 +84000 2017 1006 50
a contact +82800 +84000 2031 1004 50
a contact +82800 +84600 1001 9001 50
a contact +83400 +84600 1009 2018 50
a contact +83400 +84600 2018 1009 50
a contact +82800 +84600 9001 1001 50
a contact +81600 +85200 1002 2012 50
a contact +81600 +85200 2012 1002 50
a contact +84600 +86400 1001 2002 50
a contact +85200 +86400 1002 2009 50
a contact +83400 +86400 1003 9005 50
a contact +84000 +86400 1004 2024 50
a contact +79200 +86400 1005 9004 50
a contact +84000 +86400 1006 9007 50
a contact +79200 +86400 1007 9002 50
a contact +79200 +86400 1008 9008 50
a contact +84600 +86400 1009 9001 50
a contact +84600 +86400 2002 1001 50
a contact +85200 +86400 2009 1002 50
a contact +84000 +86400 2024 1004 50
a contact +84600 +86400 9001 1009 50
a contact +79200 +86400 9002 1007 50
a contact +79200 +86400 9004 1005 50
a contact +83400 +86400 9005 1003 50
a contact +84000 +86400 9007 1006 50
a contact +79200 +86400 9008 1008 50

a range +0 +600 1003 2011 0.0546
a range +0 +600 1006 2017 0.0556
a range +0 +600 1008 2029 0.0545
a range +0 +600 2011 1003 0.0546
a range +0 +600 2017 1006 0.0556
a range +0 +600 2029 1008 0.0545
a range +0 +1200 1004 2015 0.0542
a range +0 +1200 1005 2008 0.0542
a range +0 +1200 2008 1005 0.0542
a range +0 +1200 2015 1004 0.0542
a range +0 +1800 1001 2010 0.0548
a range +0 +1800 1007 9007 1102.0661
a range +0 +1800 2010 1001 0.0548
a range +0 +1800 9007 1007 1102.0661
a range +1200 +2400 1005 9004 1102.3296
a range +0 +2400 1009 2012 0.0555
a range +0 +2400 2012 1009 0.0555
a range +1200 +2400 9004 1005 1102.3296
a range +1200 +3000 1004 2001 0.0545
a range +600 +3000 1008 9008 1101.9228
a range +1200 +3000 2001 1004 0.0545
a range +600 +3000 9008 1008 1101.9228
a range +600 +3600 1006 9005 1102.1727
a range +1800 +3600 1007 2015 0.0548
a range +1800 +3600 2015 1007 0.0548
a range +600 +3600 9005 1006 1102.1727
a range +600 +4200 1003 9001 1102.3521
a range +600 +4200 9001 1003 1102.3521
a range +3000 +4800 1008 2022 0.0545
a range +2400 +4800 1009 2038 0.054
a range +3000 +4800 2022 1008 0.0545
a range +2400 +4800 2038 1009 0.054
a range +2400 +5400 1005 2002 0.0553
a range +2400 +5400 2002 1005 0.0553
a range +0 +6000 1002 9002 1102.6825
a range +4200 +6000 1003 2044 0.0546
a range +5400 +6000 1005 2009 0.0544
a range +5400 +6000 2009 1005 0.0544
a range +4200 +6000 2044 1003 0.0546
a range +0 +6000 9002 1002 1102.6825
a range +3600 +6600 1007 9005 1102.0593
a range +4800 +6600 1008 2029 0.0545
a range +4800 +6600 2029 1008 0.0545
a range +3600 +6600 9005 1007 1102.0593
a range +6000 +7800 1003 2006 0.0549
a range +6600 +7800 1008 2009 0.0552
a range +4800 +7800 1009 9001 1102.3149
a range +6000 +7800 2006 1003 0.0549
a range +6600 +7800 2009 1008 0.0552
a range +4800 +7800 9001 1009 1102.3149
a range +6000 +9000 1002 2012 0.0546
a range +6600 +9000 1007 2028 0.0547
a range +7800 +9000 1008 2024 0.0553
a range +6000 +9000 2012 1002 0.0546
a range +7800 +9000 2024 1008 0.0553
a range +6600 +9000 2028 1007 0.0547
a range +9000 +9600 1007 2021 0.0556
a range +7800 +9600 1009 2011 0.0557
a range +7800 +9600 2011 1009 0.0557
a range +9000 +9600 2021 1007 0.0556
a range +6000 +10200 1005 9002 1102.3108
a range +6000 +10200 9002 1005 1102.3108
a range +9000 +10800 1002 2008 0.0557
a range +3000 +10800 1004 9008 1102.4258
a range +3600 +10800 1006 9004 1102.1853
a range +9000 +10800 2008 1002 0.0557
a range +3600 +10800 9004 1006 1102.1853
a range +3000 +10800 9008 1004 1102.4258
a range +10800 +11400 1002 9002 1102.6825
a range +10200 +11400 1005 2016 0.0554
a range +9600 +11400 1007 2009 0.0551
a range +9000 +11400 1008 2036 0.054
a range +9600 +11400 2009 1007 0.0551
a range +10200 +11400 2016 1005 0.0554
a range +9000 +11400 2036 1008 0.054
a range +10800 +11400 9002 1002 1102.6825
a range +11400 +12000 1008 9008 1103.061
a range +11400 +12000 9008 1008 1103.061
a range +11400 +12600 1002 2016 0.054
a range +11400 +12600 2016 1002 0.054
a range +7800 +13200 1003 9005 1102.5414
a range +11400 +13200 1005 2043 0.0548
a range +11400 +13200 2043 1005 0.0548
a range +7800 +13200 9005 1003 1102.5414
a range +1800 +13800 1001 9007 1102.3154
a range +12600 +13800 1002 9008 1102.6825
a range +13200 +13800 1005 9005 1102.3108
a range +12000 +13800 1008 2038 0.0541
a range +12000 +13800 2038 1008 0.0541
a range +13200 +13800 9005 1005 1102.3108
a range +1800 +13800 9007 1001 1102.3154
a range +12600 +13800 9008 1002 1102.6825
a range +13200 +14400 1003 2042 0.0552
a range +10800 +14400 1006 2028 0.0545
a range +13800 +14400 1008 9005 1103.061
a range +9600 +14400 1009 9001 1102.3149
a range +10800 +14400 2028 1006 0.0545
a range +13200 +14400 2042 1003 0.0552
a range +9600 +14400 9001 1009 1102.3149
a range +13800 +14400 9005 1008 1103.061
a range +13800 +15000 1001 2026 0.054
a range +13800 +15000 1002 2010 0.0543
a range +10800 +15000 1004 9004 1102.3712
a range +13800 +15000 1005 2031 0.0547
a range +11400 +15000 1007 9002 1103.2048
a range +14400 +15000 1008 9008 1103.061
a range +14400 +15000 1009 9007 1102.3149
a range +13800 +15000 2010 1002 0.0543
a range +13800 +15000 2026 1001 0.054
a range +13800 +15000 2031 1005 0.0547
a range +11400 +15000 9002 1007 1103.2048
a range +10800 +15000 9004 1004 1102.3712
a range +14400 +15000 9007 1009 1102.3149
a range +14400 +15000 9008 1008 1103.061
a range +14400 +15600 1003 9005 1102.5414
a range +14400 +15600 1006 9001 1102.3704
a range +15000 +15600 1008 9004 1102.329
a range +14400 +15600 9001 1006 1102.3704
a range +15000 +15600 9004 1008 1102.329
a range +14400 +15600 9005 1003 1102.5414
a range +15000 +16200 1002 9008 1102.6825
a range +15000 +16200 1004 2036 0.0542
a range +15600 +16200 1006 2019 0.0549
a range +15600 +16200 2019 1006 0.0549
a range +15000 +16200 2036 1004 0.0542
a range +15000 +16200 9008 1002 1102.6825
a range +15600 +16800 1003 2016 0.0546
a range +16200 +16800 1006 2032 0.0541
a range +15000 +16800 1009 2012 0.0555
a range +15000 +16800 2012 1009 0.0555
a range +15600 +16800 2016 1003 0.0546
a range +16200 +16800 2032 1006 0.0541
a range +16800 +17400 1003 2008 0.0546
a range +15000 +17400 1005 2034 0.0542
a range +16800 +17400 1006 9005 1103.3236
a range +15000 +17400 1007 2018 0.0545
a range +15600 +17400 1008 2010 0.0549
a range +16800 +17400 2008 1003 0.0546
a range +15600 +17400 2010 1008 0.0549
a range +15000 +17400 2018 1007 0.0545
a range +15000 +17400 2034 1005 0.0542
a range +16800 +17400 9005 1006 1103.3236
a range +17400 +18000 1008 9008 1103.061
a range +16800 +18000 1009 2006 0.0549
a range +16800 +18000 2006 1009 0.0549
a range +17400 +18000 9008 1008 1103.061
a range +15000 +18600 1001 9002 1102.7998
a range +16200 +18600 1002 2002 0.055
a range +17400 +18600 1003 9005 1102.5414
a range +17400 +18600 1006 2001 0.0542
a range +17400 +18600 2001 1006 0.0542
a range +16200 +18600 2002 1002 0.055
a range +15000 +18600 9002 1001 1102.7998
a range +17400 +18600 9005 1003 1102.5414
a range +16200 +19200 1004 2033 0.0542
a range +17400 +19200 1005 2016 0.0554
a range +18000 +19200 1009 2023 0.0546
a range +17400 +19200 2016 1005 0.0554
a range +18000 +19200 2023 1009 0.0546
a range +16200 +19200 2033 1004 0.0542
a range +18600 +19800 1001 2039 0.0559
a range +17400 +19800 1007 2029 0.0548
a range +18000 +19800 1008 2020 0.0543
a range +18000 +19800 2020 1008 0.0543
a range +17400 +19800 2029 1007 0.0548
a range +18600 +19800 2039 1001 0.0559
a range +18600 +20400 1002 2007 0.0546
a range +19200 +20400 1004 2018 0.0553
a range +19200 +20400 1009 9005 1102.9426
a range +18600 +20400 2007 1002 0.0546
a range +19200 +20400 2018 1004 0.0553
a range +19200 +20400 9005 1009 1102.9426
a range +20400 +21000 1002 9005 1102.6825
a range +19200 +21000 1005 2006 0.0549
a range +18600 +21000 1006 9002 1103.3236
a range +19800 +21000 1008 2038 0.0541
a range +19200 +21000 2006 1005 0.0549
a range +19800 +21000 2038 1008 0.0541
a range +18600 +21000 9002 1006 1103.3236
a range +20400 +21000 9005 1002 1102.6825
a range +19800 +21600 1001 2020 0.0553
a range +19800 +21600 2020 1001 0.0553
a range +21000 +22200 1006 2015 0.0546
a range +21000 +22200 2015 1006 0.0546
a range +21600 +22800 1001 2038 0.054
a range +21000 +22800 1002 2001 0.0554
a range +20400 +22800 1004 2004 0.0542
a range +19800 +22800 1007 9008 1103.2048
a range +21000 +22800 2001 1002 0.0554
a range +20400 +22800 2004 1004 0.0542
a range +21600 +22800 2038 1001 0.054
a range +19800 +22800 9008 1007 1103.2048
a range +21000 +23400 1008 9002 1103.061
a range +20400 +23400 1009 2005 0.0545
a range +20400 +23400 2005 1009 0.0545
a range +21000 +23400 9002 1008 1103.061
a range +18600 +24000 1003 2037 0.0542
a range +21000 +24000 1005 9005 1103.4167
a range +22200 +24000 1006 2021 0.0541
a range +22800 +24000 1007 2030 0.0552
a range +22200 +24000 2021 1006 0.0541
a range +22800 +24000 2030 1007 0.0552
a range +18600 +24000 2037 1003 0.0542
a range +21000 +24000 9005 1005 1103.4167
a range +22800 +24600 1002 2029 0.0548
a range +22800 +24600 2029 1002 0.0548
a range +22800 +25200 1001 9008 1102.7998
a range +24000 +25200 1006 2025 0.0548
a range +24000 +25200 1007 9005 1103.2048
a range +23400 +25200 1008 2002 0.0551
a range +23400 +25200 2002 1008 0.0551
a range +24000 +25200 2025 1006 0.0548
a range +24000 +25200 9005 1007 1103.2048
a range +22800 +25200 9008 1001 1102.7998
a range +24600 +25800 1002 2008 0.054
a range +24000 +25800 1003 2004 0.054
a range +24000 +25800 1005 2035 0.054
a range +23400 +25800 1009 9002 1102.9426
a range +24000 +25800 2004 1003 0.054
a range +24600 +25800 2008 1002 0.054
a range +24000 +25800 2035 1005 0.054
a range +23400 +25800 9002 1009 1102.9426
a range +25200 +26400 1001 2001 0.054
a range +22800 +26400 1004 2003 0.0549
a range +25200 +26400 1007 9008 1103.2048
a range +25200 +26400 2001 1001 0.054
a range +22800 +26400 2003 1004 0.0549
a range +25200 +26400 9008 1007 1103.2048
a range +25800 +27000 1003 9002 1103.3778
a range +25800 +27000 1009 2009 0.0544
a range +25800 +27000 2009 1009 0.0544
a range +25800 +27000 9002 1003 1103.3778
a range +25800 +27600 1005 2040 0.0545
a range +25200 +27600 1008 2023 0.055
a range +25200 +27600 2023 1008 0.055
a range +25800 +27600 2040 1005 0.0545
a range +26400 +28200 1001 2020 0.0553
a range +25800 +28200 1002 2035 0.055
a range +26400 +28200 1004 9008 1103.4001
a range +27000 +28200 1009 2008 0.054
a range +27000 +28200 2008 1009 0.054
a range +26400 +28200 2020 1001 0.0553
a range +25800 +28200 2035 1002 0.055
a range +26400 +28200 9008 1004 1103.4001
a range +28200 +28800 1002 9008 1103.3602
a range +28200 +28800 1004 2001 0.054
a range +27600 +28800 1005 9002 1103.4167
a range +26400 +28800 1007 2002 0.0549
a range +27600 +28800 1008 2010 0.0549
a range +28200 +28800 2001 1004 0.054
a range +26400 +28800 2002 1007 0.0549
a range +27600 +28800 2010 1008 0.0549
a range +27600 +28800 9002 1005 1103.4167
a range +28200 +28800 9008 1002 1103.3602
a range +27000 +29400 1003 2022 0.0542
a range +25200 +29400 1006 9005 1103.3236
a range +27000 +29400 2022 1003 0.0542
a range +25200 +29400 9005 1006 1103.3236
a range +28200 +30000 1001 2004 0.0557
a range +28800 +30000 1002 2034 0.0542
a range +28800 +30000 1007 2027 0.0551
a range +28800 +30000 1008 9002 1103.061
a range +28200 +30000 1009 2017 0.0547
a range +28200 +30000 2004 1001 0.0557
a range +28200 +30000 2017 1009 0.0547
a range +28800 +30000 2027 1007 0.0551
a range +28800 +30000 2034 1002 0.0542
a range +28800 +30000 9002 1008 1103.061
a range +28800 +30600 1005 2030 0.0553
a range +30000 +30600 1008 2036 0.054
a range +28800 +30600 2030 1005 0.0553
a range +30000 +30600 2036 1008 0.054
a range +30000 +31200 1001 2017 0.0553
a range +30000 +31200 2017 1001 0.0553
a range +29400 +31800 1003 2028 0.054
a range +29400 +31800 2028 1003 0.054
a range +29400 +32400 1006 2014 0.0544
a range +29400 +32400 2014 1006 0.0544
a range +31200 +33000 1001 2010 0.0547
a range +30000 +33000 1002 9005 1103.3602
a range +30600 +33000 1008 9006 1103.0662
a range +31200 +33000 2010 1001 0.0547
a range +30000 +33000 9005 1002 1103.3602
a range +30600 +33000 9006 1008 1103.0662
a range +33000 +33600 1002 2034 0.0542
a range +31800 +33600 1003 2012 0.0544
a range +28800 +33600 1004 9008 1103.4001
a range +31800 +33600 2012 1003 0.0544
a range +33000 +33600 2034 1002 0.0542
a range +28800 +33600 9008 1004 1103.4001
a range +30000 +34200 1007 9003 1103.2012
a range +30000 +34200 1009 2021 0.0559
a range +30000 +34200 2021 1009 0.0559
a range +30000 +34200 9003 1007 1103.2012
a range +33600 +35400 1004 2041 0.0542
a range +30600 +35400 1005 9009 1103.4488
a range +32400 +35400 1006 9002 1103.3236
a range +34200 +35400 1007 2033 0.0547
a range +33000 +35400 1008 2038 0.0541
a range +34200 +35400 2033 1007 0.0547
a range +33000 +35400 2038 1008 0.0541
a range +33600 +35400 2041 1004 0.0542
a range +32400 +35400 9002 1006 1103.3236
a range +30600 +35400 9009 1005 1103.4488
a range +35400 +36000 1005 2012 0.0541
a range +35400 +36000 1007 9009 1103.2012
a range +35400 +36000 1008 2021 0.0551
a range +35400 +36000 2012 1005 0.0541
a range +35400 +36000 2021 1008 0.0551
a range +35400 +36000 9009 1007 1103.2012
a range +36000 +36600 1007 2036 0.0558
a range +36000 +36600 2036 1007 0.0558
a range +33600 +37200 1003 9008 1103.3778
a range +35400 +37200 1006 2022 0.0536
a range +35400 +37200 2022 1006 0.0536
a range +33600 +37200 9008 1003 1103.3778
a range +36000 +37800 1005 9009 1103.4488
a range +37200 +37800 1006 9008 1103.3236
a range +36600 +37800 1007 2026 0.0554
a range +36000 +37800 1008 2005 0.0494
a range +36000 +37800 2005 1008 0.0494
a range +36600 +37800 2026 1007 0.0554
a range +37200 +37800 9008 1006 1103.3236
a range +36000 +37800 9009 1005 1103.4488
a range +33000 +38400 1001 9006 1103.9292
a range +37800 +38400 1006 2043 0.0558
a range +37800 +38400 2043 1006 0.0558
a range +33000 +38400 9006 1001 1103.9292
a range +37200 +39000 1003 2010 0.0447
a range +37800 +39000 1008 9008 1103.3868
a range +37200 +39000 2010 1003 0.0447
a range +37800 +39000 9008 1008 1103.3868
a range +38400 +39600 1006 9009 1103.3129
a range +37800 +39600 1007 2005 0.0552
a range +37800 +39600 2005 1007 0.0552
a range +38400 +39600 9009 1006 1103.3129
a range +37800 +40200 1005 2018 0.055
a range +39600 +40200 1006 2038 0.0505
a range +37800 +40200 2018 1005 0.055
a range +39600 +40200 2038 1006 0.0505
a range +38400 +40800 1001 2009 0.0551
a range +38400 +40800 2009 1001 0.0551
a range +33600 +41400 1002 9005 1103.3602
a range +39000 +41400 1003 9008 1103.3778
a range +40200 +41400 1005 2013 0.0556
a range +39600 +41400 1007 2034 0.0542
a range +40200 +41400 2013 1005 0.0556
a range +39600 +41400 2034 1007 0.0542
a range +33600 +41400 9005 1002 1103.3602
a range +39000 +41400 9008 1003 1103.3778
a range +41400 +42000 1002 9008 1103.3602
a range +35400 +42000 1004 9002 1103.4001
a range +40200 +42000 1006 2033 0.0554
a range +40200 +42000 2033 1006 0.0554
a range +35400 +42000 9002 1004 1103.4001
a range +41400 +42000 9008 1002 1103.3602
a range +41400 +42600 1007 9005 1103.408
a range +34200 +42600 1009 9003 1104.0701
a range +34200 +42600 9003 1009 1104.0701
a range +41400 +42600 9005 1007 1103.408
a range +42000 +43200 1002 2030 0.055
a range +41400 +43200 1003 2032 0.0545
a range +41400 +43200 1005 9009 1103.4488
a range +42000 +43200 1006 2031 0.0542
a range +39000 +43200 1008 9006 1104.1871
a range +42000 +43200 2030 1002 0.055
a range +42000 +43200 2031 1006 0.0542
a range +41400 +43200 2032 1003 0.0545
a range +39000 +43200 9006 1008 1104.1871
a range +41400 +43200 9009 1005 1103.4488
a range +42000 +43800 1004 2003 0.0549
a range +43200 +43800 1005 2016 0.0554
a range +43200 +43800 1006 2042 0.0553
a range +42600 +43800 1007 2008 0.0546
a range +42000 +43800 2003 1004 0.0549
a range +42600 +43800 2008 1007 0.0546
a range +43200 +43800 2016 1005 0.0554
a range +43200 +43800 2042 1006 0.0553
a range +40800 +44400 1001 2019 0.0546
a range +43800 +44400 1004 2002 0.0549
a range +43800 +44400 1006 2015 0.0546
a range +43800 +44400 1007 9009 1104.3298
a range +43200 +44400 1008 2035 0.055
a range +43800 +44400 2002 1004 0.0549
a range +43800 +44400 2015 1006 0.0546
a range +40800 +44400 2019 1001 0.0546
a range +43200 +44400 2035 1008 0.055
a range +43800 +44400 9009 1007 1104.3298
a range +44400 +45000 1001 9006 1103.9292
a range +43200 +45000 1002 2007 0.0405
a range +44400 +45000 1004 9009 1103.5617
a range +43800 +45000 1005 2044 0.0543
a range +44400 +45000 1008 2017 0.0559
a range +43200 +45000 2007 1002 0.0405
a range +44400 +45000 2017 1008 0.0559
a range +43800 +45000 2044 1005 0.0543
a range +44400 +45000 9006 1001 1103.9292
a range +44400 +45000 9009 1004 1103.5617
a range +45000 +45600 1005 2030 0.0553
a range +44400 +45600 1006 2016 0.054
a range +44400 +45600 1007 2013 0.054
a range +42600 +45600 1009 2027 0.0549
a range +44400 +45600 2013 1007 0.054
a range +44400 +45600 2016 1006 0.054
a range +42600 +45600 2027 1009 0.0549
a range +45000 +45600 2030 1005 0.0553
a range +43200 +46200 1003 9003 1103.6752
a range +45600 +46200 1009 9006 1104.0701
a range +43200 +46200 9003 1003 1103.6752
a range +45600 +46200 9006 1009 1104.0701
a range +45000 +46800 1001 2001 0.054
a range +45000 +46800 1002 9009 1103.8139
a range +45600 +46800 1005 2033 0.0552
a range +45600 +46800 1007 2039 0.0548
a range +45000 +46800 1008 2006 0.0545
a range +46200 +46800 1009 2016 0.0554
a range +45000 +46800 2001 1001 0.054
a range +45000 +46800 2006 1008 0.0545
a range +46200 +46800 2016 1009 0.0554
a range +45600 +46800 2033 1005 0.0552
a range +45600 +46800 2039 1007 0.0548
a range +45000 +46800 9009 1002 1103.8139
a range +45000 +47400 1004 2019 0.0441
a range +45000 +47400 2019 1004 0.0441
a range +46800 +48000 1001 2018 0.0557
a range +46200 +48000 1003 2043 0.0545
a range +45600 +48000 1006 2014 0.0544
a range +45600 +48000 2014 1006 0.0544
a range +46800 +48000 2018 1001 0.0557
a range +46200 +48000 2043 1003 0.0545
a range +48000 +48600 1001 2008 0.0554
a range +46800 +48600 1007 2013 0.054
a range +48000 +48600 2008 1001 0.0554
a range +46800 +48600 2013 1007 0.054
a range +46800 +49200 1002 2007 0.0405
a range +47400 +49200 1004 2041 0.0542
a range +46800 +49200 1005 2037 0.0419
a range +46800 +49200 2007 1002 0.0405
a range +46800 +49200 2037 1005 0.0419
a range +47400 +49200 2041 1004 0.0542
a range +48000 +49800 1006 9006 1104.4482
a range +48000 +49800 9006 1006 1104.4482
a range +48600 +50400 1001 2019 0.0546
a range +48600 +50400 2019 1001 0.0546
a range +49200 +51000 1004 2031 0.0544
a range +46800 +51000 1008 9003 1104.1871
a range +49200 +51000 2031 1004 0.0544
a range +46800 +51000 9003 1008 1104.1871
a range +49800 +51600 1006 2036 0.0283
a range +46800 +51600 1009 2003 0.054
a range +46800 +51600 2003 1009 0.054
a range +49800 +51600 2036 1006 0.0283
a range +50400 +52200 1001 2007 0.0545
a range +49200 +52200 1005 2034 0.0285
a range +50400 +52200 2007 1001 0.0545
a range +49200 +52200 2034 1005 0.0285
a range +49200 +52800 1002 2040 0.0557
a range +48600 +52800 1007 9009 1104.3298
a range +51000 +52800 1008 2022 0.0469
a range +51000 +52800 2022 1008 0.0469
a range +49200 +52800 2040 1002 0.0557
a range +48600 +52800 9009 1007 1104.3298
a range +52200 +53400 1001 2027 0.0543
a range +51000 +53400 1004 9003 1104.7107
a range +51600 +53400 1006 2020 0.034
a range +51600 +53400 2020 1006 0.034
a range +52200 +53400 2027 1001 0.0543
a range +51000 +53400 9003 1004 1104.7107
a range +48000 +54000 1003 2024 0.0258
a range +48000 +54000 2024 1003 0.0258
a range +54000 +54600 1003 9003 1104.8039
a range +53400 +54600 1004 2037 0.0554
a range +52800 +54600 1007 9001 1104.3267
a range +53400 +54600 2037 1004 0.0554
a range +52800 +54600 9001 1007 1104.3267
a range +54000 +54600 9003 1003 1104.8039
a range +53400 +55200 1006 2004 0.0547
a range +53400 +55200 2004 1006 0.0547
a range +52800 +55800 1002 2011 0.0546
a range +52800 +55800 2011 1002 0.0546
a range +53400 +56400 1001 9009 1103.9292
a range +54600 +56400 1003 2006 0.0548
a range +54600 +56400 1004 9001 1104.6917
a range +55200 +56400 1006 9003 1104.4482
a range +54600 +56400 2006 1003 0.0548
a range +54600 +56400 9001 1004 1104.6917
a range +55200 +56400 9003 1006 1104.4482
a range +53400 +56400 9009 1001 1103.9292
a range +56400 +57000 1001 2008 0.0554
a range +55800 +57000 1002 2023 0.0403
a range +56400 +57000 1006 9009 1104.4482
a range +56400 +57000 2008 1001 0.0554
a range +55800 +57000 2023 1002 0.0403
a range +56400 +57000 9009 1006 1104.4482
a range +57000 +57600 1006 9003 1104.4482
a range +57000 +57600 9003 1006 1104.4482
a range +57000 +58200 1001 2033 0.049
a range +56400 +58200 1003 9001 1104.807
a range +56400 +58200 1004 2035 0.0442
a range +54600 +58200 1007 2010 0.0554
a range +54600 +58200 2010 1007 0.0554
a range +57000 +58200 2033 1001 0.049
a range +56400 +58200 2035 1004 0.0442
a range +56400 +58200 9001 1003 1104.807
a range +52200 +59400 1005 9007 1104.5772
a range +57600 +59400 1006 2023 0.0552
a range +58200 +59400 1007 2036 0.0281
a range +52800 +59400 1008 9004 1104.1909
a range +51600 +59400 1009 9006 1104.0701
a range +57600 +59400 2023 1006 0.0552
a range +58200 +59400 2036 1007 0.0281
a range +52800 +59400 9004 1008 1104.1909
a range +51600 +59400 9006 1009 1104.0701
a range +52200 +59400 9007 1005 1104.5772
a range +58200 +60000 1004 2026 0.0402
a range +58200 +60000 2026 1004 0.0402
a range +58200 +60600 1001 2030 0.0549
a range +58200 +60600 2030 1001 0.0549
a range +60600 +61200 1001 9006 1104.7653
a range +60000 +61200 1004 9004 1104.6917
a range +59400 +61200 1005 2011 0.0516
a range +59400 +61200 1006 9007 1104.4396
a range +59400 +61200 1007 9001 1104.3267
a range +59400 +61200 1008 2039 0.0487
a range +59400 +61200 1009 2025 0.0556
a range +59400 +61200 2011 1005 0.0516
a range +59400 +61200 2025 1009 0.0556
a range +59400 +61200 2039 1008 0.0487
a range +59400 +61200 9001 1007 1104.3267
a range +60000 +61200 9004 1004 1104.6917
a range +60600 +61200 9006 1001 1104.7653
a range +59400 +61200 9007 1006 1104.4396
a range +61200 +61800 1004 2007 0.0075
a range +61200 +61800 1007 2022 0.0528
a range +61200 +61800 1008 9007 1104.1909
a range +61200 +61800 2007 1004 0.0075
a range +61200 +61800 2022 1007 0.0528
a range +61200 +61800 9007 1008 1104.1909
a range +61200 +62400 1001 2010 0.0547
a range +61200 +62400 1005 9004 1104.5772
a range +61200 +62400 1009 2023 0.0544
a range +61200 +62400 2010 1001 0.0547
a range +61200 +62400 2023 1009 0.0544
a range +61200 +62400 9004 1005 1104.5772
a range +61800 +63000 1007 2005 0.0552
a range +62400 +63000 1009 2016 0.0554
a range +61800 +63000 2005 1007 0.0552
a range +62400 +63000 2016 1009 0.0554
a range +61800 +63600 1004 9007 1104.6917
a range +61800 +63600 9007 1004 1104.6917
a range +63000 +64200 1007 2021 0.0447
a range +61800 +64200 1008 2013 0.0547
a range +61800 +64200 2013 1008 0.0547
a range +63000 +64200 2021 1007 0.0447
a range +62400 +64800 1005 2017 0.0299
a range +64200 +64800 1008 2023 0.055
a range +62400 +64800 2017 1005 0.0299
a range +64200 +64800 2023 1008 0.055
a range +63600 +65400 1004 2044 0.0426
a range +63600 +65400 2044 1004 0.0426
a range +64800 +66000 1005 2033 0.0554
a range +63000 +66000 1009 9004 1105.078
a range +64800 +66000 2033 1005 0.0554
a range +63000 +66000 9004 1009 1105.078
a range +65400 +66600 1004 2024 0.0127
a range +64200 +66600 1007 9007 1104.3267
a range +65400 +66600 2024 1004 0.0127
a range +64200 +66600 9007 1007 1104.3267
a range +61200 +67200 1006 9001 1104.4396
a range +61200 +67200 9001 1006 1104.4396
a range +58200 +67800 1003 9003 1104.8039
a range +66600 +67800 1007 2020 0.0336
a range +64800 +67800 1008 2041 0.054
a range +66000 +67800 1009 2015 0.0546
a range +66000 +67800 2015 1009 0.0546
a range +66600 +67800 2020 1007 0.0336
a range +64800 +67800 2041 1008 0.054
a range +58200 +67800 9003 1003 1104.8039
a range +62400 +69600 1001 9006 1104.7653
a range +67800 +69600 1003 2013 0.0236
a range +67800 +69600 2013 1003 0.0236
a range +62400 +69600 9006 1001 1104.7653
a range +69600 +70800 1001 2029 0.0269
a range +57000 +70800 1002 9009 1104.7876
a range +69600 +70800 1003 9006 1104.8039
a range +66000 +70800 1005 9004 1104.5772
a range +67800 +70800 1008 9001 1105.0568
a range +69600 +70800 2029 1001 0.0269
a range +67800 +70800 9001 1008 1105.0568
a range +66000 +70800 9004 1005 1104.5772
a range +69600 +70800 9006 1003 1104.8039
a range +57000 +70800 9009 1002 1104.7876
a range +66600 +71400 1004 9007 1104.6917
a range +67200 +71400 1006 2026 0.0402
a range +70800 +71400 1008 2037 0.0402
a range +67200 +71400 2026 1006 0.0402
a range +70800 +71400 2037 1008 0.0402
a range +66600 +71400 9007 1004 1104.6917
a range +70800 +72000 1002 9004 1104.9479
a range +67800 +72000 1007 2005 0.0552
a range +67800 +72000 2005 1007 0.0552
a range +70800 +72000 9004 1002 1104.9479
a range +70800 +72600 1005 9009 1104.5918
a range +70800 +72600 9009 1005 1104.5918
a range +71400 +73200 1004 2035 0.0442
a range +71400 +73200 1006 2036 0.0283
a range +71400 +73200 1008 9007 1105.0568
a range +71400 +73200 2035 1004 0.0442
a range +71400 +73200 2036 1006 0.0283
a range +71400 +73200 9007 1008 1105.0568
a range +72600 +73800 1005 2015 0.0419
a range +73200 +73800 1008 9009 1104.7425
a range +72600 +73800 2015 1005 0.0419
a range +73200 +73800 9009 1008 1104.7425
a range +72000 +74400 1002 2039 0.0157
a range +70800 +74400 1003 9001 1104.807
a range +73200 +74400 1006 2025 0.0371
a range +73200 +74400 2025 1006 0.0371
a range +72000 +74400 2039 1002 0.0157
a range +70800 +74400 9001 1003 1104.807
a range +70800 +75000 1001 9006 1104.7653
a range +72000 +75000 1007 9004 1105.0361
a range +72000 +75000 9004 1007 1105.0361
a range +70800 +75000 9006 1001 1104.7653
a range +73200 +75600 1004 9007 1104.6917
a range +73800 +75600 1005 2029 0.0554
a range +74400 +75600 1006 9009 1104.7731
a range +73800 +75600 1008 2027 0.0314
a range +67800 +75600 1009 9003 1104.7475
a range +73800 +75600 2027 1008 0.0314
a range +73800 +75600 2029 1005 0.0554
a range +67800 +75600 9003 1009 1104.7475
a range +73200 +75600 9007 1004 1104.6917
a range +74400 +75600 9009 1006 1104.7731
a range +74400 +78600 1002 2042 0.0341
a range +74400 +78600 1003 2004 0.0425
a range +75600 +78600 1004 2031 0.0541
a range +74400 +78600 2004 1003 0.0425
a range +75600 +78600 2031 1004 0.0541
a range +74400 +78600 2042 1002 0.0341
a range +75000 +79200 1001 2043 0.0458
a range +75600 +79200 1005 2044 0.0319
a range +75600 +79200 1006 2025 0.0371
a range +75000 +79200 1007 2041 0.0546
a range +75600 +79200 1008 2032 0.0457
a range +75600 +79200 1009 2040 0.0368
a range +75600 +79200 2025 1006 0.0371
a range +75600 +79200 2032 1008 0.0457
a range +75600 +79200 2040 1009 0.0368
a range +75000 +79200 2041 1007 0.0546
a range +75000 +79200 2043 1001 0.0458
a range +75600 +79200 2044 1005 0.0319
a range +78600 +79800 1004 2011 0.0537
a range +79200 +79800 1006 9005 1105.0326
a range +78600 +79800 2011 1004 0.0537
a range +79200 +79800 9005 1006 1105.0326
a range +79200 +80400 1001 2025 0.0548
a range +79200 +80400 2025 1001 0.0548
a range +78600 +81000 1003 2042 0.0355
a range +79800 +81000 1006 2027 0.0435
a range +79800 +81000 2027 1006 0.0435
a range +78600 +81000 2042 1003 0.0355
a range +78600 +81600 1002 9007 1104.9479
a range +78600 +81600 9007 1002 1104.9479
a range +81000 +82200 1003 2002 0.0531
a range +79800 +82200 1004 2032 0.0371
a range +81000 +82200 1006 9001 1105.0253
a range +79200 +82200 1009 2014 0.0395
a range +81000 +82200 2002 1003 0.0531
a range +79200 +82200 2014 1009 0.0395
a range +79800 +82200 2032 1004 0.0371
a range +81000 +82200 9001 1006 1105.0253
a range +80400 +82800 1001 2039 0.0226
a range +82200 +82800 1004 9007 1105.0472
a range +80400 +82800 2039 1001 0.0226
a range +82200 +82800 9007 1004 1105.0472
a range +82200 +83400 1003 2030 0.0513
a range +82200 +83400 1009 2015 0.0423
a range +82200 +83400 2015 1009 0.0423
a range +82200 +83400 2030 1003 0.0513
a range +82800 +84000 1004 2031 0.0541
a range +82200 +84000 1006 2017 0.0179
a range +82200 +84000 2017 1006 0.0179
a range +82800 +84000 2031 1004 0.0541
a range +82800 +84600 1001 9001 1105.0649
a range +83400 +84600 1009 2018 0.0461
a range +83400 +84600 2018 1009 0.0461
a range +82800 +84600 9001 1001 1105.0649
a range +81600 +85200 1002 2012 0.0098
a range +81600 +85200 2012 1002 0.0098
a range +84600 +86400 1001 2002 0.0275
a range +85200 +86400 1002 2009 0.0422
a range +83400 +86400 1003 9005 1105.0767
a range +84000 +86400 1004 2024 0.0127
a range +79200 +86400 1005 9004 1105.0297
a range +84000 +86400 1006 9007 1105.0253
a range +79200 +86400 1007 9002 1105.0433
a range +79200 +86400 1008 9008 1105.0641
a range +84600 +86400 1009 9001 1105.078
a range +84600 +86400 2002 1001 0.0275
a range +85200 +86400 2009 1002 0.0422
a range +84000 +86400 2024 1004 0.0127
a range +84600 +86400 9001 1009 1105.078
a range +79200 +86400 9002 1007 1105.0433
a range +79200 +86400 9004 1005 1105.0297
a range +83400 +86400 9005 1003 1105.0767
a range +84000 +86400 9007 1006 1105.0253
a range +79200 +86400 9008 1008 1105.0641
