a contact +0 +600 2032 1009 50
a contact +0 +600 2033 1008 50
a contact +0 +600 2034 1007 50
a contact +0 +600 2035 1006 50
a contact +0 +600 2036 1005 50
a contact +0 +600 2037 1004 50
a contact +0 +600 2038 1003 50
a contact +0 +600 2039 1002 50
a contact +0 +600 2040 1001 50
a contact +600 +1200 1004 9008 50
a contact +600 +1200 1005 9007 50
a contact +600 +1200 1006 9005 50
a contact +600 +1200 1007 9004 50
a contact +600 +1200 1008 9002 50
a contact +600 +1200 1009 9001 50
a contact +600 +1200 2001 1002 50
a contact +600 +1200 2039 1001 50
a contact +600 +1200 2040 1003 50
a contact +1200 +1800 1001 9008 50
a contact +1200 +1800 1002 9002 50
a contact +1200 +1800 1003 9007 50
a contact +1200 +1800 1004 9001 50
a contact +1200 +1800 2036 1009 50
a contact +1200 +1800 2037 1008 50
a contact +1200 +1800 2038 1007 50
a contact +1200 +1800 2039 1006 50
a contact +1200 +1800 2040 1005 50
a contact +1800 +2400 1002 9007 50
a contact +1800 +2400 1003 9008 50
a contact +1800 +2400 1005 9005 50
a contact +1800 +2400 1006 9004 50
a contact +1800 +2400 1007 9002 50
a contact +1800 +2400 1008 9001 50
a contact +1800 +2400 2001 1001 50
a contact +1800 +2400 2039 1009 50
a contact +1800 +2400 2040 1004 50
a contact +2400 +3000 1001 9007 50
a contact +2400 +3000 1002 9001 50
a contact +2400 +3000 2034 1009 50
a contact +2400 +3000 2035 1005 50
a contact +2400 +3000 2036 1008 50
a contact +2400 +3000 2037 1007 50
a contact +2400 +3000 2038 1004 50
a contact +2400 +3000 2039 1003 50
a contact +2400 +3000 2040 1006 50
a contact +3000 +3600 1001 9004 50
a contact +3000 +3600 1003 9005 50
a contact +3000 +3600 1004 9007 50
a contact +3000 +3600 1005 9008 50
a contact +3000 +3600 1006 9002 50
a contact +3000 +3600 1007 9001 50
a contact +3000 +3600 2002 1009 50
a contact +3000 +3600 2039 1008 50
a contact +3000 +3600 2040 1002 50
a contact +3600 +4200 1001 9001 50
a contact +3600 +4200 1008 9004 50
a contact +3600 +4200 2034 1005 50
a contact +3600 +4200 2035 1009 50
a contact +3600 +4200 2036 1006 50
a contact +3600 +4200 2037 1003 50
a contact +3600 +4200 2038 1002 50
a contact +3600 +4200 2039 1004 50
a contact +3600 +4200 2040 1007 50
a contact +4200 +4800 1003 9002 50
a contact +4200 +4800 1004 9005 50
a contact +4200 +4800 1005 9004 50
a contact +4200 +4800 1006 9001 50
a contact +4200 +4800 1007 9007 50
a contact +4200 +4800 1009 9008 50
a contact +4200 +4800 2003 1002 50
a contact +4200 +4800 2038 1001 50
a contact +4200 +4800 2040 1008 50
a contact +4800 +5400 1001 9002 50
a contact +4800 +5400 1002 9008 50
a contact +4800 +5400 1009 9004 50
a contact +4800 +5400 2034 1004 50
a contact +4800 +5400 2035 1007 50
a contact +4800 +5400 2036 1003 50
a contact +4800 +5400 2037 1006 50
a contact +4800 +5400 2038 1008 50
a contact +4800 +5400 2039 1005 50
a contact +5400 +6000 1002 9005 50
a contact +5400 +6000 1003 9004 50
a contact +5400 +6000 1004 9002 50
a contact +5400 +6000 1005 9001 50
a contact +5400 +6000 1006 9008 50
a contact +5400 +6000 1009 9007 50
a contact +5400 +6000 2002 1008 50
a contact +5400 +6000 2037 1001 50
a contact +5400 +6000 2039 1007 50
a contact +6000 +6600 1001 9005 50
a contact +6000 +6600 1009 9002 50
a contact +6000 +6600 2033 1004 50
a contact +6000 +6600 2034 1003 50
a contact +6000 +6600 2035 1008 50
a contact +6000 +6600 2036 1002 50
a contact +6000 +6600 2037 1005 50
a contact +6000 +6600 2038 1006 50
a contact +6600 +7200 1003 9001 50
a contact +6600 +7200 1004 9004 50
a contact +6600 +7200 1005 9002 50
a contact +6600 +7200 1006 9007 50
a contact +6000 +7200 1007 9008 50
a contact +6600 +7200 1009 9005 50
a contact +6600 +7200 2002 1002 50
a contact +6600 +7200 2034 1008 50
a contact +6600 +7200 2036 1001 50
a contact +7200 +7800 1002 9004 50
a contact +7200 +7800 2002 1003 50
a contact +7200 +7800 2032 1008 50
a contact +7200 +7800 2033 1007 50
a contact +7200 +7800 2034 1006 50
a contact +7200 +7800 2035 1001 50
a contact +7200 +7800 2036 1004 50
a contact +7200 +7800 2037 1009 50
a contact +7200 +7800 2038 1005 50
a contact +7800 +8400 1001 9002 50
a contact +7800 +8400 1003 9001 50
a contact +7800 +8400 1004 9008 50
a contact +7800 +8400 1005 9007 50
a contact +7800 +8400 1006 9004 50
a contact +7800 +8400 1008 9005 50
a contact +7800 +8400 2002 1007 50
a contact +7800 +8400 2037 1002 50
a contact +7800 +8400 2040 1009 50
a contact +8400 +9000 1002 9001 50
a contact +8400 +9000 1008 9007 50
a contact +8400 +9000 1009 9002 50
a contact +8400 +9000 2002 1004 50
a contact +8400 +9000 2032 1006 50
a contact +8400 +9000 2033 1005 50
a contact +8400 +9000 2034 1001 50
a contact +8400 +9000 2035 1003 50
a contact +8400 +9000 2036 1007 50
a contact +9000 +9600 1002 9004 50
a contact +9000 +9600 1003 9007 50
a contact +9000 +9600 1004 9001 50
a contact +9000 +9600 1005 9005 50
a contact +9000 +9600 1006 9002 50
a contact +9000 +9600 1008 9008 50
a contact +9000 +9600 2002 1001 50
a contact +9000 +9600 2032 1007 50
a contact +9000 +9600 2038 1009 50
a contact +9600 +10200 1001 9008 50
a contact +9600 +10200 1008 9002 50
a contact +9600 +10200 1009 9001 50
a contact +9600 +10200 2004 1003 50
a contact +9600 +10200 2031 1007 50
a contact +9600 +10200 2032 1005 50
a contact +9600 +10200 2033 1006 50
a contact +9600 +10200 2034 1002 50
a contact +9600 +10200 2035 1004 50
a contact +10200 +10800 1003 9008 50
a contact +10200 +10800 1004 9007 50
a contact +10200 +10800 1005 9002 50
a contact +10200 +10800 1006 9005 50
a contact +10200 +10800 1008 9001 50
a contact +10200 +10800 1009 9004 50
a contact +10200 +10800 2003 1007 50
a contact +10200 +10800 2033 1001 50
a contact +10200 +10800 2035 1002 50
a contact +10800 +11400 1001 9001 50
a contact +10800 +11400 1002 9002 50
a contact +10800 +11400 1007 9005 50
a contact +10800 +11400 1008 9004 50
a contact +10800 +11400 2001 1003 50
a contact +10800 +11400 2030 1006 50
a contact +10800 +11400 2031 1005 50
a contact +10800 +11400 2032 1004 50
a contact +10800 +11400 2033 1009 50
a contact +11400 +12000 1003 9005 50
a contact +11400 +12000 1004 9002 50
a contact +11400 +12000 1005 9004 50
a contact +11400 +12000 1007 9001 50
a contact +11400 +12000 1008 9007 50
a contact +11400 +12000 1009 9008 50
a contact +11400 +12000 2003 1006 50
a contact +11400 +12000 2031 1002 50
a contact +11400 +12000 2032 1001 50
a contact +12000 +12600 1001 9005 50
a contact +12000 +12600 1002 9008 50
a contact +12000 +12600 1007 9002 50
a contact +12000 +12600 2003 1003 50
a contact +12000 +12600 2027 1009 50
a contact +12000 +12600 2028 1008 50
a contact +12000 +12600 2029 1006 50
a contact +12000 +12600 2030 1005 50
a contact +12000 +12600 2031 1004 50
a contact +12600 +13200 1003 9002 50
a contact +12600 +13200 1004 9005 50
a contact +12600 +13200 1005 9001 50
a contact +12600 +13200 1007 9004 50
a contact +12600 +13200 1008 9008 50
a contact +12600 +13200 1009 9007 50
a contact +12600 +13200 2003 1001 50
a contact +12600 +13200 2030 1002 50
a contact +12600 +13200 2031 1006 50
a contact +13200 +13800 1001 9004 50
a contact +13200 +13800 1002 9007 50
a contact +13200 +13800 1007 9005 50
a contact +13200 +13800 2005 1004 50
a contact +13200 +13800 2028 1006 50
a contact +13200 +13800 2029 1005 50
a contact +13200 +13800 2030 1009 50
a contact +13200 +13800 2031 1008 50
a contact +13200 +13800 2033 1003 50
a contact +13800 +14400 1001 9001 50
a contact +13800 +14400 1004 9004 50
a contact +13800 +14400 1005 9008 50
a contact +13800 +14400 1007 9007 50
a contact +13800 +14400 1008 9002 50
a contact +13800 +14400 1009 9005 50
a contact +13800 +14400 2004 1006 50
a contact +13800 +14400 2032 1003 50
a contact +13800 +14400 2033 1002 50
a contact +14400 +15000 1002 9005 50
a contact +14400 +15000 1003 9004 50
a contact +14400 +15000 1006 9001 50
a contact +14400 +15000 2004 1001 50
a contact +14400 +15000 2027 1008 50
a contact +14400 +15000 2028 1005 50
a contact +14400 +15000 2029 1007 50
a contact +14400 +15000 2030 1004 50
a contact +14400 +15000 2031 1009 50
a contact +15000 +15600 1001 9007 50
a contact +15000 +15600 1004 9001 50
a contact +15000 +15600 1006 9008 50
a contact +15000 +15600 1007 9004 50
a contact +15000 +15600 1008 9005 50
a contact +15000 +15600 1009 9002 50
a contact +15000 +15600 2004 1005 50
a contact +15000 +15600 2031 1003 50
a contact +15000 +15600 2032 1002 50
a contact +15600 +16200 1002 9008 50
a contact +15600 +16200 1003 9005 50
a contact +15600 +16200 1006 9002 50
a contact +15600 +16200 2005 1005 50
a contact +15600 +16200 2026 1008 50
a contact +15600 +16200 2027 1007 50
a contact +15600 +16200 2028 1009 50
a contact +15600 +16200 2029 1004 50
a contact +15600 +16200 2030 1001 50
a contact +16200 +16800 1007 9002 50
a contact +16200 +16800 1008 9008 50
a contact +16200 +16800 1009 9005 50
a contact +16200 +16800 2005 1001 50
a contact +16200 +16800 2026 1006 50
a contact +16200 +16800 2027 1005 50
a contact +16200 +16800 2028 1004 50
a contact +16200 +16800 2029 1002 50
a contact +16200 +16800 2030 1003 50
a contact +16800 +17400 1003 9008 50
a contact +16800 +17400 1004 9002 50
a contact +16800 +17400 1006 9005 50
a contact +16800 +17400 2006 1001 50
a contact +16800 +17400 2025 1008 50
a contact +16800 +17400 2026 1005 50
a contact +16800 +17400 2027 1002 50
a contact +16800 +17400 2028 1007 50
a contact +16800 +17400 2029 1009 50
a contact +17400 +18000 1005 9002 50
a contact +17400 +18000 1008 9005 50
a contact +17400 +18000 1009 9008 50
a contact +17400 +18000 2007 1004 50
a contact +17400 +18000 2026 1007 50
a contact +17400 +18000 2027 1006 50
a contact +17400 +18000 2028 1002 50
a contact +17400 +18000 2029 1003 50
a contact +17400 +18000 2031 1001 50
a contact +18000 +18600 1002 9002 50
a contact +18000 +18600 1006 9008 50
a contact +18000 +18600 1007 9005 50
a contact +18000 +18600 2007 1008 50
a contact +18000 +18600 2025 1005 50
a contact +18000 +18600 2026 1009 50
a contact +18000 +18600 2027 1004 50
a contact +18000 +18600 2028 1003 50
a contact +18000 +18600 2029 1001 50
a contact +18600 +19200 1003 9002 50
a contact +18600 +19200 1005 9005 50
a contact +18600 +19200 1007 9008 50
a contact +18600 +19200 2007 1002 50
a contact +18600 +19200 2024 1009 50
a contact +18600 +19200 2025 1006 50
a contact +18600 +19200 2026 1004 50
a contact +18600 +19200 2028 1001 50
a contact +18600 +19200 2030 1008 50
a contact +19200 +19800 1001 9002 50
a contact +19200 +19800 1002 9005 50
a contact +19200 +19800 1005 9008 50
a contact +19200 +19800 2005 1009 50
a contact +19200 +19800 2024 1006 50
a contact +19200 +19800 2025 1004 50
a contact +19200 +19800 2027 1003 50
a contact +19200 +19800 2029 1008 50
a contact +19200 +19800 2030 1007 50
a contact +19800 +20400 1001 9008 50
a contact +19800 +20400 1008 9002 50
a contact +19800 +20400 1009 9005 50
a contact +19800 +20400 2004 1002 50
a contact +19800 +20400 2022 1006 50
a contact +19800 +20400 2023 1005 50
a contact +19800 +20400 2024 1004 50
a contact +19800 +20400 2025 1007 50
a contact +19800 +20400 2026 1003 50
a contact +20400 +21000 1001 9005 50
a contact +20400 +21000 1005 9002 50
a contact +20400 +21000 1006 9008 50
a contact +20400 +21000 2005 1003 50
a contact +20400 +21000 2022 1008 50
a contact +20400 +21000 2023 1004 50
a contact +20400 +21000 2024 1007 50
a contact +20400 +21000 2025 1009 50
a contact +20400 +21000 2026 1002 50
a contact +21000 +21600 1004 9005 50
a contact +21000 +21600 1008 9008 50
a contact +21000 +21600 1009 9002 50
a contact +21000 +21600 2009 1003 50
a contact +21000 +21600 2022 1007 50
a contact +21000 +21600 2023 1006 50
a contact +21000 +21600 2024 1005 50
a contact +21000 +21600 2025 1002 50
a contact +21000 +21600 2027 1001 50
a contact +21600 +22200 1004 9008 50
a contact +21600 +22200 1005 9005 50
a contact +21600 +22200 1007 9002 50
a contact +21600 +22200 2009 1006 50
a contact +21600 +22200 2022 1009 50
a contact +21600 +22200 2023 1008 50
a contact +21600 +22200 2024 1002 50
a contact +21600 +22200 2025 1003 50
a contact +21600 +22200 2026 1001 50
a contact +22200 +22800 1006 9002 50
a contact +22200 +22800 1008 9005 50
a contact +22200 +22800 1009 9008 50
a contact +22200 +22800 2009 1002 50
a contact +22200 +22800 2021 1005 50
a contact +22200 +22800 2022 1004 50
a contact +22200 +22800 2023 1007 50
a contact +22200 +22800 2024 1003 50
a contact +22200 +22800 2025 1001 50
a contact +22800 +23400 1004 9002 50
a contact +22800 +23400 1006 9005 50
a contact +22800 +23400 1007 9008 50
a contact +22800 +23400 2009 1001 50
a contact +22800 +23400 2020 1005 50
a contact +22800 +23400 2021 1009 50
a contact +22800 +23400 2022 1003 50
a contact +22800 +23400 2023 1002 50
a contact +22800 +23400 2024 1008 50
a contact +23400 +24000 1002 9002 50
a contact +23400 +24000 1004 9008 50
a contact +23400 +24000 1007 9005 50
a contact +23400 +24000 2008 1003 50
a contact +23400 +24000 2020 1008 50
a contact +23400 +24000 2021 1006 50
a contact +23400 +24000 2022 1005 50
a contact +23400 +24000 2023 1009 50
a contact +23400 +24000 2024 1001 50
a contact +24000 +24600 1003 9002 50
a contact +24000 +24600 1004 9005 50
a contact +24000 +24600 1005 9008 50
a contact +24000 +24600 2008 1006 50
a contact +24000 +24600 2019 1008 50
a contact +24000 +24600 2020 1009 50
a contact +24000 +24600 2021 1007 50
a contact +24000 +24600 2022 1002 50
a contact +24000 +24600 2023 1001 50
a contact +24600 +25200 1001 9008 50
a contact +24600 +25200 1003 9005 50
a contact +24600 +25200 1009 9002 50
a contact +24600 +25200 2003 1004 50
a contact +24600 +25200 2017 1008 50
a contact +24600 +25200 2018 1007 50
a contact +24600 +25200 2019 1005 50
a contact +24600 +25200 2020 1006 50
a contact +24600 +25200 2021 1002 50
a contact +25200 +25800 1001 9002 50
a contact +25200 +25800 1003 9008 50
a contact +25200 +25800 1009 9005 50
a contact +25200 +25800 2004 1004 50
a contact +25200 +25800 2017 1007 50
a contact +25200 +25800 2018 1005 50
a contact +25200 +25800 2019 1006 50
a contact +25200 +25800 2020 1002 50
a contact +25200 +25800 2021 1008 50
a contact +25800 +26400 1001 9005 50
a contact +25800 +26400 1008 9002 50
a contact +25800 +26400 1009 9008 50
a contact +25800 +26400 2006 1002 50
a contact +25800 +26400 2017 1005 50
a contact +25800 +26400 2018 1006 50
a contact +25800 +26400 2019 1007 50
a contact +25800 +26400 2021 1004 50
a contact +25800 +26400 2023 1003 50
a contact +26400 +27000 1006 9008 50
a contact +26400 +27000 1007 9002 50
a contact +26400 +27000 1008 9005 50
a contact +26400 +27000 2007 1005 50
a contact +26400 +27000 2018 1009 50
a contact +26400 +27000 2019 1002 50
a contact +26400 +27000 2020 1004 50
a contact +26400 +27000 2021 1003 50
a contact +26400 +27000 2022 1001 50
a contact +27000 +27600 1002 9005 50
a contact +27000 +27600 1005 9002 50
a contact +27000 +27600 1007 9008 50
a contact +27000 +27600 2006 1004 50
a contact +27000 +27600 2017 1006 50
a contact +27000 +27600 2018 1008 50
a contact +27000 +27600 2019 1009 50
a contact +27000 +27600 2020 1003 50
a contact +27000 +27600 2021 1001 50
a contact +27600 +28200 1002 9008 50
a contact +27600 +28200 1006 9002 50
a contact +27600 +28200 1007 9005 50
a contact +27600 +28200 2006 1005 50
a contact +27600 +28200 2016 1008 50
a contact +27600 +28200 2017 1009 50
a contact +27600 +28200 2018 1003 50
a contact +27600 +28200 2019 1004 50
a contact +27600 +28200 2020 1001 50
a contact +28200 +28800 1003 9002 50
a contact +28200 +28800 1006 9005 50
a contact +28200 +28800 1008 9008 50
a contact +28200 +28800 2005 1007 50
a contact +28200 +28800 2015 1009 50
a contact +28200 +28800 2016 1005 50
a contact +28200 +28800 2017 1002 50
a contact +28200 +28800 2018 1004 50
a contact +28200 +28800 2019 1001 50
a contact +28800 +29400 1002 9008 50
a contact +28800 +29400 1004 9002 50
a contact +28800 +29400 1005 9005 50
a contact +28800 +29400 2005 1006 50
a contact +28800 +29400 2015 1008 50
a contact +28800 +29400 2016 1009 50
a contact +28800 +29400 2018 1001 50
a contact +28800 +29400 2019 1003 50
a contact +28800 +29400 2020 1007 50
a contact +29400 +30000 1002 9002 50
a contact +29400 +30000 1004 9005 50
a contact +29400 +30000 1005 9008 50
a contact +29400 +30000 2006 1003 50
a contact +29400 +30000 2013 1009 50
a contact +29400 +30000 2014 1008 50
a contact +29400 +30000 2015 1007 50
a contact +29400 +30000 2016 1006 50
a contact +29400 +30000 2017 1001 50
a contact +30000 +30600 1003 9005 50
a contact +30000 +30600 1004 9008 50
a contact +30000 +30600 1005 9006 50
a contact +30000 +30600 1006 9002 50
a contact +30000 +30600 1007 9009 50
a contact +30000 +30600 1009 9003 50
a contact +30000 +30600 2005 1008 50
a contact +30000 +30600 2016 1001 50
a contact +30000 +30600 2018 1002 50
a contact +30600 +31200 1001 9002 50
a contact +30600 +31200 1002 9005 50
a contact +30600 +31200 1003 9008 50
a contact +30600 +31200 1005 9003 50
a contact +30600 +31200 1006 9009 50
a contact +30600 +31200 1008 9006 50
a contact +30600 +31200 2001 1009 50
a contact +30600 +31200 2016 1007 50
a contact +30600 +31200 2017 1004 50
a contact +31200 +31800 1001 9005 50
a contact +31200 +31800 1004 9002 50
a contact +31200 +31800 1005 9008 50
a contact +31200 +31800 1006 9003 50
a contact +31200 +31800 1007 9006 50
a contact +31200 +31800 1008 9009 50
a contact +31200 +31800 2005 1002 50
a contact +31200 +31800 2014 1009 50
a contact +31200 +31800 2017 1003 50
a contact +31800 +32400 1001 9008 50
a contact +31800 +32400 1004 9009 50
a contact +31800 +32400 1005 9002 50
a contact +31800 +32400 1006 9006 50
a contact +31800 +32400 1007 9005 50
a contact +31800 +32400 1008 9003 50
a contact +31800 +32400 2010 1009 50
a contact +31800 +32400 2015 1002 50
a contact +31800 +32400 2016 1003 50
a contact +32400 +33000 1003 9002 50
a contact +32400 +33000 1004 9006 50
a contact +32400 +33000 1005 9009 50
a contact +32400 +33000 1006 9008 50
a contact +32400 +33000 1007 9003 50
a contact +32400 +33000 1008 9005 50
a contact +32400 +33000 2007 1009 50
a contact +32400 +33000 2015 1001 50
a contact +32400 +33000 2016 1002 50
a contact +33000 +33600 1002 9009 50
a contact +33000 +33600 1003 9006 50
a contact +33000 +33600 1004 9003 50
a contact +33000 +33600 1006 9005 50
a contact +33000 +33600 1007 9002 50
a contact +33000 +33600 1008 9008 50
a contact +33000 +33600 2007 1001 50
a contact +33000 +33600 2009 1009 50
a contact +33000 +33600 2015 1005 50
a contact +33600 +34200 1001 9002 50
a contact +33600 +34200 1002 9006 50
a contact +33600 +34200 1003 9003 50
a contact +33600 +34200 1005 9005 50
a contact +33600 +34200 1007 9008 50
a contact +33600 +34200 1009 9009 50
a contact +33600 +34200 2001 1008 50
a contact +33600 +34200 2014 1004 50
a contact +33600 +34200 2015 1006 50
a contact +34200 +34800 1001 9005 50
a contact +34200 +34800 1002 9002 50
a contact +34200 +34800 1003 9009 50
a contact +34200 +34800 1004 9008 50
a contact +34200 +34800 1007 9003 50
a contact +34200 +34800 1009 9006 50
a contact +34200 +34800 2001 1005 50
a contact +34200 +34800 2013 1008 50
a contact +34200 +34800 2014 1006 50
a contact +34800 +35400 1001 9009 50
a contact +34800 +35400 1002 9003 50
a contact +34800 +35400 1003 9008 50
a contact +34800 +35400 1004 9005 50
a contact +34800 +35400 1006 9006 50
a contact +34800 +35400 1009 9002 50
a contact +34800 +35400 2002 1005 50
a contact +34800 +35400 2010 1008 50
a contact +34800 +35400 2014 1007 50
a contact +35400 +36000 1001 9006 50
a contact +35400 +36000 1002 9005 50
a contact +35400 +36000 1004 9002 50
a contact +35400 +36000 1006 9003 50
a contact +35400 +36000 1007 9009 50
a contact +35400 +36000 1009 9008 50
a contact +35400 +36000 2008 1008 50
a contact +35400 +36000 2014 1005 50
a contact +35400 +36000 2015 1003 50
a contact +36000 +36600 1001 9003 50
a contact +36000 +36600 1002 9008 50
a contact +36000 +36600 1004 9009 50
a contact +36000 +36600 1005 9006 50
a contact +36000 +36600 1006 9002 50
a contact +36000 +36600 1009 9005 50
a contact +36000 +36600 2007 1007 50
a contact +36000 +36600 2012 1008 50
a contact +36000 +36600 2014 1003 50
a contact +36600 +37200 1001 9008 50
a contact +36600 +37200 1005 9002 50
a contact +36600 +37200 1006 9009 50
a contact +36600 +37200 1007 9006 50
a contact +36600 +37200 1009 9003 50
a contact +36600 +37200 2008 1004 50
a contact +36600 +37200 2009 1008 50
a contact +36600 +37200 2014 1002 50
a contact +36600 +37800 1003 9005 50
a contact +37200 +37800 1004 9003 50
a contact +37200 +37800 1005 9009 50
a contact +37200 +37800 1006 9008 50
a contact +37200 +37800 1008 9002 50
a contact +37200 +37800 1009 9006 50
a contact +37200 +37800 2008 1002 50
a contact +37200 +37800 2013 1007 50
a contact +37200 +37800 2014 1001 50
a contact +37800 +38400 1002 9008 50
a contact +37800 +38400 1003 9002 50
a contact +37800 +38400 1005 9003 50
a contact +37800 +38400 1006 9005 50
a contact +37800 +38400 1008 9006 50
a contact +37800 +38400 1009 9009 50
a contact +37800 +38400 2008 1007 50
a contact +37800 +38400 2013 1001 50
a contact +37800 +38400 2016 1004 50
a contact +38400 +39000 1002 9002 50
a contact +38400 +39000 1003 9009 50
a contact +38400 +39000 1004 9006 50
a contact +38400 +39000 1005 9008 50
a contact +38400 +39000 1008 9003 50
a contact +38400 +39000 1009 9005 50
a contact +38400 +39000 2008 1001 50
a contact +38400 +39000 2012 1007 50
a contact +38400 +39000 2013 1006 50
a contact +39000 +39600 1001 9008 50
a contact +39000 +39600 1002 9006 50
a contact +39000 +39600 1003 9003 50
a contact +39000 +39600 1005 9005 50
a contact +39000 +39600 1008 9009 50
a contact +39000 +39600 1009 9002 50
a contact +39000 +39600 2010 1007 50
a contact +39000 +39600 2012 1006 50
a contact +39000 +39600 2015 1004 50
a contact +39600 +40200 1001 9009 50
a contact +39600 +40200 1002 9003 50
a contact +39600 +40200 1003 9006 50
a contact +39600 +40200 1004 9005 50
a contact +39600 +40200 1008 9002 50
a contact +39600 +40200 1009 9008 50
a contact +39600 +40200 2003 1005 50
a contact +39600 +40200 2010 1006 50
a contact +39600 +40200 2011 1007 50
a contact +40200 +40800 1001 9006 50
a contact +40200 +40800 1002 9009 50
a contact +40200 +40800 1004 9008 50
a contact +40200 +40800 1007 9002 50
a contact +40200 +40800 1008 9005 50
a contact +40200 +40800 1009 9003 50
a contact +40200 +40800 2007 1006 50
a contact +40200 +40800 2012 1003 50
a contact +40200 +40800 2013 1005 50
a contact +40800 +41400 1001 9002 50
a contact +40800 +41400 1002 9005 50
a contact +40800 +41400 1003 9003 50
a contact +40800 +41400 1005 9009 50
a contact +40800 +41400 1007 9006 50
a contact +40800 +41400 1008 9008 50
a contact +40800 +41400 2001 1006 50
a contact +40800 +41400 2012 1009 50
a contact +40800 +41400 2013 1004 50
a contact +41400 +42000 1001 9003 50
a contact +41400 +42000 1003 9008 50
a contact +41400 +42000 1005 9002 50
a contact +41400 +42000 1007 9005 50
a contact +41400 +42000 1008 9006 50
a contact +41400 +42000 1009 9009 50
a contact +41400 +42000 2010 1002 50
a contact +41400 +42000 2011 1006 50
a contact +41400 +42000 2012 1004 50
a contact +42000 +42600 1001 9005 50
a contact +42000 +42600 1002 9002 50
a contact +42000 +42600 1003 9009 50
a contact +42000 +42600 1004 9006 50
a contact +42000 +42600 1007 9008 50
a contact +42000 +42600 1008 9003 50
a contact +42000 +42600 2006 1006 50
a contact +42000 +42600 2009 1005 50
a contact +42000 +42600 2011 1009 50
a contact +42600 +43200 1007 9003 50
a contact +42600 +43200 1008 9009 50
a contact +42600 +43200 1009 9006 50
a contact +42600 +43200 2002 1006 50
a contact +42600 +43200 2009 1004 50
a contact +42600 +43200 2010 1001 50
a contact +42600 +43200 2011 1002 50
a contact +42600 +43200 2012 1005 50
a contact +42600 +43200 2013 1003 50
a contact +43200 +43800 1001 9003 50
a contact +43200 +43800 1002 9006 50
a contact +43200 +43800 1004 9009 50
a contact +43200 +43800 2001 1006 50
a contact +43200 +43800 2006 1009 50
a contact +43200 +43800 2008 1005 50
a contact +43200 +43800 2009 1007 50
a contact +43200 +43800 2010 1003 50
a contact +43200 +43800 2011 1008 50
a contact +43800 +44400 1001 9009 50
a contact +43800 +44400 1002 9003 50
a contact +43800 +44400 1006 9006 50
a contact +43800 +44400 2001 1004 50
a contact +43800 +44400 2004 1007 50
a contact +43800 +44400 2006 1008 50
a contact +43800 +44400 2008 1009 50
a contact +43800 +44400 2010 1005 50
a contact +43800 +44400 2011 1003 50
a contact +44400 +45000 1001 9003 50
a contact +44400 +45000 1003 9006 50
a contact +44400 +45000 1006 9009 50
a contact +44400 +45000 2003 1009 50
a contact +44400 +45000 2004 1008 50
a contact +44400 +45000 2006 1007 50
a contact +44400 +45000 2010 1004 50
a contact +44400 +45000 2011 1005 50
a contact +44400 +45000 2013 1002 50
a contact +45000 +45600 1001 9006 50
a contact +45000 +45600 1006 9003 50
a contact +45000 +45600 1007 9009 50
a contact +45000 +45600 2001 1002 50
a contact +45000 +45600 2003 1008 50
a contact +45000 +45600 2004 1009 50
a contact +45000 +45600 2011 1004 50
a contact +45000 +45600 2039 1005 50
a contact +45000 +45600 2040 1003 50
a contact +45600 +46200 1003 9006 50
a contact +45600 +46200 1004 9003 50
a contact +45600 +46200 1009 9009 50
a contact +45600 +46200 2001 1001 50
a contact +45600 +46200 2012 1002 50
a contact +45600 +46200 2037 1008 50
a contact +45600 +46200 2038 1005 50
a contact +45600 +46200 2039 1006 50
a contact +45600 +46200 2040 1007 50
a contact +46200 +46800 1002 9009 50
a contact +46200 +46800 1006 9003 50
a contact +46200 +46800 1008 9006 50
a contact +46200 +46800 2001 1005 50
a contact +46200 +46800 2007 1003 50
a contact +46200 +46800 2012 1001 50
a contact +46200 +46800 2038 1004 50
a contact +46200 +46800 2039 1007 50
a contact +46200 +46800 2040 1009 50
a contact +46800 +47400 1005 9003 50
a contact +46800 +47400 1008 9009 50
a contact +46800 +47400 1009 9006 50
a contact +46800 +47400 2002 1001 50
a contact +46800 +47400 2036 1007 50
a contact +46800 +47400 2037 1004 50
a contact +46800 +47400 2038 1006 50
a contact +46800 +47400 2039 1003 50
a contact +46800 +47400 2040 1002 50
a contact +47400 +48000 1005 9006 50
a contact +47400 +48000 1007 9009 50
a contact +47400 +48000 1009 9003 50
a contact +47400 +48000 2003 1001 50
a contact +47400 +48000 2036 1004 50
a contact +47400 +48000 2037 1006 50
a contact +47400 +48000 2038 1003 50
a contact +47400 +48000 2039 1002 50
a contact +47400 +48000 2040 1008 50
a contact +48000 +48600 1003 9009 50
a contact +48000 +48600 1005 9003 50
a contact +48000 +48600 1007 9006 50
a contact +48000 +48600 2002 1004 50
a contact +48000 +48600 2011 1001 50
a contact +48000 +48600 2037 1002 50
a contact +48000 +48600 2038 1008 50
a contact +48000 +48600 2039 1009 50
a contact +48000 +48600 2040 1006 50
a contact +48600 +49200 1002 9003 50
a contact +48600 +49200 1005 9009 50
a contact +48600 +49200 1006 9006 50
a contact +48600 +49200 2001 1007 50
a contact +48600 +49200 2004 1004 50
a contact +48600 +49200 2037 1003 50
a contact +48600 +49200 2038 1009 50
a contact +48600 +49200 2039 1008 50
a contact +48600 +49200 2040 1001 50
a contact +49200 +49800 1005 9006 50
a contact +49200 +49800 1006 9009 50
a contact +49200 +49800 1008 9003 50
a contact +49200 +49800 2005 1004 50
a contact +49200 +49800 2035 1007 50
a contact +49200 +49800 2036 1003 50
a contact +49200 +49800 2037 1009 50
a contact +49200 +49800 2038 1002 50
a contact +49200 +49800 2039 1001 50
a contact +49800 +50400 1001 9009 50
a contact +49800 +50400 1002 9006 50
a contact +49800 +50400 1007 9003 50
a contact +49800 +50400 2002 1003 50
a contact +49800 +50400 2033 1004 50
a contact +49800 +50400 2034 1006 50
a contact +49800 +50400 2035 1008 50
a contact +49800 +50400 2036 1009 50
a contact +49800 +50400 2040 1005 50
a contact +50400 +51000 1001 9006 50
a contact +50400 +51000 1002 9009 50
a contact +50400 +51000 1004 9003 50
a contact +50400 +51000 2002 1006 50
a contact +50400 +51000 2034 1003 50
a contact +50400 +51000 2035 1009 50
a contact +50400 +51000 2036 1008 50
a contact +50400 +51000 2037 1005 50
a contact +50400 +51000 2038 1007 50
a contact +51000 +51600 1004 9006 50
a contact +51000 +51600 1008 9003 50
a contact +51000 +51600 1009 9009 50
a contact +51000 +51600 2005 1002 50
a contact +51000 +51600 2034 1005 50
a contact +51000 +51600 2035 1003 50
a contact +51000 +51600 2036 1006 50
a contact +51000 +51600 2037 1007 50
a contact +51000 +51600 2038 1001 50
a contact +51600 +52200 1004 9009 50
a contact +51600 +52200 1008 9006 50
a contact +51600 +52200 1009 9003 50
a contact +51600 +52200 2005 1003 50
a contact +51600 +52200 2033 1006 50
a contact +51600 +52200 2034 1007 50
a contact +51600 +52200 2035 1005 50
a contact +51600 +52200 2036 1002 50
a contact +51600 +52200 2037 1001 50
a contact +52200 +52800 1002 9003 50
a contact +52200 +52800 1005 9009 50
a contact +52200 +52800 1006 9007 50
a contact +52200 +52800 1007 9006 50
a contact +52200 +52800 1008 9004 50
a contact +52200 +52800 1009 9001 50
a contact +52200 +52800 2005 1001 50
a contact +52200 +52800 2033 1003 50
a contact +52200 +52800 2040 1004 50
a contact +52800 +53400 1002 9009 50
a contact +52800 +53400 1005 9007 50
a contact +52800 +53400 1006 9006 50
a contact +52800 +53400 1007 9003 50
a contact +52800 +53400 1008 9001 50
a contact +52800 +53400 1009 9004 50
a contact +52800 +53400 2004 1003 50
a contact +52800 +53400 2036 1001 50
a contact +52800 +53400 2039 1004 50
a contact +53400 +54000 1003 9003 50
a contact +53400 +54000 1004 9006 50
a contact +53400 +54000 1006 9004 50
a contact +53400 +54000 1007 9001 50
a contact +53400 +54000 1008 9009 50
a contact +53400 +54000 1009 9007 50
a contact +53400 +54000 2004 1001 50
a contact +53400 +54000 2035 1002 50
a contact +53400 +54000 2036 1005 50
a contact +54000 +54600 1003 9001 50
a contact +54000 +54600 1004 9003 50
a contact +54000 +54600 1005 9004 50
a contact +54000 +54600 1007 9009 50
a contact +54000 +54600 1008 9007 50
a contact +54000 +54600 1009 9006 50
a contact +54000 +54600 2006 1001 50
a contact +54000 +54600 2034 1002 50
a contact +54000 +54600 2035 1006 50
a contact +54600 +55200 1001 9003 50
a contact +54600 +55200 1003 9009 50
a contact +54600 +55200 1004 9004 50
a contact +54600 +55200 1005 9006 50
a contact +54600 +55200 1006 9001 50
a contact +54600 +55200 1007 9007 50
a contact +54600 +55200 2001 1008 50
a contact +54600 +55200 2033 1002 50
a contact +54600 +55200 2034 1009 50
a contact +55200 +55800 1001 9006 50
a contact +55200 +55800 1003 9004 50
a contact +55200 +55800 1004 9009 50
a contact +55200 +55800 1005 9003 50
a contact +55200 +55800 1006 9007 50
a contact +55200 +55800 1009 9001 50
a contact +55200 +55800 2001 1007 50
a contact +55200 +55800 2032 1002 50
a contact +55200 +55800 2034 1008 50
a contact +55800 +56400 1001 9009 50
a contact +55800 +56400 1003 9006 50
a contact +55800 +56400 1004 9007 50
a contact +55800 +56400 1005 9001 50
a contact +55800 +56400 1006 9003 50
a contact +55800 +56400 1007 9004 50
a contact +55800 +56400 2002 1002 50
a contact +55800 +56400 2032 1009 50
a contact +55800 +56400 2033 1008 50
a contact +56400 +57000 1002 9006 50
a contact +56400 +57000 1003 9003 50
a contact +56400 +57000 1006 9009 50
a contact +56400 +57000 1007 9001 50
a contact +56400 +57000 1008 9007 50
a contact +56400 +57000 1009 9004 50
a contact +56400 +57000 2001 1004 50
a contact +56400 +57000 2033 1005 50
a contact +56400 +57000 2035 1001 50
a contact +57000 +57600 1002 9004 50
a contact +57000 +57600 1003 9007 50
a contact +57000 +57600 1006 9003 50
a contact +57000 +57600 1007 9009 50
a contact +57000 +57600 1008 9001 50
a contact +57000 +57600 1009 9006 50
a contact +57000 +57600 2003 1005 50
a contact +57000 +57600 2034 1001 50
a contact +57000 +57600 2035 1004 50
a contact +57600 +58200 1002 9007 50
a contact +57600 +58200 1003 9003 50
a contact +57600 +58200 1004 9009 50
a contact +57600 +58200 1005 9006 50
a contact +57600 +58200 1006 9001 50
a contact +57600 +58200 1008 9004 50
a contact +57600 +58200 2002 1009 50
a contact +57600 +58200 2032 1007 50
a contact +57600 +58200 2033 1001 50
a contact +58200 +58800 1002 9001 50
a contact +58200 +58800 1005 9003 50
a contact +58200 +58800 1006 9004 50
a contact +58200 +58800 1007 9007 50
a contact +58200 +58800 1008 9006 50
a contact +58200 +58800 1009 9009 50
a contact +58200 +58800 2001 1003 50
a contact +58200 +58800 2032 1001 50
a contact +58200 +58800 2034 1004 50
a contact +58800 +59400 1002 9003 50
a contact +58800 +59400 1003 9006 50
a contact +58800 +59400 1004 9004 50
a contact +58800 +59400 1005 9001 50
a contact +58800 +59400 1006 9007 50
a contact +58800 +59400 2002 1007 50
a contact +58800 +59400 2031 1001 50
a contact +58800 +59400 2032 1008 50
a contact +58800 +59400 2033 1009 50
a contact +59400 +60000 1003 9009 50
a contact +59400 +60000 1004 9001 50
a contact +59400 +60000 1005 9004 50
a contact +59400 +60000 1006 9006 50
a contact +59400 +60000 1008 9003 50
a contact +59400 +60000 1009 9007 50
a contact +59400 +60000 2003 1002 50
a contact +59400 +60000 2030 1001 50
a contact +59400 +60000 2033 1007 50
a contact +60000 +60600 1001 9004 50
a contact +60000 +60600 1002 9001 50
a contact +60000 +60600 1003 9007 50
a contact +60000 +60600 1004 9003 50
a contact +60000 +60600 1007 9006 50
a contact +60000 +60600 2002 1005 50
a contact +60000 +60600 2030 1009 50
a contact +60000 +60600 2031 1008 50
a contact +60000 +60600 2032 1006 50
a contact +60600 +61200 1001 9007 50
a contact +60600 +61200 1002 9004 50
a contact +60600 +61200 1003 9001 50
a contact +60600 +61200 1004 9006 50
a contact +60600 +61200 1007 9003 50
a contact +60600 +61200 1008 9009 50
a contact +60600 +61200 2004 1006 50
a contact +60600 +61200 2031 1009 50
a contact +60600 +61200 2032 1005 50
a contact +61200 +61800 1001 9003 50
a contact +61200 +61800 1002 9006 50
a contact +61200 +61800 1003 9004 50
a contact +61200 +61800 1004 9001 50
a contact +61200 +61800 1005 9007 50
a contact +61200 +61800 1006 9009 50
a contact +61200 +61800 2003 1009 50
a contact +61200 +61800 2030 1008 50
a contact +61200 +61800 2031 1007 50
a contact +61800 +62400 1001 9006 50
a contact +61800 +62400 1004 9007 50
a contact +61800 +62400 1005 9009 50
a contact +61800 +62400 1006 9003 50
a contact +61800 +62400 1007 9004 50
a contact +61800 +62400 1008 9001 50
a contact +61800 +62400 2006 1009 50
a contact +61800 +62400 2031 1002 50
a contact +61800 +62400 2032 1003 50
a contact +62400 +63000 1001 9004 50
a contact +62400 +63000 1002 9007 50
a contact +62400 +63000 1003 9001 50
a contact +62400 +63000 2003 1006 50
a contact +62400 +63000 2028 1009 50
a contact +62400 +63000 2029 1008 50
a contact +62400 +63000 2030 1007 50
a contact +62400 +63000 2031 1005 50
a contact +62400 +63000 2032 1004 50
a contact +63000 +63600 1001 9007 50
a contact +63000 +63600 1002 9009 50
a contact +63000 +63600 1005 9006 50
a contact +63000 +63600 1006 9004 50
a contact +63000 +63600 1007 9001 50
a contact +63000 +63600 1009 9003 50
a contact +63000 +63600 2006 1008 50
a contact +63000 +63600 2030 1003 50
a contact +63000 +63600 2031 1004 50
a contact +63600 +64200 1001 9009 50
a contact +63600 +64200 1002 9004 50
a contact +63600 +64200 1003 9003 50
a contact +63600 +64200 1004 9007 50
a contact +63600 +64200 1009 9001 50
a contact +63600 +64200 2004 1008 50
a contact +63600 +64200 2029 1007 50
a contact +63600 +64200 2030 1005 50
a contact +63600 +64200 2031 1006 50
a contact +64200 +64800 1001 9001 50
a contact +64200 +64800 1004 9004 50
a contact +64200 +64800 1005 9003 50
a contact +64200 +64800 1006 9009 50
a contact +64200 +64800 1007 9006 50
a contact +64200 +64800 1009 9007 50
a contact +64200 +64800 2004 1002 50
a contact +64200 +64800 2028 1008 50
a contact +64200 +64800 2031 1003 50
a contact +64800 +65400 1001 9003 50
a contact +64800 +65400 1002 9001 50
a contact +64800 +65400 1003 9007 50
a contact +64800 +65400 1009 9004 50
a contact +64800 +65400 2003 1004 50
a contact +64800 +65400 2027 1008 50
a contact +64800 +65400 2028 1007 50
a contact +64800 +65400 2029 1005 50
a contact +64800 +65400 2030 1006 50
a contact +65400 +66000 1003 9006 50
a contact +65400 +66000 1004 9009 50
a contact +65400 +66000 1005 9004 50
a contact +65400 +66000 1006 9001 50
a contact +65400 +66000 1007 9007 50
a contact +65400 +66000 1009 9003 50
a contact +65400 +66000 2007 1008 50
a contact +65400 +66000 2029 1001 50
a contact +65400 +66000 2030 1002 50
a contact +66000 +66600 1001 9004 50
a contact +66000 +66600 1002 9007 50
a contact +66000 +66600 2003 1003 50
a contact +66000 +66600 2025 1009 50
a contact +66000 +66600 2026 1008 50
a contact +66000 +66600 2027 1007 50
a contact +66000 +66600 2028 1005 50
a contact +66000 +66600 2029 1006 50
a contact +66000 +66600 2030 1004 50
a contact +66600 +67200 1003 9009 50
a contact +66600 +67200 1004 9003 50
a contact +66600 +67200 1005 9001 50
a contact +66600 +67200 1006 9007 50
a contact +66600 +67200 1008 9004 50
a contact +66600 +67200 1009 9006 50
a contact +66600 +67200 2007 1007 50
a contact +66600 +67200 2028 1001 50
a contact +66600 +67200 2029 1002 50
a contact +67200 +67800 1001 9001 50
a contact +67200 +67800 1002 9004 50
a contact +67200 +67800 1008 9007 50
a contact +67200 +67800 2006 1003 50
a contact +67200 +67800 2025 1005 50
a contact +67200 +67800 2026 1007 50
a contact +67200 +67800 2027 1009 50
a contact +67200 +67800 2028 1006 50
a contact +67200 +67800 2029 1004 50
a contact +67800 +68400 1002 9009 50
a contact +67800 +68400 1003 9004 50
a contact +67800 +68400 1004 9001 50
a contact +67800 +68400 1005 9007 50
a contact +67800 +68400 1006 9006 50
a contact +67800 +68400 1008 9003 50
a contact +67800 +68400 2007 1001 50
a contact +67800 +68400 2025 1007 50
a contact +67800 +68400 2029 1009 50
a contact +68400 +69000 1001 9007 50
a contact +68400 +69000 1008 9001 50
a contact +68400 +69000 1009 9004 50
a contact +68400 +69000 2006 1007 50
a contact +68400 +69000 2025 1002 50
a contact +68400 +69000 2026 1006 50
a contact +68400 +69000 2027 1005 50
a contact +68400 +69000 2028 1004 50
a contact +68400 +69000 2029 1003 50
a contact +69000 +69600 1002 9003 50
a contact +69000 +69600 1004 9006 50
a contact +69000 +69600 1005 9009 50
a contact +69000 +69600 1006 9007 50
a contact +69000 +69600 1008 9004 50
a contact +69000 +69600 1009 9001 50
a contact +69000 +69600 2008 1007 50
a contact +69000 +69600 2027 1001 50
a contact +69000 +69600 2028 1003 50
a contact +69600 +70200 1001 9006 50
a contact +69600 +70200 1003 9004 50
a contact +69600 +70200 1007 9001 50
a contact +69600 +70200 1008 9007 50
a contact +69600 +70200 2006 1005 50
a contact +69600 +70200 2025 1004 50
a contact +69600 +70200 2026 1009 50
a contact +69600 +70200 2027 1006 50
a contact +69600 +70200 2028 1002 50
a contact +70200 +70800 1003 9007 50
a contact +70200 +70800 1004 9004 50
a contact +70200 +70800 1005 9001 50
a contact +70200 +70800 1007 9003 50
a contact +70200 +70800 1008 9006 50
a contact +70200 +70800 1009 9009 50
a contact +70200 +70800 2008 1006 50
a contact +70200 +70800 2026 1001 50
a contact +70200 +70800 2027 1002 50
a contact +70800 +71400 1001 9007 50
a contact +70800 +71400 1002 9001 50
a contact +70800 +71400 1007 9004 50
a contact +70800 +71400 2007 1009 50
a contact +70800 +71400 2023 1003 50
a contact +70800 +71400 2024 1006 50
a contact +70800 +71400 2025 1008 50
a contact +70800 +71400 2026 1005 50
a contact +70800 +71400 2027 1004 50
a contact +71400 +72000 1001 9001 50
a contact +71400 +72000 1002 9006 50
a contact +71400 +72000 1005 9004 50
a contact +71400 +72000 1007 9003 50
a contact +71400 +72000 1008 9009 50
a contact +71400 +72000 1009 9007 50
a contact +71400 +72000 2008 1004 50
a contact +71400 +72000 2025 1006 50
a contact +71400 +72000 2027 1003 50
a contact +72000 +72600 1001 9004 50
a contact +72000 +72600 1003 9001 50
a contact +72000 +72600 1004 9007 50
a contact +72000 +72600 1007 9009 50
a contact +72000 +72600 2006 1006 50
a contact +72000 +72600 2021 1009 50
a contact +72000 +72600 2022 1008 50
a contact +72000 +72600 2024 1005 50
a contact +72000 +72600 2026 1002 50
a contact +72600 +73200 1001 9009 50
a contact +72600 +73200 1004 9003 50
a contact +72600 +73200 1005 9006 50
a contact +72600 +73200 1007 9007 50
a contact +72600 +73200 1008 9001 50
a contact +72600 +73200 1009 9004 50
a contact +72600 +73200 2006 1002 50
a contact +72600 +73200 2023 1006 50
a contact +72600 +73200 2026 1003 50
a contact +73200 +73800 1001 9003 50
a contact +73200 +73800 1003 9001 50
a contact +73200 +73800 1006 9004 50
a contact +73200 +73800 2006 1004 50
a contact +73200 +73800 2021 1008 50
a contact +73200 +73800 2022 1007 50
a contact +73200 +73800 2023 1005 50
a contact +73200 +73800 2024 1009 50
a contact +73200 +74400 1002 9007 50
a contact +73800 +74400 1003 9006 50
a contact +73800 +74400 1007 9009 50
a contact +73800 +74400 1008 9004 50
a contact +73800 +74400 1009 9003 50
a contact +73800 +74400 2008 1005 50
a contact +73800 +74400 2025 1001 50
a contact +73800 +74400 2026 1004 50
a contact +74400 +75000 1001 9007 50
a contact +74400 +75000 1004 9004 50
a contact +73800 +75000 1006 9001 50
a contact +74400 +75000 2007 1002 50
a contact +74400 +75000 2021 1007 50
a contact +74400 +75000 2022 1005 50
a contact +74400 +75000 2023 1009 50
a contact +74400 +75000 2024 1008 50
a contact +74400 +75000 2025 1003 50
a contact +75000 +75600 1003 9009 50
a contact +75000 +75600 1004 9006 50
a contact +75000 +75600 1006 9003 50
a contact +75000 +75600 1007 9004 50
a contact +75000 +75600 1008 9007 50
a contact +75000 +75600 1009 9001 50
a contact +75000 +75600 2008 1001 50
a contact +75000 +75600 2021 1005 50
a contact +75000 +75600 2024 1002 50
a contact +75600 +76200 1001 9004 50
a contact +75600 +76200 1002 9001 50
a contact +75600 +76200 1006 9007 50
a contact +75600 +76200 2007 1003 50
a contact +75600 +76200 2020 1005 50
a contact +75600 +76200 2021 1004 50
a contact +75600 +76200 2022 1009 50
a contact +75600 +76200 2023 1008 50
a contact +75600 +76200 2024 1007 50
a contact +76200 +76800 1003 9004 50
a contact +76200 +76800 1006 9006 50
a contact +76200 +76800 1007 9001 50
a contact +76200 +76800 1008 9003 50
a contact +76200 +76800 1009 9009 50
a contact +76200 +76800 2009 1001 50
a contact +76200 +76800 2023 1002 50
a contact +76200 +76800 2024 1004 50
a contact +76800 +77400 1001 9001 50
a contact +76800 +77400 1002 9004 50
a contact +76200 +77400 1005 9007 50
a contact +76800 +77400 2008 1008 50
a contact +76800 +77400 2019 1009 50
a contact +76800 +77400 2020 1007 50
a contact +76800 +77400 2022 1006 50
a contact +76800 +77400 2023 1004 50
a contact +76800 +77400 2024 1003 50
a contact +77400 +78000 1002 9006 50
a contact +77400 +78000 1003 9003 50
a contact +77400 +78000 1005 9001 50
a contact +77400 +78000 1006 9004 50
a contact +77400 +78000 1008 9009 50
a contact +77400 +78000 1009 9007 50
a contact +77400 +78000 2010 1004 50
a contact +77400 +78000 2023 1007 50
a contact +77400 +78000 2024 1001 50
a contact +78000 +78600 1001 9001 50
a contact +78000 +78600 1005 9004 50
a contact +78000 +78600 1007 9007 50
a contact +78000 +78600 2008 1002 50
a contact +78000 +78600 2018 1009 50
a contact +78000 +78600 2019 1008 50
a contact +78000 +78600 2020 1006 50
a contact +78000 +78600 2021 1003 50
a contact +78000 +78600 2022 1004 50
a contact +78600 +79200 1003 9007 50
a contact +78600 +79200 1005 9008 50
a contact +78600 +79200 1006 9002 50
a contact +78600 +79200 1007 9005 50
a contact +78600 +79200 1008 9004 50
a contact +78600 +79200 1009 9001 50
a contact +78600 +79200 2011 1002 50
a contact +78600 +79200 2018 1004 50
a contact +78600 +79200 2023 1001 50
a contact +79200 +79800 1001 9002 50
a contact +79200 +79800 1002 9004 50
a contact +79200 +79800 1004 9001 50
a contact +79200 +79800 2004 1005 50
a contact +79200 +79800 2017 1009 50
a contact +79200 +79800 2018 1007 50
a contact +79200 +79800 2019 1006 50
a contact +79200 +79800 2020 1008 50
a contact +79200 +79800 2022 1003 50
a contact +79800 +80400 1004 9007 50
a contact +79800 +80400 1005 9004 50
a contact +79800 +80400 1006 9005 50
a contact +79800 +80400 1007 9008 50
a contact +79800 +80400 1008 9001 50
a contact +79800 +80400 1009 9002 50
a contact +79800 +80400 2011 1003 50
a contact +79800 +80400 2021 1001 50
a contact +79800 +80400 2022 1002 50
a contact +80400 +81000 1001 9008 50
a contact +80400 +81000 1002 9005 50
a contact +80400 +81000 1004 9001 50
a contact +80400 +81000 2005 1005 50
a contact +80400 +81000 2017 1008 50
a contact +80400 +81000 2018 1003 50
a contact +80400 +81000 2019 1007 50
a contact +80400 +81000 2020 1009 50
a contact +80400 +81000 2021 1006 50
a contact +81000 +81600 1002 9001 50
a contact +81000 +81600 1004 9008 50
a contact +81000 +81600 1005 9005 50
a contact +81000 +81600 1006 9007 50
a contact +81000 +81600 1008 9002 50
a contact +81000 +81600 1009 9004 50
a contact +81000 +81600 2011 1007 50
a contact +81000 +81600 2017 1003 50
a contact +81000 +81600 2022 1001 50
a contact +81600 +82200 1001 9007 50
a contact +81600 +82200 1004 9002 50
a contact +81600 +82200 1007 9001 50
a contact +81600 +82200 2010 1009 50
a contact +81600 +82200 2017 1006 50
a contact +81600 +82200 2018 1008 50
a contact +81600 +82200 2019 1005 50
a contact +81600 +82200 2020 1003 50
a contact +81600 +82200 2021 1002 50
a contact +82200 +82800 1004 9004 50
a contact +82200 +82800 1005 9007 50
a contact +82200 +82800 1006 9001 50
a contact +82200 +82800 1007 9002 50
a contact +82200 +82800 1008 9008 50
a contact +82200 +82800 1009 9005 50
a contact +82200 +82800 2010 1003 50
a contact +82200 +82800 2019 1001 50
a contact +82200 +82800 2020 1002 50
a contact +82800 +83400 1001 9005 50
a contact +82800 +83400 1003 9001 50
a contact +82800 +83400 2007 1005 50
a contact +82800 +83400 2015 1009 50
a contact +82800 +83400 2016 1008 50
a contact +82800 +83400 2017 1007 50
a contact +82800 +83400 2018 1006 50
a contact +82800 +83400 2019 1002 50
a contact +82800 +83400 2020 1004 50
a contact +83400 +84000 1003 9002 50
a contact +83400 +84000 1005 9001 50
a contact +83400 +84000 1006 9008 50
a contact +83400 +84000 1007 9004 50
a contact +83400 +84000 1008 9005 50
a contact +83400 +84000 1009 9007 50
a contact +83400 +84000 2010 1002 50
a contact +83400 +84000 2019 1004 50
a contact +83400 +84000 2020 1001 50
a contact +84000 +84600 1001 9004 50
a contact +84000 +84600 1003 9008 50
a contact +84000 +84600 1004 9005 50
a contact +84000 +84600 2009 1002 50
a contact +84000 +84600 2013 1009 50
a contact +84000 +84600 2014 1008 50
a contact +84000 +84600 2015 1007 50
a contact +84000 +84600 2016 1006 50
a contact +84000 +84600 2018 1005 50
a contact +84600 +85200 1003 9005 50
a contact +84600 +85200 1004 9007 50
a contact +84600 +85200 1005 9001 50
a contact +84600 +85200 1006 9004 50
a contact +84600 +85200 1007 9002 50
a contact +84600 +85200 1009 9008 50
a contact +84600 +85200 2010 1008 50
a contact +84600 +85200 2016 1002 50
a contact +84600 +85200 2018 1001 50
a contact +85200 +85800 1001 9001 50
a contact +85200 +85800 1003 9004 50
a contact +85200 +85800 1008 9007 50
a contact +85200 +85800 2007 1004 50
a contact +85200 +85800 2013 1006 50
a contact +85200 +85800 2014 1009 50
a contact +85200 +85800 2015 1002 50
a contact +85200 +85800 2016 1007 50
a contact +85200 +85800 2017 1005 50
a contact +85800 +86400 1002 9008 50
a contact +85800 +86400 1004 9002 50
a contact +85800 +86400 1005 9005 50
a contact +85800 +86400 1006 9001 50
a contact +85800 +86400 1007 9007 50
a contact +85800 +86400 1008 9004 50
a contact +85800 +86400 2008 1009 50
a contact +85800 +86400 2016 1001 50
a contact +85800 +86400 2019 1003 50

a range +0 +600 2032 1009 0.0548
a range +0 +600 2033 1008 0.0542
a range +0 +600 2034 1007 0.0548
a range +0 +600 2035 1006 0.0547
a range +0 +600 2036 1005 0.0558
a range +0 +600 2037 1004 0.0541
a range +0 +600 2038 1003 0.0553
a range +0 +600 2039 1002 0.0548
a range +0 +600 2040 1001 0.0541
a range +600 +1200 1004 9008 1102.4258
a range +600 +1200 1005 9007 1102.3296
a range +600 +1200 1006 9005 1102.1727
a range +600 +1200 1007 9004 1102.0661
a range +600 +1200 1008 9002 1101.9228
a range +600 +1200 1009 9001 1101.8037
a range +600 +1200 2001 1002 0.0546
a range +600 +1200 2039 1001 0.0556
a range +600 +1200 2040 1003 0.054
a range +1200 +1800 1001 9008 1102.7998
a range +1200 +1800 1002 9002 1102.6825
a range +1200 +1800 1003 9007 1102.3521
a range +1200 +1800 1004 9001 1102.3712
a range +1200 +1800 2036 1009 0.0558
a range +1200 +1800 2037 1008 0.0544
a range +1200 +1800 2038 1007 0.0549
a range +1200 +1800 2039 1006 0.0548
a range +1200 +1800 2040 1005 0.0558
a range +1800 +2400 1002 9007 1102.33
a range +1800 +2400 1003 9008 1102.5414
a range +1800 +2400 1005 9005 1102.3108
a range +1800 +2400 1006 9004 1102.1853
a range +1800 +2400 1007 9002 1102.0593
a range +1800 +2400 1008 9001 1101.9221
a range +1800 +2400 2001 1001 0.054
a range +1800 +2400 2039 1009 0.0542
a range +1800 +2400 2040 1004 0.0551
a range +2400 +3000 1001 9007 1102.3154
a range +2400 +3000 1002 9001 1102.33
a range +2400 +3000 2034 1009 0.0552
a range +2400 +3000 2035 1005 0.0551
a range +2400 +3000 2036 1008 0.0549
a range +2400 +3000 2037 1007 0.0542
a range +2400 +3000 2038 1004 0.0545
a range +2400 +3000 2039 1003 0.0555
a range +2400 +3000 2040 1006 0.055
a range +3000 +3600 1001 9004 1102.3154
a range +3000 +3600 1003 9005 1102.5414
a range +3000 +3600 1004 9007 1102.3712
a range +3000 +3600 1005 9008 1102.3108
a range +3000 +3600 1006 9002 1102.1727
a range +3000 +3600 1007 9001 1102.0661
a range +3000 +3600 2002 1009 0.0557
a range +3000 +3600 2039 1008 0.0554
a range +3000 +3600 2040 1002 0.0542
a range +3600 +4200 1001 9001 1102.3154
a range +3600 +4200 1008 9004 1101.9221
a range +3600 +4200 2034 1005 0.0552
a range +3600 +4200 2035 1009 0.0549
a range +3600 +4200 2036 1006 0.0542
a range +3600 +4200 2037 1003 0.054
a range +3600 +4200 2038 1002 0.0552
a range +3600 +4200 2039 1004 0.0551
a range +3600 +4200 2040 1007 0.0555
a range +4200 +4800 1003 9002 1102.5414
a range +4200 +4800 1004 9005 1102.4258
a range +4200 +4800 1005 9004 1102.3296
a range +4200 +4800 1006 9001 1102.1853
a range +4200 +4800 1007 9007 1102.0661
a range +4200 +4800 1009 9008 1102.9426
a range +4200 +4800 2003 1002 0.0541
a range +4200 +4800 2038 1001 0.0542
a range +4200 +4800 2040 1008 0.0551
a range +4800 +5400 1001 9002 1102.7998
a range +4800 +5400 1002 9008 1102.6825
a range +4800 +5400 1009 9004 1102.3149
a range +4800 +5400 2034 1004 0.0544
a range +4800 +5400 2035 1007 0.0555
a range +4800 +5400 2036 1003 0.0548
a range +4800 +5400 2037 1006 0.0555
a range +4800 +5400 2038 1008 0.0554
a range +4800 +5400 2039 1005 0.0554
a range +5400 +6000 1002 9005 1102.6825
a range +5400 +6000 1003 9004 1102.3521
a range +5400 +6000 1004 9002 1102.4258
a range +5400 +6000 1005 9001 1102.3296
a range +5400 +6000 1006 9008 1102.1727
a range +5400 +6000 1009 9007 1102.3149
a range +5400 +6000 2002 1008 0.0543
a range +5400 +6000 2037 1001 0.0551
a range +5400 +6000 2039 1007 0.055
a range +6000 +6600 1001 9005 1102.7998
a range +6000 +6600 1009 9002 1102.9426
a range +6000 +6600 2033 1004 0.0545
a range +6000 +6600 2034 1003 0.0551
a range +6000 +6600 2035 1008 0.0544
a range +6000 +6600 2036 1002 0.0549
a range +6000 +6600 2037 1005 0.0549
a range +6000 +6600 2038 1006 0.054
a range +6600 +7200 1003 9001 1102.3521
a range +6600 +7200 1004 9004 1102.3712
a range +6600 +7200 1005 9002 1102.3108
a range +6600 +7200 1006 9007 1102.1853
a range +6000 +7200 1007 9008 1102.0593
a range +6600 +7200 1009 9005 1102.9426
a range +6600 +7200 2002 1002 0.0541
a range +6600 +7200 2034 1008 0.0543
a range +6600 +7200 2036 1001 0.0542
a range +7200 +7800 1002 9004 1102.33
a range +7200 +7800 2002 1003 0.0541
a range +7200 +7800 2032 1008 0.0556
a range +7200 +7800 2033 1007 0.0549
a range +7200 +7800 2034 1006 0.0545
a range +7200 +7800 2035 1001 0.0545
a range +7200 +7800 2036 1004 0.0558
a range +7200 +7800 2037 1009 0.0552
a range +7200 +7800 2038 1005 0.0552
a range +7800 +8400 1001 9002 1102.7998
a range +7800 +8400 1003 9001 1102.3521
a range +7800 +8400 1004 9008 1102.4258
a range +7800 +8400 1005 9007 1102.3296
a range +7800 +8400 1006 9004 1102.1853
a range +7800 +8400 1008 9005 1103.061
a range +7800 +8400 2002 1007 0.0546
a range +7800 +8400 2037 1002 0.0541
a range +7800 +8400 2040 1009 0.0541
a range +8400 +9000 1002 9001 1102.33
a range +8400 +9000 1008 9007 1102.329
a range +8400 +9000 1009 9002 1102.9426
a range +8400 +9000 2002 1004 0.0551
a range +8400 +9000 2032 1006 0.0543
a range +8400 +9000 2033 1005 0.0547
a range +8400 +9000 2034 1001 0.0541
a range +8400 +9000 2035 1003 0.054
a range +8400 +9000 2036 1007 0.0552
a range +9000 +9600 1002 9004 1102.33
a range +9000 +9600 1003 9007 1102.3521
a range +9000 +9600 1004 9001 1102.3712
a range +9000 +9600 1005 9005 1102.3108
a range +9000 +9600 1006 9002 1102.1727
a range +9000 +9600 1008 9008 1103.061
a range +9000 +9600 2002 1001 0.0549
a range +9000 +9600 2032 1007 0.0543
a range +9000 +9600 2038 1009 0.0545
a range +9600 +10200 1001 9008 1102.7998
a range +9600 +10200 1008 9002 1103.061
a range +9600 +10200 1009 9001 1102.3149
a range +9600 +10200 2004 1003 0.0544
a range +9600 +10200 2031 1007 0.0542
a range +9600 +10200 2032 1005 0.0545
a range +9600 +10200 2033 1006 0.054
a range +9600 +10200 2034 1002 0.0546
a range +9600 +10200 2035 1004 0.0546
a range +10200 +10800 1003 9008 1102.5414
a range +10200 +10800 1004 9007 1102.3712
a range +10200 +10800 1005 9002 1102.3108
a range +10200 +10800 1006 9005 1102.1727
a range +10200 +10800 1008 9001 1102.329
a range +10200 +10800 1009 9004 1102.3149
a range +10200 +10800 2003 1007 0.0542
a range +10200 +10800 2033 1001 0.0558
a range +10200 +10800 2035 1002 0.0555
a range +10800 +11400 1001 9001 1102.3154
a range +10800 +11400 1002 9002 1102.6825
a range +10800 +11400 1007 9005 1103.2048
a range +10800 +11400 1008 9004 1102.329
a range +10800 +11400 2001 1003 0.0555
a range +10800 +11400 2030 1006 0.0548
a range +10800 +11400 2031 1005 0.0542
a range +10800 +11400 2032 1004 0.0557
a range +10800 +11400 2033 1009 0.0545
a range +11400 +12000 1003 9005 1102.5414
a range +11400 +12000 1004 9002 1102.4258
a range +11400 +12000 1005 9004 1102.3296
a range +11400 +12000 1007 9001 1102.3509
a range +11400 +12000 1008 9007 1102.329
a range +11400 +12000 1009 9008 1102.9426
a range +11400 +12000 2003 1006 0.0556
a range +11400 +12000 2031 1002 0.0554
a range +11400 +12000 2032 1001 0.0546
a range +12000 +12600 1001 9005 1102.7998
a range +12000 +12600 1002 9008 1102.6825
a range +12000 +12600 1007 9002 1103.2048
a range +12000 +12600 2003 1003 0.0552
a range +12000 +12600 2027 1009 0.0542
a range +12000 +12600 2028 1008 0.0555
a range +12000 +12600 2029 1006 0.0541
a range +12000 +12600 2030 1005 0.0547
a range +12000 +12600 2031 1004 0.0543
a range +12600 +13200 1003 9002 1102.5414
a range +12600 +13200 1004 9005 1102.4258
a range +12600 +13200 1005 9001 1102.3296
a range +12600 +13200 1007 9004 1102.3509
a range +12600 +13200 1008 9008 1103.061
a range +12600 +13200 1009 9007 1102.3149
a range +12600 +13200 2003 1001 0.0544
a range +12600 +13200 2030 1002 0.055
a range +12600 +13200 2031 1006 0.0554
a range +13200 +13800 1001 9004 1102.3154
a range +13200 +13800 1002 9007 1102.33
a range +13200 +13800 1007 9005 1103.2048
a range +13200 +13800 2005 1004 0.0545
a range +13200 +13800 2028 1006 0.0557
a range +13200 +13800 2029 1005 0.0557
a range +13200 +13800 2030 1009 0.0542
a range +13200 +13800 2031 1008 0.0549
a range +13200 +13800 2033 1003 0.054
a range +13800 +14400 1001 9001 1102.3154
a range +13800 +14400 1004 9004 1102.3712
a range +13800 +14400 1005 9008 1102.3108
a range +13800 +14400 1007 9007 1102.3509
a range +13800 +14400 1008 9002 1103.061
a range +13800 +14400 1009 9005 1102.9426
a range +13800 +14400 2004 1006 0.0541
a range +13800 +14400 2032 1003 0.0543
a range +13800 +14400 2033 1002 0.0549
a range +14400 +15000 1002 9005 1102.6825
a range +14400 +15000 1003 9004 1102.3521
a range +14400 +15000 1006 9001 1102.3704
a range +14400 +15000 2004 1001 0.0555
a range +14400 +15000 2027 1008 0.0547
a range +14400 +15000 2028 1005 0.054
a range +14400 +15000 2029 1007 0.0543
a range +14400 +15000 2030 1004 0.0548
a range +14400 +15000 2031 1009 0.054
a range +15000 +15600 1001 9007 1102.3154
a range +15000 +15600 1004 9001 1102.3712
a range +15000 +15600 1006 9008 1103.3236
a range +15000 +15600 1007 9004 1102.3509
a range +15000 +15600 1008 9005 1103.061
a range +15000 +15600 1009 9002 1102.9426
a range +15000 +15600 2004 1005 0.0554
a range +15000 +15600 2031 1003 0.0541
a range +15000 +15600 2032 1002 0.0541
a range +15600 +16200 1002 9008 1102.6825
a range +15600 +16200 1003 9005 1102.5414
a range +15600 +16200 1006 9002 1103.3236
a range +15600 +16200 2005 1005 0.0544
a range +15600 +16200 2026 1008 0.0549
a range +15600 +16200 2027 1007 0.0543
a range +15600 +16200 2028 1009 0.0541
a range +15600 +16200 2029 1004 0.0547
a range +15600 +16200 2030 1001 0.0551
a range +16200 +16800 1007 9002 1103.2048
a range +16200 +16800 1008 9008 1103.061
a range +16200 +16800 1009 9005 1102.9426
a range +16200 +16800 2005 1001 0.0547
a range +16200 +16800 2026 1006 0.0546
a range +16200 +16800 2027 1005 0.0545
a range +16200 +16800 2028 1004 0.0541
a range +16200 +16800 2029 1002 0.054
a range +16200 +16800 2030 1003 0.0541
a range +16800 +17400 1003 9008 1102.5414
a range +16800 +17400 1004 9002 1102.4258
a range +16800 +17400 1006 9005 1103.3236
a range +16800 +17400 2006 1001 0.0541
a range +16800 +17400 2025 1008 0.0542
a range +16800 +17400 2026 1005 0.0552
a range +16800 +17400 2027 1002 0.0544
a range +16800 +17400 2028 1007 0.0546
a range +16800 +17400 2029 1009 0.0548
a range +17400 +18000 1005 9002 1103.4167
a range +17400 +18000 1008 9005 1103.061
a range +17400 +18000 1009 9008 1102.9426
a range +17400 +18000 2007 1004 0.0552
a range +17400 +18000 2026 1007 0.054
a range +17400 +18000 2027 1006 0.0552
a range +17400 +18000 2028 1002 0.0545
a range +17400 +18000 2029 1003 0.0548
a range +17400 +18000 2031 1001 0.0553
a range +18000 +18600 1002 9002 1102.6825
a range +18000 +18600 1006 9008 1103.3236
a range +18000 +18600 1007 9005 1103.2048
a range +18000 +18600 2007 1008 0.0552
a range +18000 +18600 2025 1005 0.0556
a range +18000 +18600 2026 1009 0.054
a range +18000 +18600 2027 1004 0.0541
a range +18000 +18600 2028 1003 0.0555
a range +18000 +18600 2029 1001 0.0558
a range +18600 +19200 1003 9002 1102.5414
a range +18600 +19200 1005 9005 1103.4167
a range +18600 +19200 1007 9008 1103.2048
a range +18600 +19200 2007 1002 0.0551
a range +18600 +19200 2024 1009 0.0547
a range +18600 +19200 2025 1006 0.0545
a range +18600 +19200 2026 1004 0.0543
a range +18600 +19200 2028 1001 0.0547
a range +18600 +19200 2030 1008 0.0547
a range +19200 +19800 1001 9002 1102.7998
a range +19200 +19800 1002 9005 1102.6825
a range +19200 +19800 1005 9008 1103.4167
a range +19200 +19800 2005 1009 0.0544
a range +19200 +19800 2024 1006 0.0541
a range +19200 +19800 2025 1004 0.0545
a range +19200 +19800 2027 1003 0.0544
a range +19200 +19800 2029 1008 0.0543
a range +19200 +19800 2030 1007 0.0541
a range +19800 +20400 1001 9008 1102.7998
a range +19800 +20400 1008 9002 1103.061
a range +19800 +20400 1009 9005 1102.9426
a range +19800 +20400 2004 1002 0.054
a range +19800 +20400 2022 1006 0.0553
a range +19800 +20400 2023 1005 0.0551
a range +19800 +20400 2024 1004 0.0541
a range +19800 +20400 2025 1007 0.0541
a range +19800 +20400 2026 1003 0.0549
a range +20400 +21000 1001 9005 1102.7998
a range +20400 +21000 1005 9002 1103.4167
a range +20400 +21000 1006 9008 1103.3236
a range +20400 +21000 2005 1003 0.0557
a range +20400 +21000 2022 1008 0.0555
a range +20400 +21000 2023 1004 0.0556
a range +20400 +21000 2024 1007 0.0553
a range +20400 +21000 2025 1009 0.0555
a range +20400 +21000 2026 1002 0.0557
a range +21000 +21600 1004 9005 1103.4001
a range +21000 +21600 1008 9008 1103.061
a range +21000 +21600 1009 9002 1102.9426
a range +21000 +21600 2009 1003 0.0549
a range +21000 +21600 2022 1007 0.0547
a range +21000 +21600 2023 1006 0.0558
a range +21000 +21600 2024 1005 0.0541
a range +21000 +21600 2025 1002 0.0545
a range +21000 +21600 2027 1001 0.0552
a range +21600 +22200 1004 9008 1103.4001
a range +21600 +22200 1005 9005 1103.4167
a range +21600 +22200 1007 9002 1103.2048
a range +21600 +22200 2009 1006 0.0553
a range +21600 +22200 2022 1009 0.0547
a range +21600 +22200 2023 1008 0.0553
a range +21600 +22200 2024 1002 0.0552
a range +21600 +22200 2025 1003 0.054
a range +21600 +22200 2026 1001 0.0543
a range +22200 +22800 1006 9002 1103.3236
a range +22200 +22800 1008 9005 1103.061
a range +22200 +22800 1009 9008 1102.9426
a range +22200 +22800 2009 1002 0.0548
a range +22200 +22800 2021 1005 0.0544
a range +22200 +22800 2022 1004 0.0555
a range +22200 +22800 2023 1007 0.0548
a range +22200 +22800 2024 1003 0.0549
a range +22200 +22800 2025 1001 0.0545
a range +22800 +23400 1004 9002 1103.4001
a range +22800 +23400 1006 9005 1103.3236
a range +22800 +23400 1007 9008 1103.2048
a range +22800 +23400 2009 1001 0.0551
a range +22800 +23400 2020 1005 0.054
a range +22800 +23400 2021 1009 0.0546
a range +22800 +23400 2022 1003 0.0548
a range +22800 +23400 2023 1002 0.0544
a range +22800 +23400 2024 1008 0.0542
a range +23400 +24000 1002 9002 1102.6825
a range +23400 +24000 1004 9008 1103.4001
a range +23400 +24000 1007 9005 1103.2048
a range +23400 +24000 2008 1003 0.0557
a range +23400 +24000 2020 1008 0.0541
a range +23400 +24000 2021 1006 0.0552
a range +23400 +24000 2022 1005 0.0549
a range +23400 +24000 2023 1009 0.055
a range +23400 +24000 2024 1001 0.0554
a range +24000 +24600 1003 9002 1103.3778
a range +24000 +24600 1004 9005 1103.4001
a range +24000 +24600 1005 9008 1103.4167
a range +24000 +24600 2008 1006 0.0555
a range +24000 +24600 2019 1008 0.0558
a range +24000 +24600 2020 1009 0.0545
a range +24000 +24600 2021 1007 0.0547
a range +24000 +24600 2022 1002 0.0551
a range +24000 +24600 2023 1001 0.0558
a range +24600 +25200 1001 9008 1102.7998
a range +24600 +25200 1003 9005 1103.3778
a range +24600 +25200 1009 9002 1102.9426
a range +24600 +25200 2003 1004 0.0558
a range +24600 +25200 2017 1008 0.0553
a range +24600 +25200 2018 1007 0.0545
a range +24600 +25200 2019 1005 0.0546
a range +24600 +25200 2020 1006 0.0548
a range +24600 +25200 2021 1002 0.0551
a range +25200 +25800 1001 9002 1102.7998
a range +25200 +25800 1003 9008 1103.3778
a range +25200 +25800 1009 9005 1102.9426
a range +25200 +25800 2004 1004 0.0543
a range +25200 +25800 2017 1007 0.054
a range +25200 +25800 2018 1005 0.0547
a range +25200 +25800 2019 1006 0.0553
a range +25200 +25800 2020 1002 0.0552
a range +25200 +25800 2021 1008 0.055
a range +25800 +26400 1001 9005 1102.7998
a range +25800 +26400 1008 9002 1103.061
a range +25800 +26400 1009 9008 1102.9426
a range +25800 +26400 2006 1002 0.0548
a range +25800 +26400 2017 1005 0.0542
a range +25800 +26400 2018 1006 0.0556
a range +25800 +26400 2019 1007 0.0545
a range +25800 +26400 2021 1004 0.0552
a range +25800 +26400 2023 1003 0.054
a range +26400 +27000 1006 9008 1103.3236
a range +26400 +27000 1007 9002 1103.2048
a range +26400 +27000 1008 9005 1103.061
a range +26400 +27000 2007 1005 0.0546
a range +26400 +27000 2018 1009 0.0541
a range +26400 +27000 2019 1002 0.0542
a range +26400 +27000 2020 1004 0.0543
a range +26400 +27000 2021 1003 0.055
a range +26400 +27000 2022 1001 0.055
a range +27000 +27600 1002 9005 1103.3602
a range +27000 +27600 1005 9002 1103.4167
a range +27000 +27600 1007 9008 1103.2048
a range +27000 +27600 2006 1004 0.0548
a range +27000 +27600 2017 1006 0.0548
a range +27000 +27600 2018 1008 0.0546
a range +27000 +27600 2019 1009 0.0549
a range +27000 +27600 2020 1003 0.0541
a range +27000 +27600 2021 1001 0.0552
a range +27600 +28200 1002 9008 1103.3602
a range +27600 +28200 1006 9002 1103.3236
a range +27600 +28200 1007 9005 1103.2048
a range +27600 +28200 2006 1005 0.0541
a range +27600 +28200 2016 1008 0.0546
a range +27600 +28200 2017 1009 0.0542
a range +27600 +28200 2018 1003 0.0542
a range +27600 +28200 2019 1004 0.0549
a range +27600 +28200 2020 1001 0.0542
a range +28200 +28800 1003 9002 1103.3778
a range +28200 +28800 1006 9005 1103.3236
a range +28200 +28800 1008 9008 1103.061
a range +28200 +28800 2005 1007 0.0557
a range +28200 +28800 2015 1009 0.0555
a range +28200 +28800 2016 1005 0.0555
a range +28200 +28800 2017 1002 0.0552
a range +28200 +28800 2018 1004 0.0552
a range +28200 +28800 2019 1001 0.0544
a range +28800 +29400 1002 9008 1103.3602
a range +28800 +29400 1004 9002 1103.4001
a range +28800 +29400 1005 9005 1103.4167
a range +28800 +29400 2005 1006 0.0545
a range +28800 +29400 2015 1008 0.0547
a range +28800 +29400 2016 1009 0.0552
a range +28800 +29400 2018 1001 0.0554
a range +28800 +29400 2019 1003 0.0556
a range +28800 +29400 2020 1007 0.0551
a range +29400 +30000 1002 9002 1103.3602
a range +29400 +30000 1004 9005 1103.4001
a range +29400 +30000 1005 9008 1103.4167
a range +29400 +30000 2006 1003 0.0547
a range +29400 +30000 2013 1009 0.0549
a range +29400 +30000 2014 1008 0.0545
a range +29400 +30000 2015 1007 0.0552
a range +29400 +30000 2016 1006 0.055
a range +29400 +30000 2017 1001 0.0544
a range +30000 +30600 1003 9005 1103.3778
a range +30000 +30600 1004 9008 1103.4001
a range +30000 +30600 1005 9006 1103.4488
a range +30000 +30600 1006 9002 1103.3236
a range +30000 +30600 1007 9009 1103.2012
a range +30000 +30600 1009 9003 1102.9548
a range +30000 +30600 2005 1008 0.0522
a range +30000 +30600 2016 1001 0.0549
a range +30000 +30600 2018 1002 0.0545
a range +30600 +31200 1001 9002 1103.3556
a range +30600 +31200 1002 9005 1103.3602
a range +30600 +31200 1003 9008 1103.3778
a range +30600 +31200 1005 9003 1103.4488
a range +30600 +31200 1006 9009 1103.3129
a range +30600 +31200 1008 9006 1103.0662
a range +30600 +31200 2001 1009 0.0544
a range +30600 +31200 2016 1007 0.0558
a range +30600 +31200 2017 1004 0.0552
a range +31200 +31800 1001 9005 1103.3556
a range +31200 +31800 1004 9002 1103.4001
a range +31200 +31800 1005 9008 1103.4167
a range +31200 +31800 1006 9003 1103.3129
a range +31200 +31800 1007 9006 1103.2012
a range +31200 +31800 1008 9009 1103.0662
a range +31200 +31800 2005 1002 0.0547
a range +31200 +31800 2014 1009 0.0548
a range +31200 +31800 2017 1003 0.0551
a range +31800 +32400 1001 9008 1103.3556
a range +31800 +32400 1004 9009 1103.5617
a range +31800 +32400 1005 9002 1103.4167
a range +31800 +32400 1006 9006 1103.3129
a range +31800 +32400 1007 9005 1103.2048
a range +31800 +32400 1008 9003 1103.0662
a range +31800 +32400 2010 1009 0.0552
a range +31800 +32400 2015 1002 0.0532
a range +31800 +32400 2016 1003 0.0546
a range +32400 +33000 1003 9002 1103.3778
a range +32400 +33000 1004 9006 1103.5617
a range +32400 +33000 1005 9009 1103.4488
a range +32400 +33000 1006 9008 1103.3236
a range +32400 +33000 1007 9003 1103.2012
a range +32400 +33000 1008 9005 1103.061
a range +32400 +33000 2007 1009 0.0543
a range +32400 +33000 2015 1001 0.0544
a range +32400 +33000 2016 1002 0.0558
a range +33000 +33600 1002 9009 1103.8139
a range +33000 +33600 1003 9006 1103.6752
a range +33000 +33600 1004 9003 1103.5617
a range +33000 +33600 1006 9005 1103.3236
a range +33000 +33600 1007 9002 1103.2048
a range +33000 +33600 1008 9008 1103.061
a range +33000 +33600 2007 1001 0.0547
a range +33000 +33600 2009 1009 0.0544
a range +33000 +33600 2015 1005 0.0555
a range +33600 +34200 1001 9002 1103.3556
a range +33600 +34200 1002 9006 1103.8139
a range +33600 +34200 1003 9003 1103.6752
a range +33600 +34200 1005 9005 1103.4167
a range +33600 +34200 1007 9008 1103.2048
a range +33600 +34200 1009 9009 1104.0701
a range +33600 +34200 2001 1008 0.0546
a range +33600 +34200 2014 1004 0.0548
a range +33600 +34200 2015 1006 0.0547
a range +34200 +34800 1001 9005 1103.3556
a range +34200 +34800 1002 9002 1103.3602
a range +34200 +34800 1003 9009 1103.6752
a range +34200 +34800 1004 9008 1103.4001
a range +34200 +34800 1007 9003 1103.2012
a range +34200 +34800 1009 9006 1104.0701
a range +34200 +34800 2001 1005 0.0542
a range +34200 +34800 2013 1008 0.054
a range +34200 +34800 2014 1006 0.0544
a range +34800 +35400 1001 9009 1103.9292
a range +34800 +35400 1002 9003 1103.8139
a range +34800 +35400 1003 9008 1103.3778
a range +34800 +35400 1004 9005 1103.4001
a range +34800 +35400 1006 9006 1103.3129
a range +34800 +35400 1009 9002 1103.3661
a range +34800 +35400 2002 1005 0.0548
a range +34800 +35400 2010 1008 0.0554
a range +34800 +35400 2014 1007 0.0552
a range +35400 +36000 1001 9006 1103.9292
a range +35400 +36000 1002 9005 1103.3602
a range +35400 +36000 1004 9002 1103.4001
a range +35400 +36000 1006 9003 1103.3129
a range +35400 +36000 1007 9009 1103.2012
a range +35400 +36000 1009 9008 1103.3661
a range +35400 +36000 2008 1008 0.055
a range +35400 +36000 2014 1005 0.0551
a range +35400 +36000 2015 1003 0.0553
a range +36000 +36600 1001 9003 1103.9292
a range +36000 +36600 1002 9008 1103.3602
a range +36000 +36600 1004 9009 1103.5617
a range +36000 +36600 1005 9006 1103.4488
a range +36000 +36600 1006 9002 1103.3236
a range +36000 +36600 1009 9005 1103.3661
a range +36000 +36600 2007 1007 0.0544
a range +36000 +36600 2012 1008 0.0543
a range +36000 +36600 2014 1003 0.0552
a range +36600 +37200 1001 9008 1103.3556
a range +36600 +37200 1005 9002 1103.4167
a range +36600 +37200 1006 9009 1103.3129
a range +36600 +37200 1007 9006 1103.2012
a range +36600 +37200 1009 9003 1104.0701
a range +36600 +37200 2008 1004 0.0555
a range +36600 +37200 2009 1008 0.0558
a range +36600 +37200 2014 1002 0.0554
a range +36600 +37800 1003 9005 1103.3778
a range +37200 +37800 1004 9003 1103.5617
a range +37200 +37800 1005 9009 1103.4488
a range +37200 +37800 1006 9008 1103.3236
a range +37200 +37800 1008 9002 1103.3868
a range +37200 +37800 1009 9006 1104.0701
a range +37200 +37800 2008 1002 0.0542
a range +37200 +37800 2013 1007 0.0547
a range +37200 +37800 2014 1001 0.0435
a range +37800 +38400 1002 9008 1103.3602
a range +37800 +38400 1003 9002 1103.3778
a range +37800 +38400 1005 9003 1103.4488
a range +37800 +38400 1006 9005 1103.3236
a range +37800 +38400 1008 9006 1104.1871
a range +37800 +38400 1009 9009 1104.0701
a range +37800 +38400 2008 1007 0.0545
a range +37800 +38400 2013 1001 0.0546
a range +37800 +38400 2016 1004 0.0437
a range +38400 +39000 1002 9002 1103.3602
a range +38400 +39000 1003 9009 1103.6752
a range +38400 +39000 1004 9006 1103.5617
a range +38400 +39000 1005 9008 1103.4167
a range +38400 +39000 1008 9003 1104.1871
a range +38400 +39000 1009 9005 1103.3661
a range +38400 +39000 2008 1001 0.0555
a range +38400 +39000 2012 1007 0.0545
a range +38400 +39000 2013 1006 0.0546
a range +39000 +39600 1001 9008 1103.3556
a range +39000 +39600 1002 9006 1103.8139
a range +39000 +39600 1003 9003 1103.6752
a range +39000 +39600 1005 9005 1103.4167
a range +39000 +39600 1008 9009 1104.1871
a range +39000 +39600 1009 9002 1103.3661
a range +39000 +39600 2010 1007 0.0546
a range +39000 +39600 2012 1006 0.0557
a range +39000 +39600 2015 1004 0.0545
a range +39600 +40200 1001 9009 1103.9292
a range +39600 +40200 1002 9003 1103.8139
a range +39600 +40200 1003 9006 1103.6752
a range +39600 +40200 1004 9005 1103.4001
a range +39600 +40200 1008 9002 1103.3868
a range +39600 +40200 1009 9008 1103.3661
a range +39600 +40200 2003 1005 0.0541
a range +39600 +40200 2010 1006 0.0542
a range +39600 +40200 2011 1007 0.0542
a range +40200 +40800 1001 9006 1103.9292
a range +40200 +40800 1002 9009 1103.8139
a range +40200 +40800 1004 9008 1103.4001
a range +40200 +40800 1007 9002 1103.408
a range +40200 +40800 1008 9005 1103.3868
a range +40200 +40800 1009 9003 1104.0701
a range +40200 +40800 2007 1006 0.0549
a range +40200 +40800 2012 1003 0.0545
a range +40200 +40800 2013 1005 0.0549
a range +40800 +41400 1001 9002 1103.3556
a range +40800 +41400 1002 9005 1103.3602
a range +40800 +41400 1003 9003 1103.6752
a range +40800 +41400 1005 9009 1103.4488
a range +40800 +41400 1007 9006 1104.3298
a range +40800 +41400 1008 9008 1103.3868
a range +40800 +41400 2001 1006 0.0467
a range +40800 +41400 2012 1009 0.0375
a range +40800 +41400 2013 1004 0.0541
a range +41400 +42000 1001 9003 1103.9292
a range +41400 +42000 1003 9008 1103.3778
a range +41400 +42000 1005 9002 1103.4167
a range +41400 +42000 1007 9005 1103.408
a range +41400 +42000 1008 9006 1104.1871
a range +41400 +42000 1009 9009 1104.0701
a range +41400 +42000 2010 1002 0.0542
a range +41400 +42000 2011 1006 0.0543
a range +41400 +42000 2012 1004 0.0546
a range +42000 +42600 1001 9005 1103.3556
a range +42000 +42600 1002 9002 1103.3602
a range +42000 +42600 1003 9009 1103.6752
a range +42000 +42600 1004 9006 1103.5617
a range +42000 +42600 1007 9008 1103.408
a range +42000 +42600 1008 9003 1104.1871
a range +42000 +42600 2006 1006 0.0549
a range +42000 +42600 2009 1005 0.054
a range +42000 +42600 2011 1009 0.0543
a range +42600 +43200 1007 9003 1104.3298
a range +42600 +43200 1008 9009 1104.1871
a range +42600 +43200 1009 9006 1104.0701
a range +42600 +43200 2002 1006 0.0471
a range +42600 +43200 2009 1004 0.043
a range +42600 +43200 2010 1001 0.0542
a range +42600 +43200 2011 1002 0.0546
a range +42600 +43200 2012 1005 0.0546
a range +42600 +43200 2013 1003 0.0546
a range +43200 +43800 1001 9003 1103.9292
a range +43200 +43800 1002 9006 1103.8139
a range +43200 +43800 1004 9009 1103.5617
a range +43200 +43800 2001 1006 0.0467
a range +43200 +43800 2006 1009 0.054
a range +43200 +43800 2008 1005 0.0547
a range +43200 +43800 2009 1007 0.055
a range +43200 +43800 2010 1003 0.0551
a range +43200 +43800 2011 1008 0.0496
a range +43800 +44400 1001 9009 1103.9292
a range +43800 +44400 1002 9003 1103.8139
a range +43800 +44400 1006 9006 1104.4482
a range +43800 +44400 2001 1004 0.054
a range +43800 +44400 2004 1007 0.0541
a range +43800 +44400 2006 1008 0.0546
a range +43800 +44400 2008 1009 0.0546
a range +43800 +44400 2010 1005 0.051
a range +43800 +44400 2011 1003 0.0544
a range +44400 +45000 1001 9003 1103.9292
a range +44400 +45000 1003 9006 1103.6752
a range +44400 +45000 1006 9009 1104.4482
a range +44400 +45000 2003 1009 0.0547
a range +44400 +45000 2004 1008 0.0432
a range +44400 +45000 2006 1007 0.0544
a range +44400 +45000 2010 1004 0.053
a range +44400 +45000 2011 1005 0.0541
a range +44400 +45000 2013 1002 0.0291
a range +45000 +45600 1001 9006 1103.9292
a range +45000 +45600 1006 9003 1104.4482
a range +45000 +45600 1007 9009 1104.3298
a range +45000 +45600 2001 1002 0.0554
a range +45000 +45600 2003 1008 0.0309
a range +45000 +45600 2004 1009 0.0426
a range +45000 +45600 2011 1004 0.0555
a range +45000 +45600 2039 1005 0.0554
a range +45000 +45600 2040 1003 0.0502
a range +45600 +46200 1003 9006 1103.6752
a range +45600 +46200 1004 9003 1103.5617
a range +45600 +46200 1009 9009 1104.0701
a range +45600 +46200 2001 1001 0.054
a range +45600 +46200 2012 1002 0.0548
a range +45600 +46200 2037 1008 0.0546
a range +45600 +46200 2038 1005 0.0552
a range +45600 +46200 2039 1006 0.0548
a range +45600 +46200 2040 1007 0.0555
a range +46200 +46800 1002 9009 1103.8139
a range +46200 +46800 1006 9003 1104.4482
a range +46200 +46800 1008 9006 1104.1871
a range +46200 +46800 2001 1005 0.055
a range +46200 +46800 2007 1003 0.026
a range +46200 +46800 2012 1001 0.0224
a range +46200 +46800 2038 1004 0.0545
a range +46200 +46800 2039 1007 0.0555
a range +46200 +46800 2040 1009 0.0558
a range +46800 +47400 1005 9003 1104.5918
a range +46800 +47400 1008 9009 1104.1871
a range +46800 +47400 1009 9006 1104.0701
a range +46800 +47400 2002 1001 0.0549
a range +46800 +47400 2036 1007 0.0546
a range +46800 +47400 2037 1004 0.0549
a range +46800 +47400 2038 1006 0.0549
a range +46800 +47400 2039 1003 0.054
a range +46800 +47400 2040 1002 0.0536
a range +47400 +48000 1005 9006 1104.5918
a range +47400 +48000 1007 9009 1104.3298
a range +47400 +48000 1009 9003 1104.0701
a range +47400 +48000 2003 1001 0.0558
a range +47400 +48000 2036 1004 0.0558
a range +47400 +48000 2037 1006 0.0541
a range +47400 +48000 2038 1003 0.0547
a range +47400 +48000 2039 1002 0.0438
a range +47400 +48000 2040 1008 0.055
a range +48000 +48600 1003 9009 1103.6752
a range +48000 +48600 1005 9003 1104.5918
a range +48000 +48600 1007 9006 1104.3298
a range +48000 +48600 2002 1004 0.0555
a range +48000 +48600 2011 1001 0.0541
a range +48000 +48600 2037 1002 0.0549
a range +48000 +48600 2038 1008 0.0544
a range +48000 +48600 2039 1009 0.0552
a range +48000 +48600 2040 1006 0.0541
a range +48600 +49200 1002 9003 1103.8139
a range +48600 +49200 1005 9009 1104.5918
a range +48600 +49200 1006 9006 1104.4482
a range +48600 +49200 2001 1007 0.0327
a range +48600 +49200 2004 1004 0.0543
a range +48600 +49200 2037 1003 0.0548
a range +48600 +49200 2038 1009 0.0402
a range +48600 +49200 2039 1008 0.0548
a range +48600 +49200 2040 1001 0.0547
a range +49200 +49800 1005 9006 1104.5918
a range +49200 +49800 1006 9009 1104.4482
a range +49200 +49800 1008 9003 1104.1871
a range +49200 +49800 2005 1004 0.0545
a range +49200 +49800 2035 1007 0.0525
a range +49200 +49800 2036 1003 0.0548
a range +49200 +49800 2037 1009 0.0376
a range +49200 +49800 2038 1002 0.03
a range +49200 +49800 2039 1001 0.0441
a range +49800 +50400 1001 9009 1103.9292
a range +49800 +50400 1002 9006 1103.8139
a range +49800 +50400 1007 9003 1104.3298
a range +49800 +50400 2002 1003 0.0541
a range +49800 +50400 2033 1004 0.0542
a range +49800 +50400 2034 1006 0.0441
a range +49800 +50400 2035 1008 0.0468
a range +49800 +50400 2036 1009 0.0365
a range +49800 +50400 2040 1005 0.0546
a range +50400 +51000 1001 9006 1103.9292
a range +50400 +51000 1002 9009 1103.8139
a range +50400 +51000 1004 9003 1104.7107
a range +50400 +51000 2002 1006 0.0471
a range +50400 +51000 2034 1003 0.0542
a range +50400 +51000 2035 1009 0.0375
a range +50400 +51000 2036 1008 0.0496
a range +50400 +51000 2037 1005 0.0549
a range +50400 +51000 2038 1007 0.0551
a range +51000 +51600 1004 9006 1104.7107
a range +51000 +51600 1008 9003 1104.1871
a range +51000 +51600 1009 9009 1104.0701
a range +51000 +51600 2005 1002 0.0401
a range +51000 +51600 2034 1005 0.0542
a range +51000 +51600 2035 1003 0.054
a range +51000 +51600 2036 1006 0.0546
a range +51000 +51600 2037 1007 0.0548
a range +51000 +51600 2038 1001 0.0333
a range +51600 +52200 1004 9009 1104.7107
a range +51600 +52200 1008 9006 1104.1871
a range +51600 +52200 1009 9003 1104.0701
a range +51600 +52200 2005 1003 0.0551
a range +51600 +52200 2033 1006 0.0309
a range +51600 +52200 2034 1007 0.0433
a range +51600 +52200 2035 1005 0.0544
a range +51600 +52200 2036 1002 0.0544
a range +51600 +52200 2037 1001 0.0228
a range +52200 +52800 1002 9003 1103.8139
a range +52200 +52800 1005 9009 1104.5918
a range +52200 +52800 1006 9007 1104.4396
a range +52200 +52800 1007 9006 1104.3298
a range +52200 +52800 1008 9004 1104.1909
a range +52200 +52800 1009 9001 1104.0793
a range +52200 +52800 2005 1001 0.0482
a range +52200 +52800 2033 1003 0.0545
a range +52200 +52800 2040 1004 0.0425
a range +52800 +53400 1002 9009 1103.8139
a range +52800 +53400 1005 9007 1104.5772
a range +52800 +53400 1006 9006 1104.4482
a range +52800 +53400 1007 9003 1104.3298
a range +52800 +53400 1008 9001 1104.1909
a range +52800 +53400 1009 9004 1104.0793
a range +52800 +53400 2004 1003 0.0543
a range +52800 +53400 2036 1001 0.054
a range +52800 +53400 2039 1004 0.0409
a range +53400 +54000 1003 9003 1104.8039
a range +53400 +54000 1004 9006 1104.7107
a range +53400 +54000 1006 9004 1104.4396
a range +53400 +54000 1007 9001 1104.3267
a range +53400 +54000 1008 9009 1104.1871
a range +53400 +54000 1009 9007 1104.0793
a range +53400 +54000 2004 1001 0.0415
a range +53400 +54000 2035 1002 0.0555
a range +53400 +54000 2036 1005 0.054
a range +54000 +54600 1003 9001 1104.807
a range +54000 +54600 1004 9003 1104.7107
a range +54000 +54600 1005 9004 1104.5772
a range +54000 +54600 1007 9009 1104.3298
a range +54000 +54600 1008 9007 1104.1909
a range +54000 +54600 1009 9006 1104.0701
a range +54000 +54600 2006 1001 0.0519
a range +54000 +54600 2034 1002 0.0546
a range +54000 +54600 2035 1006 0.0534
a range +54600 +55200 1001 9003 1103.9292
a range +54600 +55200 1003 9009 1104.8039
a range +54600 +55200 1004 9004 1104.6917
a range +54600 +55200 1005 9006 1104.5918
a range +54600 +55200 1006 9001 1104.4396
a range +54600 +55200 1007 9007 1104.3267
a range +54600 +55200 2001 1008 0.0548
a range +54600 +55200 2033 1002 0.0549
a range +54600 +55200 2034 1009 0.055
a range +55200 +55800 1001 9006 1103.9292
a range +55200 +55800 1003 9004 1104.807
a range +55200 +55800 1004 9009 1104.7107
a range +55200 +55800 1005 9003 1104.5918
a range +55200 +55800 1006 9007 1104.4396
a range +55200 +55800 1009 9001 1104.0793
a range +55200 +55800 2001 1007 0.0327
a range +55200 +55800 2032 1002 0.0541
a range +55200 +55800 2034 1008 0.0417
a range +55800 +56400 1001 9009 1103.9292
a range +55800 +56400 1003 9006 1104.8039
a range +55800 +56400 1004 9007 1104.6917
a range +55800 +56400 1005 9001 1104.5772
a range +55800 +56400 1006 9003 1104.4482
a range +55800 +56400 1007 9004 1104.3267
a range +55800 +56400 2002 1002 0.0555
a range +55800 +56400 2032 1009 0.0545
a range +55800 +56400 2033 1008 0.0542
a range +56400 +57000 1002 9006 1104.7876
a range +56400 +57000 1003 9003 1104.8039
a range +56400 +57000 1006 9009 1104.4482
a range +56400 +57000 1007 9001 1104.3267
a range +56400 +57000 1008 9007 1104.1909
a range +56400 +57000 1009 9004 1104.0793
a range +56400 +57000 2001 1004 0.054
a range +56400 +57000 2033 1005 0.0366
a range +56400 +57000 2035 1001 0.0552
a range +57000 +57600 1002 9004 1104.9479
a range +57000 +57600 1003 9007 1104.807
a range +57000 +57600 1006 9003 1104.4482
a range +57000 +57600 1007 9009 1104.3298
a range +57000 +57600 1008 9001 1104.1909
a range +57000 +57600 1009 9006 1104.0701
a range +57000 +57600 2003 1005 0.0541
a range +57000 +57600 2034 1001 0.0556
a range +57000 +57600 2035 1004 0.0546
a range +57600 +58200 1002 9007 1104.9479
a range +57600 +58200 1003 9003 1104.8039
a range +57600 +58200 1004 9009 1104.7107
a range +57600 +58200 1005 9006 1104.5918
a range +57600 +58200 1006 9001 1104.4396
a range +57600 +58200 1008 9004 1104.1909
a range +57600 +58200 2002 1009 0.014
a range +57600 +58200 2032 1007 0.0175
a range +57600 +58200 2033 1001 0.0558
a range +58200 +58800 1002 9001 1104.9479
a range +58200 +58800 1005 9003 1104.5918
a range +58200 +58800 1006 9004 1104.4396
a range +58200 +58800 1007 9007 1104.3267
a range +58200 +58800 1008 9006 1104.1871
a range +58200 +58800 1009 9009 1104.0701
a range +58200 +58800 2001 1003 0.0545
a range +58200 +58800 2032 1001 0.0547
a range +58200 +58800 2034 1004 0.0552
a range +58800 +59400 1002 9003 1104.7876
a range +58800 +59400 1003 9006 1104.8039
a range +58800 +59400 1004 9004 1104.6917
a range +58800 +59400 1005 9001 1104.5772
a range +58800 +59400 1006 9007 1104.4396
a range +58800 +59400 2002 1007 0.0338
a range +58800 +59400 2031 1001 0.0553
a range +58800 +59400 2032 1008 0.054
a range +58800 +59400 2033 1009 0.0551
a range +59400 +60000 1003 9009 1104.8039
a range +59400 +60000 1004 9001 1104.6917
a range +59400 +60000 1005 9004 1104.5772
a range +59400 +60000 1006 9006 1104.4482
a range +59400 +60000 1008 9003 1104.1871
a range +59400 +60000 1009 9007 1104.0793
a range +59400 +60000 2003 1002 0.0553
a range +59400 +60000 2030 1001 0.0485
a range +59400 +60000 2033 1007 0.0306
a range +60000 +60600 1001 9004 1105.0649
a range +60000 +60600 1002 9001 1104.9479
a range +60000 +60600 1003 9007 1104.807
a range +60000 +60600 1004 9003 1104.7107
a range +60000 +60600 1007 9006 1104.3298
a range +60000 +60600 2002 1005 0.0548
a range +60000 +60600 2030 1009 0.053
a range +60000 +60600 2031 1008 0.0545
a range +60000 +60600 2032 1006 0.0164
a range +60600 +61200 1001 9007 1105.0649
a range +60600 +61200 1002 9004 1104.9479
a range +60600 +61200 1003 9001 1104.807
a range +60600 +61200 1004 9006 1104.7107
a range +60600 +61200 1007 9003 1104.3298
a range +60600 +61200 1008 9009 1104.1871
a range +60600 +61200 2004 1006 0.0542
a range +60600 +61200 2031 1009 0.054
a range +60600 +61200 2032 1005 0.0303
a range +61200 +61800 1001 9003 1104.7653
a range +61200 +61800 1002 9006 1104.7876
a range +61200 +61800 1003 9004 1104.807
a range +61200 +61800 1004 9001 1104.6917
a range +61200 +61800 1005 9007 1104.5772
a range +61200 +61800 1006 9009 1104.4482
a range +61200 +61800 2003 1009 0.0289
a range +61200 +61800 2030 1008 0.0526
a range +61200 +61800 2031 1007 0.0551
a range +61800 +62400 1001 9006 1104.7653
a range +61800 +62400 1004 9007 1104.6917
a range +61800 +62400 1005 9009 1104.5918
a range +61800 +62400 1006 9003 1104.4482
a range +61800 +62400 1007 9004 1104.3267
a range +61800 +62400 1008 9001 1104.1909
a range +61800 +62400 2006 1009 0.054
a range +61800 +62400 2031 1002 0.0542
a range +61800 +62400 2032 1003 0.0555
a range +62400 +63000 1001 9004 1105.0649
a range +62400 +63000 1002 9007 1104.9479
a range +62400 +63000 1003 9001 1104.807
a range +62400 +63000 2003 1006 0.0556
a range +62400 +63000 2028 1009 0.0297
a range +62400 +63000 2029 1008 0.0438
a range +62400 +63000 2030 1007 0.0541
a range +62400 +63000 2031 1005 0.0285
a range +62400 +63000 2032 1004 0.0442
a range +63000 +63600 1001 9007 1105.0649
a range +63000 +63600 1002 9009 1104.7876
a range +63000 +63600 1005 9006 1104.5918
a range +63000 +63600 1006 9004 1104.4396
a range +63000 +63600 1007 9001 1104.3267
a range +63000 +63600 1009 9003 1104.7475
a range +63000 +63600 2006 1008 0.0546
a range +63000 +63600 2030 1003 0.0303
a range +63000 +63600 2031 1004 0.0437
a range +63600 +64200 1001 9009 1104.7653
a range +63600 +64200 1002 9004 1104.9479
a range +63600 +64200 1003 9003 1104.8039
a range +63600 +64200 1004 9007 1104.6917
a range +63600 +64200 1009 9001 1105.078
a range +63600 +64200 2004 1008 0.0432
a range +63600 +64200 2029 1007 0.0545
a range +63600 +64200 2030 1005 0.055
a range +63600 +64200 2031 1006 0.012
a range +64200 +64800 1001 9001 1105.0649
a range +64200 +64800 1004 9004 1104.6917
a range +64200 +64800 1005 9003 1104.5918
a range +64200 +64800 1006 9009 1104.4482
a range +64200 +64800 1007 9006 1104.3298
a range +64200 +64800 1009 9007 1105.078
a range +64200 +64800 2004 1002 0.0405
a range +64200 +64800 2028 1008 0.0316
a range +64200 +64800 2031 1003 0.0545
a range +64800 +65400 1001 9003 1104.7653
a range +64800 +65400 1002 9001 1104.9479
a range +64800 +65400 1003 9007 1104.807
a range +64800 +65400 1009 9004 1105.078
a range +64800 +65400 2003 1004 0.0558
a range +64800 +65400 2027 1008 0.0191
a range +64800 +65400 2028 1007 0.0383
a range +64800 +65400 2029 1005 0.0557
a range +64800 +65400 2030 1006 0.0548
a range +65400 +66000 1003 9006 1104.8039
a range +65400 +66000 1004 9009 1104.7107
a range +65400 +66000 1005 9004 1104.5772
a range +65400 +66000 1006 9001 1104.4396
a range +65400 +66000 1007 9007 1104.3267
a range +65400 +66000 1009 9003 1104.7475
a range +65400 +66000 2007 1008 0.0552
a range +65400 +66000 2029 1001 0.042
a range +65400 +66000 2030 1002 0.0401
a range +66000 +66600 1001 9004 1105.0649
a range +66000 +66600 1002 9007 1104.9479
a range +66000 +66600 2003 1003 0.0544
a range +66000 +66600 2025 1009 0.0542
a range +66000 +66600 2026 1008 0.0159
a range +66000 +66600 2027 1007 0.0339
a range +66000 +66600 2028 1005 0.0545
a range +66000 +66600 2029 1006 0.0545
a range +66000 +66600 2030 1004 0.0548
a range +66600 +67200 1003 9009 1104.8039
a range +66600 +67200 1004 9003 1104.7107
a range +66600 +67200 1005 9001 1104.5772
a range +66600 +67200 1006 9007 1104.4396
a range +66600 +67200 1008 9004 1105.0568
a range +66600 +67200 1009 9006 1104.7475
a range +66600 +67200 2007 1007 0.0546
a range +66600 +67200 2028 1001 0.0341
a range +66600 +67200 2029 1002 0.0405
a range +67200 +67800 1001 9001 1105.0649
a range +67200 +67800 1002 9004 1104.9479
a range +67200 +67800 1008 9007 1105.0568
a range +67200 +67800 2006 1003 0.0244
a range +67200 +67800 2025 1005 0.0513
a range +67200 +67800 2026 1007 0.0326
a range +67200 +67800 2027 1009 0.0148
a range +67200 +67800 2028 1006 0.0543
a range +67200 +67800 2029 1004 0.0542
a range +67800 +68400 1002 9009 1104.7876
a range +67800 +68400 1003 9004 1104.807
a range +67800 +68400 1004 9001 1104.6917
a range +67800 +68400 1005 9007 1104.5772
a range +67800 +68400 1006 9006 1104.4482
a range +67800 +68400 1008 9003 1104.7425
a range +67800 +68400 2007 1001 0.0547
a range +67800 +68400 2025 1007 0.0351
a range +67800 +68400 2029 1009 0.0433
a range +68400 +69000 1001 9007 1105.0649
a range +68400 +69000 1008 9001 1105.0568
a range +68400 +69000 1009 9004 1105.078
a range +68400 +69000 2006 1007 0.0552
a range +68400 +69000 2025 1002 0.055
a range +68400 +69000 2026 1006 0.0468
a range +68400 +69000 2027 1005 0.0552
a range +68400 +69000 2028 1004 0.0541
a range +68400 +69000 2029 1003 0.0395
a range +69000 +69600 1002 9003 1104.7876
a range +69000 +69600 1004 9006 1104.7107
a range +69000 +69600 1005 9009 1104.5918
a range +69000 +69600 1006 9007 1104.4396
a range +69000 +69600 1008 9004 1105.0568
a range +69000 +69600 1009 9001 1105.078
a range +69000 +69600 2008 1007 0.054
a range +69000 +69600 2027 1001 0.028
a range +69000 +69600 2028 1003 0.0545
a range +69600 +70200 1001 9006 1104.7653
a range +69600 +70200 1003 9004 1104.807
a range +69600 +70200 1007 9001 1105.0361
a range +69600 +70200 1008 9007 1105.0568
a range +69600 +70200 2006 1005 0.0195
a range +69600 +70200 2025 1004 0.0534
a range +69600 +70200 2026 1009 0.0116
a range +69600 +70200 2027 1006 0.0471
a range +69600 +70200 2028 1002 0.0414
a range +70200 +70800 1003 9007 1104.807
a range +70200 +70800 1004 9004 1104.6917
a range +70200 +70800 1005 9001 1104.5772
a range +70200 +70800 1007 9003 1104.7526
a range +70200 +70800 1008 9006 1104.7425
a range +70200 +70800 1009 9009 1104.7475
a range +70200 +70800 2008 1006 0.0375
a range +70200 +70800 2026 1001 0.0277
a range +70200 +70800 2027 1002 0.0546
a range +70800 +71400 1001 9007 1105.0649
a range +70800 +71400 1002 9001 1104.9479
a range +70800 +71400 1007 9004 1105.0361
a range +70800 +71400 2007 1009 0.0543
a range +70800 +71400 2023 1003 0.0346
a range +70800 +71400 2024 1006 0.0412
a range +70800 +71400 2025 1008 0.0266
a range +70800 +71400 2026 1005 0.0541
a range +70800 +71400 2027 1004 0.0541
a range +71400 +72000 1001 9001 1105.0649
a range +71400 +72000 1002 9006 1104.7876
a range +71400 +72000 1005 9004 1104.5772
a range +71400 +72000 1007 9003 1104.7526
a range +71400 +72000 1008 9009 1104.7425
a range +71400 +72000 1009 9007 1105.078
a range +71400 +72000 2008 1004 0.029
a range +71400 +72000 2025 1006 0.0446
a range +71400 +72000 2027 1003 0.0557
a range +72000 +72600 1001 9004 1105.0649
a range +72000 +72600 1003 9001 1104.807
a range +72000 +72600 1004 9007 1104.6917
a range +72000 +72600 1007 9009 1104.7526
a range +72000 +72600 2006 1006 0.0543
a range +72000 +72600 2021 1009 0.0544
a range +72000 +72600 2022 1008 0.0555
a range +72000 +72600 2024 1005 0.0427
a range +72000 +72600 2026 1002 0.0547
a range +72600 +73200 1001 9009 1104.7653
a range +72600 +73200 1004 9003 1104.7107
a range +72600 +73200 1005 9006 1104.5918
a range +72600 +73200 1007 9007 1105.0361
a range +72600 +73200 1008 9001 1105.0568
a range +72600 +73200 1009 9004 1105.078
a range +72600 +73200 2006 1002 0.0402
a range +72600 +73200 2023 1006 0.0377
a range +72600 +73200 2026 1003 0.0549
a range +73200 +73800 1001 9003 1104.7653
a range +73200 +73800 1003 9001 1104.807
a range +73200 +73800 1006 9004 1105.0253
a range +73200 +73800 2006 1004 0.0104
a range +73200 +73800 2021 1008 0.055
a range +73200 +73800 2022 1007 0.0547
a range +73200 +73800 2023 1005 0.0312
a range +73200 +73800 2024 1009 0.0543
a range +73200 +74400 1002 9007 1104.9479
a range +73800 +74400 1003 9006 1104.8039
a range +73800 +74400 1007 9009 1104.7526
a range +73800 +74400 1008 9004 1105.0568
a range +73800 +74400 1009 9003 1104.7475
a range +73800 +74400 2008 1005 0.0306
a range +73800 +74400 2025 1001 0.0547
a range +73800 +74400 2026 1004 0.0542
a range +74400 +75000 1001 9007 1105.0649
a range +74400 +75000 1004 9004 1104.6917
a range +73800 +75000 1006 9001 1105.0253
a range +74400 +75000 2007 1002 0.0409
a range +74400 +75000 2021 1007 0.0555
a range +74400 +75000 2022 1005 0.0205
a range +74400 +75000 2023 1009 0.0552
a range +74400 +75000 2024 1008 0.0394
a range +74400 +75000 2025 1003 0.054
a range +75000 +75600 1003 9009 1104.8039
a range +75000 +75600 1004 9006 1104.7107
a range +75000 +75600 1006 9003 1104.7731
a range +75000 +75600 1007 9004 1105.0361
a range +75000 +75600 1008 9007 1105.0568
a range +75000 +75600 1009 9001 1105.078
a range +75000 +75600 2008 1001 0.0555
a range +75000 +75600 2021 1005 0.0192
a range +75000 +75600 2024 1002 0.0552
a range +75600 +76200 1001 9004 1105.0649
a range +75600 +76200 1002 9001 1104.9479
a range +75600 +76200 1006 9007 1105.0253
a range +75600 +76200 2007 1003 0.026
a range +75600 +76200 2020 1005 0.054
a range +75600 +76200 2021 1004 0.0097
a range +75600 +76200 2022 1009 0.0559
a range +75600 +76200 2023 1008 0.0497
a range +75600 +76200 2024 1007 0.0399
a range +76200 +76800 1003 9004 1104.807
a range +76200 +76800 1006 9006 1104.7731
a range +76200 +76800 1007 9001 1105.0361
a range +76200 +76800 1008 9003 1104.7425
a range +76200 +76800 1009 9009 1104.7475
a range +76200 +76800 2009 1001 0.0543
a range +76200 +76800 2023 1002 0.0544
a range +76200 +76800 2024 1004 0.0437
a range +76800 +77400 1001 9001 1105.0649
a range +76800 +77400 1002 9004 1104.9479
a range +76200 +77400 1005 9007 1105.0297
a range +76800 +77400 2008 1008 0.0502
a range +76800 +77400 2019 1009 0.0403
a range +76800 +77400 2020 1007 0.0521
a range +76800 +77400 2022 1006 0.0355
a range +76800 +77400 2023 1004 0.0298
a range +76800 +77400 2024 1003 0.0437
a range +77400 +78000 1002 9006 1104.7876
a range +77400 +78000 1003 9003 1104.8039
a range +77400 +78000 1005 9001 1105.0297
a range +77400 +78000 1006 9004 1105.0253
a range +77400 +78000 1008 9009 1104.7425
a range +77400 +78000 1009 9007 1105.078
a range +77400 +78000 2010 1004 0.053
a range +77400 +78000 2023 1007 0.0448
a range +77400 +78000 2024 1001 0.0546
a range +78000 +78600 1001 9001 1105.0649
a range +78000 +78600 1005 9004 1105.0297
a range +78000 +78600 1007 9007 1105.0361
a range +78000 +78600 2008 1002 0.0542
a range +78000 +78600 2018 1009 0.0432
a range +78000 +78600 2019 1008 0.0414
a range +78000 +78600 2020 1006 0.053
a range +78000 +78600 2021 1003 0.0243
a range +78000 +78600 2022 1004 0.0141
a range +78600 +79200 1003 9007 1104.807
a range +78600 +79200 1005 9008 1105.037
a range +78600 +79200 1006 9002 1105.0326
a range +78600 +79200 1007 9005 1105.0433
a range +78600 +79200 1008 9004 1105.0568
a range +78600 +79200 1009 9001 1105.078
a range +78600 +79200 2011 1002 0.0098
a range +78600 +79200 2018 1004 0.0552
a range +78600 +79200 2023 1001 0.0558
a range +79200 +79800 1001 9002 1105.0733
a range +79200 +79800 1002 9004 1104.9479
a range +79200 +79800 1004 9001 1105.0472
a range +79200 +79800 2004 1005 0.055
a range +79200 +79800 2017 1009 0.0455
a range +79200 +79800 2018 1007 0.0299
a range +79200 +79800 2019 1006 0.0434
a range +79200 +79800 2020 1008 0.0466
a range +79200 +79800 2022 1003 0.0264
a range +79800 +80400 1004 9007 1105.0472
a range +79800 +80400 1005 9004 1105.0297
a range +79800 +80400 1006 9005 1105.0326
a range +79800 +80400 1007 9008 1105.0433
a range +79800 +80400 1008 9001 1105.0568
a range +79800 +80400 1009 9002 1105.0852
a range +79800 +80400 2011 1003 0.0236
a range +79800 +80400 2021 1001 0.052
a range +79800 +80400 2022 1002 0.041
a range +80400 +81000 1001 9008 1105.0733
a range +80400 +81000 1002 9005 1104.962
a range +80400 +81000 1004 9001 1105.0472
a range +80400 +81000 2005 1005 0.0296
a range +80400 +81000 2017 1008 0.0317
a range +80400 +81000 2018 1003 0.0551
a range +80400 +81000 2019 1007 0.0427
a range +80400 +81000 2020 1009 0.0376
a range +80400 +81000 2021 1006 0.0358
a range +81000 +81600 1002 9001 1104.9479
a range +81000 +81600 1004 9008 1105.0544
a range +81000 +81600 1005 9005 1105.037
a range +81000 +81600 1006 9007 1105.0253
a range +81000 +81600 1008 9002 1105.0641
a range +81000 +81600 1009 9004 1105.078
a range +81000 +81600 2011 1007 0.0542
a range +81000 +81600 2017 1003 0.0551
a range +81000 +81600 2022 1001 0.055
a range +81600 +82200 1001 9007 1105.0649
a range +81600 +82200 1004 9002 1105.0544
a range +81600 +82200 1007 9001 1105.0361
a range +81600 +82200 2010 1009 0.0266
a range +81600 +82200 2017 1006 0.0157
a range +81600 +82200 2018 1008 0.0357
a range +81600 +82200 2019 1005 0.0434
a range +81600 +82200 2020 1003 0.0314
a range +81600 +82200 2021 1002 0.0403
a range +82200 +82800 1004 9004 1105.0472
a range +82200 +82800 1005 9007 1105.0297
a range +82200 +82800 1006 9001 1105.0253
a range +82200 +82800 1007 9002 1105.0433
a range +82200 +82800 1008 9008 1105.0641
a range +82200 +82800 1009 9005 1105.0852
a range +82200 +82800 2010 1003 0.0503
a range +82200 +82800 2019 1001 0.0398
a range +82200 +82800 2020 1002 0.0254
a range +82800 +83400 1001 9005 1105.0733
a range +82800 +83400 1003 9001 1105.0695
a range +82800 +83400 2007 1005 0.0201
a range +82800 +83400 2015 1009 0.0454
a range +82800 +83400 2016 1008 0.0319
a range +82800 +83400 2017 1007 0.017
a range +82800 +83400 2018 1006 0.0301
a range +82800 +83400 2019 1002 0.0402
a range +82800 +83400 2020 1004 0.041
a range +83400 +84000 1003 9002 1105.0767
a range +83400 +84000 1005 9001 1105.0297
a range +83400 +84000 1006 9008 1105.0326
a range +83400 +84000 1007 9004 1105.0361
a range +83400 +84000 1008 9005 1105.0641
a range +83400 +84000 1009 9007 1105.078
a range +83400 +84000 2010 1002 0.0432
a range +83400 +84000 2019 1004 0.0425
a range +83400 +84000 2020 1001 0.0286
a range +84000 +84600 1001 9004 1105.0649
a range +84000 +84600 1003 9008 1105.0767
a range +84000 +84600 1004 9005 1105.0544
a range +84000 +84600 2009 1002 0.0428
a range +84000 +84600 2013 1009 0.0401
a range +84000 +84600 2014 1008 0.0419
a range +84000 +84600 2015 1007 0.0275
a range +84000 +84600 2016 1006 0.0124
a range +84000 +84600 2018 1005 0.0362
a range +84600 +85200 1003 9005 1105.0767
a range +84600 +85200 1004 9007 1105.0472
a range +84600 +85200 1005 9001 1105.0297
a range +84600 +85200 1006 9004 1105.0253
a range +84600 +85200 1007 9002 1105.0433
a range +84600 +85200 1009 9008 1105.0852
a range +84600 +85200 2010 1008 0.0273
a range +84600 +85200 2016 1002 0.0558
a range +84600 +85200 2018 1001 0.049
a range +85200 +85800 1001 9001 1105.0649
a range +85200 +85800 1003 9004 1105.0695
a range +85200 +85800 1008 9007 1105.0568
a range +85200 +85800 2007 1004 0.0132
a range +85200 +85800 2013 1006 0.0507
a range +85200 +85800 2014 1009 0.043
a range +85200 +85800 2015 1002 0.0532
a range +85200 +85800 2016 1007 0.0153
a range +85200 +85800 2017 1005 0.0301
a range +85800 +86400 1002 9008 1105.0934
a range +85800 +86400 1004 9002 1105.0544
a range +85800 +86400 1005 9005 1105.037
a range +85800 +86400 1006 9001 1105.0253
a range +85800 +86400 1007 9007 1105.0361
a range +85800 +86400 1008 9004 1105.0568
a range +85800 +86400 2008 1009 0.0514
a range +85800 +86400 2016 1001 0.0554
a range +85800 +86400 2019 1003 0.0413
