a contact +500 +800 2002 2003 1000
a contact +500 +800 2003 2002 1000
a contact +1300 +1600 2004 9001 1000
a contact +1300 +1600 9001 2004 1000
a contact +1600 +1900 2001 9001 1000
a contact +1600 +1900 9001 2001 1000
a contact +2100 +2400 2001 9002 1000
a contact +2100 +2400 2002 9001 1000
a contact +2100 +2400 9001 2002 1000
a contact +2100 +2400 9002 2001 1000
a contact +2400 +2800 1002 9001 1000
a contact +2400 +2800 9001 1002 1000
a contact +2800 +3300 1002 9002 1000
a contact +2800 +3300 9002 1002 1000
a contact +3800 +4200 2001 9001 1000
a contact +3800 +4200 9001 2001 1000
a contact +6200 +6700 1002 2003 1000
a contact +6200 +6700 2003 1002 1000
a contact +7200 +7700 1001 9001 1000
a contact +7200 +7700 2001 2004 1000
a contact +7200 +7700 2004 2001 1000
a contact +7200 +7700 9001 1001 1000
a contact +10000 +10500 1002 9003 1000
a contact +10000 +10500 2003 2004 1000
a contact +10000 +10500 2004 2003 1000
a contact +10000 +10500 9003 1002 1000
a contact +13000 +13400 1001 9002 1000
a contact +13000 +13400 9002 1001 1000
a contact +13400 +13900 1001 2003 1000
a contact +13400 +13900 1002 9001 1000
a contact +13400 +13900 2003 1001 1000
a contact +13400 +13900 9001 1002 1000
a contact +14200 +14700 1002 2003 1000
a contact +14200 +14700 2003 1002 1000
a contact +14700 +15200 1001 9002 1000
a contact +14700 +15200 2002 2003 1000
a contact +14700 +15200 2003 2002 1000
a contact +14700 +15200 9002 1001 1000
a contact +14700 +15300 1002 9001 1000
a contact +14700 +15300 9001 1002 1000
a contact +15300 +15800 1002 2004 1000
a contact +15300 +15800 2001 9002 1000
a contact +15300 +15800 2004 1002 1000
a contact +15300 +15800 9002 2001 1000
a contact +15800 +16300 1002 9001 1000
a contact +15800 +16300 9001 1002 1000
a contact +16300 +16400 1001 2004 1000
a contact +16300 +16400 2004 1001 1000
a contact +21200 +21700 1002 2004 1000
a contact +21200 +21700 2001 9002 1000
a contact +21200 +21700 2004 1002 1000
a contact +21200 +21700 9002 2001 1000
a contact +22600 +23100 2002 9002 1000
a contact +22600 +23100 9002 2002 1000
a contact +23100 +23200 2001 2004 1000
a contact +23100 +23200 2004 2001 1000
a contact +23200 +23700 1001 9003 1000
a contact +23200 +23700 9003 1001 1000
a contact +23700 +24200 2003 9002 1000
a contact +23700 +24200 9002 2003 1000
a contact +24200 +24700 1001 9003 1000
a contact +24200 +24700 9003 1001 1000
a contact +24700 +25200 2003 2004 1000
a contact +24700 +25200 2004 2003 1000
a contact +25200 +25600 1001 9003 1000
a contact +25200 +25600 9003 1001 1000
a contact +26500 +27000 1001 9001 1000
a contact +26500 +27000 9001 1001 1000
a contact +27000 +27500 2001 9002 1000
a contact +27000 +27500 9002 2001 1000
a contact +29800 +30200 1002 2003 1000
a contact +29800 +30200 2003 1002 1000
a contact +31000 +31500 1002 2004 1000
a contact +31000 +31500 2004 1002 1000
a contact +31500 +31800 1001 9002 1000
a contact +31500 +31800 9002 1001 1000
a contact +33300 +33800 1002 9001 1000
a contact +33300 +33800 2002 9003 1000
a contact +33300 +33800 9001 1002 1000
a contact +33300 +33800 9003 2002 1000
a contact +34800 +35500 2001 9003 1000
a contact +34800 +35500 9003 2001 1000
a contact +35500 +36000 1001 2003 1000
a contact +35500 +36000 1002 9001 1000
a contact +35500 +36000 2002 9003 1000
a contact +35500 +36000 2003 1001 1000
a contact +35500 +36000 9001 1002 1000
a contact +35500 +36000 9003 2002 1000
a contact +37200 +37700 2001 9003 1000
a contact +37200 +37700 9003 2001 1000
a contact +39700 +40300 1001 2003 1000
a contact +39700 +40300 2003 1001 1000
a contact +47800 +48300 1002 9003 1000
a contact +47800 +48300 9003 1002 1000
a contact +48300 +48800 2002 2003 1000
a contact +48300 +48800 2003 2002 1000
a contact +50800 +51300 1002 2003 1000
a contact +50800 +51300 2003 1002 1000
a contact +52400 +52900 1002 2004 1000
a contact +52400 +52900 2004 1002 1000
a contact +53300 +53800 2001 9001 1000
a contact +53300 +53800 9001 2001 1000
a contact +54700 +55200 1002 2003 1000
a contact +54700 +55200 2002 9001 1000
a contact +54700 +55200 2003 1002 1000
a contact +54700 +55200 9001 2002 1000
a contact +55700 +56100 2001 9001 1000
a contact +55700 +56100 9001 2001 1000
a contact +56700 +57000 2004 9001 1000
a contact +56700 +57000 9001 2004 1000
a contact +56600 +57500 1002 9002 1000
a contact +56600 +57500 9002 1002 1000
a contact +57500 +58000 2004 9001 1000
a contact +57500 +58000 9001 2004 1000
a contact +61000 +61300 1002 9002 1000
a contact +61000 +61300 9002 1002 1000
a contact +61800 +62300 1002 2004 1000
a contact +61800 +62300 2004 1002 1000
a contact +63000 +63500 1002 9002 1000
a contact +63000 +63500 9002 1002 1000
a contact +63900 +64400 1001 2004 1000
a contact +63900 +64400 2004 1001 1000
a contact +67200 +67400 2004 9003 1000
a contact +67200 +67400 9003 2004 1000
a contact +68700 +69200 1002 9001 1000
a contact +68700 +69200 9001 1002 1000
a contact +72800 +73000 2003 9003 1000
a contact +72800 +73000 9003 2003 1000
a contact +73000 +73100 2002 9003 1000
a contact +73000 +73100 9003 2002 1000
a contact +73600 +74100 1002 2004 1000
a contact +73600 +74100 2004 1002 1000
a contact +74100 +74600 2002 9001 1000
a contact +74100 +74600 9001 2002 1000
a contact +75400 +75600 2001 9003 1000
a contact +75400 +75600 9003 2001 1000
a contact +76400 +76600 2003 2004 1000
a contact +76400 +76600 2004 2003 1000
a contact +76600 +77100 2004 9001 1000
a contact +76600 +77100 9001 2004 1000
a contact +78200 +78400 2001 2004 1000
a contact +78200 +78400 2004 2001 1000
a contact +78200 +78900 1001 9003 1000
a contact +78200 +78900 9003 1001 1000
a contact +78900 +79400 2002 9002 1000
a contact +78900 +79400 9002 2002 1000
a contact +79900 +80400 1002 2004 1000
a contact +79900 +80400 2004 1002 1000
a contact +80400 +80900 1001 9003 1000
a contact +80400 +80900 2001 2004 1000
a contact +79900 +80900 2003 9002 1000
a contact +80400 +80900 2004 2001 1000
a contact +79900 +80900 9002 2003 1000
a contact +80400 +80900 9003 1001 1000
a contact +80900 +82000 1001 9001 1000
a contact +80900 +82000 9001 1001 1000
a contact +82000 +82300 1001 2003 1000
a contact +82000 +82300 2003 1001 1000
a contact +85000 +85500 1002 9003 1000
a contact +85000 +85500 9003 1002 1000
a contact +85500 +85800 1002 2004 1000
a contact +85500 +85800 2004 1002 1000

a range +500 +800 2002 2003 0.0182
a range +500 +800 2003 2002 0.0182
a range +1300 +1600 2004 9001 1102.3341
a range +1300 +1600 9001 2004 1102.3341
a range +1600 +1900 2001 9001 1102.3343
a range +1600 +1900 9001 2001 1102.3343
a range +2100 +2400 2001 9002 1103.3763
a range +2100 +2400 2002 9001 1102.335
a range +2100 +2400 9001 2002 1102.335
a range +2100 +2400 9002 2001 1103.3763
a range +2400 +2800 1002 9001 0.0593
a range +2400 +2800 9001 1002 0.0593
a range +2800 +3300 1002 9002 0.0592
a range +2800 +3300 9002 1002 0.0592
a range +3800 +4200 2001 9001 1102.3343
a range +3800 +4200 9001 2001 1102.3343
a range +6200 +6700 1002 2003 1102.2184
a range +6200 +6700 2003 1002 1102.2184
a range +7200 +7700 1001 9001 0.0592
a range +7200 +7700 2001 2004 0.0432
a range +7200 +7700 2004 2001 0.0432
a range +7200 +7700 9001 1001 0.0592
a range +10000 +10500 1002 9003 0.0592
a range +10000 +10500 2003 2004 0.0182
a range +10000 +10500 2004 2003 0.0182
a range +10000 +10500 9003 1002 0.0592
a range +13000 +13400 1001 9002 0.0591
a range +13000 +13400 9002 1001 0.0591
a range +13400 +13900 1001 2003 1102.5215
a range +13400 +13900 1002 9001 0.0591
a range +13400 +13900 2003 1001 1102.5215
a range +13400 +13900 9001 1002 0.0591
a range +14200 +14700 1002 2003 1102.4983
a range +14200 +14700 2003 1002 1102.4983
a range +14700 +15200 1001 9002 0.0591
a range +14700 +15200 2002 2003 0.0182
a range +14700 +15200 2003 2002 0.0182
a range +14700 +15200 9002 1001 0.0591
a range +14700 +15300 1002 9001 0.0591
a range +14700 +15300 9001 1002 0.0591
a range +15300 +15800 1002 2004 1103.1486
a range +15300 +15800 2001 9002 1103.3763
a range +15300 +15800 2004 1002 1103.1486
a range +15300 +15800 9002 2001 1103.3763
a range +15800 +16300 1002 9001 0.0591
a range +15800 +16300 9001 1002 0.0591
a range +16300 +16400 1001 2004 1102.6941
a range +16300 +16400 2004 1001 1102.6941
a range +21200 +21700 1002 2004 1103.1486
a range +21200 +21700 2001 9002 1103.3763
a range +21200 +21700 2004 1002 1103.1486
a range +21200 +21700 9002 2001 1103.3763
a range +22600 +23100 2002 9002 1103.2146
a range +22600 +23100 9002 2002 1103.2146
a range +23100 +23200 2001 2004 0.043
a range +23100 +23200 2004 2001 0.043
a range +23200 +23700 1001 9003 0.0591
a range +23200 +23700 9003 1001 0.0591
a range +23700 +24200 2003 9002 1103.2345
a range +23700 +24200 9002 2003 1103.2345
a range +24200 +24700 1001 9003 0.0591
a range +24200 +24700 9003 1001 0.0591
a range +24700 +25200 2003 2004 0.0182
a range +24700 +25200 2004 2003 0.0182
a range +25200 +25600 1001 9003 0.0591
a range +25200 +25600 9003 1001 0.0591
a range +26500 +27000 1001 9001 0.0595
a range +26500 +27000 9001 1001 0.0595
a range +27000 +27500 2001 9002 1103.3763
a range +27000 +27500 9002 2001 1103.3763
a range +29800 +30200 1002 2003 1103.1532
a range +29800 +30200 2003 1002 1103.1532
a range +31000 +31500 1002 2004 1103.1486
a range +31000 +31500 2004 1002 1103.1486
a range +31500 +31800 1001 9002 0.0594
a range +31500 +31800 9002 1001 0.0594
a range +33300 +33800 1002 9001 0.0594
a range +33300 +33800 2002 9003 1103.2098
a range +33300 +33800 9001 1002 0.0594
a range +33300 +33800 9003 2002 1103.2098
a range +34800 +35500 2001 9003 1104.7676
a range +34800 +35500 9003 2001 1104.7676
a range +35500 +36000 1001 2003 1103.1837
a range +35500 +36000 1002 9001 0.0594
a range +35500 +36000 2002 9003 1103.2098
a range +35500 +36000 2003 1001 1103.1837
a range +35500 +36000 9001 1002 0.0594
a range +35500 +36000 9003 2002 1103.2098
a range +37200 +37700 2001 9003 1104.7676
a range +37200 +37700 9003 2001 1104.7676
a range +39700 +40300 1001 2003 1103.5775
a range +39700 +40300 2003 1001 1103.5775
a range +47800 +48300 1002 9003 0.0592
a range +47800 +48300 9003 1002 0.0592
a range +48300 +48800 2002 2003 0.0182
a range +48300 +48800 2003 2002 0.0182
a range +50800 +51300 1002 2003 1104.0032
a range +50800 +51300 2003 1002 1104.0032
a range +52400 +52900 1002 2004 1104.0597
a range +52400 +52900 2004 1002 1104.0597
a range +53300 +53800 2001 9001 1105.0474
a range +53300 +53800 9001 2001 1105.0474
a range +54700 +55200 1002 2003 1104.0032
a range +54700 +55200 2002 9001 1103.9427
a range +54700 +55200 2003 1002 1104.0032
a range +54700 +55200 9001 2002 1103.9427
a range +55700 +56100 2001 9001 1105.0474
a range +55700 +56100 9001 2001 1105.0474
a range +56700 +57000 2004 9001 1105.0495
a range +56700 +57000 9001 2004 1105.0495
a range +56600 +57500 1002 9002 0.0595
a range +56600 +57500 9002 1002 0.0595
a range +57500 +58000 2004 9001 1105.0495
a range +57500 +58000 9001 2004 1105.0495
a range +61000 +61300 1002 9002 0.0595
a range +61000 +61300 9002 1002 0.0595
a range +61800 +62300 1002 2004 1104.9544
a range +61800 +62300 2004 1002 1104.9544
a range +63000 +63500 1002 9002 0.0595
a range +63000 +63500 9002 1002 0.0595
a range +63900 +64400 1001 2004 1104.5028
a range +63900 +64400 2004 1001 1104.5028
a range +67200 +67400 2004 9003 1104.7658
a range +67200 +67400 9003 2004 1104.7658
a range +68700 +69200 1002 9001 0.0594
a range +68700 +69200 9001 1002 0.0594
a range +72800 +73000 2003 9003 1104.6891
a range +72800 +73000 9003 2003 1104.6891
a range +73000 +73100 2002 9003 1104.6691
a range +73000 +73100 9003 2002 1104.6691
a range +73600 +74100 1002 2004 1104.9544
a range +73600 +74100 2004 1002 1104.9544
a range +74100 +74600 2002 9001 1104.6512
a range +74100 +74600 9001 2002 1104.6512
a range +75400 +75600 2001 9003 1104.7676
a range +75400 +75600 9003 2001 1104.7676
a range +76400 +76600 2003 2004 0.0182
a range +76400 +76600 2004 2003 0.0182
a range +76600 +77100 2004 9001 1105.0495
a range +76600 +77100 9001 2004 1105.0495
a range +78200 +78400 2001 2004 0.0432
a range +78200 +78400 2004 2001 0.0432
a range +78200 +78900 1001 9003 0.0594
a range +78200 +78900 9003 1001 0.0594
a range +78900 +79400 2002 9002 1105.0424
a range +78900 +79400 9002 2002 1105.0424
a range +79900 +80400 1002 2004 1104.9544
a range +79900 +80400 2004 1002 1104.9544
a range +80400 +80900 1001 9003 0.0594
a range +80400 +80900 2001 2004 0.0432
a range +79900 +80900 2003 9002 1105.0432
a range +80400 +80900 2004 2001 0.0432
a range +79900 +80900 9002 2003 1105.0432
a range +80400 +80900 9003 1001 0.0594
a range +80900 +82000 1001 9001 0.0593
a range +80900 +82000 9001 1001 0.0593
a range +82000 +82300 1001 2003 1105.0081
a range +82000 +82300 2003 1001 1105.0081
a range +85000 +85500 1002 9003 0.0435
a range +85000 +85500 9003 1002 0.0435
a range +85500 +85800 1002 2004 1105.1034
a range +85500 +85800 2004 1002 1105.1034
