a contact +0 +600 2001 2013 1000
a contact +0 +600 2003 2015 1000
a contact +0 +600 2009 9001 1000
a contact +0 +600 2009 9002 1000
a contact +0 +600 2013 2001 1000
a contact +0 +600 2015 2003 1000
a contact +0 +600 9001 2009 1000
a contact +0 +600 9002 2009 1000
a contact +0 +2400 2001 2016 1000
a contact +0 +2400 2002 2015 1000
a contact +0 +2400 2003 2014 1000
a contact +0 +2400 2004 2013 1000
a contact +0 +2400 2013 2004 1000
a contact +0 +2400 2014 2003 1000
a contact +0 +2400 2015 2002 1000
a contact +0 +2400 2016 2001 1000
a contact +0 +3600 2001 2011 1000
a contact +0 +3600 2003 2009 1000
a contact +0 +3600 2005 2015 1000
a contact +0 +3600 2007 2013 1000
a contact +0 +3600 2009 2003 1000
a contact +0 +3600 2011 2001 1000
a contact +0 +3600 2013 2007 1000
a contact +0 +3600 2015 2005 1000
a contact +0 +4200 2001 2015 1000
a contact +0 +4200 2003 2013 1000
a contact +0 +4200 2013 2003 1000
a contact +0 +4200 2015 2001 1000
a contact +2400 +4800 1001 2008 1000
a contact +2400 +4800 2008 1001 1000
a contact +0 +4800 2008 9001 1000
a contact +0 +4800 2008 9002 1000
a contact +0 +4800 9001 2008 1000
a contact +0 +4800 9002 2008 1000
a contact +2400 +5400 1001 2012 1000
a contact +0 +5400 2002 2014 1000
a contact +0 +5400 2004 2016 1000
a contact +2400 +5400 2012 1001 1000
a contact +0 +5400 2012 9001 1000
a contact +0 +5400 2012 9002 1000
a contact +0 +5400 2014 2002 1000
a contact +0 +5400 2016 2004 1000
a contact +0 +5400 9001 2012 1000
a contact +0 +5400 9002 2012 1000
a contact +0 +7200 1001 9003 1000
a contact +0 +7200 2001 2014 1000
a contact +0 +7200 2002 2013 1000
a contact +0 +7200 2003 2016 1000
a contact +0 +7200 2004 2015 1000
a contact +0 +7200 2013 2002 1000
a contact +0 +7200 2014 2001 1000
a contact +0 +7200 2015 2004 1000
a contact +0 +7200 2016 2003 1000
a contact +0 +7200 9003 1001 1000
a contact +3600 +8400 2002 2012 1000
a contact +3600 +8400 2004 2010 1000
a contact +3600 +8400 2006 2016 1000
a contact +3600 +8400 2008 2014 1000
a contact +3600 +8400 2010 2004 1000
a contact +3600 +8400 2012 2002 1000
a contact +3600 +8400 2014 2008 1000
a contact +3600 +8400 2016 2006 1000
a contact +3000 +9000 2002 2016 1000
a contact +3000 +9000 2004 2014 1000
a contact +3000 +9000 2014 2004 1000
a contact +3000 +9000 2016 2002 1000
a contact +2400 +9600 1001 2007 1000
a contact +2400 +9600 2001 2013 1000
a contact +2400 +9600 2003 2015 1000
a contact +2400 +9600 2007 1001 1000
a contact +0 +9600 2007 9001 1000
a contact +0 +9600 2007 9002 1000
a contact +2400 +9600 2013 2001 1000
a contact +2400 +9600 2015 2003 1000
a contact +0 +9600 9001 2007 1000
a contact +0 +9600 9002 2007 1000
a contact +2400 +10200 1001 2011 1000
a contact +2400 +10200 2011 1001 1000
a contact +0 +10200 2011 9001 1000
a contact +0 +10200 2011 9002 1000
a contact +0 +10200 9001 2011 1000
a contact +0 +10200 9002 2011 1000
a contact +4200 +12000 1001 9001 1000
a contact +4800 +12000 2001 2016 1000
a contact +4800 +12000 2002 2015 1000
a contact +4800 +12000 2003 2014 1000
a contact +4800 +12000 2004 2013 1000
a contact +4800 +12000 2013 2004 1000
a contact +4800 +12000 2014 2003 1000
a contact +4800 +12000 2015 2002 1000
a contact +4800 +12000 2016 2001 1000
a contact +4200 +12000 9001 1001 1000
a contact +8400 +13200 2001 2011 1000
a contact +8400 +13200 2003 2009 1000
a contact +8400 +13200 2005 2015 1000
a contact +8400 +13200 2007 2013 1000
a contact +8400 +13200 2009 2003 1000
a contact +8400 +13200 2011 2001 1000
a contact +8400 +13200 2013 2007 1000
a contact +8400 +13200 2015 2005 1000
a contact +7800 +13800 2001 2015 1000
a contact +7800 +13800 2003 2013 1000
a contact +7800 +13800 2013 2003 1000
a contact +7800 +13800 2015 2001 1000
a contact +2400 +14400 1001 2006 1000
a contact +6600 +14400 2002 2014 1000
a contact +6600 +14400 2004 2016 1000
a contact +2400 +14400 2006 1001 1000
a contact +0 +14400 2006 9001 1000
a contact +0 +14400 2006 9002 1000
a contact +6600 +14400 2014 2002 1000
a contact +6600 +14400 2016 2004 1000
a contact +0 +14400 9001 2006 1000
a contact +0 +14400 9002 2006 1000
a contact +2400 +15000 1001 2010 1000
a contact +2400 +15000 2010 1001 1000
a contact +0 +15000 2010 9001 1000
a contact +0 +15000 2010 9002 1000
a contact +0 +15000 9001 2010 1000
a contact +0 +15000 9002 2010 1000
a contact +0 +15600 2001 9001 1000
a contact +0 +15600 2002 9001 1000
a contact +0 +15600 2003 9001 1000
a contact +0 +15600 2004 9001 1000
a contact +2400 +15600 2005 9001 1000
a contact +12000 +15600 2007 9001 1000
a contact +7200 +15600 2008 9001 1000
a contact +1800 +15600 2009 9001 1000
a contact +11400 +15600 2011 9001 1000
a contact +6600 +15600 2012 9001 1000
a contact +0 +15600 2013 9001 1000
a contact +0 +15600 2014 9001 1000
a contact +0 +15600 2015 9001 1000
a contact +0 +15600 2016 9001 1000
a contact +0 +15600 9001 2001 1000
a contact +0 +15600 9001 2002 1000
a contact +0 +15600 9001 2003 1000
a contact +0 +15600 9001 2004 1000
a contact +2400 +15600 9001 2005 1000
a contact +12000 +15600 9001 2007 1000
a contact +7200 +15600 9001 2008 1000
a contact +1800 +15600 9001 2009 1000
a contact +11400 +15600 9001 2011 1000
a contact +6600 +15600 9001 2012 1000
a contact +0 +15600 9001 2013 1000
a contact +0 +15600 9001 2014 1000
a contact +0 +15600 9001 2015 1000
a contact +0 +15600 9001 2016 1000
a contact +9600 +16800 2001 2014 1000
a contact +9600 +16800 2002 2013 1000
a contact +9600 +16800 2003 2016 1000
a contact +9600 +16800 2004 2015 1000
a contact +9600 +16800 2013 2002 1000
a contact +9600 +16800 2014 2001 1000
a contact +9600 +16800 2015 2004 1000
a contact +9600 +16800 2016 2003 1000
a contact +10200 +18000 1001 9002 1000
a contact +12600 +18000 2002 2012 1000
a contact +12600 +18000 2004 2010 1000
a contact +12600 +18000 2006 2016 1000
a contact +12600 +18000 2008 2014 1000
a contact +12600 +18000 2010 2004 1000
a contact +12600 +18000 2012 2002 1000
a contact +12600 +18000 2014 2008 1000
a contact +12600 +18000 2016 2006 1000
a contact +10200 +18000 9002 1001 1000
a contact +12000 +18600 2002 2016 1000
a contact +12000 +18600 2004 2014 1000
a contact +12000 +18600 2014 2004 1000
a contact +12000 +18600 2016 2002 1000
a contact +2400 +19200 1001 2005 1000
a contact +11400 +19200 2001 2013 1000
a contact +11400 +19200 2003 2015 1000
a contact +2400 +19200 2005 1001 1000
a contact +2400 +19200 2005 9002 1000
a contact +11400 +19200 2013 2001 1000
a contact +11400 +19200 2015 2003 1000
a contact +2400 +19200 9002 2005 1000
a contact +2400 +19800 1001 2009 1000
a contact +2400 +19800 2009 1001 1000
a contact +1800 +19800 2009 9002 1000
a contact +1800 +19800 9002 2009 1000
a contact +14400 +21000 2001 2016 1000
a contact +14400 +21000 2002 2015 1000
a contact +14400 +21000 2003 2014 1000
a contact +14400 +21000 2004 2013 1000
a contact +14400 +21000 2013 2004 1000
a contact +14400 +21000 2014 2003 1000
a contact +14400 +21000 2015 2002 1000
a contact +14400 +21000 2016 2001 1000
a contact +2400 +21600 1001 2001 1000
a contact +2400 +21600 1001 2002 1000
a contact +2400 +21600 1001 2003 1000
a contact +2400 +21600 1001 2004 1000
a contact +21000 +21600 1001 2005 1000
a contact +16800 +21600 1001 2006 1000
a contact +12000 +21600 1001 2007 1000
a contact +7200 +21600 1001 2008 1000
a contact +21000 +21600 1001 2009 1000
a contact +16200 +21600 1001 2010 1000
a contact +11400 +21600 1001 2011 1000
a contact +6600 +21600 1001 2012 1000
a contact +2400 +21600 1001 2013 1000
a contact +2400 +21600 1001 2014 1000
a contact +2400 +21600 1001 2015 1000
a contact +2400 +21600 1001 2016 1000
a contact +18000 +21600 1001 9003 1000
a contact +2400 +21600 2001 1001 1000
a contact +0 +21600 2001 2002 1000
a contact +0 +21600 2001 2004 1000
a contact +0 +21600 2001 2005 1000
a contact +0 +21600 2001 2006 1000
a contact +0 +21600 2001 2008 1000
a contact +0 +21600 2001 2009 1000
a contact +0 +21600 2001 2010 1000
a contact +17400 +21600 2001 2011 1000
a contact +0 +21600 2001 2012 1000
a contact +21000 +21600 2001 2013 1000
a contact +19200 +21600 2001 2014 1000
a contact +16800 +21600 2001 2015 1000
a contact +0 +21600 2001 9002 1000
a contact +2400 +21600 2002 1001 1000
a contact +0 +21600 2002 2001 1000
a contact +0 +21600 2002 2003 1000
a contact +0 +21600 2002 2005 1000
a contact +0 +21600 2002 2006 1000
a contact +0 +21600 2002 2007 1000
a contact +0 +21600 2002 2009 1000
a contact +0 +21600 2002 2010 1000
a contact +0 +21600 2002 2011 1000
a contact +19200 +21600 2002 2013 1000
a contact +16200 +21600 2002 2014 1000
a contact +0 +21600 2002 9002 1000
a contact +2400 +21600 2003 1001 1000
a contact +0 +21600 2003 2002 1000
a contact +0 +21600 2003 2004 1000
a contact +0 +21600 2003 2006 1000
a contact +0 +21600 2003 2007 1000
a contact +0 +21600 2003 2008 1000
a contact +17400 +21600 2003 2009 1000
a contact +0 +21600 2003 2010 1000
a contact +0 +21600 2003 2011 1000
a contact +0 +21600 2003 2012 1000
a contact +16800 +21600 2003 2013 1000
a contact +21000 +21600 2003 2015 1000
a contact +19200 +21600 2003 2016 1000
a contact +0 +21600 2003 9002 1000
a contact +2400 +21600 2004 1001 1000
a contact +0 +21600 2004 2001 1000
a contact +0 +21600 2004 2003 1000
a contact +0 +21600 2004 2005 1000
a contact +0 +21600 2004 2007 1000
a contact +0 +21600 2004 2008 1000
a contact +0 +21600 2004 2009 1000
a contact +0 +21600 2004 2011 1000
a contact +0 +21600 2004 2012 1000
a contact +19200 +21600 2004 2015 1000
a contact +16200 +21600 2004 2016 1000
a contact +0 +21600 2004 9002 1000
a contact +21000 +21600 2005 1001 1000
a contact +0 +21600 2005 2001 1000
a contact +0 +21600 2005 2002 1000
a contact +0 +21600 2005 2004 1000
a contact +0 +21600 2005 2006 1000
a contact +0 +21600 2005 2008 1000
a contact +0 +21600 2005 2009 1000
a contact +0 +21600 2005 2010 1000
a contact +0 +21600 2005 2012 1000
a contact +0 +21600 2005 2013 1000
a contact +0 +21600 2005 2014 1000
a contact +17400 +21600 2005 2015 1000
a contact +0 +21600 2005 2016 1000
a contact +21000 +21600 2005 9002 1000
a contact +16800 +21600 2006 1001 1000
a contact +0 +21600 2006 2001 1000
a contact +0 +21600 2006 2002 1000
a contact +0 +21600 2006 2003 1000
a contact +0 +21600 2006 2005 1000
a contact +0 +21600 2006 2007 1000
a contact +0 +21600 2006 2009 1000
a contact +0 +21600 2006 2010 1000
a contact +0 +21600 2006 2011 1000
a contact +0 +21600 2006 2013 1000
a contact +0 +21600 2006 2014 1000
a contact +0 +21600 2006 2015 1000
a contact +16800 +21600 2006 9002 1000
a contact +12000 +21600 2007 1001 1000
a contact +0 +21600 2007 2002 1000
a contact +0 +21600 2007 2003 1000
a contact +0 +21600 2007 2004 1000
a contact +0 +21600 2007 2006 1000
a contact +0 +21600 2007 2008 1000
a contact +0 +21600 2007 2010 1000
a contact +0 +21600 2007 2011 1000
a contact +0 +21600 2007 2012 1000
a contact +17400 +21600 2007 2013 1000
a contact +0 +21600 2007 2014 1000
a contact +0 +21600 2007 2015 1000
a contact +0 +21600 2007 2016 1000
a contact +12000 +21600 2007 9002 1000
a contact +7200 +21600 2008 1001 1000
a contact +0 +21600 2008 2001 1000
a contact +0 +21600 2008 2003 1000
a contact +0 +21600 2008 2004 1000
a contact +0 +21600 2008 2005 1000
a contact +0 +21600 2008 2007 1000
a contact +0 +21600 2008 2009 1000
a contact +0 +21600 2008 2011 1000
a contact +0 +21600 2008 2012 1000
a contact +0 +21600 2008 2013 1000
a contact +0 +21600 2008 2015 1000
a contact +0 +21600 2008 2016 1000
a contact +7200 +21600 2008 9002 1000
a contact +21000 +21600 2009 1001 1000
a contact +0 +21600 2009 2001 1000
a contact +0 +21600 2009 2002 1000
a contact +17400 +21600 2009 2003 1000
a contact +0 +21600 2009 2004 1000
a contact +0 +21600 2009 2005 1000
a contact +0 +21600 2009 2006 1000
a contact +0 +21600 2009 2008 1000
a contact +0 +21600 2009 2010 1000
a contact +0 +21600 2009 2012 1000
a contact +0 +21600 2009 2013 1000
a contact +0 +21600 2009 2014 1000
a contact +0 +21600 2009 2016 1000
a contact +21000 +21600 2009 9002 1000
a contact +16200 +21600 2010 1001 1000
a contact +0 +21600 2010 2001 1000
a contact +0 +21600 2010 2002 1000
a contact +0 +21600 2010 2003 1000
a contact +0 +21600 2010 2005 1000
a contact +0 +21600 2010 2006 1000
a contact +0 +21600 2010 2007 1000
a contact +0 +21600 2010 2009 1000
a contact +0 +21600 2010 2011 1000
a contact +0 +21600 2010 2013 1000
a contact +0 +21600 2010 2014 1000
a contact +0 +21600 2010 2015 1000
a contact +16200 +21600 2010 9002 1000
a contact +11400 +21600 2011 1001 1000
a contact +17400 +21600 2011 2001 1000
a contact +0 +21600 2011 2002 1000
a contact +0 +21600 2011 2003 1000
a contact +0 +21600 2011 2004 1000
a contact +0 +21600 2011 2006 1000
a contact +0 +21600 2011 2007 1000
a contact +0 +21600 2011 2008 1000
a contact +0 +21600 2011 2010 1000
a contact +0 +21600 2011 2012 1000
a contact +0 +21600 2011 2014 1000
a contact +0 +21600 2011 2015 1000
a contact +0 +21600 2011 2016 1000
a contact +11400 +21600 2011 9002 1000
a contact +6600 +21600 2012 1001 1000
a contact +0 +21600 2012 2001 1000
a contact +0 +21600 2012 2003 1000
a contact +0 +21600 2012 2004 1000
a contact +0 +21600 2012 2005 1000
a contact +0 +21600 2012 2007 1000
a contact +0 +21600 2012 2008 1000
a contact +0 +21600 2012 2009 1000
a contact +0 +21600 2012 2011 1000
a contact +0 +21600 2012 2013 1000
a contact +0 +21600 2012 2015 1000
a contact +0 +21600 2012 2016 1000
a contact +6600 +21600 2012 9002 1000
a contact +2400 +21600 2013 1001 1000
a contact +21000 +21600 2013 2001 1000
a contact +19200 +21600 2013 2002 1000
a contact +16800 +21600 2013 2003 1000
a contact +0 +21600 2013 2005 1000
a contact +0 +21600 2013 2006 1000
a contact +17400 +21600 2013 2007 1000
a contact +0 +21600 2013 2008 1000
a contact +0 +21600 2013 2009 1000
a contact +0 +21600 2013 2010 1000
a contact +0 +21600 2013 2012 1000
a contact +0 +21600 2013 2014 1000
a contact +0 +21600 2013 2016 1000
a contact +0 +21600 2013 9002 1000
a contact +2400 +21600 2014 1001 1000
a contact +19200 +21600 2014 2001 1000
a contact +16200 +21600 2014 2002 1000
a contact +0 +21600 2014 2005 1000
a contact +0 +21600 2014 2006 1000
a contact +0 +21600 2014 2007 1000
a contact +0 +21600 2014 2009 1000
a contact +0 +21600 2014 2010 1000
a contact +0 +21600 2014 2011 1000
a contact +0 +21600 2014 2013 1000
a contact +0 +21600 2014 2015 1000
a contact +0 +21600 2014 9002 1000
a contact +2400 +21600 2015 1001 1000
a contact +16800 +21600 2015 2001 1000
a contact +21000 +21600 2015 2003 1000
a contact +19200 +21600 2015 2004 1000
a contact +17400 +21600 2015 2005 1000
a contact +0 +21600 2015 2006 1000
a contact +0 +21600 2015 2007 1000
a contact +0 +21600 2015 2008 1000
a contact +0 +21600 2015 2010 1000
a contact +0 +21600 2015 2011 1000
a contact +0 +21600 2015 2012 1000
a contact +0 +21600 2015 2014 1000
a contact +0 +21600 2015 2016 1000
a contact +0 +21600 2015 9002 1000
a contact +2400 +21600 2016 1001 1000
a contact +19200 +21600 2016 2003 1000
a contact +16200 +21600 2016 2004 1000
a contact +0 +21600 2016 2005 1000
a contact +0 +21600 2016 2007 1000
a contact +0 +21600 2016 2008 1000
a contact +0 +21600 2016 2009 1000
a contact +0 +21600 2016 2011 1000
a contact +0 +21600 2016 2012 1000
a contact +0 +21600 2016 2013 1000
a contact +0 +21600 2016 2015 1000
a contact +0 +21600 2016 9002 1000
a contact +0 +21600 9002 2001 1000
a contact +0 +21600 9002 2002 1000
a contact +0 +21600 9002 2003 1000
a contact +0 +21600 9002 2004 1000
a contact +21000 +21600 9002 2005 1000
a contact +16800 +21600 9002 2006 1000
a contact +12000 +21600 9002 2007 1000
a contact +7200 +21600 9002 2008 1000
a contact +21000 +21600 9002 2009 1000
a contact +16200 +21600 9002 2010 1000
a contact +11400 +21600 9002 2011 1000
a contact +6600 +21600 9002 2012 1000
a contact +0 +21600 9002 2013 1000
a contact +0 +21600 9002 2014 1000
a contact +0 +21600 9002 2015 1000
a contact +0 +21600 9002 2016 1000
a contact +18000 +21600 9003 1001 1000

a range +0 +600 2001 2013 0.0445
a range +0 +600 2003 2015 0.0445
a range +0 +600 2009 9001 1101.7702
a range +0 +600 2009 9002 1101.7783
a range +0 +600 2013 2001 0.0445
a range +0 +600 2015 2003 0.0445
a range +0 +600 9001 2009 1101.7702
a range +0 +600 9002 2009 1101.7783
a range +0 +2400 2001 2016 0.0447
a range +0 +2400 2002 2015 0.0447
a range +0 +2400 2003 2014 0.0447
a range +0 +2400 2004 2013 0.0447
a range +0 +2400 2013 2004 0.0447
a range +0 +2400 2014 2003 0.0447
a range +0 +2400 2015 2002 0.0447
a range +0 +2400 2016 2001 0.0447
a range +0 +3600 2001 2011 0.0432
a range +0 +3600 2003 2009 0.0432
a range +0 +3600 2005 2015 0.0432
a range +0 +3600 2007 2013 0.0432
a range +0 +3600 2009 2003 0.0432
a range +0 +3600 2011 2001 0.0432
a range +0 +3600 2013 2007 0.0432
a range +0 +3600 2015 2005 0.0432
a range +0 +4200 2001 2015 0.0436
a range +0 +4200 2003 2013 0.0436
a range +0 +4200 2013 2003 0.0436
a range +0 +4200 2015 2001 0.0436
a range +2400 +4800 1001 2008 1101.9776
a range +2400 +4800 2008 1001 1101.9776
a range +0 +4800 2008 9001 1101.9369
a range +0 +4800 2008 9002 1101.9364
a range +0 +4800 9001 2008 1101.9369
a range +0 +4800 9002 2008 1101.9364
a range +2400 +5400 1001 2012 1101.9922
a range +0 +5400 2002 2014 0.0446
a range +0 +5400 2004 2016 0.0446
a range +2400 +5400 2012 1001 1101.9922
a range +0 +5400 2012 9001 1101.9606
a range +0 +5400 2012 9002 1101.9588
a range +0 +5400 2014 2002 0.0446
a range +0 +5400 2016 2004 0.0446
a range +0 +5400 9001 2012 1101.9606
a range +0 +5400 9002 2012 1101.9588
a range +0 +7200 1001 9003 0.0593
a range +0 +7200 2001 2014 0.0450
a range +0 +7200 2002 2013 0.0450
a range +0 +7200 2003 2016 0.0450
a range +0 +7200 2004 2015 0.0450
a range +0 +7200 2013 2002 0.0450
a range +0 +7200 2014 2001 0.0450
a range +0 +7200 2015 2004 0.0450
a range +0 +7200 2016 2003 0.0450
a range +0 +7200 9003 1001 0.0593
a range +3600 +8400 2002 2012 0.0436
a range +3600 +8400 2004 2010 0.0436
a range +3600 +8400 2006 2016 0.0436
a range +3600 +8400 2008 2014 0.0436
a range +3600 +8400 2010 2004 0.0436
a range +3600 +8400 2012 2002 0.0436
a range +3600 +8400 2014 2008 0.0436
a range +3600 +8400 2016 2006 0.0436
a range +3000 +9000 2002 2016 0.0441
a range +3000 +9000 2004 2014 0.0441
a range +3000 +9000 2014 2004 0.0441
a range +3000 +9000 2016 2002 0.0441
a range +2400 +9600 1001 2007 1102.0927
a range +2400 +9600 2001 2013 0.0432
a range +2400 +9600 2003 2015 0.0432
a range +2400 +9600 2007 1001 1102.0927
a range +0 +9600 2007 9001 1102.1284
a range +0 +9600 2007 9002 1102.1180
a range +2400 +9600 2013 2001 0.0432
a range +2400 +9600 2015 2003 0.0432
a range +0 +9600 9001 2007 1102.1284
a range +0 +9600 9002 2007 1102.1180
a range +2400 +10200 1001 2011 1102.1090
a range +2400 +10200 2011 1001 1102.1090
a range +0 +10200 2011 9001 1102.1520
a range +0 +10200 2011 9002 1102.1406
a range +0 +10200 9001 2011 1102.1520
a range +0 +10200 9002 2011 1102.1406
a range +4200 +12000 1001 9001 0.0592
a range +4800 +12000 2001 2016 0.0453
a range +4800 +12000 2002 2015 0.0453
a range +4800 +12000 2003 2014 0.0453
a range +4800 +12000 2004 2013 0.0453
a range +4800 +12000 2013 2004 0.0453
a range +4800 +12000 2014 2003 0.0453
a range +4800 +12000 2015 2002 0.0453
a range +4800 +12000 2016 2001 0.0453
a range +4200 +12000 9001 1001 0.0592
a range +8400 +13200 2001 2011 0.0440
a range +8400 +13200 2003 2009 0.0440
a range +8400 +13200 2005 2015 0.0440
a range +8400 +13200 2007 2013 0.0440
a range +8400 +13200 2009 2003 0.0440
a range +8400 +13200 2011 2001 0.0440
a range +8400 +13200 2013 2007 0.0440
a range +8400 +13200 2015 2005 0.0440
a range +7800 +13800 2001 2015 0.0446
a range +7800 +13800 2003 2013 0.0446
a range +7800 +13800 2013 2003 0.0446
a range +7800 +13800 2015 2001 0.0446
a range +2400 +14400 1001 2006 1102.2637
a range +6600 +14400 2002 2014 0.0436
a range +6600 +14400 2004 2016 0.0436
a range +2400 +14400 2006 1001 1102.2637
a range +0 +14400 2006 9001 1102.3202
a range +0 +14400 2006 9002 1102.3013
a range +6600 +14400 2014 2002 0.0436
a range +6600 +14400 2016 2004 0.0436
a range +0 +14400 9001 2006 1102.3202
a range +0 +14400 9002 2006 1102.3013
a range +2400 +15000 1001 2010 1102.2911
a range +2400 +15000 2010 1001 1102.2911
a range +0 +15000 2010 9001 1102.3437
a range +0 +15000 2010 9002 1102.3240
a range +0 +15000 9001 2010 1102.3437
a range +0 +15000 9002 2010 1102.3240
a range +0 +15600 2001 9001 1102.3473
a range +0 +15600 2002 9001 1102.3563
a range +0 +15600 2003 9001 1102.3443
a range +0 +15600 2004 9001 1102.3353
a range +2400 +15600 2005 9001 1102.3492
a range +12000 +15600 2007 9001 1102.3424
a range +7200 +15600 2008 9001 1102.3231
a range +1800 +15600 2009 9001 1102.3491
a range +11400 +15600 2011 9001 1102.3425
a range +6600 +15600 2012 9001 1102.3242
a range +0 +15600 2013 9001 1102.3469
a range +0 +15600 2014 9001 1102.3537
a range +0 +15600 2015 9001 1102.3447
a range +0 +15600 2016 9001 1102.3379
a range +0 +15600 9001 2001 1102.3473
a range +0 +15600 9001 2002 1102.3563
a range +0 +15600 9001 2003 1102.3443
a range +0 +15600 9001 2004 1102.3353
a range +2400 +15600 9001 2005 1102.3492
a range +12000 +15600 9001 2007 1102.3424
a range +7200 +15600 9001 2008 1102.3231
a range +1800 +15600 9001 2009 1102.3491
a range +11400 +15600 9001 2011 1102.3425
a range +6600 +15600 9001 2012 1102.3242
a range +0 +15600 9001 2013 1102.3469
a range +0 +15600 9001 2014 1102.3537
a range +0 +15600 9001 2015 1102.3447
a range +0 +15600 9001 2016 1102.3379
a range +9600 +16800 2001 2014 0.0456
a range +9600 +16800 2002 2013 0.0456
a range +9600 +16800 2003 2016 0.0456
a range +9600 +16800 2004 2015 0.0456
a range +9600 +16800 2013 2002 0.0456
a range +9600 +16800 2014 2001 0.0456
a range +9600 +16800 2015 2004 0.0456
a range +9600 +16800 2016 2003 0.0456
a range +10200 +18000 1001 9002 0.0607
a range +12600 +18000 2002 2012 0.0444
a range +12600 +18000 2004 2010 0.0444
a range +12600 +18000 2006 2016 0.0444
a range +12600 +18000 2008 2014 0.0444
a range +12600 +18000 2010 2004 0.0444
a range +12600 +18000 2012 2002 0.0444
a range +12600 +18000 2014 2008 0.0444
a range +12600 +18000 2016 2006 0.0444
a range +10200 +18000 9002 1001 0.0607
a range +12000 +18600 2002 2016 0.0451
a range +12000 +18600 2004 2014 0.0451
a range +12000 +18600 2014 2004 0.0451
a range +12000 +18600 2016 2002 0.0451
a range +2400 +19200 1001 2005 1102.5114
a range +11400 +19200 2001 2013 0.0439
a range +11400 +19200 2003 2015 0.0439
a range +2400 +19200 2005 1001 1102.5114
a range +2400 +19200 2005 9002 1102.4865
a range +11400 +19200 2013 2001 0.0439
a range +11400 +19200 2015 2003 0.0439
a range +2400 +19200 9002 2005 1102.4865
a range +2400 +19800 1001 2009 1102.5433
a range +2400 +19800 2009 1001 1102.5433
a range +1800 +19800 2009 9002 1102.5093
a range +1800 +19800 9002 2009 1102.5093
a range +14400 +21000 2001 2016 0.0434
a range +14400 +21000 2002 2015 0.0434
a range +14400 +21000 2003 2014 0.0434
a range +14400 +21000 2004 2013 0.0434
a range +14400 +21000 2013 2004 0.0434
a range +14400 +21000 2014 2003 0.0434
a range +14400 +21000 2015 2002 0.0434
a range +14400 +21000 2016 2001 0.0434
a range +2400 +21600 1001 2001 1102.6240
a range +2400 +21600 1001 2002 1102.6094
a range +2400 +21600 1001 2003 1102.6062
a range +2400 +21600 1001 2004 1102.6208
a range +21000 +21600 1001 2005 1102.6343
a range +16800 +21600 1001 2006 1102.6025
a range +12000 +21600 1001 2007 1102.5959
a range +7200 +21600 1001 2008 1102.6276
a range +21000 +21600 1001 2009 1102.6334
a range +16200 +21600 1001 2010 1102.6031
a range +11400 +21600 1001 2011 1102.5968
a range +6600 +21600 1001 2012 1102.6270
a range +2400 +21600 1001 2013 1102.6218
a range +2400 +21600 1001 2014 1102.6108
a range +2400 +21600 1001 2015 1102.6083
a range +2400 +21600 1001 2016 1102.6194
a range +18000 +21600 1001 9003 0.0434
a range +2400 +21600 2001 1001 1102.6240
a range +0 +21600 2001 2002 0.0343
a range +0 +21600 2001 2004 0.0343
a range +0 +21600 2001 2005 0.0155
a range +0 +21600 2001 2006 0.0319
a range +0 +21600 2001 2008 0.0366
a range +0 +21600 2001 2009 0.0286
a range +0 +21600 2001 2010 0.0252
a range +17400 +21600 2001 2011 0.0393
a range +0 +21600 2001 2012 0.0415
a range +21000 +21600 2001 2013 0.0374
a range +19200 +21600 2001 2014 0.0158
a range +16800 +21600 2001 2015 0.0310
a range +0 +21600 2001 9002 1102.5663
a range +2400 +21600 2002 1001 1102.6094
a range +0 +21600 2002 2001 0.0343
a range +0 +21600 2002 2003 0.0343
a range +0 +21600 2002 2005 0.0319
a range +0 +21600 2002 2006 0.0103
a range +0 +21600 2002 2007 0.0366
a range +0 +21600 2002 2009 0.0252
a range +0 +21600 2002 2010 0.0190
a range +0 +21600 2002 2011 0.0415
a range +19200 +21600 2002 2013 0.0158
a range +16200 +21600 2002 2014 0.0248
a range +0 +21600 2002 9002 1102.5517
a range +2400 +21600 2003 1001 1102.6062
a range +0 +21600 2003 2002 0.0343
a range +0 +21600 2003 2004 0.0343
a range +0 +21600 2003 2006 0.0366
a range +0 +21600 2003 2007 0.0155
a range +0 +21600 2003 2008 0.0319
a range +17400 +21600 2003 2009 0.0393
a range +0 +21600 2003 2010 0.0415
a range +0 +21600 2003 2011 0.0286
a range +0 +21600 2003 2012 0.0252
a range +16800 +21600 2003 2013 0.0310
a range +21000 +21600 2003 2015 0.0374
a range +19200 +21600 2003 2016 0.0158
a range +0 +21600 2003 9002 1102.5486
a range +2400 +21600 2004 1001 1102.6208
a range +0 +21600 2004 2001 0.0343
a range +0 +21600 2004 2003 0.0343
a range +0 +21600 2004 2005 0.0366
a range +0 +21600 2004 2007 0.0319
a range +0 +21600 2004 2008 0.0103
a range +0 +21600 2004 2009 0.0415
a range +0 +21600 2004 2011 0.0252
a range +0 +21600 2004 2012 0.0190
a range +19200 +21600 2004 2015 0.0158
a range +16200 +21600 2004 2016 0.0248
a range +0 +21600 2004 9002 1102.5631
a range +21000 +21600 2005 1001 1102.6343
a range +0 +21600 2005 2001 0.0155
a range +0 +21600 2005 2002 0.0319
a range +0 +21600 2005 2004 0.0366
a range +0 +21600 2005 2006 0.0343
a range +0 +21600 2005 2008 0.0343
a range +0 +21600 2005 2009 0.0155
a range +0 +21600 2005 2010 0.0319
a range +0 +21600 2005 2012 0.0366
a range +0 +21600 2005 2013 0.0286
a range +0 +21600 2005 2014 0.0252
a range +17400 +21600 2005 2015 0.0393
a range +0 +21600 2005 2016 0.0415
a range +21000 +21600 2005 9002 1102.5766
a range +16800 +21600 2006 1001 1102.6025
a range +0 +21600 2006 2001 0.0319
a range +0 +21600 2006 2002 0.0103
a range +0 +21600 2006 2003 0.0366
a range +0 +21600 2006 2005 0.0343
a range +0 +21600 2006 2007 0.0343
a range +0 +21600 2006 2009 0.0319
a range +0 +21600 2006 2010 0.0103
a range +0 +21600 2006 2011 0.0366
a range +0 +21600 2006 2013 0.0252
a range +0 +21600 2006 2014 0.0190
a range +0 +21600 2006 2015 0.0415
a range +16800 +21600 2006 9002 1102.5449
a range +12000 +21600 2007 1001 1102.5959
a range +0 +21600 2007 2002 0.0366
a range +0 +21600 2007 2003 0.0155
a range +0 +21600 2007 2004 0.0319
a range +0 +21600 2007 2006 0.0343
a range +0 +21600 2007 2008 0.0343
a range +0 +21600 2007 2010 0.0366
a range +0 +21600 2007 2011 0.0155
a range +0 +21600 2007 2012 0.0319
a range +17400 +21600 2007 2013 0.0393
a range +0 +21600 2007 2014 0.0415
a range +0 +21600 2007 2015 0.0286
a range +0 +21600 2007 2016 0.0252
a range +12000 +21600 2007 9002 1102.5383
a range +7200 +21600 2008 1001 1102.6276
a range +0 +21600 2008 2001 0.0366
a range +0 +21600 2008 2003 0.0319
a range +0 +21600 2008 2004 0.0103
a range +0 +21600 2008 2005 0.0343
a range +0 +21600 2008 2007 0.0343
a range +0 +21600 2008 2009 0.0366
a range +0 +21600 2008 2011 0.0319
a range +0 +21600 2008 2012 0.0103
a range +0 +21600 2008 2013 0.0415
a range +0 +21600 2008 2015 0.0252
a range +0 +21600 2008 2016 0.0190
a range +7200 +21600 2008 9002 1102.5700
a range +21000 +21600 2009 1001 1102.6334
a range +0 +21600 2009 2001 0.0286
a range +0 +21600 2009 2002 0.0252
a range +17400 +21600 2009 2003 0.0393
a range +0 +21600 2009 2004 0.0415
a range +0 +21600 2009 2005 0.0155
a range +0 +21600 2009 2006 0.0319
a range +0 +21600 2009 2008 0.0366
a range +0 +21600 2009 2010 0.0343
a range +0 +21600 2009 2012 0.0343
a range +0 +21600 2009 2013 0.0155
a range +0 +21600 2009 2014 0.0319
a range +0 +21600 2009 2016 0.0366
a range +21000 +21600 2009 9002 1102.5757
a range +16200 +21600 2010 1001 1102.6031
a range +0 +21600 2010 2001 0.0252
a range +0 +21600 2010 2002 0.0190
a range +0 +21600 2010 2003 0.0415
a range +0 +21600 2010 2005 0.0319
a range +0 +21600 2010 2006 0.0103
a range +0 +21600 2010 2007 0.0366
a range +0 +21600 2010 2009 0.0343
a range +0 +21600 2010 2011 0.0343
a range +0 +21600 2010 2013 0.0319
a range +0 +21600 2010 2014 0.0103
a range +0 +21600 2010 2015 0.0366
a range +16200 +21600 2010 9002 1102.5455
a range +11400 +21600 2011 1001 1102.5968
a range +17400 +21600 2011 2001 0.0393
a range +0 +21600 2011 2002 0.0415
a range +0 +21600 2011 2003 0.0286
a range +0 +21600 2011 2004 0.0252
a range +0 +21600 2011 2006 0.0366
a range +0 +21600 2011 2007 0.0155
a range +0 +21600 2011 2008 0.0319
a range +0 +21600 2011 2010 0.0343
a range +0 +21600 2011 2012 0.0343
a range +0 +21600 2011 2014 0.0366
a range +0 +21600 2011 2015 0.0155
a range +0 +21600 2011 2016 0.0319
a range +11400 +21600 2011 9002 1102.5391
a range +6600 +21600 2012 1001 1102.6270
a range +0 +21600 2012 2001 0.0415
a range +0 +21600 2012 2003 0.0252
a range +0 +21600 2012 2004 0.0190
a range +0 +21600 2012 2005 0.0366
a range +0 +21600 2012 2007 0.0319
a range +0 +21600 2012 2008 0.0103
a range +0 +21600 2012 2009 0.0343
a range +0 +21600 2012 2011 0.0343
a range +0 +21600 2012 2013 0.0366
a range +0 +21600 2012 2015 0.0319
a range +0 +21600 2012 2016 0.0103
a range +6600 +21600 2012 9002 1102.5694
a range +2400 +21600 2013 1001 1102.6218
a range +21000 +21600 2013 2001 0.0374
a range +19200 +21600 2013 2002 0.0158
a range +16800 +21600 2013 2003 0.0310
a range +0 +21600 2013 2005 0.0286
a range +0 +21600 2013 2006 0.0252
a range +17400 +21600 2013 2007 0.0393
a range +0 +21600 2013 2008 0.0415
a range +0 +21600 2013 2009 0.0155
a range +0 +21600 2013 2010 0.0319
a range +0 +21600 2013 2012 0.0366
a range +0 +21600 2013 2014 0.0343
a range +0 +21600 2013 2016 0.0343
a range +0 +21600 2013 9002 1102.5642
a range +2400 +21600 2014 1001 1102.6108
a range +19200 +21600 2014 2001 0.0158
a range +16200 +21600 2014 2002 0.0248
a range +0 +21600 2014 2005 0.0252
a range +0 +21600 2014 2006 0.0190
a range +0 +21600 2014 2007 0.0415
a range +0 +21600 2014 2009 0.0319
a range +0 +21600 2014 2010 0.0103
a range +0 +21600 2014 2011 0.0366
a range +0 +21600 2014 2013 0.0343
a range +0 +21600 2014 2015 0.0343
a range +0 +21600 2014 9002 1102.5532
a range +2400 +21600 2015 1001 1102.6083
a range +16800 +21600 2015 2001 0.0310
a range +21000 +21600 2015 2003 0.0374
a range +19200 +21600 2015 2004 0.0158
a range +17400 +21600 2015 2005 0.0393
a range +0 +21600 2015 2006 0.0415
a range +0 +21600 2015 2007 0.0286
a range +0 +21600 2015 2008 0.0252
a range +0 +21600 2015 2010 0.0366
a range +0 +21600 2015 2011 0.0155
a range +0 +21600 2015 2012 0.0319
a range +0 +21600 2015 2014 0.0343
a range +0 +21600 2015 2016 0.0343
a range +0 +21600 2015 9002 1102.5507
a range +2400 +21600 2016 1001 1102.6194
a range +19200 +21600 2016 2003 0.0158
a range +16200 +21600 2016 2004 0.0248
a range +0 +21600 2016 2005 0.0415
a range +0 +21600 2016 2007 0.0252
a range +0 +21600 2016 2008 0.0190
a range +0 +21600 2016 2009 0.0366
a range +0 +21600 2016 2011 0.0319
a range +0 +21600 2016 2012 0.0103
a range +0 +21600 2016 2013 0.0343
a range +0 +21600 2016 2015 0.0343
a range +0 +21600 2016 9002 1102.5617
a range +0 +21600 9002 2001 1102.5663
a range +0 +21600 9002 2002 1102.5517
a range +0 +21600 9002 2003 1102.5486
a range +0 +21600 9002 2004 1102.5631
a range +21000 +21600 9002 2005 1102.5766
a range +16800 +21600 9002 2006 1102.5449
a range +12000 +21600 9002 2007 1102.5383
a range +7200 +21600 9002 2008 1102.5700
a range +21000 +21600 9002 2009 1102.5757
a range +16200 +21600 9002 2010 1102.5455
a range +11400 +21600 9002 2011 1102.5391
a range +6600 +21600 9002 2012 1102.5694
a range +0 +21600 9002 2013 1102.5642
a range +0 +21600 9002 2014 1102.5532
a range +0 +21600 9002 2015 1102.5507
a range +0 +21600 9002 2016 1102.5617
a range +18000 +21600 9003 1001 0.0434

a position +0 +600 2001 2013 8273184.59811024 2400174.59214517 233948374.470986 8260860.32814226 2400174.59214517 233953479.350753
a position +0 +600 2003 2015 8258745.81770846 2402033.88892332 233948374.470986 8271070.08767642 2402033.88892332 233943269.591219
a position +0 +600 2009 9001 8265965.20790935 2400174.59214517 233955593.861187 -136169493.822922 3750.98291015625 -63083677.7344879
a position +0 +600 2009 9002 8265965.20790935 2400174.59214517 233955593.861187 -136177870.344406 4196.68310546875 -63082300.4676422
a position +0 +600 2013 2001 8260860.32814226 2400174.59214517 233953479.350753 8273184.59811024 2400174.59214517 233948374.470986
a position +0 +600 2015 2003 8271070.08767642 2402033.88892332 233943269.591219 8258745.81770846 2402033.88892332 233948374.470986
a position +0 +600 9001 2009 -136169493.822922 3750.98291015625 -63083677.7344879 8265965.20790935 2400174.59214517 233955593.861187
a position +0 +600 9002 2009 -136177870.344406 4196.68310546875 -63082300.4676422 8265965.20790935 2400174.59214517 233955593.861187
a position +0 +2400 2001 2016 8230524.32288171 2403162.99509348 233953647.758712 8221701.29635258 2393371.05410894 233955986.925131
a position +0 +2400 2002 2015 8220732.38189721 2406338.77432949 233953647.758712 8228625.24422369 2396546.83334501 233949062.97726
a position +0 +2400 2003 2014 8217556.60266117 2396546.83334501 233953647.758712 8226379.62919033 2406338.77432949 233951308.592293
a position +0 +2400 2004 2013 8227348.54364565 2393371.05410894 233953647.758712 8219455.68131922 2403162.99509348 233958232.540165
a position +0 +2400 2013 2004 8219455.68131922 2403162.99509348 233958232.540165 8227348.54364565 2393371.05410894 233953647.758712
a position +0 +2400 2014 2003 8226379.62919033 2406338.77432949 233951308.592293 8217556.60266117 2396546.83334501 233953647.758712
a position +0 +2400 2015 2002 8228625.24422369 2396546.83334501 233949062.97726 8220732.38189721 2406338.77432949 233953647.758712
a position +0 +2400 2016 2001 8221701.29635258 2393371.05410894 233955986.925131 8230524.32288171 2403162.99509348 233953647.758712
a position +0 +3600 2001 2011 8200774.86797956 2404593.37162946 233957158.928017 8196090.47947648 2393450.5990208 233952474.539514
a position +0 +3600 2003 2009 8191406.09097337 2393450.5990208 233957158.928017 8196090.47947648 2404593.37162946 233961843.31652
a position +0 +3600 2005 2015 8199402.84235272 2404593.37162946 233960471.290893 8199402.84235274 2393450.5990208 233953846.565141
a position +0 +3600 2007 2013 8192778.11660022 2393450.5990208 233953846.565141 8192778.11660024 2404593.37162946 233960471.290893
a position +0 +3600 2009 2003 8196090.47947648 2404593.37162946 233961843.31652 8191406.09097337 2393450.5990208 233957158.928017
a position +0 +3600 2011 2001 8196090.47947648 2393450.5990208 233952474.539514 8200774.86797956 2404593.37162946 233957158.928017
a position +0 +3600 2013 2007 8192778.11660024 2404593.37162946 233960471.290893 8192778.11660022 2393450.5990208 233953846.565141
a position +0 +3600 2015 2005 8199402.84235274 2393450.5990208 233953846.565141 8199402.84235272 2404593.37162946 233960471.290893
a position +0 +4200 2001 2015 8185599.92668373 2404996.29832233 233958913.205939 8184579.34475433 2392214.7166331 233956449.303203
a position +0 +4200 2003 2013 8178630.95735379 2392214.7166331 233958913.205939 8179651.53928325 2404996.29832233 233961377.108675
a position +0 +4200 2013 2003 8179651.53928325 2404996.29832233 233961377.108675 8178630.95735379 2392214.7166331 233958913.205939
a position +0 +4200 2015 2001 8184579.34475433 2392214.7166331 233956449.303203 8185599.92668373 2404996.29832233 233958913.205939
a position +2400 +4800 1001 2008 -136114334.591908 0 -63214752.6184135 8173058.6893034 2396043.28257569 233965584.927921
a position +2400 +4800 2008 1001 8173058.6893034 2396043.28257569 233965584.927921 -136114334.591908 0 -63214752.6184135
a position +0 +4800 2008 9001 8173058.6893034 2396043.28257569 233965584.927921 -136118493.100765 3750.98291015625 -63199217.5980124
a position +0 +4800 2008 9002 8173058.6893034 2396043.28257569 233965584.927921 -136126055.920346 4196.68310546875 -63195361.854299
a position +0 +4800 9001 2008 -136118493.100765 3750.98291015625 -63199217.5980124 8173058.6893034 2396043.28257569 233965584.927921
a position +0 +4800 9002 2008 -136126055.920346 4196.68310546875 -63195361.854299 8173058.6893034 2396043.28257569 233965584.927921
a position +2400 +5400 1001 2012 -136104817.659047 0 -63229335.8546136 8154165.27576827 2397051.03244574 233969662.303023
a position +0 +5400 2002 2014 8146922.12110288 2398494.01753689 233962419.148357 8159286.95954934 2398494.01753689 233957297.464576
a position +0 +5400 2004 2016 8161408.43043365 2397051.03244574 233962419.148357 8149043.59198719 2397051.03244574 233967540.832138
a position +2400 +5400 2012 1001 8154165.27576827 2397051.03244574 233969662.303023 -136104817.659047 0 -63229335.8546136
a position +0 +5400 2012 9001 8154165.27576827 2397051.03244574 233969662.303023 -136111239.759366 3750.98291015625 -63215727.1048154
a position +0 +5400 2012 9002 8154165.27576827 2397051.03244574 233969662.303023 -136118625.350675 4196.68310546875 -63211541.8888119
a position +0 +5400 2014 2002 8159286.95954934 2398494.01753689 233957297.464576 8146922.12110288 2398494.01753689 233962419.148357
a position +0 +5400 2016 2004 8149043.59198719 2397051.03244574 233967540.832138 8161408.43043365 2397051.03244574 233962419.148357
a position +0 +5400 9001 2012 -136111239.759366 3750.98291015625 -63215727.1048154 8154165.27576827 2397051.03244574 233969662.303023
a position +0 +5400 9002 2012 -136118625.350675 4196.68310546875 -63211541.8888119 8154165.27576827 2397051.03244574 233969662.303023
a position +0 +7200 1001 9003 -136078247.560553 0 -63271243.2004694 -136095597.31772 -3748.65649414063 -63270027.7525483
a position +0 +7200 2001 2014 8108746.48565765 2402908.95362986 233967671.528536 8116755.36102707 2393029.67115039 233963155.966324
a position +0 +7200 2002 2013 8105853.82949237 2393029.67115039 233967671.528536 8114709.94423696 2402908.95362986 233965201.383114
a position +0 +7200 2003 2016 8115733.11197184 2390137.01498509 233967671.528536 8107724.23660244 2400016.29746454 233972187.090748
a position +0 +7200 2004 2015 8118625.76813716 2400016.29746454 233967671.528536 8109769.65339258 2390137.01498509 233970141.673958
a position +0 +7200 2013 2002 8114709.94423696 2402908.95362986 233965201.383114 8105853.82949237 2393029.67115039 233967671.528536
a position +0 +7200 2014 2001 8116755.36102707 2393029.67115039 233963155.966324 8108746.48565765 2402908.95362986 233967671.528536
a position +0 +7200 2015 2004 8109769.65339258 2390137.01498509 233970141.673958 8118625.76813716 2400016.29746454 233967671.528536
a position +0 +7200 2016 2003 8107724.23660244 2400016.29746454 233972187.090748 8115733.11197184 2390137.01498509 233967671.528536
a position +0 +7200 9003 1001 -136095597.31772 -3748.65649414063 -63270027.7525483 -136078247.560553 0 -63271243.2004694
a position +3600 +8400 2002 2012 8079767.22354736 2389986.01945526 233971168.759779 8084289.3297331 2401393.80568129 233975690.865965
a position +3600 +8400 2004 2010 8088811.43591888 2401393.80568129 233971168.759779 8084289.3297331 2389986.01945526 233966646.653593
a position +3600 +8400 2006 2016 8081091.71778392 2389986.01945526 233967971.14783 8081091.7177839 2401393.80568129 233974366.371728
a position +3600 +8400 2008 2014 8087486.94168231 2401393.80568129 233974366.371728 8087486.94168229 2389986.01945526 233967971.14783
a position +3600 +8400 2010 2004 8084289.3297331 2389986.01945526 233966646.653593 8088811.43591888 2401393.80568129 233971168.759779
a position +3600 +8400 2012 2002 8084289.3297331 2401393.80568129 233975690.865965 8079767.22354736 2389986.01945526 233971168.759779
a position +3600 +8400 2014 2008 8087486.94168229 2389986.01945526 233967971.14783 8087486.94168231 2401393.80568129 233974366.371728
a position +3600 +8400 2016 2006 8081091.7177839 2401393.80568129 233974366.371728 8081091.71778392 2389986.01945526 233967971.14783
a position +3000 +9000 2002 2016 8067014.93275003 2388784.93776379 233972916.068758 8067981.22182874 2401761.78887447 233975248.896958
a position +3000 +9000 2004 2014 8073613.16730567 2401761.78887447 233972916.068758 8072646.8782269 2388784.93776379 233970583.240559
a position +3000 +9000 2014 2004 8072646.8782269 2388784.93776379 233970583.240559 8073613.16730567 2401761.78887447 233972916.068758
a position +3000 +9000 2016 2002 8067981.22182874 2401761.78887447 233975248.896958 8067014.93275003 2388784.93776379 233972916.068758
a position +2400 +9600 1001 2007 -136048698.468373 0 -63325166.5626385 8061298.68444637 2392912.13334031 233979622.450836
a position +2400 +9600 2001 2013 8049324.31993751 2396801.47696373 233974662.506656 8061298.68444638 2396801.47696373 233969702.562475
a position +2400 +9600 2003 2015 8063353.1605945 2392912.13334031 233974662.506656 8051378.79608565 2392912.13334031 233979622.450836
a position +2400 +9600 2007 1001 8061298.68444637 2392912.13334031 233979622.450836 -136048698.468373 0 -63325166.5626385
a position +0 +9600 2007 9001 8061298.68444637 2392912.13334031 233979622.450836 -136060698.210485 3750.98291015625 -63331257.5978188
a position +0 +9600 2007 9002 8061298.68444637 2392912.13334031 233979622.450836 -136066464.263403 4196.68310546875 -63325027.3796792
a position +2400 +9600 2013 2001 8061298.68444638 2396801.47696373 233969702.562475 8049324.31993751 2396801.47696373 233974662.506656
a position +2400 +9600 2015 2003 8051378.79608565 2392912.13334031 233979622.450836 8063353.1605945 2392912.13334031 233974662.506656
a position +0 +9600 9001 2007 -136060698.210485 3750.98291015625 -63331257.5978188 8061298.68444637 2392912.13334031 233979622.450836
a position +0 +9600 9002 2007 -136066464.263403 4196.68310546875 -63325027.3796792 8061298.68444637 2392912.13334031 233979622.450836
a position +2400 +10200 1001 2011 -136042422.210179 0 -63338769.0986273 8042363.40051576 2393927.49907571 233983668.992132
a position +2400 +10200 2011 1001 8042363.40051576 2393927.49907571 233983668.992132 -136042422.210179 0 -63338769.0986273
a position +0 +10200 2011 9001 8042363.40051576 2393927.49907571 233983668.992132 -136053510.545698 3750.98291015625 -63347751.4320426
a position +0 +10200 2011 9002 8042363.40051576 2393927.49907571 233983668.992132 -136058996.49803 4196.68310546875 -63341273.2120719
a position +0 +10200 9001 2011 -136053510.545698 3750.98291015625 -63347751.4320426 8042363.40051576 2393927.49907571 233983668.992132
a position +0 +10200 9002 2011 -136058996.49803 4196.68310546875 -63341273.2120719 8042363.40051576 2393927.49907571 233983668.992132
a position +4200 +12000 1001 9001 -136025909.724736 0 -63380958.7155533 -136031994.068677 3750.98291015625 -63397207.5196607
a position +4800 +12000 2001 2016 7994154.41364586 2389514.83188052 233981639.547557 8003036.279901 2399473.27152344 233979040.469483
a position +4800 +12000 2002 2015 8004112.85328874 2386907.69516013 233981639.547557 7995994.59969949 2396866.13480301 233986082.149685
a position +4800 +12000 2003 2014 8006719.99000915 2396866.13480301 233981639.547557 7997838.12375397 2386907.69516013 233984238.625631
a position +4800 +12000 2004 2013 7996761.55036628 2399473.27152344 233981639.547557 8004879.80395549 2389514.83188052 233977196.945429
a position +4800 +12000 2013 2004 8004879.80395549 2389514.83188052 233977196.945429 7996761.55036628 2399473.27152344 233981639.547557
a position +4800 +12000 2014 2003 7997838.12375397 2386907.69516013 233984238.625631 8006719.99000915 2396866.13480301 233981639.547557
a position +4800 +12000 2015 2002 7995994.59969949 2396866.13480301 233986082.149685 8004112.85328874 2386907.69516013 233981639.547557
a position +4800 +12000 2016 2001 8003036.279901 2399473.27152344 233979040.469483 7994154.41364586 2389514.83188052 233981639.547557
a position +4200 +12000 9001 1001 -136031994.068677 3750.98291015625 -63397207.5196607 -136025909.724736 0 -63380958.7155533
a position +8400 +13200 2001 2011 7968130.17610041 2386525.59435107 233985122.841702 7972486.253703 2398188.94359906 233989478.919304
a position +8400 +13200 2003 2009 7976842.33130561 2398188.94359906 233985122.841702 7972486.253703 2386525.59435107 233980766.764099
a position +8400 +13200 2005 2015 7969406.04169084 2386525.59435107 233982042.62969 7969406.04169081 2398188.94359906 233988203.053714
a position +8400 +13200 2007 2013 7975566.46571518 2398188.94359906 233988203.053714 7975566.46571516 2386525.59435107 233982042.62969
a position +8400 +13200 2009 2003 7972486.253703 2386525.59435107 233980766.764099 7976842.33130561 2398188.94359906 233985122.841702
a position +8400 +13200 2011 2001 7972486.253703 2398188.94359906 233989478.919304 7968130.17610041 2386525.59435107 233985122.841702
a position +8400 +13200 2013 2007 7975566.46571516 2386525.59435107 233982042.62969 7975566.46571518 2398188.94359906 233988203.053714
a position +8400 +13200 2015 2005 7969406.04169081 2398188.94359906 233988203.053714 7969406.04169084 2386525.59435107 233982042.62969
a position +7800 +13800 2001 2015 7955399.71830578 2385359.96339718 233986863.182224 7956310.91402727 2398521.33346721 233989063.003293
a position +7800 +13800 2003 2013 7961621.7518865 2398521.33346721 233986863.182224 7960710.55616496 2385359.96339718 233984663.361156
a position +7800 +13800 2013 2003 7960710.55616496 2385359.96339718 233984663.361156 7961621.7518865 2398521.33346721 233986863.182224
a position +7800 +13800 2015 2001 7956310.91402727 2398521.33346721 233989063.003293 7955399.71830578 2385359.96339718 233986863.182224
a position +2400 +14400 1001 2006 -136007406.213105 0 -63442307.6717454 7949532.65103161 2389782.02451692 233993600.115895
a position +6600 +14400 2002 2014 7951602.66846854 2389782.02451692 233988602.651724 7939537.72269044 2389782.02451692 233993600.115895
a position +6600 +14400 2004 2016 7937467.70525352 2393266.01345349 233988602.651724 7949532.6510316 2393266.01345349 233983605.187554
a position +2400 +14400 2006 1001 7949532.65103161 2389782.02451692 233993600.115895 -136007406.213105 0 -63442307.6717454
a position +0 +14400 2006 9001 7949532.65103161 2389782.02451692 233993600.115895 -136003407.38652 3750.98291015625 -63463074.1844658
a position +0 +14400 2006 9002 7949532.65103161 2389782.02451692 233993600.115895 -136006667.22551 4196.68310546875 -63455236.0453057
a position +6600 +14400 2014 2002 7939537.72269044 2389782.02451692 233993600.115895 7951602.66846854 2389782.02451692 233988602.651724
a position +6600 +14400 2016 2004 7949532.6510316 2393266.01345349 233983605.187554 7937467.70525352 2393266.01345349 233988602.651724
a position +0 +14400 9001 2006 -136003407.38652 3750.98291015625 -63463074.1844658 7949532.65103161 2389782.02451692 233993600.115895
a position +0 +14400 9002 2006 -136006667.22551 4196.68310546875 -63455236.0453057 7949532.65103161 2389782.02451692 233993600.115895
a position +2400 +15000 1001 2010 -136002974.125831 0 -63458747.6485416 7930559.609056 2390803.81996512 233997613.917664
a position +2400 +15000 2010 1001 7930559.609056 2390803.81996512 233997613.917664 -136002974.125831 0 -63458747.6485416
a position +0 +15000 2010 9001 7930559.609056 2390803.81996512 233997613.917664 -135996277.478384 3750.98291015625 -63479524.8616181
a position +0 +15000 2010 9002 7930559.609056 2390803.81996512 233997613.917664 -135999188.805654 4196.68310546875 -63471550.7051239
a position +0 +15000 9001 2010 -135996277.478384 3750.98291015625 -63479524.8616181 7930559.609056 2390803.81996512 233997613.917664
a position +0 +15000 9002 2010 -135999188.805654 4196.68310546875 -63471550.7051239 7930559.609056 2390803.81996512 233997613.917664
a position +0 +15600 2001 9001 7917730.97052224 2383502.66663767 233992078.977685 -135989153.766107 3750.98291015625 -63495968.3965652
a position +0 +15600 2002 9001 7923772.06847142 2391837.70218458 233992078.977685 -135989153.766107 3750.98291015625 -63495968.3965652
a position +0 +15600 2003 9001 7915437.03292452 2397878.80013377 233992078.977685 -135989153.766107 3750.98291015625 -63495968.3965652
a position +0 +15600 2004 9001 7909395.93497531 2389543.76458689 233992078.977685 -135989153.766107 3750.98291015625 -63495968.3965652
a position +2400 +15600 2005 9001 7917395.03113886 2383502.66663767 233992890.0071 -135989153.766107 3750.98291015625 -63495968.3965652
a position +12000 +15600 2007 9001 7915772.97230789 2397878.80013377 233991267.948269 -135989153.766107 3750.98291015625 -63495968.3965652
a position +7200 +15600 2008 9001 7911501.27098219 2389543.76458689 233986996.246944 -135989153.766107 3750.98291015625 -63495968.3965652
a position +1800 +15600 2009 9001 7916584.00172336 2383502.66663767 233993225.946484 -135989153.766107 3750.98291015625 -63495968.3965652
a position +11400 +15600 2011 9001 7916584.00172336 2397878.80013377 233990932.008886 -135989153.766107 3750.98291015625 -63495968.3965652
a position +6600 +15600 2012 9001 7916584.00172336 2389543.76458689 233984890.910937 -135989153.766107 3750.98291015625 -63495968.3965652
a position +0 +15600 2013 9001 7915772.97230787 2383502.66663767 233992890.0071 -135989153.766107 3750.98291015625 -63495968.3965652
a position +0 +15600 2014 9001 7911501.2709822 2391837.70218458 233997161.708426 -135989153.766107 3750.98291015625 -63495968.3965652
a position +0 +15600 2015 9001 7917395.03113883 2397878.80013377 233991267.948269 -135989153.766107 3750.98291015625 -63495968.3965652
a position +0 +15600 2016 9001 7921666.73246454 2389543.76458689 233986996.246944 -135989153.766107 3750.98291015625 -63495968.3965652
a position +0 +15600 9001 2001 -135989153.766107 3750.98291015625 -63495968.3965652 7917730.97052224 2383502.66663767 233992078.977685
a position +0 +15600 9001 2002 -135989153.766107 3750.98291015625 -63495968.3965652 7923772.06847142 2391837.70218458 233992078.977685
a position +0 +15600 9001 2003 -135989153.766107 3750.98291015625 -63495968.3965652 7915437.03292452 2397878.80013377 233992078.977685
a position +0 +15600 9001 2004 -135989153.766107 3750.98291015625 -63495968.3965652 7909395.93497531 2389543.76458689 233992078.977685
a position +2400 +15600 9001 2005 -135989153.766107 3750.98291015625 -63495968.3965652 7917395.03113886 2383502.66663767 233992890.0071
a position +12000 +15600 9001 2007 -135989153.766107 3750.98291015625 -63495968.3965652 7915772.97230789 2397878.80013377 233991267.948269
a position +7200 +15600 9001 2008 -135989153.766107 3750.98291015625 -63495968.3965652 7911501.27098219 2389543.76458689 233986996.246944
a position +1800 +15600 9001 2009 -135989153.766107 3750.98291015625 -63495968.3965652 7916584.00172336 2383502.66663767 233993225.946484
a position +11400 +15600 9001 2011 -135989153.766107 3750.98291015625 -63495968.3965652 7916584.00172336 2397878.80013377 233990932.008886
a position +6600 +15600 9001 2012 -135989153.766107 3750.98291015625 -63495968.3965652 7916584.00172336 2389543.76458689 233984890.910937
a position +0 +15600 9001 2013 -135989153.766107 3750.98291015625 -63495968.3965652 7915772.97230787 2383502.66663767 233992890.0071
a position +0 +15600 9001 2014 -135989153.766107 3750.98291015625 -63495968.3965652 7911501.2709822 2391837.70218458 233997161.708426
a position +0 +15600 9001 2015 -135989153.766107 3750.98291015625 -63495968.3965652 7917395.03113883 2397878.80013377 233991267.948269
a position +0 +15600 9001 2016 -135989153.766107 3750.98291015625 -63495968.3965652 7921666.73246454 2389543.76458689 233986996.246944
a position +9600 +16800 2001 2014 7892487.64344959 2383683.01002357 233995551.819643 7884266.73707629 2393712.35692176 233999917.781285
a position +9600 +16800 2002 2013 7894807.10088518 2393712.35692176 233995551.819643 7885906.84115767 2383683.01002357 233998277.677204
a position +9600 +16800 2003 2016 7884777.753987 2396031.81435738 233995551.819643 7892998.66036028 2386002.46745921 233991185.858001
a position +9600 +16800 2004 2015 7882458.29655136 2386002.46745921 233995551.819643 7891358.55627887 2396031.81435738 233992825.962083
a position +9600 +16800 2013 2002 7885906.84115767 2383683.01002357 233998277.677204 7894807.10088518 2393712.35692176 233995551.819643
a position +9600 +16800 2014 2001 7884266.73707629 2393712.35692176 233999917.781285 7892487.64344959 2383683.01002357 233995551.819643
a position +9600 +16800 2015 2004 7891358.55627887 2396031.81435738 233992825.962083 7882458.29655136 2386002.46745921 233995551.819643
a position +9600 +16800 2016 2003 7892998.66036028 2386002.46745921 233991185.858001 7884777.753987 2396031.81435738 233995551.819643
a position +10200 +18000 1001 9002 -135978458.425487 0 -63547204.4255341 -135961812.84251 4196.68310546875 -63553246.5887415
a position +12600 +18000 2002 2012 7864867.71855533 2394978.68039133 233999021.177661 7860681.27825782 2383069.43043422 233994834.737364
a position +12600 +18000 2004 2010 7856494.83796027 2383069.43043422 233999021.177661 7860681.27825782 2394978.68039133 234003207.617959
a position +12600 +18000 2006 2016 7863641.53858122 2394978.68039133 234001981.437984 7863641.53858124 2383069.43043422 233996060.917338
a position +12600 +18000 2008 2014 7857721.01793439 2383069.43043422 233996060.917338 7857721.01793441 2394978.68039133 234001981.437984
a position +12600 +18000 2010 2004 7860681.27825782 2394978.68039133 234003207.617959 7856494.83796027 2383069.43043422 233999021.177661
a position +12600 +18000 2012 2002 7860681.27825782 2383069.43043422 233994834.737364 7864867.71855533 2394978.68039133 233999021.177661
a position +12600 +18000 2014 2008 7857721.01793441 2394978.68039133 234001981.437984 7857721.01793439 2383069.43043422 233996060.917338
a position +12600 +18000 2016 2006 7863641.53858124 2383069.43043422 233996060.917338 7863641.53858122 2394978.68039133 234001981.437984
a position +10200 +18000 9002 1001 -135961812.84251 4196.68310546875 -63553246.5887415 -135978458.425487 0 -63547204.4255341
a position +12000 +18600 2002 2016 7849625.86314557 2395274.85653741 234000754.550211 7848770.5156466 2381939.8708321 233998689.558679
a position +12000 +18600 2004 2014 7843785.18508227 2381939.8708321 234000754.550211 7844640.53258131 2395274.85653741 234002819.541744
a position +12000 +18600 2014 2004 7844640.53258131 2395274.85653741 234002819.541744 7843785.18508227 2381939.8708321 234000754.550211
a position +12000 +18600 2016 2002 7848770.5156466 2381939.8708321 233998689.558679 7849625.86314557 2395274.85653741 234000754.550211
a position +2400 +19200 1001 2005 -135966446.683036 0 -63584777.4497431 7837760.58485621 2386652.78906871 234007517.895892
a position +11400 +19200 2001 2013 7839844.42870954 2386652.78906871 234002487.051799 7827698.89667103 2386652.78906871 234007517.895892
a position +11400 +19200 2003 2015 7825615.05281771 2389728.53706374 234002487.051799 7837760.5848562 2389728.53706374 233997456.207706
a position +2400 +19200 2005 1001 7837760.58485621 2386652.78906871 234007517.895892 -135966446.683036 0 -63584777.4497431
a position +2400 +19200 2005 9002 7837760.58485621 2386652.78906871 234007517.895892 -135946877.277721 4196.68310546875 -63585979.2185503
a position +11400 +19200 2013 2001 7827698.89667103 2386652.78906871 234007517.895892 7839844.42870954 2386652.78906871 234002487.051799
a position +11400 +19200 2015 2003 7837760.5848562 2389728.53706374 233997456.207706 7825615.05281771 2389728.53706374 234002487.051799
a position +2400 +19200 9002 2005 -135946877.277721 4196.68310546875 -63585979.2185503 7837760.58485621 2386652.78906871 234007517.895892
a position +2400 +19800 1001 2009 -135959801.102541 0 -63603802.1546618 7818753.92826186 2387679.82269071 234011497.073764
a position +2400 +19800 2009 1001 7818753.92826186 2387679.82269071 234011497.073764 -135959801.102541 0 -63603802.1546618
a position +1800 +19800 2009 9002 7818753.92826186 2387679.82269071 234011497.073764 -135939414.163551 4196.68310546875 -63602356.3847886
a position +1800 +19800 9002 2009 -135939414.163551 4196.68310546875 -63602356.3847886 7818753.92826186 2387679.82269071 234011497.073764
a position +14400 +21000 2001 2016 7797543.0032173 2389687.43867422 234007679.330864 7788859.84261655 2380199.72067256 234009621.704253
a position +14400 +21000 2002 2015 7788055.28521568 2393681.29509645 234007679.330864 7795568.67235347 2384193.57709484 234002912.874516
a position +14400 +21000 2003 2014 7784061.42879342 2384193.57709484 234007679.330864 7792744.58939421 2393681.29509645 234005736.957475
a position +14400 +21000 2004 2013 7793549.14679503 2380199.72067256 234007679.330864 7786035.75965728 2389687.43867422 234012445.787212
a position +14400 +21000 2013 2004 7786035.75965728 2389687.43867422 234012445.787212 7793549.14679503 2380199.72067256 234007679.330864
a position +14400 +21000 2014 2003 7792744.58939421 2393681.29509645 234005736.957475 7784061.42879342 2384193.57709484 234007679.330864
a position +14400 +21000 2015 2002 7795568.67235347 2384193.57709484 234002912.874516 7788055.28521568 2393681.29509645 234007679.330864
a position +14400 +21000 2016 2001 7788859.84261655 2380199.72067256 234009621.704253 7797543.0032173 2389687.43867422 234007679.330864
a position +2400 +21600 1001 2001 -135937145.031148 0 -63660977.6658318 7782887.21742307 2390554.8161558 234009408.348678
a position +2400 +21600 1001 2002 -135937145.031148 0 -63660977.6658318 7772795.2719195 2392584.67278937 234009408.348678
a position +2400 +21600 1001 2003 -135937145.031148 0 -63660977.6658318 7770765.41528591 2382492.72728581 234009408.348678
a position +2400 +21600 1001 2004 -135937145.031148 0 -63660977.6658318 7780857.36078946 2380462.87065219 234009408.348678
a position +21000 +21600 1001 2005 -135937145.031148 0 -63660977.6658318 7781112.02060018 2390554.8161558 234013694.052924
a position +16800 +21600 1001 2006 -135937145.031148 0 -63660977.6658318 7773975.93749925 2392584.67278937 234006557.969823
a position +12000 +21600 1001 2007 -135937145.031148 0 -63660977.6658318 7772540.6121088 2382492.72728581 234005122.644433
a position +7200 +21600 1001 2008 -135937145.031148 0 -63660977.6658318 7779676.69520973 2380462.87065219 234012258.727534
a position +21000 +21600 1001 2009 -135937145.031148 0 -63660977.6658318 7776826.3163545 2390554.8161558 234015469.249747
a position +16200 +21600 1001 2010 -135937145.031148 0 -63660977.6658318 7776826.3163545 2392584.67278937 234005377.304243
a position +11400 +21600 1001 2011 -135937145.031148 0 -63660977.6658318 7776826.3163545 2382492.72728581 234003347.44761
a position +6600 +21600 1001 2012 -135937145.031148 0 -63660977.6658318 7776826.3163545 2380462.87065219 234013439.393113
a position +2400 +21600 1001 2013 -135937145.031148 0 -63660977.6658318 7772540.61210881 2390554.8161558 234013694.052924
a position +2400 +21600 1001 2014 -135937145.031148 0 -63660977.6658318 7779676.69520975 2392584.67278937 234006557.969823
a position +2400 +21600 1001 2015 -135937145.031148 0 -63660977.6658318 7781112.0206002 2382492.72728581 234005122.644433
a position +2400 +21600 1001 2016 -135937145.031148 0 -63660977.6658318 7773975.93749927 2380462.87065219 234012258.727534
a position +18000 +21600 1001 9003 -135937145.031148 0 -63660977.6658318 -135925327.633737 -3748.65649414063 -63656998.093637
a position +2400 +21600 2001 1001 7782887.21742307 2390554.8161558 234009408.348678 -135937145.031148 0 -63660977.6658318
a position +0 +21600 2001 2002 7782887.21742307 2390554.8161558 234009408.348678 7772795.2719195 2392584.67278937 234009408.348678
a position +0 +21600 2001 2004 7782887.21742307 2390554.8161558 234009408.348678 7780857.36078946 2380462.87065219 234009408.348678
a position +0 +21600 2001 2005 7782887.21742307 2390554.8161558 234009408.348678 7781112.02060018 2390554.8161558 234013694.052924
a position +0 +21600 2001 2006 7782887.21742307 2390554.8161558 234009408.348678 7773975.93749925 2392584.67278937 234006557.969823
a position +0 +21600 2001 2008 7782887.21742307 2390554.8161558 234009408.348678 7779676.69520973 2380462.87065219 234012258.727534
a position +0 +21600 2001 2009 7782887.21742307 2390554.8161558 234009408.348678 7776826.3163545 2390554.8161558 234015469.249747
a position +0 +21600 2001 2010 7782887.21742307 2390554.8161558 234009408.348678 7776826.3163545 2392584.67278937 234005377.304243
a position +17400 +21600 2001 2011 7782887.21742307 2390554.8161558 234009408.348678 7776826.3163545 2382492.72728581 234003347.44761
a position +0 +21600 2001 2012 7782887.21742307 2390554.8161558 234009408.348678 7776826.3163545 2380462.87065219 234013439.393113
a position +21000 +21600 2001 2013 7782887.21742307 2390554.8161558 234009408.348678 7772540.61210881 2390554.8161558 234013694.052924
a position +19200 +21600 2001 2014 7782887.21742307 2390554.8161558 234009408.348678 7779676.69520975 2392584.67278937 234006557.969823
a position +16800 +21600 2001 2015 7782887.21742307 2390554.8161558 234009408.348678 7781112.0206002 2382492.72728581 234005122.644433
a position +0 +21600 2001 9002 7782887.21742307 2390554.8161558 234009408.348678 -135917047.667428 4196.68310546875 -63651528.4206634
a position +2400 +21600 2002 1001 7772795.2719195 2392584.67278937 234009408.348678 -135937145.031148 0 -63660977.6658318
a position +0 +21600 2002 2001 7772795.2719195 2392584.67278937 234009408.348678 7782887.21742307 2390554.8161558 234009408.348678
a position +0 +21600 2002 2003 7772795.2719195 2392584.67278937 234009408.348678 7770765.41528591 2382492.72728581 234009408.348678
a position +0 +21600 2002 2005 7772795.2719195 2392584.67278937 234009408.348678 7781112.02060018 2390554.8161558 234013694.052924
a position +0 +21600 2002 2006 7772795.2719195 2392584.67278937 234009408.348678 7773975.93749925 2392584.67278937 234006557.969823
a position +0 +21600 2002 2007 7772795.2719195 2392584.67278937 234009408.348678 7772540.6121088 2382492.72728581 234005122.644433
a position +0 +21600 2002 2009 7772795.2719195 2392584.67278937 234009408.348678 7776826.3163545 2390554.8161558 234015469.249747
a position +0 +21600 2002 2010 7772795.2719195 2392584.67278937 234009408.348678 7776826.3163545 2392584.67278937 234005377.304243
a position +0 +21600 2002 2011 7772795.2719195 2392584.67278937 234009408.348678 7776826.3163545 2382492.72728581 234003347.44761
a position +19200 +21600 2002 2013 7772795.2719195 2392584.67278937 234009408.348678 7772540.61210881 2390554.8161558 234013694.052924
a position +16200 +21600 2002 2014 7772795.2719195 2392584.67278937 234009408.348678 7779676.69520975 2392584.67278937 234006557.969823
a position +0 +21600 2002 9002 7772795.2719195 2392584.67278937 234009408.348678 -135917047.667428 4196.68310546875 -63651528.4206634
a position +2400 +21600 2003 1001 7770765.41528591 2382492.72728581 234009408.348678 -135937145.031148 0 -63660977.6658318
a position +0 +21600 2003 2002 7770765.41528591 2382492.72728581 234009408.348678 7772795.2719195 2392584.67278937 234009408.348678
a position +0 +21600 2003 2004 7770765.41528591 2382492.72728581 234009408.348678 7780857.36078946 2380462.87065219 234009408.348678
a position +0 +21600 2003 2006 7770765.41528591 2382492.72728581 234009408.348678 7773975.93749925 2392584.67278937 234006557.969823
a position +0 +21600 2003 2007 7770765.41528591 2382492.72728581 234009408.348678 7772540.6121088 2382492.72728581 234005122.644433
a position +0 +21600 2003 2008 7770765.41528591 2382492.72728581 234009408.348678 7779676.69520973 2380462.87065219 234012258.727534
a position +17400 +21600 2003 2009 7770765.41528591 2382492.72728581 234009408.348678 7776826.3163545 2390554.8161558 234015469.249747
a position +0 +21600 2003 2010 7770765.41528591 2382492.72728581 234009408.348678 7776826.3163545 2392584.67278937 234005377.304243
a position +0 +21600 2003 2011 7770765.41528591 2382492.72728581 234009408.348678 7776826.3163545 2382492.72728581 234003347.44761
a position +0 +21600 2003 2012 7770765.41528591 2382492.72728581 234009408.348678 7776826.3163545 2380462.87065219 234013439.393113
a position +16800 +21600 2003 2013 7770765.41528591 2382492.72728581 234009408.348678 7772540.61210881 2390554.8161558 234013694.052924
a position +21000 +21600 2003 2015 7770765.41528591 2382492.72728581 234009408.348678 7781112.0206002 2382492.72728581 234005122.644433
a position +19200 +21600 2003 2016 7770765.41528591 2382492.72728581 234009408.348678 7773975.93749927 2380462.87065219 234012258.727534
a position +0 +21600 2003 9002 7770765.41528591 2382492.72728581 234009408.348678 -135917047.667428 4196.68310546875 -63651528.4206634
a position +2400 +21600 2004 1001 7780857.36078946 2380462.87065219 234009408.348678 -135937145.031148 0 -63660977.6658318
a position +0 +21600 2004 2001 7780857.36078946 2380462.87065219 234009408.348678 7782887.21742307 2390554.8161558 234009408.348678
a position +0 +21600 2004 2003 7780857.36078946 2380462.87065219 234009408.348678 7770765.41528591 2382492.72728581 234009408.348678
a position +0 +21600 2004 2005 7780857.36078946 2380462.87065219 234009408.348678 7781112.02060018 2390554.8161558 234013694.052924
a position +0 +21600 2004 2007 7780857.36078946 2380462.87065219 234009408.348678 7772540.6121088 2382492.72728581 234005122.644433
a position +0 +21600 2004 2008 7780857.36078946 2380462.87065219 234009408.348678 7779676.69520973 2380462.87065219 234012258.727534
a position +0 +21600 2004 2009 7780857.36078946 2380462.87065219 234009408.348678 7776826.3163545 2390554.8161558 234015469.249747
a position +0 +21600 2004 2011 7780857.36078946 2380462.87065219 234009408.348678 7776826.3163545 2382492.72728581 234003347.44761
a position +0 +21600 2004 2012 7780857.36078946 2380462.87065219 234009408.348678 7776826.3163545 2380462.87065219 234013439.393113
a position +19200 +21600 2004 2015 7780857.36078946 2380462.87065219 234009408.348678 7781112.0206002 2382492.72728581 234005122.644433
a position +16200 +21600 2004 2016 7780857.36078946 2380462.87065219 234009408.348678 7773975.93749927 2380462.87065219 234012258.727534
a position +0 +21600 2004 9002 7780857.36078946 2380462.87065219 234009408.348678 -135917047.667428 4196.68310546875 -63651528.4206634
a position +21000 +21600 2005 1001 7781112.02060018 2390554.8161558 234013694.052924 -135937145.031148 0 -63660977.6658318
a position +0 +21600 2005 2001 7781112.02060018 2390554.8161558 234013694.052924 7782887.21742307 2390554.8161558 234009408.348678
a position +0 +21600 2005 2002 7781112.02060018 2390554.8161558 234013694.052924 7772795.2719195 2392584.67278937 234009408.348678
a position +0 +21600 2005 2004 7781112.02060018 2390554.8161558 234013694.052924 7780857.36078946 2380462.87065219 234009408.348678
a position +0 +21600 2005 2006 7781112.02060018 2390554.8161558 234013694.052924 7773975.93749925 2392584.67278937 234006557.969823
a position +0 +21600 2005 2008 7781112.02060018 2390554.8161558 234013694.052924 7779676.69520973 2380462.87065219 234012258.727534
a position +0 +21600 2005 2009 7781112.02060018 2390554.8161558 234013694.052924 7776826.3163545 2390554.8161558 234015469.249747
a position +0 +21600 2005 2010 7781112.02060018 2390554.8161558 234013694.052924 7776826.3163545 2392584.67278937 234005377.304243
a position +0 +21600 2005 2012 7781112.02060018 2390554.8161558 234013694.052924 7776826.3163545 2380462.87065219 234013439.393113
a position +0 +21600 2005 2013 7781112.02060018 2390554.8161558 234013694.052924 7772540.61210881 2390554.8161558 234013694.052924
a position +0 +21600 2005 2014 7781112.02060018 2390554.8161558 234013694.052924 7779676.69520975 2392584.67278937 234006557.969823
a position +17400 +21600 2005 2015 7781112.02060018 2390554.8161558 234013694.052924 7781112.0206002 2382492.72728581 234005122.644433
a position +0 +21600 2005 2016 7781112.02060018 2390554.8161558 234013694.052924 7773975.93749927 2380462.87065219 234012258.727534
a position +21000 +21600 2005 9002 7781112.02060018 2390554.8161558 234013694.052924 -135917047.667428 4196.68310546875 -63651528.4206634
a position +16800 +21600 2006 1001 7773975.93749925 2392584.67278937 234006557.969823 -135937145.031148 0 -63660977.6658318
a position +0 +21600 2006 2001 7773975.93749925 2392584.67278937 234006557.969823 7782887.21742307 2390554.8161558 234009408.348678
a position +0 +21600 2006 2002 7773975.93749925 2392584.67278937 234006557.969823 7772795.2719195 2392584.67278937 234009408.348678
a position +0 +21600 2006 2003 7773975.93749925 2392584.67278937 234006557.969823 7770765.41528591 2382492.72728581 234009408.348678
a position +0 +21600 2006 2005 7773975.93749925 2392584.67278937 234006557.969823 7781112.02060018 2390554.8161558 234013694.052924
a position +0 +21600 2006 2007 7773975.93749925 2392584.67278937 234006557.969823 7772540.6121088 2382492.72728581 234005122.644433
a position +0 +21600 2006 2009 7773975.93749925 2392584.67278937 234006557.969823 7776826.3163545 2390554.8161558 234015469.249747
a position +0 +21600 2006 2010 7773975.93749925 2392584.67278937 234006557.969823 7776826.3163545 2392584.67278937 234005377.304243
a position +0 +21600 2006 2011 7773975.93749925 2392584.67278937 234006557.969823 7776826.3163545 2382492.72728581 234003347.44761
a position +0 +21600 2006 2013 7773975.93749925 2392584.67278937 234006557.969823 7772540.61210881 2390554.8161558 234013694.052924
a position +0 +21600 2006 2014 7773975.93749925 2392584.67278937 234006557.969823 7779676.69520975 2392584.67278937 234006557.969823
a position +0 +21600 2006 2015 7773975.93749925 2392584.67278937 234006557.969823 7781112.0206002 2382492.72728581 234005122.644433
a position +16800 +21600 2006 9002 7773975.93749925 2392584.67278937 234006557.969823 -135917047.667428 4196.68310546875 -63651528.4206634
a position +12000 +21600 2007 1001 7772540.6121088 2382492.72728581 234005122.644433 -135937145.031148 0 -63660977.6658318
a position +0 +21600 2007 2002 7772540.6121088 2382492.72728581 234005122.644433 7772795.2719195 2392584.67278937 234009408.348678
a position +0 +21600 2007 2003 7772540.6121088 2382492.72728581 234005122.644433 7770765.41528591 2382492.72728581 234009408.348678
a position +0 +21600 2007 2004 7772540.6121088 2382492.72728581 234005122.644433 7780857.36078946 2380462.87065219 234009408.348678
a position +0 +21600 2007 2006 7772540.6121088 2382492.72728581 234005122.644433 7773975.93749925 2392584.67278937 234006557.969823
a position +0 +21600 2007 2008 7772540.6121088 2382492.72728581 234005122.644433 7779676.69520973 2380462.87065219 234012258.727534
a position +0 +21600 2007 2010 7772540.6121088 2382492.72728581 234005122.644433 7776826.3163545 2392584.67278937 234005377.304243
a position +0 +21600 2007 2011 7772540.6121088 2382492.72728581 234005122.644433 7776826.3163545 2382492.72728581 234003347.44761
a position +0 +21600 2007 2012 7772540.6121088 2382492.72728581 234005122.644433 7776826.3163545 2380462.87065219 234013439.393113
a position +17400 +21600 2007 2013 7772540.6121088 2382492.72728581 234005122.644433 7772540.61210881 2390554.8161558 234013694.052924
a position +0 +21600 2007 2014 7772540.6121088 2382492.72728581 234005122.644433 7779676.69520975 2392584.67278937 234006557.969823
a position +0 +21600 2007 2015 7772540.6121088 2382492.72728581 234005122.644433 7781112.0206002 2382492.72728581 234005122.644433
a position +0 +21600 2007 2016 7772540.6121088 2382492.72728581 234005122.644433 7773975.93749927 2380462.87065219 234012258.727534
a position +12000 +21600 2007 9002 7772540.6121088 2382492.72728581 234005122.644433 -135917047.667428 4196.68310546875 -63651528.4206634
a position +7200 +21600 2008 1001 7779676.69520973 2380462.87065219 234012258.727534 -135937145.031148 0 -63660977.6658318
a position +0 +21600 2008 2001 7779676.69520973 2380462.87065219 234012258.727534 7782887.21742307 2390554.8161558 234009408.348678
a position +0 +21600 2008 2003 7779676.69520973 2380462.87065219 234012258.727534 7770765.41528591 2382492.72728581 234009408.348678
a position +0 +21600 2008 2004 7779676.69520973 2380462.87065219 234012258.727534 7780857.36078946 2380462.87065219 234009408.348678
a position +0 +21600 2008 2005 7779676.69520973 2380462.87065219 234012258.727534 7781112.02060018 2390554.8161558 234013694.052924
a position +0 +21600 2008 2007 7779676.69520973 2380462.87065219 234012258.727534 7772540.6121088 2382492.72728581 234005122.644433
a position +0 +21600 2008 2009 7779676.69520973 2380462.87065219 234012258.727534 7776826.3163545 2390554.8161558 234015469.249747
a position +0 +21600 2008 2011 7779676.69520973 2380462.87065219 234012258.727534 7776826.3163545 2382492.72728581 234003347.44761
a position +0 +21600 2008 2012 7779676.69520973 2380462.87065219 234012258.727534 7776826.3163545 2380462.87065219 234013439.393113
a position +0 +21600 2008 2013 7779676.69520973 2380462.87065219 234012258.727534 7772540.61210881 2390554.8161558 234013694.052924
a position +0 +21600 2008 2015 7779676.69520973 2380462.87065219 234012258.727534 7781112.0206002 2382492.72728581 234005122.644433
a position +0 +21600 2008 2016 7779676.69520973 2380462.87065219 234012258.727534 7773975.93749927 2380462.87065219 234012258.727534
a position +7200 +21600 2008 9002 7779676.69520973 2380462.87065219 234012258.727534 -135917047.667428 4196.68310546875 -63651528.4206634
a position +21000 +21600 2009 1001 7776826.3163545 2390554.8161558 234015469.249747 -135937145.031148 0 -63660977.6658318
a position +0 +21600 2009 2001 7776826.3163545 2390554.8161558 234015469.249747 7782887.21742307 2390554.8161558 234009408.348678
a position +0 +21600 2009 2002 7776826.3163545 2390554.8161558 234015469.249747 7772795.2719195 2392584.67278937 234009408.348678
a position +17400 +21600 2009 2003 7776826.3163545 2390554.8161558 234015469.249747 7770765.41528591 2382492.72728581 234009408.348678
a position +0 +21600 2009 2004 7776826.3163545 2390554.8161558 234015469.249747 7780857.36078946 2380462.87065219 234009408.348678
a position +0 +21600 2009 2005 7776826.3163545 2390554.8161558 234015469.249747 7781112.02060018 2390554.8161558 234013694.052924
a position +0 +21600 2009 2006 7776826.3163545 2390554.8161558 234015469.249747 7773975.93749925 2392584.67278937 234006557.969823
a position +0 +21600 2009 2008 7776826.3163545 2390554.8161558 234015469.249747 7779676.69520973 2380462.87065219 234012258.727534
a position +0 +21600 2009 2010 7776826.3163545 2390554.8161558 234015469.249747 7776826.3163545 2392584.67278937 234005377.304243
a position +0 +21600 2009 2012 7776826.3163545 2390554.8161558 234015469.249747 7776826.3163545 2380462.87065219 234013439.393113
a position +0 +21600 2009 2013 7776826.3163545 2390554.8161558 234015469.249747 7772540.61210881 2390554.8161558 234013694.052924
a position +0 +21600 2009 2014 7776826.3163545 2390554.8161558 234015469.249747 7779676.69520975 2392584.67278937 234006557.969823
a position +0 +21600 2009 2016 7776826.3163545 2390554.8161558 234015469.249747 7773975.93749927 2380462.87065219 234012258.727534
a position +21000 +21600 2009 9002 7776826.3163545 2390554.8161558 234015469.249747 -135917047.667428 4196.68310546875 -63651528.4206634
a position +16200 +21600 2010 1001 7776826.3163545 2392584.67278937 234005377.304243 -135937145.031148 0 -63660977.6658318
a position +0 +21600 2010 2001 7776826.3163545 2392584.67278937 234005377.304243 7782887.21742307 2390554.8161558 234009408.348678
a position +0 +21600 2010 2002 7776826.3163545 2392584.67278937 234005377.304243 7772795.2719195 2392584.67278937 234009408.348678
a position +0 +21600 2010 2003 7776826.3163545 2392584.67278937 234005377.304243 7770765.41528591 2382492.72728581 234009408.348678
a position +0 +21600 2010 2005 7776826.3163545 2392584.67278937 234005377.304243 7781112.02060018 2390554.8161558 234013694.052924
a position +0 +21600 2010 2006 7776826.3163545 2392584.67278937 234005377.304243 7773975.93749925 2392584.67278937 234006557.969823
a position +0 +21600 2010 2007 7776826.3163545 2392584.67278937 234005377.304243 7772540.6121088 2382492.72728581 234005122.644433
a position +0 +21600 2010 2009 7776826.3163545 2392584.67278937 234005377.304243 7776826.3163545 2390554.8161558 234015469.249747
a position +0 +21600 2010 2011 7776826.3163545 2392584.67278937 234005377.304243 7776826.3163545 2382492.72728581 234003347.44761
a position +0 +21600 2010 2013 7776826.3163545 2392584.67278937 234005377.304243 7772540.61210881 2390554.8161558 234013694.052924
a position +0 +21600 2010 2014 7776826.3163545 2392584.67278937 234005377.304243 7779676.69520975 2392584.67278937 234006557.969823
a position +0 +21600 2010 2015 7776826.3163545 2392584.67278937 234005377.304243 7781112.0206002 2382492.72728581 234005122.644433
a position +16200 +21600 2010 9002 7776826.3163545 2392584.67278937 234005377.304243 -135917047.667428 4196.68310546875 -63651528.4206634
a position +11400 +21600 2011 1001 7776826.3163545 2382492.72728581 234003347.44761 -135937145.031148 0 -63660977.6658318
a position +17400 +21600 2011 2001 7776826.3163545 2382492.72728581 234003347.44761 7782887.21742307 2390554.8161558 234009408.348678
a position +0 +21600 2011 2002 7776826.3163545 2382492.72728581 234003347.44761 7772795.2719195 2392584.67278937 234009408.348678
a position +0 +21600 2011 2003 7776826.3163545 2382492.72728581 234003347.44761 7770765.41528591 2382492.72728581 234009408.348678
a position +0 +21600 2011 2004 7776826.3163545 2382492.72728581 234003347.44761 7780857.36078946 2380462.87065219 234009408.348678
a position +0 +21600 2011 2006 7776826.3163545 2382492.72728581 234003347.44761 7773975.93749925 2392584.67278937 234006557.969823
a position +0 +21600 2011 2007 7776826.3163545 2382492.72728581 234003347.44761 7772540.6121088 2382492.72728581 234005122.644433
a position +0 +21600 2011 2008 7776826.3163545 2382492.72728581 234003347.44761 7779676.69520973 2380462.87065219 234012258.727534
a position +0 +21600 2011 2010 7776826.3163545 2382492.72728581 234003347.44761 7776826.3163545 2392584.67278937 234005377.304243
a position +0 +21600 2011 2012 7776826.3163545 2382492.72728581 234003347.44761 7776826.3163545 2380462.87065219 234013439.393113
a position +0 +21600 2011 2014 7776826.3163545 2382492.72728581 234003347.44761 7779676.69520975 2392584.67278937 234006557.969823
a position +0 +21600 2011 2015 7776826.3163545 2382492.72728581 234003347.44761 7781112.0206002 2382492.72728581 234005122.644433
a position +0 +21600 2011 2016 7776826.3163545 2382492.72728581 234003347.44761 7773975.93749927 2380462.87065219 234012258.727534
a position +11400 +21600 2011 9002 7776826.3163545 2382492.72728581 234003347.44761 -135917047.667428 4196.68310546875 -63651528.4206634
a position +6600 +21600 2012 1001 7776826.3163545 2380462.87065219 234013439.393113 -135937145.031148 0 -63660977.6658318
a position +0 +21600 2012 2001 7776826.3163545 2380462.87065219 234013439.393113 7782887.21742307 2390554.8161558 234009408.348678
a position +0 +21600 2012 2003 7776826.3163545 2380462.87065219 234013439.393113 7770765.41528591 2382492.72728581 234009408.348678
a position +0 +21600 2012 2004 7776826.3163545 2380462.87065219 234013439.393113 7780857.36078946 2380462.87065219 234009408.348678
a position +0 +21600 2012 2005 7776826.3163545 2380462.87065219 234013439.393113 7781112.02060018 2390554.8161558 234013694.052924
a position +0 +21600 2012 2007 7776826.3163545 2380462.87065219 234013439.393113 7772540.6121088 2382492.72728581 234005122.644433
a position +0 +21600 2012 2008 7776826.3163545 2380462.87065219 234013439.393113 7779676.69520973 2380462.87065219 234012258.727534
a position +0 +21600 2012 2009 7776826.3163545 2380462.87065219 234013439.393113 7776826.3163545 2390554.8161558 234015469.249747
a position +0 +21600 2012 2011 7776826.3163545 2380462.87065219 234013439.393113 7776826.3163545 2382492.72728581 234003347.44761
a position +0 +21600 2012 2013 7776826.3163545 2380462.87065219 234013439.393113 7772540.61210881 2390554.8161558 234013694.052924
a position +0 +21600 2012 2015 7776826.3163545 2380462.87065219 234013439.393113 7781112.0206002 2382492.72728581 234005122.644433
a position +0 +21600 2012 2016 7776826.3163545 2380462.87065219 234013439.393113 7773975.93749927 2380462.87065219 234012258.727534
a position +6600 +21600 2012 9002 7776826.3163545 2380462.87065219 234013439.393113 -135917047.667428 4196.68310546875 -63651528.4206634
a position +2400 +21600 2013 1001 7772540.61210881 2390554.8161558 234013694.052924 -135937145.031148 0 -63660977.6658318
a position +21000 +21600 2013 2001 7772540.61210881 2390554.8161558 234013694.052924 7782887.21742307 2390554.8161558 234009408.348678
a position +19200 +21600 2013 2002 7772540.61210881 2390554.8161558 234013694.052924 7772795.2719195 2392584.67278937 234009408.348678
a position +16800 +21600 2013 2003 7772540.61210881 2390554.8161558 234013694.052924 7770765.41528591 2382492.72728581 234009408.348678
a position +0 +21600 2013 2005 7772540.61210881 2390554.8161558 234013694.052924 7781112.02060018 2390554.8161558 234013694.052924
a position +0 +21600 2013 2006 7772540.61210881 2390554.8161558 234013694.052924 7773975.93749925 2392584.67278937 234006557.969823
a position +17400 +21600 2013 2007 7772540.61210881 2390554.8161558 234013694.052924 7772540.6121088 2382492.72728581 234005122.644433
a position +0 +21600 2013 2008 7772540.61210881 2390554.8161558 234013694.052924 7779676.69520973 2380462.87065219 234012258.727534
a position +0 +21600 2013 2009 7772540.61210881 2390554.8161558 234013694.052924 7776826.3163545 2390554.8161558 234015469.249747
a position +0 +21600 2013 2010 7772540.61210881 2390554.8161558 234013694.052924 7776826.3163545 2392584.67278937 234005377.304243
a position +0 +21600 2013 2012 7772540.61210881 2390554.8161558 234013694.052924 7776826.3163545 2380462.87065219 234013439.393113
a position +0 +21600 2013 2014 7772540.61210881 2390554.8161558 234013694.052924 7779676.69520975 2392584.67278937 234006557.969823
a position +0 +21600 2013 2016 7772540.61210881 2390554.8161558 234013694.052924 7773975.93749927 2380462.87065219 234012258.727534
a position +0 +21600 2013 9002 7772540.61210881 2390554.8161558 234013694.052924 -135917047.667428 4196.68310546875 -63651528.4206634
a position +2400 +21600 2014 1001 7779676.69520975 2392584.67278937 234006557.969823 -135937145.031148 0 -63660977.6658318
a position +19200 +21600 2014 2001 7779676.69520975 2392584.67278937 234006557.969823 7782887.21742307 2390554.8161558 234009408.348678
a position +16200 +21600 2014 2002 7779676.69520975 2392584.67278937 234006557.969823 7772795.2719195 2392584.67278937 234009408.348678
a position +0 +21600 2014 2005 7779676.69520975 2392584.67278937 234006557.969823 7781112.02060018 2390554.8161558 234013694.052924
a position +0 +21600 2014 2006 7779676.69520975 2392584.67278937 234006557.969823 7773975.93749925 2392584.67278937 234006557.969823
a position +0 +21600 2014 2007 7779676.69520975 2392584.67278937 234006557.969823 7772540.6121088 2382492.72728581 234005122.644433
a position +0 +21600 2014 2009 7779676.69520975 2392584.67278937 234006557.969823 7776826.3163545 2390554.8161558 234015469.249747
a position +0 +21600 2014 2010 7779676.69520975 2392584.67278937 234006557.969823 7776826.3163545 2392584.67278937 234005377.304243
a position +0 +21600 2014 2011 7779676.69520975 2392584.67278937 234006557.969823 7776826.3163545 2382492.72728581 234003347.44761
a position +0 +21600 2014 2013 7779676.69520975 2392584.67278937 234006557.969823 7772540.61210881 2390554.8161558 234013694.052924
a position +0 +21600 2014 2015 7779676.69520975 2392584.67278937 234006557.969823 7781112.0206002 2382492.72728581 234005122.644433
a position +0 +21600 2014 9002 7779676.69520975 2392584.67278937 234006557.969823 -135917047.667428 4196.68310546875 -63651528.4206634
a position +2400 +21600 2015 1001 7781112.0206002 2382492.72728581 234005122.644433 -135937145.031148 0 -63660977.6658318
a position +16800 +21600 2015 2001 7781112.0206002 2382492.72728581 234005122.644433 7782887.21742307 2390554.8161558 234009408.348678
a position +21000 +21600 2015 2003 7781112.0206002 2382492.72728581 234005122.644433 7770765.41528591 2382492.72728581 234009408.348678
a position +19200 +21600 2015 2004 7781112.0206002 2382492.72728581 234005122.644433 7780857.36078946 2380462.87065219 234009408.348678
a position +17400 +21600 2015 2005 7781112.0206002 2382492.72728581 234005122.644433 7781112.02060018 2390554.8161558 234013694.052924
a position +0 +21600 2015 2006 7781112.0206002 2382492.72728581 234005122.644433 7773975.93749925 2392584.67278937 234006557.969823
a position +0 +21600 2015 2007 7781112.0206002 2382492.72728581 234005122.644433 7772540.6121088 2382492.72728581 234005122.644433
a position +0 +21600 2015 2008 7781112.0206002 2382492.72728581 234005122.644433 7779676.69520973 2380462.87065219 234012258.727534
a position +0 +21600 2015 2010 7781112.0206002 2382492.72728581 234005122.644433 7776826.3163545 2392584.67278937 234005377.304243
a position +0 +21600 2015 2011 7781112.0206002 2382492.72728581 234005122.644433 7776826.3163545 2382492.72728581 234003347.44761
a position +0 +21600 2015 2012 7781112.0206002 2382492.72728581 234005122.644433 7776826.3163545 2380462.87065219 234013439.393113
a position +0 +21600 2015 2014 7781112.0206002 2382492.72728581 234005122.644433 7779676.69520975 2392584.67278937 234006557.969823
a position +0 +21600 2015 2016 7781112.0206002 2382492.72728581 234005122.644433 7773975.93749927 2380462.87065219 234012258.727534
a position +0 +21600 2015 9002 7781112.0206002 2382492.72728581 234005122.644433 -135917047.667428 4196.68310546875 -63651528.4206634
a position +2400 +21600 2016 1001 7773975.93749927 2380462.87065219 234012258.727534 -135937145.031148 0 -63660977.6658318
a position +19200 +21600 2016 2003 7773975.93749927 2380462.87065219 234012258.727534 7770765.41528591 2382492.72728581 234009408.348678
a position +16200 +21600 2016 2004 7773975.93749927 2380462.87065219 234012258.727534 7780857.36078946 2380462.87065219 234009408.348678
a position +0 +21600 2016 2005 7773975.93749927 2380462.87065219 234012258.727534 7781112.02060018 2390554.8161558 234013694.052924
a position +0 +21600 2016 2007 7773975.93749927 2380462.87065219 234012258.727534 7772540.6121088 2382492.72728581 234005122.644433
a position +0 +21600 2016 2008 7773975.93749927 2380462.87065219 234012258.727534 7779676.69520973 2380462.87065219 234012258.727534
a position +0 +21600 2016 2009 7773975.93749927 2380462.87065219 234012258.727534 7776826.3163545 2390554.8161558 234015469.249747
a position +0 +21600 2016 2011 7773975.93749927 2380462.87065219 234012258.727534 7776826.3163545 2382492.72728581 234003347.44761
a position +0 +21600 2016 2012 7773975.93749927 2380462.87065219 234012258.727534 7776826.3163545 2380462.87065219 234013439.393113
a position +0 +21600 2016 2013 7773975.93749927 2380462.87065219 234012258.727534 7772540.61210881 2390554.8161558 234013694.052924
a position +0 +21600 2016 2015 7773975.93749927 2380462.87065219 234012258.727534 7781112.0206002 2382492.72728581 234005122.644433
a position +0 +21600 2016 9002 7773975.93749927 2380462.87065219 234012258.727534 -135917047.667428 4196.68310546875 -63651528.4206634
a position +0 +21600 9002 2001 -135917047.667428 4196.68310546875 -63651528.4206634 7782887.21742307 2390554.8161558 234009408.348678
a position +0 +21600 9002 2002 -135917047.667428 4196.68310546875 -63651528.4206634 7772795.2719195 2392584.67278937 234009408.348678
a position +0 +21600 9002 2003 -135917047.667428 4196.68310546875 -63651528.4206634 7770765.41528591 2382492.72728581 234009408.348678
a position +0 +21600 9002 2004 -135917047.667428 4196.68310546875 -63651528.4206634 7780857.36078946 2380462.87065219 234009408.348678
a position +21000 +21600 9002 2005 -135917047.667428 4196.68310546875 -63651528.4206634 7781112.02060018 2390554.8161558 234013694.052924
a position +16800 +21600 9002 2006 -135917047.667428 4196.68310546875 -63651528.4206634 7773975.93749925 2392584.67278937 234006557.969823
a position +12000 +21600 9002 2007 -135917047.667428 4196.68310546875 -63651528.4206634 7772540.6121088 2382492.72728581 234005122.644433
a position +7200 +21600 9002 2008 -135917047.667428 4196.68310546875 -63651528.4206634 7779676.69520973 2380462.87065219 234012258.727534
a position +21000 +21600 9002 2009 -135917047.667428 4196.68310546875 -63651528.4206634 7776826.3163545 2390554.8161558 234015469.249747
a position +16200 +21600 9002 2010 -135917047.667428 4196.68310546875 -63651528.4206634 7776826.3163545 2392584.67278937 234005377.304243
a position +11400 +21600 9002 2011 -135917047.667428 4196.68310546875 -63651528.4206634 7776826.3163545 2382492.72728581 234003347.44761
a position +6600 +21600 9002 2012 -135917047.667428 4196.68310546875 -63651528.4206634 7776826.3163545 2380462.87065219 234013439.393113
a position +0 +21600 9002 2013 -135917047.667428 4196.68310546875 -63651528.4206634 7772540.61210881 2390554.8161558 234013694.052924
a position +0 +21600 9002 2014 -135917047.667428 4196.68310546875 -63651528.4206634 7779676.69520975 2392584.67278937 234006557.969823
a position +0 +21600 9002 2015 -135917047.667428 4196.68310546875 -63651528.4206634 7781112.0206002 2382492.72728581 234005122.644433
a position +0 +21600 9002 2016 -135917047.667428 4196.68310546875 -63651528.4206634 7773975.93749927 2380462.87065219 234012258.727534
a position +18000 +21600 9003 1001 -135925327.633737 -3748.65649414063 -63656998.093637 -135937145.031148 0 -63660977.6658318

