a contact +2400 +3000 2001 2004 1000
a contact +2400 +3000 2004 2001 1000
a contact +3000 +3600 2001 2005 1000
a contact +3000 +3600 2005 2001 1000
a contact +6000 +6600 2002 2013 1000
a contact +6000 +6600 2013 2002 1000
a contact +9600 +10200 2009 9001 1000
a contact +9600 +10200 9001 2009 1000
a contact +14400 +15000 2001 2009 1000
a contact +14400 +15000 2009 2001 1000
a contact +16800 +17400 2004 2011 1000
a contact +16800 +17400 2011 2004 1000
a contact +20400 +21000 2002 2005 1000
a contact +20400 +21000 2005 2002 1000
a contact +21000 +21600 2007 2012 1000
a contact +21000 +21600 2012 2007 1000

a range +2400 +3000 2001 2004 0.0343
a range +2400 +3000 2004 2001 0.0343
a range +3000 +3600 2001 2005 0.0155
a range +3000 +3600 2005 2001 0.0155
a range +6000 +6600 2002 2013 0.045
a range +6000 +6600 2013 2002 0.045
a range +9600 +10200 2009 9001 1102.3491
a range +9600 +10200 9001 2009 1102.3491
a range +14400 +15000 2001 2009 0.0286
a range +14400 +15000 2009 2001 0.0286
a range +16800 +17400 2004 2011 0.0252
a range +16800 +17400 2011 2004 0.0252
a range +20400 +21000 2002 2005 0.0319
a range +20400 +21000 2005 2002 0.0319
a range +21000 +21600 2007 2012 0.0319
a range +21000 +21600 2012 2007 0.0319
