a contact +0 +2900 1001 3002 1000
a contact +0 +2900 2001 2004 1000
a contact +0 +2900 2002 2003 1000
a contact +0 +2900 2003 2002 1000
a contact +0 +2900 2004 2001 1000
a contact +0 +2900 3002 1001 1000
a contact +2900 +3200 1001 3001 1000
a contact +2900 +3200 2003 3002 1000
a contact +2900 +3200 3001 1001 1000
a contact +2900 +3200 3002 2003 1000
a contact +3200 +5600 2001 2003 1000
a contact +3200 +5600 2002 3001 1000
a contact +3200 +5600 2003 2001 1000
a contact +3200 +5600 2004 3002 1000
a contact +3200 +5600 3001 2002 1000
a contact +3200 +5600 3002 2004 1000
a contact +5600 +7100 2002 2004 1000
a contact +5600 +7100 2003 3002 1000
a contact +5600 +7100 2004 2002 1000
a contact +5600 +7100 3002 2003 1000
a contact +5600 +7200 1001 3001 1000
a contact +7100 +7200 2001 2003 1000
a contact +7100 +7200 2002 3002 1000
a contact +7100 +7200 2003 2001 1000
a contact +5600 +7200 3001 1001 1000
a contact +7100 +7200 3002 2002 1000
a contact +7200 +8000 1001 3002 1000
a contact +7200 +8000 2003 3001 1000
a contact +7200 +8000 3001 2003 1000
a contact +7200 +8000 3002 1001 1000
a contact +8000 +8300 2001 3002 1000
a contact +7200 +8300 2002 2004 1000
a contact +7200 +8300 2004 2002 1000
a contact +8000 +8300 3002 2001 1000
a contact +8000 +10000 1001 3001 1000
a contact +8300 +10000 2002 3002 1000
a contact +8000 +10000 3001 1001 1000
a contact +8300 +10000 3002 2002 1000
a contact +10000 +12600 1001 3002 1000
a contact +8300 +12600 2001 2004 1000
a contact +10000 +12600 2003 3001 1000
a contact +8300 +12600 2004 2001 1000
a contact +10000 +12600 3001 2003 1000
a contact +10000 +12600 3002 1001 1000
a contact +12600 +13100 2002 2004 1000
a contact +12600 +13100 2004 2002 1000
a contact +12600 +13300 1001 3001 1000
a contact +12600 +13300 2001 3002 1000
a contact +13100 +13300 2002 2003 1000
a contact +13100 +13300 2003 2002 1000
a contact +12600 +13300 3001 1001 1000
a contact +12600 +13300 3002 2001 1000
a contact +13300 +13500 1001 3002 1000
a contact +13300 +13500 2004 3001 1000
a contact +13300 +13500 3001 2004 1000
a contact +13300 +13500 3002 1001 1000
a contact +13500 +15700 1001 3001 1000
a contact +13300 +15700 2001 2003 1000
a contact +13500 +15700 2002 3002 1000
a contact +13300 +15700 2003 2001 1000
a contact +13500 +15700 3001 1001 1000
a contact +13500 +15700 3002 2002 1000
a contact +15700 +17600 1001 3002 1000
a contact +15700 +17600 2001 3001 1000
a contact +15700 +17600 2002 2003 1000
a contact +15700 +17600 2003 2002 1000
a contact +15700 +17600 3001 2001 1000
a contact +15700 +17600 3002 1001 1000
a contact +17600 +17700 2002 2004 1000
a contact +17600 +17700 2004 2002 1000
a contact +17600 +17800 1001 3001 1000
a contact +17600 +17800 2001 3002 1000
a contact +17600 +17800 3001 1001 1000
a contact +17600 +17800 3002 2001 1000
a contact +17800 +20500 1001 3002 1000
a contact +17700 +20500 2002 2003 1000
a contact +17700 +20500 2003 2002 1000
a contact +17800 +20500 2004 3001 1000
a contact +17800 +20500 3001 2004 1000
a contact +17800 +20500 3002 1001 1000
a contact +20500 +21900 2001 2004 1000
a contact +20500 +21900 2003 3002 1000
a contact +20500 +21900 2004 2001 1000
a contact +20500 +21900 3002 2003 1000
a contact +21900 +22000 2002 2003 1000
a contact +21900 +22000 2003 2002 1000
a contact +20500 +24000 1001 3001 1000
a contact +21900 +24000 2001 3002 1000
a contact +20500 +24000 3001 1001 1000
a contact +21900 +24000 3002 2001 1000
a contact +24000 +24800 2001 3001 1000
a contact +22000 +24800 2002 2004 1000
a contact +22000 +24800 2004 2002 1000
a contact +24000 +24800 3001 2001 1000
a contact +24000 +25800 1001 3002 1000
a contact +24800 +25800 2002 3001 1000
a contact +24800 +25800 3001 2002 1000
a contact +24000 +25800 3002 1001 1000
a contact +25800 +27200 1001 3001 1000
a contact +24800 +27200 2001 2003 1000
a contact +24800 +27200 2003 2001 1000
a contact +25800 +27200 2004 3002 1000
a contact +25800 +27200 3001 1001 1000
a contact +25800 +27200 3002 2004 1000
a contact +27200 +28400 1001 3002 1000
a contact +27200 +28400 2001 3001 1000
a contact +27200 +28400 2002 2003 1000
a contact +27200 +28400 2003 2002 1000
a contact +27200 +28400 3001 2001 1000
a contact +27200 +28400 3002 1001 1000
a contact +28400 +31100 1001 3001 1000
a contact +28400 +31100 2001 2004 1000
a contact +28400 +31100 2003 3002 1000
a contact +28400 +31100 2004 2001 1000
a contact +28400 +31100 3001 1001 1000
a contact +28400 +31100 3002 2003 1000
a contact +31100 +31500 2001 3001 1000
a contact +31100 +31500 2002 2003 1000
a contact +31100 +31500 2003 2002 1000
a contact +31100 +31500 3001 2001 1000
a contact +31100 +33300 1001 3002 1000
a contact +31500 +33300 2003 3001 1000
a contact +31500 +33300 3001 2003 1000
a contact +31100 +33300 3002 1001 1000
a contact +33300 +35700 1001 3001 1000
a contact +33300 +35700 2001 3002 1000
a contact +31500 +35700 2002 2004 1000
a contact +31500 +35700 2004 2002 1000
a contact +33300 +35700 3001 1001 1000
a contact +33300 +35700 3002 2001 1000
a contact +35700 +36600 2001 2003 1000
a contact +35700 +36600 2003 2001 1000
a contact +35700 +38900 1001 3002 1000
a contact +36600 +38900 2002 2003 1000
a contact +36600 +38900 2003 2002 1000
a contact +35700 +38900 2004 3001 1000
a contact +35700 +38900 3001 2004 1000
a contact +35700 +38900 3002 1001 1000
a contact +38900 +40200 2001 2004 1000
a contact +38900 +40200 2002 3002 1000
a contact +38900 +40200 2004 2001 1000
a contact +38900 +40200 3002 2002 1000
a contact +38900 +40900 1001 3001 1000
a contact +40200 +40900 2002 2003 1000
a contact +40200 +40900 2003 2002 1000
a contact +40200 +40900 2004 3002 1000
a contact +38900 +40900 3001 1001 1000
a contact +40200 +40900 3002 2004 1000
a contact +40900 +43400 1001 3002 1000
a contact +40900 +43400 2001 2003 1000
a contact +40900 +43400 2002 3001 1000
a contact +40900 +43400 2003 2001 1000
a contact +40900 +43400 3001 2002 1000
a contact +40900 +43400 3002 1001 1000
a contact +43400 +43600 2001 3002 1000
a contact +43400 +43600 2002 2004 1000
a contact +43400 +43600 2004 2002 1000
a contact +43400 +43600 3002 2001 1000
a contact +43400 +45900 1001 3001 1000
a contact +43600 +45900 2001 2003 1000
a contact +43600 +45900 2002 3002 1000
a contact +43600 +45900 2003 2001 1000
a contact +43400 +45900 3001 1001 1000
a contact +43600 +45900 3002 2002 1000
a contact +45900 +46000 1001 3002 1000
a contact +45900 +46000 2001 3001 1000
a contact +45900 +46000 2002 2004 1000
a contact +45900 +46000 2004 2002 1000
a contact +45900 +46000 3001 2001 1000
a contact +45900 +46000 3002 1001 1000
a contact +46000 +46100 1001 3001 1000
a contact +46000 +46100 2004 3002 1000
a contact +46000 +46100 3001 1001 1000
a contact +46000 +46100 3002 2004 1000
a contact +46100 +49400 1001 3002 1000
a contact +46100 +49400 2001 3001 1000
a contact +46000 +49400 2002 2003 1000
a contact +46000 +49400 2003 2002 1000
a contact +46100 +49400 3001 2001 1000
a contact +46100 +49400 3002 1001 1000
a contact +49400 +50300 2001 2004 1000
a contact +49400 +50300 2003 3002 1000
a contact +49400 +50300 2004 2001 1000
a contact +49400 +50300 3002 2003 1000
a contact +50300 +52100 2001 3002 1000
a contact +50300 +52100 2002 2004 1000
a contact +50300 +52100 2004 2002 1000
a contact +50300 +52100 3002 2001 1000
a contact +49400 +52500 1001 3001 1000
a contact +52100 +52500 2001 2003 1000
a contact +52100 +52500 2003 2001 1000
a contact +52100 +52500 2004 3002 1000
a contact +49400 +52500 3001 1001 1000
a contact +52100 +52500 3002 2004 1000
a contact +52500 +53300 1001 3002 1000
a contact +52500 +53300 2003 3001 1000
a contact +52500 +53300 3001 2003 1000
a contact +52500 +53300 3002 1001 1000
a contact +53300 +53700 1001 3001 1000
a contact +52500 +53700 2002 2004 1000
a contact +53300 +53700 2003 3002 1000
a contact +52500 +53700 2004 2002 1000
a contact +53300 +53700 3001 1001 1000
a contact +53300 +53700 3002 2003 1000
a contact +53700 +55400 1001 3002 1000
a contact +53700 +55400 2001 2003 1000
a contact +53700 +55400 2003 2001 1000
a contact +53700 +55400 2004 3001 1000
a contact +53700 +55400 3001 2004 1000
a contact +53700 +55400 3002 1001 1000
a contact +55400 +55600 2001 2004 1000
a contact +55400 +55600 2003 3002 1000
a contact +55400 +55600 2004 2001 1000
a contact +55400 +55600 3002 2003 1000
a contact +55600 +56500 2002 2003 1000
a contact +55600 +56500 2003 2002 1000
a contact +55600 +56500 2004 3002 1000
a contact +55600 +56500 3002 2004 1000
a contact +55400 +59700 1001 3001 1000
a contact +56500 +59700 2003 3002 1000
a contact +55400 +59700 3001 1001 1000
a contact +56500 +59700 3002 2003 1000
a contact +56500 +59800 2001 2004 1000
a contact +56500 +59800 2004 2001 1000
a contact +59700 +62100 1001 3002 1000
a contact +59800 +62100 2002 2004 1000
a contact +59700 +62100 2003 3001 1000
a contact +59800 +62100 2004 2002 1000
a contact +59700 +62100 3001 2003 1000
a contact +59700 +62100 3002 1001 1000
a contact +62100 +62400 1001 3001 1000
a contact +62100 +62400 2004 3002 1000
a contact +62100 +62400 3001 1001 1000
a contact +62100 +62400 3002 2004 1000
a contact +62400 +64100 1001 3002 1000
a contact +62100 +64100 2001 2003 1000
a contact +62400 +64100 2002 3001 1000
a contact +62100 +64100 2003 2001 1000
a contact +62400 +64100 3001 2002 1000
a contact +62400 +64100 3002 1001 1000
a contact +64100 +64900 2002 2003 1000
a contact +64100 +64900 2003 2002 1000
a contact +64100 +64900 2004 3002 1000
a contact +64100 +64900 3002 2004 1000
a contact +64100 +65900 1001 3001 1000
a contact +64900 +65900 2001 2004 1000
a contact +64900 +65900 2002 3002 1000
a contact +64900 +65900 2004 2001 1000
a contact +64100 +65900 3001 1001 1000
a contact +64900 +65900 3002 2002 1000
a contact +65900 +66900 1001 3002 1000
a contact +65900 +66900 2001 3001 1000
a contact +65900 +66900 3001 2001 1000
a contact +65900 +66900 3002 1001 1000
a contact +66900 +69200 1001 3001 1000
a contact +65900 +69200 2002 2003 1000
a contact +65900 +69200 2003 2002 1000
a contact +66900 +69200 2004 3002 1000
a contact +66900 +69200 3001 1001 1000
a contact +66900 +69200 3002 2004 1000
a contact +69200 +69900 2001 3001 1000
a contact +69200 +69900 2002 2004 1000
a contact +69200 +69900 2004 2002 1000
a contact +69200 +69900 3001 2001 1000
a contact +69900 +70100 2001 2003 1000
a contact +69900 +70100 2002 3001 1000
a contact +69900 +70100 2003 2001 1000
a contact +69900 +70100 3001 2002 1000
a contact +69200 +72500 1001 3002 1000
a contact +70100 +72500 2002 2004 1000
a contact +70100 +72500 2003 3001 1000
a contact +70100 +72500 2004 2002 1000
a contact +70100 +72500 3001 2003 1000
a contact +69200 +72500 3002 1001 1000
a contact +72500 +74300 1001 3001 1000
a contact +72500 +74300 2001 2003 1000
a contact +72500 +74300 2003 2001 1000
a contact +72500 +74300 2004 3002 1000
a contact +72500 +74300 3001 1001 1000
a contact +72500 +74300 3002 2004 1000
a contact +74300 +77400 1001 3002 1000
a contact +74300 +77400 2001 2004 1000
a contact +74300 +77400 2002 3001 1000
a contact +74300 +77400 2004 2001 1000
a contact +74300 +77400 3001 2002 1000
a contact +74300 +77400 3002 1001 1000
a contact +77400 +78500 2001 3002 1000
a contact +77400 +78500 2002 2003 1000
a contact +77400 +78500 2003 2002 1000
a contact +77400 +78500 3002 2001 1000
a contact +78500 +78600 2001 2004 1000
a contact +78500 +78600 2002 3002 1000
a contact +78500 +78600 2004 2001 1000
a contact +78500 +78600 3002 2002 1000
a contact +77400 +80000 1001 3001 1000
a contact +78600 +80000 2001 3002 1000
a contact +78600 +80000 2002 2004 1000
a contact +78600 +80000 2004 2002 1000
a contact +77400 +80000 3001 1001 1000
a contact +78600 +80000 3002 2001 1000
a contact +80000 +81100 1001 3002 1000
a contact +80000 +81100 2001 2003 1000
a contact +80000 +81100 2003 2001 1000
a contact +80000 +81100 2004 3001 1000
a contact +80000 +81100 3001 2004 1000
a contact +80000 +81100 3002 1001 1000
a contact +81100 +81900 1001 3001 1000
a contact +81100 +81900 2001 3002 1000
a contact +81100 +81900 2002 2004 1000
a contact +81100 +81900 2004 2002 1000
a contact +81100 +81900 3001 1001 1000
a contact +81100 +81900 3002 2001 1000
a contact +81900 +82600 1001 3002 1000
a contact +81900 +82600 2001 2003 1000
a contact +81900 +82600 2003 2001 1000
a contact +81900 +82600 2004 3001 1000
a contact +81900 +82600 3001 2004 1000
a contact +81900 +82600 3002 1001 1000
a contact +82600 +83700 1001 3001 1000
a contact +82600 +83700 2002 2004 1000
a contact +82600 +83700 2003 3002 1000
a contact +82600 +83700 2004 2002 1000
a contact +82600 +83700 3001 1001 1000
a contact +82600 +83700 3002 2003 1000
a contact +83700 +85300 1001 3002 1000
a contact +83700 +85300 2001 3001 1000
a contact +83700 +85300 2002 2003 1000
a contact +83700 +85300 2003 2002 1000
a contact +83700 +85300 3001 2001 1000
a contact +83700 +85300 3002 1001 1000
a contact +85300 +86400 1001 3001 1000
a contact +85300 +86400 2001 2004 1000
a contact +85300 +86400 2002 3002 1000
a contact +85300 +86400 2004 2001 1000
a contact +85300 +86400 3001 1001 1000
a contact +85300 +86400 3002 2002 1000

a range +0 +2900 1001 3002 1105.0584
a range +0 +2900 2001 2004 0.0065
a range +0 +2900 2002 2003 0.0065
a range +0 +2900 2003 2002 0.0065
a range +0 +2900 2004 2001 0.0065
a range +0 +2900 3002 1001 1105.0584
a range +2900 +3200 1001 3001 1105.0556
a range +2900 +3200 2003 3002 0.0468
a range +2900 +3200 3001 1001 1105.0556
a range +2900 +3200 3002 2003 0.0468
a range +3200 +5600 2001 2003 0.0432
a range +3200 +5600 2002 3001 0.0467
a range +3200 +5600 2003 2001 0.0432
a range +3200 +5600 2004 3002 0.0469
a range +3200 +5600 3001 2002 0.0467
a range +3200 +5600 3002 2004 0.0469
a range +5600 +7100 2002 2004 0.0432
a range +5600 +7100 2003 3002 0.0468
a range +5600 +7100 2004 2002 0.0432
a range +5600 +7100 3002 2003 0.0468
a range +5600 +7200 1001 3001 1105.0556
a range +7100 +7200 2001 2003 0.0432
a range +7100 +7200 2002 3002 0.047
a range +7100 +7200 2003 2001 0.0432
a range +5600 +7200 3001 1001 1105.0556
a range +7100 +7200 3002 2002 0.047
a range +7200 +8000 1001 3002 1105.0584
a range +7200 +8000 2003 3001 0.0468
a range +7200 +8000 3001 2003 0.0468
a range +7200 +8000 3002 1001 1105.0584
a range +8000 +8300 2001 3002 0.0471
a range +7200 +8300 2002 2004 0.0432
a range +7200 +8300 2004 2002 0.0432
a range +8000 +8300 3002 2001 0.0471
a range +8000 +10000 1001 3001 1105.0556
a range +8300 +10000 2002 3002 0.047
a range +8000 +10000 3001 1001 1105.0556
a range +8300 +10000 3002 2002 0.047
a range +10000 +12600 1001 3002 1105.0584
a range +8300 +12600 2001 2004 0.0065
a range +10000 +12600 2003 3001 0.0468
a range +8300 +12600 2004 2001 0.0065
a range +10000 +12600 3001 2003 0.0468
a range +10000 +12600 3002 1001 1105.0584
a range +12600 +13100 2002 2004 0.0431
a range +12600 +13100 2004 2002 0.0431
a range +12600 +13300 1001 3001 1105.0556
a range +12600 +13300 2001 3002 0.0471
a range +13100 +13300 2002 2003 0.0065
a range +13100 +13300 2003 2002 0.0065
a range +12600 +13300 3001 1001 1105.0556
a range +12600 +13300 3002 2001 0.0471
a range +13300 +13500 1001 3002 1105.0584
a range +13300 +13500 2004 3001 0.0468
a range +13300 +13500 3001 2004 0.0468
a range +13300 +13500 3002 1001 1105.0584
a range +13500 +15700 1001 3001 1105.0556
a range +13300 +15700 2001 2003 0.0431
a range +13500 +15700 2002 3002 0.047
a range +13300 +15700 2003 2001 0.0431
a range +13500 +15700 3001 1001 1105.0556
a range +13500 +15700 3002 2002 0.047
a range +15700 +17600 1001 3002 1105.0584
a range +15700 +17600 2001 3001 0.0426
a range +15700 +17600 2002 2003 0.0065
a range +15700 +17600 2003 2002 0.0065
a range +15700 +17600 3001 2001 0.0426
a range +15700 +17600 3002 1001 1105.0584
a range +17600 +17700 2002 2004 0.0431
a range +17600 +17700 2004 2002 0.0431
a range +17600 +17800 1001 3001 1105.0556
a range +17600 +17800 2001 3002 0.047
a range +17600 +17800 3001 1001 1105.0556
a range +17600 +17800 3002 2001 0.047
a range +17800 +20500 1001 3002 1105.0584
a range +17700 +20500 2002 2003 0.0065
a range +17700 +20500 2003 2002 0.0065
a range +17800 +20500 2004 3001 0.0468
a range +17800 +20500 3001 2004 0.0468
a range +17800 +20500 3002 1001 1105.0584
a range +20500 +21900 2001 2004 0.0065
a range +20500 +21900 2003 3002 0.0471
a range +20500 +21900 2004 2001 0.0065
a range +20500 +21900 3002 2003 0.0471
a range +21900 +22000 2002 2003 0.0065
a range +21900 +22000 2003 2002 0.0065
a range +20500 +24000 1001 3001 1105.0556
a range +21900 +24000 2001 3002 0.047
a range +20500 +24000 3001 1001 1105.0556
a range +21900 +24000 3002 2001 0.047
a range +24000 +24800 2001 3001 0.0426
a range +22000 +24800 2002 2004 0.0434
a range +22000 +24800 2004 2002 0.0434
a range +24000 +24800 3001 2001 0.0426
a range +24000 +25800 1001 3002 1105.0584
a range +24800 +25800 2002 3001 0.0467
a range +24800 +25800 3001 2002 0.0467
a range +24000 +25800 3002 1001 1105.0584
a range +25800 +27200 1001 3001 1105.0556
a range +24800 +27200 2001 2003 0.0434
a range +24800 +27200 2003 2001 0.0434
a range +25800 +27200 2004 3002 0.0469
a range +25800 +27200 3001 1001 1105.0556
a range +25800 +27200 3002 2004 0.0469
a range +27200 +28400 1001 3002 1105.0584
a range +27200 +28400 2001 3001 0.0426
a range +27200 +28400 2002 2003 0.0065
a range +27200 +28400 2003 2002 0.0065
a range +27200 +28400 3001 2001 0.0426
a range +27200 +28400 3002 1001 1105.0584
a range +28400 +31100 1001 3001 1105.0556
a range +28400 +31100 2001 2004 0.0065
a range +28400 +31100 2003 3002 0.0471
a range +28400 +31100 2004 2001 0.0065
a range +28400 +31100 3001 1001 1105.0556
a range +28400 +31100 3002 2003 0.0471
a range +31100 +31500 2001 3001 0.0426
a range +31100 +31500 2002 2003 0.0065
a range +31100 +31500 2003 2002 0.0065
a range +31100 +31500 3001 2001 0.0426
a range +31100 +33300 1001 3002 1105.0584
a range +31500 +33300 2003 3001 0.0468
a range +31500 +33300 3001 2003 0.0468
a range +31100 +33300 3002 1001 1105.0584
a range +33300 +35700 1001 3001 1105.0556
a range +33300 +35700 2001 3002 0.0396
a range +31500 +35700 2002 2004 0.0433
a range +31500 +35700 2004 2002 0.0433
a range +33300 +35700 3001 1001 1105.0556
a range +33300 +35700 3002 2001 0.0396
a range +35700 +36600 2001 2003 0.0433
a range +35700 +36600 2003 2001 0.0433
a range +35700 +38900 1001 3002 1105.0584
a range +36600 +38900 2002 2003 0.0065
a range +36600 +38900 2003 2002 0.0065
a range +35700 +38900 2004 3001 0.0469
a range +35700 +38900 3001 2004 0.0469
a range +35700 +38900 3002 1001 1105.0584
a range +38900 +40200 2001 2004 0.0065
a range +38900 +40200 2002 3002 0.047
a range +38900 +40200 2004 2001 0.0065
a range +38900 +40200 3002 2002 0.047
a range +38900 +40900 1001 3001 1105.0556
a range +40200 +40900 2002 2003 0.0065
a range +40200 +40900 2003 2002 0.0065
a range +40200 +40900 2004 3002 0.0469
a range +38900 +40900 3001 1001 1105.0556
a range +40200 +40900 3002 2004 0.0469
a range +40900 +43400 1001 3002 1105.0584
a range +40900 +43400 2001 2003 0.0431
a range +40900 +43400 2002 3001 0.0468
a range +40900 +43400 2003 2001 0.0431
a range +40900 +43400 3001 2002 0.0468
a range +40900 +43400 3002 1001 1105.0584
a range +43400 +43600 2001 3002 0.0396
a range +43400 +43600 2002 2004 0.0431
a range +43400 +43600 2004 2002 0.0431
a range +43400 +43600 3002 2001 0.0396
a range +43400 +45900 1001 3001 1105.0556
a range +43600 +45900 2001 2003 0.0431
a range +43600 +45900 2002 3002 0.047
a range +43600 +45900 2003 2001 0.0431
a range +43400 +45900 3001 1001 1105.0556
a range +43600 +45900 3002 2002 0.047
a range +45900 +46000 1001 3002 1105.0584
a range +45900 +46000 2001 3001 0.0426
a range +45900 +46000 2002 2004 0.0431
a range +45900 +46000 2004 2002 0.0431
a range +45900 +46000 3001 2001 0.0426
a range +45900 +46000 3002 1001 1105.0584
a range +46000 +46100 1001 3001 1105.0556
a range +46000 +46100 2004 3002 0.0468
a range +46000 +46100 3001 1001 1105.0556
a range +46000 +46100 3002 2004 0.0468
a range +46100 +49400 1001 3002 1105.0584
a range +46100 +49400 2001 3001 0.0426
a range +46000 +49400 2002 2003 0.0065
a range +46000 +49400 2003 2002 0.0065
a range +46100 +49400 3001 2001 0.0426
a range +46100 +49400 3002 1001 1105.0584
a range +49400 +50300 2001 2004 0.0065
a range +49400 +50300 2003 3002 0.0471
a range +49400 +50300 2004 2001 0.0065
a range +49400 +50300 3002 2003 0.0471
a range +50300 +52100 2001 3002 0.0396
a range +50300 +52100 2002 2004 0.043
a range +50300 +52100 2004 2002 0.043
a range +50300 +52100 3002 2001 0.0396
a range +49400 +52500 1001 3001 1105.0556
a range +52100 +52500 2001 2003 0.043
a range +52100 +52500 2003 2001 0.043
a range +52100 +52500 2004 3002 0.0468
a range +49400 +52500 3001 1001 1105.0556
a range +52100 +52500 3002 2004 0.0468
a range +52500 +53300 1001 3002 1105.0584
a range +52500 +53300 2003 3001 0.0472
a range +52500 +53300 3001 2003 0.0472
a range +52500 +53300 3002 1001 1105.0584
a range +53300 +53700 1001 3001 1105.0556
a range +52500 +53700 2002 2004 0.043
a range +53300 +53700 2003 3002 0.0471
a range +52500 +53700 2004 2002 0.043
a range +53300 +53700 3001 1001 1105.0556
a range +53300 +53700 3002 2003 0.0471
a range +53700 +55400 1001 3002 1105.0584
a range +53700 +55400 2001 2003 0.043
a range +53700 +55400 2003 2001 0.043
a range +53700 +55400 2004 3001 0.0469
a range +53700 +55400 3001 2004 0.0469
a range +53700 +55400 3002 1001 1105.0584
a range +55400 +55600 2001 2004 0.0065
a range +55400 +55600 2003 3002 0.0471
a range +55400 +55600 2004 2001 0.0065
a range +55400 +55600 3002 2003 0.0471
a range +55600 +56500 2002 2003 0.0065
a range +55600 +56500 2003 2002 0.0065
a range +55600 +56500 2004 3002 0.0349
a range +55600 +56500 3002 2004 0.0349
a range +55400 +59700 1001 3001 1105.0556
a range +56500 +59700 2003 3002 0.0471
a range +55400 +59700 3001 1001 1105.0556
a range +56500 +59700 3002 2003 0.0471
a range +56500 +59800 2001 2004 0.0065
a range +56500 +59800 2004 2001 0.0065
a range +59700 +62100 1001 3002 1105.0584
a range +59800 +62100 2002 2004 0.0433
a range +59700 +62100 2003 3001 0.047
a range +59800 +62100 2004 2002 0.0433
a range +59700 +62100 3001 2003 0.047
a range +59700 +62100 3002 1001 1105.0584
a range +62100 +62400 1001 3001 1105.0556
a range +62100 +62400 2004 3002 0.0349
a range +62100 +62400 3001 1001 1105.0556
a range +62100 +62400 3002 2004 0.0349
a range +62400 +64100 1001 3002 1105.0584
a range +62100 +64100 2001 2003 0.0433
a range +62400 +64100 2002 3001 0.0467
a range +62100 +64100 2003 2001 0.0433
a range +62400 +64100 3001 2002 0.0467
a range +62400 +64100 3002 1001 1105.0584
a range +64100 +64900 2002 2003 0.0065
a range +64100 +64900 2003 2002 0.0065
a range +64100 +64900 2004 3002 0.0349
a range +64100 +64900 3002 2004 0.0349
a range +64100 +65900 1001 3001 1105.0556
a range +64900 +65900 2001 2004 0.0065
a range +64900 +65900 2002 3002 0.0467
a range +64900 +65900 2004 2001 0.0065
a range +64100 +65900 3001 1001 1105.0556
a range +64900 +65900 3002 2002 0.0467
a range +65900 +66900 1001 3002 1105.0584
a range +65900 +66900 2001 3001 0.0426
a range +65900 +66900 3001 2001 0.0426
a range +65900 +66900 3002 1001 1105.0584
a range +66900 +69200 1001 3001 1105.0556
a range +65900 +69200 2002 2003 0.0065
a range +65900 +69200 2003 2002 0.0065
a range +66900 +69200 2004 3002 0.0349
a range +66900 +69200 3001 1001 1105.0556
a range +66900 +69200 3002 2004 0.0349
a range +69200 +69900 2001 3001 0.0426
a range +69200 +69900 2002 2004 0.0432
a range +69200 +69900 2004 2002 0.0432
a range +69200 +69900 3001 2001 0.0426
a range +69900 +70100 2001 2003 0.0432
a range +69900 +70100 2002 3001 0.0299
a range +69900 +70100 2003 2001 0.0432
a range +69900 +70100 3001 2002 0.0299
a range +69200 +72500 1001 3002 1105.0584
a range +70100 +72500 2002 2004 0.0432
a range +70100 +72500 2003 3001 0.0467
a range +70100 +72500 2004 2002 0.0432
a range +70100 +72500 3001 2003 0.0467
a range +69200 +72500 3002 1001 1105.0584
a range +72500 +74300 1001 3001 1105.0556
a range +72500 +74300 2001 2003 0.0432
a range +72500 +74300 2003 2001 0.0432
a range +72500 +74300 2004 3002 0.0349
a range +72500 +74300 3001 1001 1105.0556
a range +72500 +74300 3002 2004 0.0349
a range +74300 +77400 1001 3002 1105.0584
a range +74300 +77400 2001 2004 0.0065
a range +74300 +77400 2002 3001 0.0299
a range +74300 +77400 2004 2001 0.0065
a range +74300 +77400 3001 2002 0.0299
a range +74300 +77400 3002 1001 1105.0584
a range +77400 +78500 2001 3002 0.0396
a range +77400 +78500 2002 2003 0.0065
a range +77400 +78500 2003 2002 0.0065
a range +77400 +78500 3002 2001 0.0396
a range +78500 +78600 2001 2004 0.0065
a range +78500 +78600 2002 3002 0.0469
a range +78500 +78600 2004 2001 0.0065
a range +78500 +78600 3002 2002 0.0469
a range +77400 +80000 1001 3001 1105.0556
a range +78600 +80000 2001 3002 0.0396
a range +78600 +80000 2002 2004 0.0431
a range +78600 +80000 2004 2002 0.0431
a range +77400 +80000 3001 1001 1105.0556
a range +78600 +80000 3002 2001 0.0396
a range +80000 +81100 1001 3002 1105.0584
a range +80000 +81100 2001 2003 0.0431
a range +80000 +81100 2003 2001 0.0431
a range +80000 +81100 2004 3001 0.047
a range +80000 +81100 3001 2004 0.047
a range +80000 +81100 3002 1001 1105.0584
a range +81100 +81900 1001 3001 1105.0556
a range +81100 +81900 2001 3002 0.0396
a range +81100 +81900 2002 2004 0.0431
a range +81100 +81900 2004 2002 0.0431
a range +81100 +81900 3001 1001 1105.0556
a range +81100 +81900 3002 2001 0.0396
a range +81900 +82600 1001 3002 1105.0584
a range +81900 +82600 2001 2003 0.0431
a range +81900 +82600 2003 2001 0.0431
a range +81900 +82600 2004 3001 0.047
a range +81900 +82600 3001 2004 0.047
a range +81900 +82600 3002 1001 1105.0584
a range +82600 +83700 1001 3001 1105.0556
a range +82600 +83700 2002 2004 0.0431
a range +82600 +83700 2003 3002 0.0386
a range +82600 +83700 2004 2002 0.0431
a range +82600 +83700 3001 1001 1105.0556
a range +82600 +83700 3002 2003 0.0386
a range +83700 +85300 1001 3002 1105.0584
a range +83700 +85300 2001 3001 0.0426
a range +83700 +85300 2002 2003 0.0065
a range +83700 +85300 2003 2002 0.0065
a range +83700 +85300 3001 2001 0.0426
a range +83700 +85300 3002 1001 1105.0584
a range +85300 +86400 1001 3001 1105.0556
a range +85300 +86400 2001 2004 0.0065
a range +85300 +86400 2002 3002 0.0337
a range +85300 +86400 2004 2001 0.0065
a range +85300 +86400 3001 1001 1105.0556
a range +85300 +86400 3002 2002 0.0337
