num_k=78
num_nodes=7
duration=24.0 hours
ipn_node_to_planet_map={0: '1', 5: '3', 6: '3'}

*,0,0,0,0,1,1,
0,*,0,0,1,0,1,
0,0,*,1,0,1,1,
0,0,1,*,0,1,1,
0,1,0,0,*,0,1,
1,0,1,1,0,*,1,
1,1,1,1,1,1,*,
k=1
t=2900

*,0,0,0,0,1,1,
0,*,0,0,1,0,1,
0,0,*,1,0,1,1,
0,0,1,*,0,1,1,
0,1,0,0,*,1,1,
1,0,1,1,1,*,1,
1,1,1,1,1,1,*,
k=2
t=300

*,0,0,0,0,1,1,
0,*,0,1,1,0,0,
0,0,*,1,1,1,1,
0,1,1,*,0,1,1,
0,1,1,0,*,1,1,
1,0,1,1,1,*,1,
1,0,1,1,1,1,*,
k=3
t=2400

*,0,0,0,0,1,1,
0,*,0,1,1,0,0,
0,0,*,1,1,1,1,
0,1,1,*,0,0,1,
0,1,1,0,*,1,1,
1,0,1,0,1,*,1,
1,0,1,1,1,1,*,
k=4
t=1500

*,0,0,0,0,1,1,
0,*,0,1,1,0,0,
0,0,*,1,1,1,1,
0,1,1,*,0,0,0,
0,1,1,0,*,1,1,
1,0,1,0,1,*,1,
1,0,1,0,1,1,*,
k=5
t=100

*,0,0,0,0,1,1,
0,*,0,1,1,0,1,
0,0,*,1,1,1,1,
0,1,1,*,0,1,0,
0,1,1,0,*,1,1,
1,0,1,1,1,*,1,
1,1,1,0,1,1,*,
k=6
t=800

*,0,0,0,0,1,1,
0,*,0,1,1,0,1,
0,0,*,1,1,1,1,
0,1,1,*,0,1,1,
0,1,1,0,*,1,1,
1,0,1,1,1,*,1,
1,1,1,1,1,1,*,
k=7
t=300

*,0,0,0,0,1,1,
0,*,0,0,1,0,1,
0,0,*,1,0,1,1,
0,0,1,*,0,1,1,
0,1,0,0,*,1,1,
1,0,1,1,1,*,1,
1,1,1,1,1,1,*,
k=8
t=1700

*,0,0,0,0,1,1,
0,*,0,0,1,0,1,
0,0,*,1,0,1,1,
0,0,1,*,0,1,1,
0,1,0,0,*,0,1,
1,0,1,1,0,*,1,
1,1,1,1,1,1,*,
k=9
t=2600

*,0,0,0,0,1,1,
0,*,0,1,1,0,1,
0,0,*,1,1,1,1,
0,1,1,*,0,1,1,
0,1,1,0,*,0,1,
1,0,1,1,0,*,1,
1,1,1,1,1,1,*,
k=10
t=500

*,0,0,0,0,1,1,
0,*,0,1,1,0,1,
0,0,*,1,1,1,1,
0,1,1,*,0,1,1,
0,1,1,0,*,1,1,
1,0,1,1,1,*,1,
1,1,1,1,1,1,*,
k=11
t=200

*,0,0,0,0,1,1,
0,*,0,1,1,0,0,
0,0,*,1,1,1,1,
0,1,1,*,0,1,1,
0,1,1,0,*,1,1,
1,0,1,1,1,*,1,
1,0,1,1,1,1,*,
k=12
t=200

*,0,0,0,0,1,1,
0,*,0,1,1,1,0,
0,0,*,1,1,1,1,
0,1,1,*,0,1,1,
0,1,1,0,*,1,1,
1,1,1,1,1,*,1,
1,0,1,1,1,1,*,
k=13
t=2200

*,0,0,0,0,1,1,
0,*,0,1,1,1,0,
0,0,*,1,1,1,1,
0,1,1,*,0,0,1,
0,1,1,0,*,1,1,
1,1,1,0,1,*,1,
1,0,1,1,1,1,*,
k=14
t=1900

*,0,0,0,0,1,1,
0,*,0,1,1,1,1,
0,0,*,1,1,1,1,
0,1,1,*,0,0,1,
0,1,1,0,*,1,1,
1,1,1,0,1,*,1,
1,1,1,1,1,1,*,
k=15
t=100

*,0,0,0,0,1,1,
0,*,0,0,1,1,1,
0,0,*,1,0,1,1,
0,0,1,*,0,0,1,
0,1,0,0,*,1,1,
1,1,1,0,1,*,1,
1,1,1,1,1,1,*,
k=16
t=100

*,0,0,0,0,1,1,
0,*,0,0,1,1,1,
0,0,*,1,0,1,1,
0,0,1,*,0,1,1,
0,1,0,0,*,1,1,
1,1,1,1,1,*,1,
1,1,1,1,1,1,*,
k=17
t=2700

*,0,0,0,0,1,1,
0,*,0,0,1,1,1,
0,0,*,1,0,1,1,
0,0,1,*,0,1,1,
0,1,0,0,*,0,1,
1,1,1,1,0,*,1,
1,1,1,1,1,1,*,
k=18
t=1400

*,0,0,0,0,1,1,
0,*,0,0,1,1,1,
0,0,*,1,0,1,1,
0,0,1,*,0,1,1,
0,1,0,0,*,0,0,
1,1,1,1,0,*,1,
1,1,1,1,0,1,*,
k=19
t=100

*,0,0,0,0,1,1,
0,*,0,1,1,1,1,
0,0,*,1,1,1,1,
0,1,1,*,0,1,1,
0,1,1,0,*,0,0,
1,1,1,1,0,*,1,
1,1,1,1,0,1,*,
k=20
t=1200

*,0,0,0,0,1,1,
0,*,0,1,1,1,1,
0,0,*,1,1,1,1,
0,1,1,*,0,1,1,
0,1,1,0,*,1,0,
1,1,1,1,1,*,1,
1,1,1,1,0,1,*,
k=21
t=800

*,0,0,0,0,1,1,
0,*,0,1,1,1,0,
0,0,*,1,1,1,1,
0,1,1,*,0,1,1,
0,1,1,0,*,1,0,
1,1,1,1,1,*,1,
1,0,1,1,0,1,*,
k=22
t=800

*,0,0,0,0,1,1,
0,*,0,1,1,1,0,
0,0,*,1,1,1,1,
0,1,1,*,0,1,1,
0,1,1,0,*,1,1,
1,1,1,1,1,*,1,
1,0,1,1,1,1,*,
k=23
t=1000

*,0,0,0,0,1,1,
0,*,0,1,1,1,0,
0,0,*,1,1,1,1,
0,1,1,*,0,0,1,
0,1,1,0,*,1,1,
1,1,1,0,1,*,1,
1,0,1,1,1,1,*,
k=24
t=1400

*,0,0,0,0,1,1,
0,*,0,0,1,1,0,
0,0,*,1,0,1,1,
0,0,1,*,0,0,1,
0,1,0,0,*,1,1,
1,1,1,0,1,*,1,
1,0,1,1,1,1,*,
k=25
t=100

*,0,0,0,0,1,1,
0,*,0,0,1,1,1,
0,0,*,1,0,1,1,
0,0,1,*,0,0,1,
0,1,0,0,*,1,1,
1,1,1,0,1,*,1,
1,1,1,1,1,1,*,
k=26
t=1100

*,0,0,0,0,1,1,
0,*,0,0,1,1,1,
0,0,*,1,0,1,1,
0,0,1,*,0,1,1,
0,1,0,0,*,1,1,
1,1,1,1,1,*,1,
1,1,1,1,1,1,*,
k=27
t=2700

*,0,0,0,0,1,1,
0,*,0,0,1,1,1,
0,0,*,1,0,1,1,
0,0,1,*,0,1,1,
0,1,0,0,*,0,1,
1,1,1,1,0,*,1,
1,1,1,1,1,1,*,
k=28
t=400

*,0,0,0,0,1,1,
0,*,0,1,1,1,1,
0,0,*,1,1,1,1,
0,1,1,*,0,1,1,
0,1,1,0,*,0,0,
1,1,1,1,0,*,1,
1,1,1,1,0,1,*,
k=29
t=1800

*,0,0,0,0,1,1,
0,*,0,1,1,1,1,
0,0,*,1,1,1,1,
0,1,1,*,0,1,1,
0,1,1,0,*,1,0,
1,1,1,1,1,*,1,
1,1,1,1,0,1,*,
k=30
t=2400

*,0,0,0,0,1,1,
0,*,0,1,1,1,1,
0,0,*,1,1,1,1,
0,1,1,*,0,1,1,
0,1,1,0,*,1,1,
1,1,1,1,1,*,1,
1,1,1,1,1,1,*,
k=31
t=200

*,0,0,0,0,1,1,
0,*,0,1,1,1,1,
0,0,*,1,1,1,1,
0,1,1,*,0,0,1,
0,1,1,0,*,1,1,
1,1,1,0,1,*,1,
1,1,1,1,1,1,*,
k=32
t=500

*,0,0,0,0,1,1,
0,*,0,1,1,1,1,
0,0,*,1,1,0,1,
0,1,1,*,0,0,1,
0,1,1,0,*,1,1,
1,1,0,0,1,*,1,
1,1,1,1,1,1,*,
k=33
t=200

*,0,0,0,0,1,1,
0,*,0,0,1,1,1,
0,0,*,1,0,0,1,
0,0,1,*,0,0,1,
0,1,0,0,*,1,1,
1,1,0,0,1,*,1,
1,1,1,1,1,1,*,
k=34
t=2300

*,0,0,0,0,1,1,
0,*,0,0,1,1,1,
0,0,*,1,0,0,1,
0,0,1,*,0,1,1,
0,1,0,0,*,1,1,
1,1,0,1,1,*,1,
1,1,1,1,1,1,*,
k=35
t=1300

*,0,0,0,0,1,1,
0,*,0,0,1,1,1,
0,0,*,1,0,1,1,
0,0,1,*,0,1,1,
0,1,0,0,*,1,1,
1,1,1,1,1,*,1,
1,1,1,1,1,1,*,
k=36
t=700

*,0,0,0,0,1,1,
0,*,0,1,1,1,1,
0,0,*,1,1,1,1,
0,1,1,*,0,1,1,
0,1,1,0,*,1,1,
1,1,1,1,1,*,1,
1,1,1,1,1,1,*,
k=37
t=800

*,0,0,0,0,1,1,
0,*,0,1,1,1,1,
0,0,*,1,1,1,1,
0,1,1,*,0,1,1,
0,1,1,0,*,0,0,
1,1,1,1,0,*,1,
1,1,1,1,0,1,*,
k=38
t=1700

*,0,0,0,0,1,1,
0,*,0,1,1,1,1,
0,0,*,1,1,1,1,
0,1,1,*,0,1,1,
0,1,1,0,*,1,0,
1,1,1,1,1,*,1,
1,1,1,1,0,1,*,
k=39
t=200

*,0,0,0,0,1,1,
0,*,0,1,1,1,1,
0,0,*,1,1,0,1,
0,1,1,*,0,1,1,
0,1,1,0,*,1,0,
1,1,0,1,1,*,1,
1,1,1,1,0,1,*,
k=40
t=2300

*,0,0,0,0,1,1,
0,*,0,1,1,1,1,
0,0,*,1,1,0,1,
0,1,1,*,0,1,1,
0,1,1,0,*,1,1,
1,1,0,1,1,*,1,
1,1,1,1,1,1,*,
k=41
t=100

*,0,0,0,0,1,1,
0,*,0,0,1,1,1,
0,0,*,1,0,0,1,
0,0,1,*,0,1,1,
0,1,0,0,*,1,1,
1,1,0,1,1,*,1,
1,1,1,1,1,1,*,
k=42
t=100

*,0,0,0,0,1,1,
0,*,0,0,1,1,1,
0,0,*,1,0,0,1,
0,0,1,*,0,0,1,
0,1,0,0,*,1,1,
1,1,0,0,1,*,1,
1,1,1,1,1,1,*,
k=43
t=3300

*,0,0,0,0,1,1,
0,*,0,0,1,1,1,
0,0,*,1,0,0,1,
0,0,1,*,0,1,1,
0,1,0,0,*,1,1,
1,1,0,1,1,*,1,
1,1,1,1,1,1,*,
k=44
t=800

*,0,0,0,0,1,1,
0,*,0,0,1,1,1,
0,0,*,1,0,0,0,
0,0,1,*,0,1,1,
0,1,0,0,*,1,1,
1,1,0,1,1,*,1,
1,1,0,1,1,1,*,
k=45
t=100

*,0,0,0,0,1,1,
0,*,0,1,1,1,1,
0,0,*,1,1,0,0,
0,1,1,*,0,1,1,
0,1,1,0,*,1,1,
1,1,0,1,1,*,1,
1,1,0,1,1,1,*,
k=46
t=1800

*,0,0,0,0,1,1,
0,*,0,1,1,1,1,
0,0,*,1,1,0,0,
0,1,1,*,0,1,1,
0,1,1,0,*,0,1,
1,1,0,1,0,*,1,
1,1,0,1,1,1,*,
k=47
t=400

*,0,0,0,0,1,1,
0,*,0,1,1,1,1,
0,0,*,1,1,0,0,
0,1,1,*,0,1,1,
0,1,1,0,*,0,0,
1,1,0,1,0,*,1,
1,1,0,1,0,1,*,
k=48
t=800

*,0,0,0,0,1,1,
0,*,0,1,1,1,1,
0,0,*,1,1,0,1,
0,1,1,*,0,1,1,
0,1,1,0,*,0,0,
1,1,0,1,0,*,1,
1,1,1,1,0,1,*,
k=49
t=400

*,0,0,0,0,1,1,
0,*,0,1,1,1,1,
0,0,*,1,1,0,1,
0,1,1,*,0,1,1,
0,1,1,0,*,1,0,
1,1,0,1,1,*,1,
1,1,1,1,0,1,*,
k=50
t=1700

*,0,0,0,0,1,1,
0,*,0,0,1,1,1,
0,0,*,1,0,0,1,
0,0,1,*,0,1,1,
0,1,0,0,*,1,0,
1,1,0,1,1,*,1,
1,1,1,1,0,1,*,
k=51
t=200

*,0,0,0,0,1,1,
0,*,0,0,1,1,1,
0,0,*,1,0,0,1,
0,0,1,*,0,1,1,
0,1,0,0,*,1,1,
1,1,0,1,1,*,1,
1,1,1,1,1,1,*,
k=52
t=900

*,0,0,0,0,1,1,
0,*,0,0,1,1,1,
0,0,*,1,0,0,1,
0,0,1,*,0,0,1,
0,1,0,0,*,1,1,
1,1,0,0,1,*,1,
1,1,1,1,1,1,*,
k=53
t=3200

*,0,0,0,0,1,1,
0,*,0,0,1,1,1,
0,0,*,1,0,0,1,
0,0,1,*,0,1,1,
0,1,0,0,*,1,1,
1,1,0,1,1,*,1,
1,1,1,1,1,1,*,
k=54
t=100

*,0,0,0,0,1,1,
0,*,0,1,1,1,1,
0,0,*,1,1,0,1,
0,1,1,*,0,1,1,
0,1,1,0,*,1,1,
1,1,0,1,1,*,1,
1,1,1,1,1,1,*,
k=55
t=100

*,0,0,0,0,1,1,
0,*,0,1,1,1,1,
0,0,*,1,1,0,0,
0,1,1,*,0,1,1,
0,1,1,0,*,1,1,
1,1,0,1,1,*,1,
1,1,0,1,1,1,*,
k=56
t=2200

*,0,0,0,0,1,1,
0,*,0,1,1,1,1,
0,0,*,1,1,1,0,
0,1,1,*,0,1,1,
0,1,1,0,*,1,1,
1,1,1,1,1,*,1,
1,1,0,1,1,1,*,
k=57
t=300

*,0,0,0,0,1,1,
0,*,0,1,1,1,1,
0,0,*,1,1,1,0,
0,1,1,*,0,1,1,
0,1,1,0,*,0,1,
1,1,1,1,0,*,1,
1,1,0,1,1,1,*,
k=58
t=1700

*,0,0,0,0,1,1,
0,*,0,1,1,1,1,
0,0,*,1,1,1,1,
0,1,1,*,0,1,1,
0,1,1,0,*,1,1,
1,1,1,1,1,*,1,
1,1,1,1,1,1,*,
k=59
t=800

*,0,0,0,0,1,1,
0,*,0,0,1,1,1,
0,0,*,1,0,1,1,
0,0,1,*,0,1,1,
0,1,0,0,*,1,1,
1,1,1,1,1,*,1,
1,1,1,1,1,1,*,
k=60
t=1000

*,0,0,0,0,1,1,
0,*,0,0,1,1,1,
0,0,*,1,0,0,1,
0,0,1,*,0,1,1,
0,1,0,0,*,1,1,
1,1,0,1,1,*,1,
1,1,1,1,1,1,*,
k=61
t=1000

*,0,0,0,0,1,1,
0,*,0,0,1,1,1,
0,0,*,1,0,0,1,
0,0,1,*,0,0,1,
0,1,0,0,*,1,1,
1,1,0,0,1,*,1,
1,1,1,1,1,1,*,
k=62
t=2300

*,0,0,0,0,1,1,
0,*,0,1,1,1,1,
0,0,*,1,1,1,1,
0,1,1,*,0,0,1,
0,1,1,0,*,1,1,
1,1,1,0,1,*,1,
1,1,1,1,1,1,*,
k=63
t=700

*,0,0,0,0,1,1,
0,*,0,1,1,1,1,
0,0,*,1,1,1,1,
0,1,1,*,0,1,1,
0,1,1,0,*,1,1,
1,1,1,1,1,*,1,
1,1,1,1,1,1,*,
k=64
t=200

*,0,0,0,0,1,1,
0,*,0,1,1,1,1,
0,0,*,1,1,1,0,
0,1,1,*,0,1,1,
0,1,1,0,*,1,1,
1,1,1,1,1,*,1,
1,1,0,1,1,1,*,
k=65
t=2400

*,0,0,0,0,1,1,
0,*,0,1,1,1,1,
0,0,*,1,1,1,0,
0,1,1,*,0,1,1,
0,1,1,0,*,0,1,
1,1,1,1,0,*,1,
1,1,0,1,1,1,*,
k=66
t=1800

*,0,0,0,0,1,1,
0,*,0,0,1,1,1,
0,0,*,1,0,1,1,
0,0,1,*,0,1,1,
0,1,0,0,*,0,1,
1,1,1,1,0,*,1,
1,1,1,1,1,1,*,
k=67
t=400

*,0,0,0,0,1,1,
0,*,0,0,1,1,1,
0,0,*,1,0,1,1,
0,0,1,*,0,1,1,
0,1,0,0,*,1,1,
1,1,1,1,1,*,1,
1,1,1,1,1,1,*,
k=68
t=2700

*,0,0,0,0,1,1,
0,*,0,0,1,1,1,
0,0,*,1,0,1,1,
0,0,1,*,0,0,1,
0,1,0,0,*,1,1,
1,1,1,0,1,*,1,
1,1,1,1,1,1,*,
k=69
t=1100

*,0,0,0,0,1,1,
0,*,0,0,1,1,1,
0,0,*,1,0,1,1,
0,0,1,*,0,0,0,
0,1,0,0,*,1,1,
1,1,1,0,1,*,1,
1,1,1,0,1,1,*,
k=70
t=100

*,0,0,0,0,1,1,
0,*,0,1,1,1,1,
0,0,*,1,1,1,1,
0,1,1,*,0,0,0,
0,1,1,0,*,1,1,
1,1,1,0,1,*,1,
1,1,1,0,1,1,*,
k=71
t=1400

*,0,0,0,0,1,1,
0,*,0,1,1,1,1,
0,0,*,1,1,1,1,
0,1,1,*,0,1,0,
0,1,1,0,*,1,1,
1,1,1,1,1,*,1,
1,1,1,0,1,1,*,
k=72
t=1100

*,0,0,0,0,1,1,
0,*,0,1,1,1,1,
0,0,*,1,1,1,0,
0,1,1,*,0,1,0,
0,1,1,0,*,1,1,
1,1,1,1,1,*,1,
1,1,0,0,1,1,*,
k=73
t=800

*,0,0,0,0,1,1,
0,*,0,1,1,1,1,
0,0,*,1,1,1,0,
0,1,1,*,0,1,1,
0,1,1,0,*,1,1,
1,1,1,1,1,*,1,
1,1,0,1,1,1,*,
k=74
t=700

*,0,0,0,0,1,1,
0,*,0,1,1,1,1,
0,0,*,1,1,1,0,
0,1,1,*,0,1,1,
0,1,1,0,*,0,1,
1,1,1,1,0,*,1,
1,1,0,1,1,1,*,
k=75
t=1100

*,0,0,0,0,1,1,
0,*,0,0,1,1,1,
0,0,*,1,0,1,0,
0,0,1,*,0,1,1,
0,1,0,0,*,0,1,
1,1,1,1,0,*,1,
1,1,0,1,1,1,*,
k=76
t=200

*,0,0,0,0,1,1,
0,*,0,0,1,1,1,
0,0,*,1,0,1,1,
0,0,1,*,0,1,1,
0,1,0,0,*,0,1,
1,1,1,1,0,*,1,
1,1,1,1,1,1,*,
k=77
t=1400

*,0,0,0,0,1,1,
0,*,0,0,1,1,1,
0,0,*,1,0,1,1,
0,0,1,*,0,1,1,
0,1,0,0,*,1,1,
1,1,1,1,1,*,1,
1,1,1,1,1,1,*,
k=78
t=1100

