a contact +0 +3200 2001 3002 1000
a contact +0 +3200 3002 2001 1000
a contact +0 +5600 2003 3001 1000
a contact +0 +5600 3001 2003 1000
a contact +0 +7100 2003 3002 1000
a contact +0 +7100 3002 2003 1000
a contact +3200 +8300 2001 2003 1000
a contact +3200 +8300 2002 2004 1000
a contact +3200 +8300 2003 2001 1000
a contact +3200 +8300 2004 2002 1000
a contact +2900 +10000 2004 3001 1000
a contact +2900 +10000 3001 2004 1000
a contact +7200 +13300 2001 3002 1000
a contact +7200 +13300 3002 2001 1000
a contact +7200 +15700 2003 3001 1000
a contact +7200 +15700 3001 2003 1000
a contact +12600 +17700 2001 2003 1000
a contact +12600 +17700 2002 2004 1000
a contact +12600 +17700 2003 2001 1000
a contact +12600 +17700 2004 2002 1000
a contact +13100 +20500 2004 3001 1000
a contact +13100 +20500 3001 2004 1000
a contact +0 +21900 2004 3002 1000
a contact +0 +21900 3002 2004 1000
a contact +17600 +24000 2001 3002 1000
a contact +17600 +24000 3002 2001 1000
a contact +17800 +25800 2003 3001 1000
a contact +17800 +25800 3001 2003 1000
a contact +22000 +27200 2001 2003 1000
a contact +22000 +27200 2002 2004 1000
a contact +22000 +27200 2003 2001 1000
a contact +22000 +27200 2004 2002 1000
a contact +23200 +31100 2004 3001 1000
a contact +23200 +31100 3001 2004 1000
a contact +24800 +31500 2004 3002 1000
a contact +24800 +31500 3002 2004 1000
a contact +28400 +35900 2003 3001 1000
a contact +28400 +35900 3001 2003 1000
a contact +0 +36400 2002 3001 1000
a contact +0 +36400 3001 2002 1000
a contact +31500 +36600 2001 2003 1000
a contact +31500 +36600 2002 2004 1000
a contact +31500 +36600 2003 2001 1000
a contact +31500 +36600 2004 2002 1000
a contact +33300 +41700 2004 3001 1000
a contact +35700 +41700 2004 3002 1000
a contact +33300 +41700 3001 2004 1000
a contact +35700 +41700 3002 2004 1000
a contact +40200 +43600 2002 3001 1000
a contact +40200 +43600 3001 2002 1000
a contact +40900 +46000 2001 2003 1000
a contact +40900 +46000 2002 2004 1000
a contact +40900 +46000 2003 2001 1000
a contact +40900 +46000 2004 2002 1000
a contact +38900 +46100 2003 3001 1000
a contact +38900 +46100 3001 2003 1000
a contact +0 +50200 2002 3002 1000
a contact +0 +50200 3002 2002 1000
a contact +43400 +52100 2004 3001 1000
a contact +43400 +52100 3001 2004 1000
a contact +45900 +52500 2004 3002 1000
a contact +45900 +52500 3002 2004 1000
a contact +50300 +55400 2001 2003 1000
a contact +50300 +55400 2002 2004 1000
a contact +50300 +55400 2003 2001 1000
a contact +50300 +55400 2004 2002 1000
a contact +49400 +56500 2003 3001 1000
a contact +49400 +56500 3001 2003 1000
a contact +53300 +59900 2002 3002 1000
a contact +53300 +59900 3002 2002 1000
a contact +53700 +62400 2004 3001 1000
a contact +53700 +62400 3001 2004 1000
a contact +59800 +64900 2001 2003 1000
a contact +59800 +64900 2002 2004 1000
a contact +59800 +64900 2003 2001 1000
a contact +59800 +64900 2004 2002 1000
a contact +62100 +65900 2002 3001 1000
a contact +62100 +65900 3001 2002 1000
a contact +59700 +66900 2003 3001 1000
a contact +59700 +66900 3001 2003 1000
a contact +64100 +70100 2002 3002 1000
a contact +64100 +70100 3002 2002 1000
a contact +64100 +72500 2004 3001 1000
a contact +64100 +72500 3001 2004 1000
a contact +69200 +74300 2001 2003 1000
a contact +69200 +74300 2002 2004 1000
a contact +69200 +74300 2003 2001 1000
a contact +69200 +74300 2004 2002 1000
a contact +69900 +77400 2003 3001 1000
a contact +69900 +77400 3001 2003 1000
a contact +8000 +78500 2003 3002 1000
a contact +8000 +78500 3002 2003 1000
a contact +74300 +81100 2002 3002 1000
a contact +74300 +81100 3002 2002 1000
a contact +74700 +82600 2004 3001 1000
a contact +74700 +82600 3001 2004 1000
a contact +78600 +83700 2001 2003 1000
a contact +78600 +83700 2002 2004 1000
a contact +78600 +83700 2003 2001 1000
a contact +78600 +83700 2004 2002 1000
a contact +0 +86400 1001 3001 1000
a contact +0 +86400 1001 3002 1000
a contact +0 +86400 2001 2004 1000
a contact +13500 +86400 2001 3001 1000
a contact +27300 +86400 2001 3002 1000
a contact +0 +86400 2002 2003 1000
a contact +69200 +86400 2002 3001 1000
a contact +83900 +86400 2002 3002 1000
a contact +0 +86400 2003 2002 1000
a contact +80000 +86400 2003 3001 1000
a contact +81900 +86400 2003 3002 1000
a contact +0 +86400 2004 2001 1000
a contact +85300 +86400 2004 3001 1000
a contact +55600 +86400 2004 3002 1000
a contact +0 +86400 3001 1001 1000
a contact +13500 +86400 3001 2001 1000
a contact +69200 +86400 3001 2002 1000
a contact +80000 +86400 3001 2003 1000
a contact +85300 +86400 3001 2004 1000
a contact +0 +86400 3001 3002 1000
a contact +0 +86400 3002 1001 1000
a contact +27300 +86400 3002 2001 1000
a contact +83900 +86400 3002 2002 1000
a contact +81900 +86400 3002 2003 1000
a contact +55600 +86400 3002 2004 1000
a contact +0 +86400 3002 3001 1000

a range +0 +3200 2001 3002 0.0471
a range +0 +3200 3002 2001 0.0471
a range +0 +5600 2003 3001 0.0469
a range +0 +5600 3001 2003 0.0469
a range +0 +7100 2003 3002 0.0468
a range +0 +7100 3002 2003 0.0468
a range +3200 +8300 2001 2003 0.0432
a range +3200 +8300 2002 2004 0.0432
a range +3200 +8300 2003 2001 0.0432
a range +3200 +8300 2004 2002 0.0432
a range +2900 +10000 2004 3001 0.0469
a range +2900 +10000 3001 2004 0.0469
a range +7200 +13300 2001 3002 0.0471
a range +7200 +13300 3002 2001 0.0471
a range +7200 +15700 2003 3001 0.0468
a range +7200 +15700 3001 2003 0.0468
a range +12600 +17700 2001 2003 0.0431
a range +12600 +17700 2002 2004 0.0431
a range +12600 +17700 2003 2001 0.0431
a range +12600 +17700 2004 2002 0.0431
a range +13100 +20500 2004 3001 0.0468
a range +13100 +20500 3001 2004 0.0468
a range +0 +21900 2004 3002 0.0469
a range +0 +21900 3002 2004 0.0469
a range +17600 +24000 2001 3002 0.0470
a range +17600 +24000 3002 2001 0.0470
a range +17800 +25800 2003 3001 0.0469
a range +17800 +25800 3001 2003 0.0469
a range +22000 +27200 2001 2003 0.0434
a range +22000 +27200 2002 2004 0.0434
a range +22000 +27200 2003 2001 0.0434
a range +22000 +27200 2004 2002 0.0434
a range +23200 +31100 2004 3001 0.0468
a range +23200 +31100 3001 2004 0.0468
a range +24800 +31500 2004 3002 0.0469
a range +24800 +31500 3002 2004 0.0469
a range +28400 +35900 2003 3001 0.0468
a range +28400 +35900 3001 2003 0.0468
a range +0 +36400 2002 3001 0.0467
a range +0 +36400 3001 2002 0.0467
a range +31500 +36600 2001 2003 0.0433
a range +31500 +36600 2002 2004 0.0433
a range +31500 +36600 2003 2001 0.0433
a range +31500 +36600 2004 2002 0.0433
a range +33300 +41700 2004 3001 0.0469
a range +35700 +41700 2004 3002 0.0469
a range +33300 +41700 3001 2004 0.0469
a range +35700 +41700 3002 2004 0.0469
a range +40200 +43600 2002 3001 0.0468
a range +40200 +43600 3001 2002 0.0468
a range +40900 +46000 2001 2003 0.0431
a range +40900 +46000 2002 2004 0.0431
a range +40900 +46000 2003 2001 0.0431
a range +40900 +46000 2004 2002 0.0431
a range +38900 +46100 2003 3001 0.0467
a range +38900 +46100 3001 2003 0.0467
a range +0 +50200 2002 3002 0.0470
a range +0 +50200 3002 2002 0.0470
a range +43400 +52100 2004 3001 0.0467
a range +43400 +52100 3001 2004 0.0467
a range +45900 +52500 2004 3002 0.0468
a range +45900 +52500 3002 2004 0.0468
a range +50300 +55400 2001 2003 0.0430
a range +50300 +55400 2002 2004 0.0430
a range +50300 +55400 2003 2001 0.0430
a range +50300 +55400 2004 2002 0.0430
a range +49400 +56500 2003 3001 0.0472
a range +49400 +56500 3001 2003 0.0472
a range +53300 +59900 2002 3002 0.0470
a range +53300 +59900 3002 2002 0.0470
a range +53700 +62400 2004 3001 0.0469
a range +53700 +62400 3001 2004 0.0469
a range +59800 +64900 2001 2003 0.0433
a range +59800 +64900 2002 2004 0.0433
a range +59800 +64900 2003 2001 0.0433
a range +59800 +64900 2004 2002 0.0433
a range +62100 +65900 2002 3001 0.0467
a range +62100 +65900 3001 2002 0.0467
a range +59700 +66900 2003 3001 0.0470
a range +59700 +66900 3001 2003 0.0470
a range +64100 +70100 2002 3002 0.0467
a range +64100 +70100 3002 2002 0.0467
a range +64100 +72500 2004 3001 0.0469
a range +64100 +72500 3001 2004 0.0469
a range +69200 +74300 2001 2003 0.0432
a range +69200 +74300 2002 2004 0.0432
a range +69200 +74300 2003 2001 0.0432
a range +69200 +74300 2004 2002 0.0432
a range +69900 +77400 2003 3001 0.0467
a range +69900 +77400 3001 2003 0.0467
a range +8000 +78500 2003 3002 0.0471
a range +8000 +78500 3002 2003 0.0471
a range +74300 +81100 2002 3002 0.0469
a range +74300 +81100 3002 2002 0.0469
a range +74700 +82600 2004 3001 0.0470
a range +74700 +82600 3001 2004 0.0470
a range +78600 +83700 2001 2003 0.0431
a range +78600 +83700 2002 2004 0.0431
a range +78600 +83700 2003 2001 0.0431
a range +78600 +83700 2004 2002 0.0431
a range +0 +86400 1001 3001 1105.0556
a range +0 +86400 1001 3002 1105.0584
a range +0 +86400 2001 2004 0.0065
a range +13500 +86400 2001 3001 0.0426
a range +27300 +86400 2001 3002 0.0396
a range +0 +86400 2002 2003 0.0065
a range +69200 +86400 2002 3001 0.0299
a range +83900 +86400 2002 3002 0.0337
a range +0 +86400 2003 2002 0.0065
a range +80000 +86400 2003 3001 0.0352
a range +81900 +86400 2003 3002 0.0386
a range +0 +86400 2004 2001 0.0065
a range +85300 +86400 2004 3001 0.0382
a range +55600 +86400 2004 3002 0.0349
a range +0 +86400 3001 1001 1105.0556
a range +13500 +86400 3001 2001 0.0426
a range +69200 +86400 3001 2002 0.0299
a range +80000 +86400 3001 2003 0.0352
a range +85300 +86400 3001 2004 0.0382
a range +0 +86400 3001 3002 0.0084
a range +0 +86400 3002 1001 1105.0584
a range +27300 +86400 3002 2001 0.0396
a range +83900 +86400 3002 2002 0.0337
a range +81900 +86400 3002 2003 0.0386
a range +55600 +86400 3002 2004 0.0349
a range +0 +86400 3002 3001 0.0084

