a contact +500 +1000 2003 2008 1000
a contact +500 +1000 2004 9001 1000
a contact +500 +1000 2008 2003 1000
a contact +500 +1000 9001 2004 1000
a contact +2100 +2400 2005 2007 1000
a contact +2100 +2400 2007 2005 1000
a contact +2400 +2900 2003 9002 1000
a contact +2400 +2900 9002 2003 1000
a contact +5200 +5700 2003 9002 1000
a contact +5200 +5700 9002 2003 1000
a contact +7200 +7800 2003 9002 1000
a contact +7200 +7800 9002 2003 1000
a contact +9900 +10500 1001 2003 1000
a contact +9900 +10500 2003 1001 1000
a contact +10500 +11000 2003 9002 1000
a contact +10500 +11000 9002 2003 1000
a contact +15800 +16300 1001 2006 1000
a contact +15300 +16300 2004 2008 1000
a contact +15800 +16300 2006 1001 1000
a contact +15300 +16300 2008 2004 1000
a contact +21000 +21500 2001 2005 1000
a contact +21000 +21500 2005 2001 1000
a contact +22000 +22400 2001 2008 1000
a contact +22000 +22400 2008 2001 1000
a contact +22000 +22600 1001 2007 1000
a contact +22000 +22600 2007 1001 1000
a contact +23200 +23700 2002 2006 1000
a contact +23200 +23700 2006 2002 1000
a contact +23700 +24200 2002 2004 1000
a contact +23700 +24200 2004 2002 1000
a contact +24200 +24700 2002 2006 1000
a contact +24200 +24700 2006 2002 1000
a contact +24700 +25200 2006 2008 1000
a contact +24700 +25200 2008 2006 1000
a contact +25200 +25600 2004 2008 1000
a contact +25200 +25600 2008 2004 1000
a contact +28400 +29800 2001 2003 1000
a contact +28400 +29800 2003 2001 1000
a contact +29800 +29900 1001 2003 1000
a contact +29800 +29900 2003 1001 1000
a contact +31000 +31500 2001 2006 1000
a contact +31000 +31500 2006 2001 1000
a contact +31500 +32400 2001 2008 1000
a contact +31500 +32400 2008 2001 1000
a contact +38700 +39200 2007 9003 1000
a contact +38700 +39200 9003 2007 1000
a contact +39200 +39600 1001 2007 1000
a contact +39200 +39600 2007 1001 1000
a contact +43700 +44600 2003 2007 1000
a contact +43700 +44600 2007 2003 1000
a contact +45000 +45500 2001 2005 1000
a contact +45000 +45500 2005 2001 1000
a contact +46600 +46700 2001 2005 1000
a contact +46600 +46700 2005 2001 1000
a contact +47100 +47300 1001 9002 1000
a contact +47100 +47300 9002 1001 1000
a contact +47300 +47600 2003 2008 1000
a contact +47300 +47600 2008 2003 1000
a contact +47600 +48100 1001 9002 1000
a contact +47600 +48100 2006 2008 1000
a contact +47600 +48100 2008 2006 1000
a contact +47600 +48100 9002 1001 1000
a contact +48600 +48900 1001 9002 1000
a contact +48600 +48900 9002 1001 1000
a contact +52400 +52900 1001 2002 1000
a contact +52400 +52900 2002 1001 1000
a contact +52400 +52900 2007 9001 1000
a contact +52400 +52900 9001 2007 1000
a contact +53400 +53900 1001 2003 1000
a contact +53400 +53900 2003 1001 1000
a contact +53400 +53900 2006 2008 1000
a contact +53400 +53900 2008 2006 1000
a contact +56600 +56700 2001 2005 1000
a contact +56600 +56700 2005 2001 1000
a contact +55000 +57000 2003 2008 1000
a contact +55000 +57000 2008 2003 1000
a contact +57500 +58000 2001 9001 1000
a contact +57500 +58000 9001 2001 1000
a contact +58000 +58200 2004 9001 1000
a contact +58000 +58200 9001 2004 1000
a contact +59200 +59500 2001 2006 1000
a contact +59200 +59500 2006 2001 1000
a contact +60000 +60200 2007 9001 1000
a contact +60000 +60200 9001 2007 1000
a contact +60200 +60700 1001 2005 1000
a contact +60200 +60700 2005 1001 1000
a contact +62200 +62500 1001 2007 1000
a contact +62200 +62500 2007 1001 1000
a contact +62500 +63000 1001 2002 1000
a contact +62500 +63000 2002 1001 1000
a contact +62500 +63000 2007 9001 1000
a contact +62500 +63000 9001 2007 1000
a contact +63000 +63500 1001 2005 1000
a contact +63000 +63500 2005 1001 1000
a contact +65300 +65800 2001 2008 1000
a contact +65300 +65800 2008 2001 1000
a contact +65800 +66000 2001 2006 1000
a contact +65800 +66000 2004 9001 1000
a contact +65800 +66000 2006 2001 1000
a contact +65800 +66000 9001 2004 1000
a contact +66900 +67400 1001 2008 1000
a contact +66900 +67400 2001 9001 1000
a contact +66400 +67400 2004 2006 1000
a contact +66400 +67400 2006 2004 1000
a contact +66900 +67400 2008 1001 1000
a contact +66900 +67400 9001 2001 1000
a contact +67400 +67700 2001 2006 1000
a contact +67400 +67700 2006 2001 1000
a contact +68600 +69100 2001 9001 1000
a contact +68600 +69100 9001 2001 1000
a contact +71800 +72800 2006 2008 1000
a contact +71800 +72800 2008 2006 1000
a contact +73100 +73300 1001 2007 1000
a contact +73100 +73300 2007 1001 1000
a contact +73900 +74400 1001 2005 1000
a contact +73900 +74400 2001 2006 1000
a contact +73900 +74400 2005 1001 1000
a contact +73900 +74400 2006 2001 1000
a contact +75400 +75600 2001 2006 1000
a contact +75400 +75600 2006 2001 1000
a contact +75400 +75900 2004 9001 1000
a contact +75400 +75900 9001 2004 1000
a contact +75900 +76400 1001 2008 1000
a contact +75900 +76400 2001 9001 1000
a contact +75900 +76400 2008 1001 1000
a contact +75900 +76400 9001 2001 1000
a contact +77100 +77300 2001 2006 1000
a contact +77100 +77300 2006 2001 1000
a contact +77500 +78000 2006 2008 1000
a contact +77500 +78000 2008 2006 1000
a contact +82000 +82500 1001 2004 1000
a contact +82000 +82500 2001 2005 1000
a contact +82000 +82500 2004 1001 1000
a contact +82000 +82500 2005 2001 1000
a contact +83300 +83800 2004 9001 1000
a contact +83300 +83800 9001 2004 1000
a contact +84300 +84800 2002 9001 1000
a contact +84300 +84800 9001 2002 1000
a contact +84800 +84900 2007 9002 1000
a contact +84800 +84900 9002 2007 1000
a contact +84900 +85000 2001 9001 1000
a contact +84900 +85000 9001 2001 1000
a contact +85300 +85800 2001 2006 1000
a contact +85300 +85800 2006 2001 1000
a contact +85800 +86300 2002 9002 1000
a contact +85800 +86300 9002 2002 1000
a contact +86300 +86400 2004 2006 1000
a contact +86300 +86400 2006 2004 1000

a range +500 +1000 2003 2008 0.0432
a range +500 +1000 2004 9001 1102.1199
a range +500 +1000 2008 2003 0.0432
a range +500 +1000 9001 2004 1102.1199
a range +2100 +2400 2005 2007 0.0182
a range +2100 +2400 2007 2005 0.0182
a range +2400 +2900 2003 9002 1102.4702
a range +2400 +2900 9002 2003 1102.4702
a range +5200 +5700 2003 9002 1102.4702
a range +5200 +5700 9002 2003 1102.4702
a range +7200 +7800 2003 9002 1102.4702
a range +7200 +7800 9002 2003 1102.4702
a range +9900 +10500 1001 2003 1102.4888
a range +9900 +10500 2003 1001 1102.4888
a range +10500 +11000 2003 9002 1102.4702
a range +10500 +11000 9002 2003 1102.4702
a range +15800 +16300 1001 2006 1102.6808
a range +15300 +16300 2004 2008 0.0337
a range +15800 +16300 2006 1001 1102.6808
a range +15300 +16300 2008 2004 0.0337
a range +21000 +21500 2001 2005 0.0337
a range +21000 +21500 2005 2001 0.0337
a range +22000 +22400 2001 2008 0.0432
a range +22000 +22400 2008 2001 0.0432
a range +22000 +22600 1001 2007 1102.6941
a range +22000 +22600 2007 1001 1102.6941
a range +23200 +23700 2002 2006 0.0337
a range +23200 +23700 2006 2002 0.0337
a range +23700 +24200 2002 2004 0.0182
a range +23700 +24200 2004 2002 0.0182
a range +24200 +24700 2002 2006 0.0337
a range +24200 +24700 2006 2002 0.0337
a range +24700 +25200 2006 2008 0.0182
a range +24700 +25200 2008 2006 0.0182
a range +25200 +25600 2004 2008 0.0337
a range +25200 +25600 2008 2004 0.0337
a range +28400 +29800 2001 2003 0.0182
a range +28400 +29800 2003 2001 0.0182
a range +29800 +29900 1001 2003 1103.1611
a range +29800 +29900 2003 1001 1103.1611
a range +31000 +31500 2001 2006 0.0433
a range +31000 +31500 2006 2001 0.0433
a range +31500 +32400 2001 2008 0.043
a range +31500 +32400 2008 2001 0.043
a range +38700 +39200 2007 9003 1104.7658
a range +38700 +39200 9003 2007 1104.7658
a range +39200 +39600 1001 2007 1103.5898
a range +39200 +39600 2007 1001 1103.5898
a range +43700 +44600 2003 2007 0.0337
a range +43700 +44600 2007 2003 0.0337
a range +45000 +45500 2001 2005 0.0337
a range +45000 +45500 2005 2001 0.0337
a range +46600 +46700 2001 2005 0.0337
a range +46600 +46700 2005 2001 0.0337
a range +47100 +47300 1001 9002 0.0591
a range +47100 +47300 9002 1001 0.0591
a range +47300 +47600 2003 2008 0.0431
a range +47300 +47600 2008 2003 0.0431
a range +47600 +48100 1001 9002 0.0591
a range +47600 +48100 2006 2008 0.0182
a range +47600 +48100 2008 2006 0.0182
a range +47600 +48100 9002 1001 0.0591
a range +48600 +48900 1001 9002 0.0591
a range +48600 +48900 9002 1001 0.0591
a range +52400 +52900 1001 2002 1104.5114
a range +52400 +52900 2002 1001 1104.5114
a range +52400 +52900 2007 9001 1105.0495
a range +52400 +52900 9001 2007 1105.0495
a range +53400 +53900 1001 2003 1103.9066
a range +53400 +53900 2003 1001 1103.9066
a range +53400 +53900 2006 2008 0.0182
a range +53400 +53900 2008 2006 0.0182
a range +56600 +56700 2001 2005 0.0337
a range +56600 +56700 2005 2001 0.0337
a range +55000 +57000 2003 2008 0.0434
a range +55000 +57000 2008 2003 0.0434
a range +57500 +58000 2001 9001 1105.0474
a range +57500 +58000 9001 2001 1105.0474
a range +58000 +58200 2004 9001 1104.2941
a range +58000 +58200 9001 2004 1104.2941
a range +59200 +59500 2001 2006 0.0434
a range +59200 +59500 2006 2001 0.0434
a range +60000 +60200 2007 9001 1105.0495
a range +60000 +60200 9001 2007 1105.0495
a range +60200 +60700 1001 2005 1104.4967
a range +60200 +60700 2005 1001 1104.4967
a range +62200 +62500 1001 2007 1104.5028
a range +62200 +62500 2007 1001 1104.5028
a range +62500 +63000 1001 2002 1104.5114
a range +62500 +63000 2002 1001 1104.5114
a range +62500 +63000 2007 9001 1105.0495
a range +62500 +63000 9001 2007 1105.0495
a range +63000 +63500 1001 2005 1104.4967
a range +63000 +63500 2005 1001 1104.4967
a range +65300 +65800 2001 2008 0.0436
a range +65300 +65800 2008 2001 0.0436
a range +65800 +66000 2001 2006 0.0433
a range +65800 +66000 2004 9001 1104.2941
a range +65800 +66000 2006 2001 0.0433
a range +65800 +66000 9001 2004 1104.2941
a range +66900 +67400 1001 2008 1104.5104
a range +66900 +67400 2001 9001 1105.0474
a range +66400 +67400 2004 2006 0.0182
a range +66400 +67400 2006 2004 0.0182
a range +66900 +67400 2008 1001 1104.5104
a range +66900 +67400 9001 2001 1105.0474
a range +67400 +67700 2001 2006 0.0433
a range +67400 +67700 2006 2001 0.0433
a range +68600 +69100 2001 9001 1105.0474
a range +68600 +69100 9001 2001 1105.0474
a range +71800 +72800 2006 2008 0.0182
a range +71800 +72800 2008 2006 0.0182
a range +73100 +73300 1001 2007 1105.0216
a range +73100 +73300 2007 1001 1105.0216
a range +73900 +74400 1001 2005 1104.7125
a range +73900 +74400 2001 2006 0.0432
a range +73900 +74400 2005 1001 1104.7125
a range +73900 +74400 2006 2001 0.0432
a range +75400 +75600 2001 2006 0.0432
a range +75400 +75600 2006 2001 0.0432
a range +75400 +75900 2004 9001 1105.0204
a range +75400 +75900 9001 2004 1105.0204
a range +75900 +76400 1001 2008 1105.0378
a range +75900 +76400 2001 9001 1105.0474
a range +75900 +76400 2008 1001 1105.0378
a range +75900 +76400 9001 2001 1105.0474
a range +77100 +77300 2001 2006 0.0432
a range +77100 +77300 2006 2001 0.0432
a range +77500 +78000 2006 2008 0.0182
a range +77500 +78000 2008 2006 0.0182
a range +82000 +82500 1001 2004 1104.9803
a range +82000 +82500 2001 2005 0.0337
a range +82000 +82500 2004 1001 1104.9803
a range +82000 +82500 2005 2001 0.0337
a range +83300 +83800 2004 9001 1105.0204
a range +83300 +83800 9001 2004 1105.0204
a range +84300 +84800 2002 9001 1105.0678
a range +84300 +84800 9001 2002 1105.0678
a range +84800 +84900 2007 9002 1105.0567
a range +84800 +84900 9002 2007 1105.0567
a range +84900 +85000 2001 9001 1105.0474
a range +84900 +85000 9001 2001 1105.0474
a range +85300 +85800 2001 2006 0.0349
a range +85300 +85800 2006 2001 0.0349
a range +85800 +86300 2002 9002 1105.075
a range +85800 +86300 9002 2002 1105.075
a range +86300 +86400 2004 2006 0.0182
a range +86300 +86400 2006 2004 0.0182
