a contact +0 +2400 2001 9001 1000
a contact +0 +2400 2002 9001 1000
a contact +0 +2400 2003 9001 1000
a contact +0 +2400 2004 9001 1000
a contact +0 +2400 2005 9001 1000
a contact +0 +2400 2006 9001 1000
a contact +0 +2400 2007 9001 1000
a contact +0 +2400 2008 9001 1000
a contact +0 +2400 9001 2001 1000
a contact +0 +2400 9001 2002 1000
a contact +0 +2400 9001 2003 1000
a contact +0 +2400 9001 2004 1000
a contact +0 +2400 9001 2005 1000
a contact +0 +2400 9001 2006 1000
a contact +0 +2400 9001 2007 1000
a contact +0 +2400 9001 2008 1000
a contact +0 +3600 2002 2006 1000
a contact +0 +3600 2004 2008 1000
a contact +0 +3600 2006 2002 1000
a contact +0 +3600 2008 2004 1000
a contact +0 +4300 1001 2001 1000
a contact +0 +4300 1001 2002 1000
a contact +0 +4300 1001 2003 1000
a contact +0 +4300 1001 2004 1000
a contact +0 +4300 1001 2005 1000
a contact +0 +4300 1001 2006 1000
a contact +0 +4300 1001 2007 1000
a contact +0 +4300 1001 2008 1000
a contact +0 +4300 2001 1001 1000
a contact +0 +4300 2002 1001 1000
a contact +0 +4300 2003 1001 1000
a contact +0 +4300 2004 1001 1000
a contact +0 +4300 2005 1001 1000
a contact +0 +4300 2006 1001 1000
a contact +0 +4300 2007 1001 1000
a contact +0 +4300 2008 1001 1000
a contact +3200 +8300 2001 2005 1000
a contact +3200 +8300 2003 2007 1000
a contact +3200 +8300 2005 2001 1000
a contact +3200 +8300 2007 2003 1000
a contact +5600 +10500 1001 9001 1000
a contact +5600 +10500 9001 1001 1000
a contact +7000 +12600 1001 9002 1000
a contact +7000 +12600 9002 1001 1000
a contact +7900 +13000 2002 2006 1000
a contact +7900 +13000 2004 2008 1000
a contact +7900 +13000 2006 2002 1000
a contact +7900 +13000 2008 2004 1000
a contact +12600 +17700 2001 2005 1000
a contact +12600 +17700 2003 2007 1000
a contact +12600 +17700 2005 2001 1000
a contact +12600 +17700 2007 2003 1000
a contact +0 +19600 2001 9002 1000
a contact +0 +19600 2002 9002 1000
a contact +0 +19600 2003 9002 1000
a contact +0 +19600 2004 9002 1000
a contact +0 +19600 2005 9002 1000
a contact +0 +19600 2006 9002 1000
a contact +0 +19600 2007 9002 1000
a contact +0 +19600 2008 9002 1000
a contact +0 +19600 9002 2001 1000
a contact +0 +19600 9002 2002 1000
a contact +0 +19600 9002 2003 1000
a contact +0 +19600 9002 2004 1000
a contact +0 +19600 9002 2005 1000
a contact +0 +19600 9002 2006 1000
a contact +0 +19600 9002 2007 1000
a contact +0 +19600 9002 2008 1000
a contact +5700 +21200 1001 2001 1000
a contact +5700 +21200 1001 2002 1000
a contact +5700 +21200 1001 2003 1000
a contact +5700 +21200 1001 2004 1000
a contact +5700 +21200 1001 2005 1000
a contact +5700 +21200 1001 2006 1000
a contact +5700 +21200 1001 2007 1000
a contact +5700 +21200 1001 2008 1000
a contact +5700 +21200 2001 1001 1000
a contact +5700 +21200 2002 1001 1000
a contact +5700 +21200 2003 1001 1000
a contact +5700 +21200 2004 1001 1000
a contact +5700 +21200 2005 1001 1000
a contact +5700 +21200 2006 1001 1000
a contact +5700 +21200 2007 1001 1000
a contact +5700 +21200 2008 1001 1000
a contact +17300 +22400 2002 2006 1000
a contact +17300 +22400 2004 2008 1000
a contact +17300 +22400 2006 2002 1000
a contact +17300 +22400 2008 2004 1000
a contact +19000 +24000 1001 9001 1000
a contact +19000 +24000 9001 1001 1000
a contact +22000 +27200 2001 2005 1000
a contact +22000 +27200 2003 2007 1000
a contact +22000 +27200 2005 2001 1000
a contact +22000 +27200 2007 2003 1000
a contact +21400 +27300 1001 9002 1000
a contact +21400 +27300 9002 1001 1000
a contact +26800 +31900 2002 2006 1000
a contact +26800 +31900 2004 2008 1000
a contact +26800 +31900 2006 2002 1000
a contact +26800 +31900 2008 2004 1000
a contact +31500 +36600 2001 2005 1000
a contact +31500 +36600 2003 2007 1000
a contact +31500 +36600 2005 2001 1000
a contact +31500 +36600 2007 2003 1000
a contact +22600 +38100 1001 2001 1000
a contact +22600 +38100 1001 2002 1000
a contact +22600 +38100 1001 2003 1000
a contact +22600 +38100 1001 2004 1000
a contact +22600 +38100 1001 2005 1000
a contact +22600 +38100 1001 2006 1000
a contact +22600 +38100 1001 2007 1000
a contact +22600 +38100 1001 2008 1000
a contact +22600 +38100 2001 1001 1000
a contact +22600 +38100 2002 1001 1000
a contact +22600 +38100 2003 1001 1000
a contact +22600 +38100 2004 1001 1000
a contact +22600 +38100 2005 1001 1000
a contact +22600 +38100 2006 1001 1000
a contact +22600 +38100 2007 1001 1000
a contact +22600 +38100 2008 1001 1000
a contact +32700 +38400 1001 9001 1000
a contact +32700 +38400 9001 1001 1000
a contact +36200 +41300 2002 2006 1000
a contact +36200 +41300 2004 2008 1000
a contact +36200 +41300 2006 2002 1000
a contact +36200 +41300 2008 2004 1000
a contact +36000 +41900 1001 9002 1000
a contact +36000 +41900 9002 1001 1000
a contact +40900 +46000 2001 2005 1000
a contact +40900 +46000 2003 2007 1000
a contact +40900 +46000 2005 2001 1000
a contact +40900 +46000 2007 2003 1000
a contact +45600 +50700 2002 2006 1000
a contact +45600 +50700 2004 2008 1000
a contact +45600 +50700 2006 2002 1000
a contact +45600 +50700 2008 2004 1000
a contact +47000 +52900 1001 9001 1000
a contact +47000 +52900 9001 1001 1000
a contact +39500 +55000 1001 2001 1000
a contact +39500 +55000 1001 2002 1000
a contact +39500 +55000 1001 2003 1000
a contact +39500 +55000 1001 2004 1000
a contact +39500 +55000 1001 2005 1000
a contact +39500 +55000 1001 2006 1000
a contact +39500 +55000 1001 2007 1000
a contact +39500 +55000 1001 2008 1000
a contact +39500 +55000 2001 1001 1000
a contact +39500 +55000 2002 1001 1000
a contact +39500 +55000 2003 1001 1000
a contact +39500 +55000 2004 1001 1000
a contact +39500 +55000 2005 1001 1000
a contact +39500 +55000 2006 1001 1000
a contact +39500 +55000 2007 1001 1000
a contact +39500 +55000 2008 1001 1000
a contact +50300 +55400 2001 2005 1000
a contact +50300 +55400 2003 2007 1000
a contact +50300 +55400 2005 2001 1000
a contact +50300 +55400 2007 2003 1000
a contact +50800 +56400 1001 9002 1000
a contact +50800 +56400 9002 1001 1000
a contact +55000 +60200 2002 2006 1000
a contact +55000 +60200 2004 2008 1000
a contact +55000 +60200 2006 2002 1000
a contact +55000 +60200 2008 2004 1000
a contact +59800 +64900 2001 2005 1000
a contact +59800 +64900 2003 2007 1000
a contact +59800 +64900 2005 2001 1000
a contact +59800 +64900 2007 2003 1000
a contact +61400 +67300 1001 9001 1000
a contact +61400 +67300 9001 1001 1000
a contact +65500 +69600 1001 9002 1000
a contact +64500 +69600 2002 2006 1000
a contact +64500 +69600 2004 2008 1000
a contact +64500 +69600 2006 2002 1000
a contact +64500 +69600 2008 2004 1000
a contact +65500 +69600 9002 1001 1000
a contact +56500 +71900 1001 2001 1000
a contact +56500 +71900 1001 2002 1000
a contact +56500 +71900 1001 2003 1000
a contact +56500 +71900 1001 2004 1000
a contact +56500 +71900 1001 2005 1000
a contact +56500 +71900 1001 2006 1000
a contact +56500 +71900 1001 2007 1000
a contact +56500 +71900 1001 2008 1000
a contact +56500 +71900 2001 1001 1000
a contact +56500 +71900 2002 1001 1000
a contact +56500 +71900 2003 1001 1000
a contact +56500 +71900 2004 1001 1000
a contact +56500 +71900 2005 1001 1000
a contact +56500 +71900 2006 1001 1000
a contact +56500 +71900 2007 1001 1000
a contact +56500 +71900 2008 1001 1000
a contact +69200 +74300 2001 2005 1000
a contact +69200 +74300 2003 2007 1000
a contact +69200 +74300 2005 2001 1000
a contact +69200 +74300 2007 2003 1000
a contact +73900 +79000 2002 2006 1000
a contact +73900 +79000 2004 2008 1000
a contact +73900 +79000 2006 2002 1000
a contact +73900 +79000 2008 2004 1000
a contact +75800 +81600 1001 9001 1000
a contact +75800 +81600 9001 1001 1000
a contact +78600 +82500 1001 9002 1000
a contact +78600 +82500 9002 1001 1000
a contact +78600 +83700 2001 2005 1000
a contact +78600 +83700 2003 2007 1000
a contact +78600 +83700 2005 2001 1000
a contact +78600 +83700 2007 2003 1000
a contact +73400 +86400 1001 2001 1000
a contact +73400 +86400 1001 2002 1000
a contact +73400 +86400 1001 2003 1000
a contact +73400 +86400 1001 2004 1000
a contact +73400 +86400 1001 2005 1000
a contact +73400 +86400 1001 2006 1000
a contact +73400 +86400 1001 2007 1000
a contact +73400 +86400 1001 2008 1000
a contact +73400 +86400 2001 1001 1000
a contact +0 +86400 2001 2002 1000
a contact +0 +86400 2001 2004 1000
a contact +0 +86400 2001 2006 1000
a contact +0 +86400 2001 2007 1000
a contact +0 +86400 2001 2008 1000
a contact +39700 +86400 2001 9001 1000
a contact +56100 +86400 2001 9002 1000
a contact +73400 +86400 2002 1001 1000
a contact +0 +86400 2002 2001 1000
a contact +0 +86400 2002 2003 1000
a contact +0 +86400 2002 2005 1000
a contact +83300 +86400 2002 2006 1000
a contact +0 +86400 2002 2007 1000
a contact +0 +86400 2002 2008 1000
a contact +39700 +86400 2002 9001 1000
a contact +56100 +86400 2002 9002 1000
a contact +73400 +86400 2003 1001 1000
a contact +0 +86400 2003 2002 1000
a contact +0 +86400 2003 2004 1000
a contact +0 +86400 2003 2005 1000
a contact +0 +86400 2003 2006 1000
a contact +0 +86400 2003 2008 1000
a contact +39700 +86400 2003 9001 1000
a contact +56100 +86400 2003 9002 1000
a contact +73400 +86400 2004 1001 1000
a contact +0 +86400 2004 2001 1000
a contact +0 +86400 2004 2003 1000
a contact +0 +86400 2004 2005 1000
a contact +0 +86400 2004 2006 1000
a contact +0 +86400 2004 2007 1000
a contact +83300 +86400 2004 2008 1000
a contact +39700 +86400 2004 9001 1000
a contact +56100 +86400 2004 9002 1000
a contact +73400 +86400 2005 1001 1000
a contact +0 +86400 2005 2002 1000
a contact +0 +86400 2005 2003 1000
a contact +0 +86400 2005 2004 1000
a contact +0 +86400 2005 2006 1000
a contact +0 +86400 2005 2008 1000
a contact +39700 +86400 2005 9001 1000
a contact +56100 +86400 2005 9002 1000
a contact +73400 +86400 2006 1001 1000
a contact +0 +86400 2006 2001 1000
a contact +83300 +86400 2006 2002 1000
a contact +0 +86400 2006 2003 1000
a contact +0 +86400 2006 2004 1000
a contact +0 +86400 2006 2005 1000
a contact +0 +86400 2006 2007 1000
a contact +39700 +86400 2006 9001 1000
a contact +56100 +86400 2006 9002 1000
a contact +73400 +86400 2007 1001 1000
a contact +0 +86400 2007 2001 1000
a contact +0 +86400 2007 2002 1000
a contact +0 +86400 2007 2004 1000
a contact +0 +86400 2007 2006 1000
a contact +0 +86400 2007 2008 1000
a contact +39700 +86400 2007 9001 1000
a contact +56100 +86400 2007 9002 1000
a contact +73400 +86400 2008 1001 1000
a contact +0 +86400 2008 2001 1000
a contact +0 +86400 2008 2002 1000
a contact +0 +86400 2008 2003 1000
a contact +83300 +86400 2008 2004 1000
a contact +0 +86400 2008 2005 1000
a contact +0 +86400 2008 2007 1000
a contact +39700 +86400 2008 9001 1000
a contact +56100 +86400 2008 9002 1000
a contact +39700 +86400 9001 2001 1000
a contact +39700 +86400 9001 2002 1000
a contact +39700 +86400 9001 2003 1000
a contact +39700 +86400 9001 2004 1000
a contact +39700 +86400 9001 2005 1000
a contact +39700 +86400 9001 2006 1000
a contact +39700 +86400 9001 2007 1000
a contact +39700 +86400 9001 2008 1000
a contact +56100 +86400 9002 2001 1000
a contact +56100 +86400 9002 2002 1000
a contact +56100 +86400 9002 2003 1000
a contact +56100 +86400 9002 2004 1000
a contact +56100 +86400 9002 2005 1000
a contact +56100 +86400 9002 2006 1000
a contact +56100 +86400 9002 2007 1000
a contact +56100 +86400 9002 2008 1000

a range +0 +2400 2001 9001 1101.8519
a range +0 +2400 2002 9001 1101.8445
a range +0 +2400 2003 9001 1101.8189
a range +0 +2400 2004 9001 1101.8264
a range +0 +2400 2005 9001 1101.8190
a range +0 +2400 2006 9001 1101.8266
a range +0 +2400 2007 9001 1101.8518
a range +0 +2400 2008 9001 1101.8442
a range +0 +2400 9001 2001 1101.8519
a range +0 +2400 9001 2002 1101.8445
a range +0 +2400 9001 2003 1101.8189
a range +0 +2400 9001 2004 1101.8264
a range +0 +2400 9001 2005 1101.8190
a range +0 +2400 9001 2006 1101.8266
a range +0 +2400 9001 2007 1101.8518
a range +0 +2400 9001 2008 1101.8442
a range +0 +3600 2002 2006 0.0432
a range +0 +3600 2004 2008 0.0432
a range +0 +3600 2006 2002 0.0432
a range +0 +3600 2008 2004 0.0432
a range +0 +4300 1001 2001 1101.9665
a range +0 +4300 1001 2002 1101.9453
a range +0 +4300 1001 2003 1101.9292
a range +0 +4300 1001 2004 1101.9503
a range +0 +4300 1001 2005 1101.9294
a range +0 +4300 1001 2006 1101.9504
a range +0 +4300 1001 2007 1101.9663
a range +0 +4300 1001 2008 1101.9452
a range +0 +4300 2001 1001 1101.9665
a range +0 +4300 2002 1001 1101.9453
a range +0 +4300 2003 1001 1101.9292
a range +0 +4300 2004 1001 1101.9503
a range +0 +4300 2005 1001 1101.9294
a range +0 +4300 2006 1001 1101.9504
a range +0 +4300 2007 1001 1101.9663
a range +0 +4300 2008 1001 1101.9452
a range +3200 +8300 2001 2005 0.0432
a range +3200 +8300 2003 2007 0.0432
a range +3200 +8300 2005 2001 0.0432
a range +3200 +8300 2007 2003 0.0432
a range +5600 +10500 1001 9001 0.0464
a range +5600 +10500 9001 1001 0.0464
a range +7000 +12600 1001 9002 0.0468
a range +7000 +12600 9002 1001 0.0468
a range +7900 +13000 2002 2006 0.0431
a range +7900 +13000 2004 2008 0.0431
a range +7900 +13000 2006 2002 0.0431
a range +7900 +13000 2008 2004 0.0431
a range +12600 +17700 2001 2005 0.0431
a range +12600 +17700 2003 2007 0.0431
a range +12600 +17700 2005 2001 0.0431
a range +12600 +17700 2007 2003 0.0431
a range +0 +19600 2001 9002 1102.5092
a range +0 +19600 2002 9002 1102.5163
a range +0 +19600 2003 9002 1102.4906
a range +0 +19600 2004 9002 1102.4836
a range +0 +19600 2005 9002 1102.4906
a range +0 +19600 2006 9002 1102.4838
a range +0 +19600 2007 9002 1102.5092
a range +0 +19600 2008 9002 1102.5161
a range +0 +19600 9002 2001 1102.5092
a range +0 +19600 9002 2002 1102.5163
a range +0 +19600 9002 2003 1102.4906
a range +0 +19600 9002 2004 1102.4836
a range +0 +19600 9002 2005 1102.4906
a range +0 +19600 9002 2006 1102.4838
a range +0 +19600 9002 2007 1102.5092
a range +0 +19600 9002 2008 1102.5161
a range +5700 +21200 1001 2001 1102.6169
a range +5700 +21200 1001 2002 1102.6100
a range +5700 +21200 1001 2003 1102.5843
a range +5700 +21200 1001 2004 1102.5912
a range +5700 +21200 1001 2005 1102.5844
a range +5700 +21200 1001 2006 1102.5914
a range +5700 +21200 1001 2007 1102.6168
a range +5700 +21200 1001 2008 1102.6098
a range +5700 +21200 2001 1001 1102.6169
a range +5700 +21200 2002 1001 1102.6100
a range +5700 +21200 2003 1001 1102.5843
a range +5700 +21200 2004 1001 1102.5912
a range +5700 +21200 2005 1001 1102.5844
a range +5700 +21200 2006 1001 1102.5914
a range +5700 +21200 2007 1001 1102.6168
a range +5700 +21200 2008 1001 1102.6098
a range +17300 +22400 2002 2006 0.0430
a range +17300 +22400 2004 2008 0.0430
a range +17300 +22400 2006 2002 0.0430
a range +17300 +22400 2008 2004 0.0430
a range +19000 +24000 1001 9001 0.0466
a range +19000 +24000 9001 1001 0.0466
a range +22000 +27200 2001 2005 0.0434
a range +22000 +27200 2003 2007 0.0434
a range +22000 +27200 2005 2001 0.0434
a range +22000 +27200 2007 2003 0.0434
a range +21400 +27300 1001 9002 0.0465
a range +21400 +27300 9002 1001 0.0465
a range +26800 +31900 2002 2006 0.0433
a range +26800 +31900 2004 2008 0.0433
a range +26800 +31900 2006 2002 0.0433
a range +26800 +31900 2008 2004 0.0433
a range +31500 +36600 2001 2005 0.0433
a range +31500 +36600 2003 2007 0.0433
a range +31500 +36600 2005 2001 0.0433
a range +31500 +36600 2007 2003 0.0433
a range +22600 +38100 1001 2001 1103.2600
a range +22600 +38100 1001 2002 1103.2701
a range +22600 +38100 1001 2003 1103.2455
a range +22600 +38100 1001 2004 1103.2354
a range +22600 +38100 1001 2005 1103.2455
a range +22600 +38100 1001 2006 1103.2356
a range +22600 +38100 1001 2007 1103.2600
a range +22600 +38100 1001 2008 1103.2699
a range +22600 +38100 2001 1001 1103.2600
a range +22600 +38100 2002 1001 1103.2701
a range +22600 +38100 2003 1001 1103.2455
a range +22600 +38100 2004 1001 1103.2354
a range +22600 +38100 2005 1001 1103.2455
a range +22600 +38100 2006 1001 1103.2356
a range +22600 +38100 2007 1001 1103.2600
a range +22600 +38100 2008 1001 1103.2699
a range +32700 +38400 1001 9001 0.0466
a range +32700 +38400 9001 1001 0.0466
a range +36200 +41300 2002 2006 0.0432
a range +36200 +41300 2004 2008 0.0432
a range +36200 +41300 2006 2002 0.0432
a range +36200 +41300 2008 2004 0.0432
a range +36000 +41900 1001 9002 0.0463
a range +36000 +41900 9002 1001 0.0463
a range +40900 +46000 2001 2005 0.0431
a range +40900 +46000 2003 2007 0.0431
a range +40900 +46000 2005 2001 0.0431
a range +40900 +46000 2007 2003 0.0431
a range +45600 +50700 2002 2006 0.0431
a range +45600 +50700 2004 2008 0.0431
a range +45600 +50700 2006 2002 0.0431
a range +45600 +50700 2008 2004 0.0431
a range +47000 +52900 1001 9001 0.0468
a range +47000 +52900 9001 1001 0.0468
a range +39500 +55000 1001 2001 1103.8994
a range +39500 +55000 1001 2002 1103.9224
a range +39500 +55000 1001 2003 1103.9091
a range +39500 +55000 1001 2004 1103.8861
a range +39500 +55000 1001 2005 1103.9089
a range +39500 +55000 1001 2006 1103.8862
a range +39500 +55000 1001 2007 1103.8996
a range +39500 +55000 1001 2008 1103.9222
a range +39500 +55000 2001 1001 1103.8994
a range +39500 +55000 2002 1001 1103.9224
a range +39500 +55000 2003 1001 1103.9091
a range +39500 +55000 2004 1001 1103.8861
a range +39500 +55000 2005 1001 1103.9089
a range +39500 +55000 2006 1001 1103.8862
a range +39500 +55000 2007 1001 1103.8996
a range +39500 +55000 2008 1001 1103.9222
a range +50300 +55400 2001 2005 0.0430
a range +50300 +55400 2003 2007 0.0430
a range +50300 +55400 2005 2001 0.0430
a range +50300 +55400 2007 2003 0.0430
a range +50800 +56400 1001 9002 0.0467
a range +50800 +56400 9002 1001 0.0467
a range +55000 +60200 2002 2006 0.0434
a range +55000 +60200 2004 2008 0.0434
a range +55000 +60200 2006 2002 0.0434
a range +55000 +60200 2008 2004 0.0434
a range +59800 +64900 2001 2005 0.0433
a range +59800 +64900 2003 2007 0.0433
a range +59800 +64900 2005 2001 0.0433
a range +59800 +64900 2007 2003 0.0433
a range +61400 +67300 1001 9001 0.0472
a range +61400 +67300 9001 1001 0.0472
a range +65500 +69600 1001 9002 0.0464
a range +64500 +69600 2002 2006 0.0433
a range +64500 +69600 2004 2008 0.0433
a range +64500 +69600 2006 2002 0.0433
a range +64500 +69600 2008 2004 0.0433
a range +65500 +69600 9002 1001 0.0464
a range +56500 +71900 1001 2001 1104.5402
a range +56500 +71900 1001 2002 1104.5666
a range +56500 +71900 1001 2003 1104.5700
a range +56500 +71900 1001 2004 1104.5436
a range +56500 +71900 1001 2005 1104.5697
a range +56500 +71900 1001 2006 1104.5436
a range +56500 +71900 1001 2007 1104.5405
a range +56500 +71900 1001 2008 1104.5666
a range +56500 +71900 2001 1001 1104.5402
a range +56500 +71900 2002 1001 1104.5666
a range +56500 +71900 2003 1001 1104.5700
a range +56500 +71900 2004 1001 1104.5436
a range +56500 +71900 2005 1001 1104.5697
a range +56500 +71900 2006 1001 1104.5436
a range +56500 +71900 2007 1001 1104.5405
a range +56500 +71900 2008 1001 1104.5666
a range +69200 +74300 2001 2005 0.0432
a range +69200 +74300 2003 2007 0.0432
a range +69200 +74300 2005 2001 0.0432
a range +69200 +74300 2007 2003 0.0432
a range +73900 +79000 2002 2006 0.0432
a range +73900 +79000 2004 2008 0.0432
a range +73900 +79000 2006 2002 0.0432
a range +73900 +79000 2008 2004 0.0432
a range +75800 +81600 1001 9001 0.0466
a range +75800 +81600 9001 1001 0.0466
a range +78600 +82500 1001 9002 0.0463
a range +78600 +82500 9002 1001 0.0463
a range +78600 +83700 2001 2005 0.0431
a range +78600 +83700 2003 2007 0.0431
a range +78600 +83700 2005 2001 0.0431
a range +78600 +83700 2007 2003 0.0431
a range +73400 +86400 1001 2001 1105.0749
a range +73400 +86400 1001 2002 1105.0746
a range +73400 +86400 1001 2003 1105.1012
a range +73400 +86400 1001 2004 1105.1014
a range +73400 +86400 1001 2005 1105.1011
a range +73400 +86400 1001 2006 1105.1012
a range +73400 +86400 1001 2007 1105.0749
a range +73400 +86400 1001 2008 1105.0749
a range +73400 +86400 2001 1001 1105.0749
a range +0 +86400 2001 2002 0.0343
a range +0 +86400 2001 2004 0.0343
a range +0 +86400 2001 2006 0.0310
a range +0 +86400 2001 2007 0.0065
a range +0 +86400 2001 2008 0.0374
a range +39700 +86400 2001 9001 1105.0594
a range +56100 +86400 2001 9002 1105.0426
a range +73400 +86400 2002 1001 1105.0746
a range +0 +86400 2002 2001 0.0343
a range +0 +86400 2002 2003 0.0343
a range +0 +86400 2002 2005 0.0310
a range +83300 +86400 2002 2006 0.0349
a range +0 +86400 2002 2007 0.0374
a range +0 +86400 2002 2008 0.0337
a range +39700 +86400 2002 9001 1105.0591
a range +56100 +86400 2002 9002 1105.0423
a range +73400 +86400 2003 1001 1105.1012
a range +0 +86400 2003 2002 0.0343
a range +0 +86400 2003 2004 0.0343
a range +0 +86400 2003 2005 0.0065
a range +0 +86400 2003 2006 0.0374
a range +0 +86400 2003 2008 0.0310
a range +39700 +86400 2003 9001 1105.0857
a range +56100 +86400 2003 9002 1105.0688
a range +73400 +86400 2004 1001 1105.1014
a range +0 +86400 2004 2001 0.0343
a range +0 +86400 2004 2003 0.0343
a range +0 +86400 2004 2005 0.0374
a range +0 +86400 2004 2006 0.0337
a range +0 +86400 2004 2007 0.0310
a range +83300 +86400 2004 2008 0.0349
a range +39700 +86400 2004 9001 1105.0859
a range +56100 +86400 2004 9002 1105.0691
a range +73400 +86400 2005 1001 1105.1011
a range +0 +86400 2005 2002 0.0310
a range +0 +86400 2005 2003 0.0065
a range +0 +86400 2005 2004 0.0374
a range +0 +86400 2005 2006 0.0343
a range +0 +86400 2005 2008 0.0343
a range +39700 +86400 2005 9001 1105.0856
a range +56100 +86400 2005 9002 1105.0688
a range +73400 +86400 2006 1001 1105.1012
a range +0 +86400 2006 2001 0.0310
a range +83300 +86400 2006 2002 0.0349
a range +0 +86400 2006 2003 0.0374
a range +0 +86400 2006 2004 0.0337
a range +0 +86400 2006 2005 0.0343
a range +0 +86400 2006 2007 0.0343
a range +39700 +86400 2006 9001 1105.0857
a range +56100 +86400 2006 9002 1105.0689
a range +73400 +86400 2007 1001 1105.0749
a range +0 +86400 2007 2001 0.0065
a range +0 +86400 2007 2002 0.0374
a range +0 +86400 2007 2004 0.0310
a range +0 +86400 2007 2006 0.0343
a range +0 +86400 2007 2008 0.0343
a range +39700 +86400 2007 9001 1105.0595
a range +56100 +86400 2007 9002 1105.0426
a range +73400 +86400 2008 1001 1105.0749
a range +0 +86400 2008 2001 0.0374
a range +0 +86400 2008 2002 0.0337
a range +0 +86400 2008 2003 0.0310
a range +83300 +86400 2008 2004 0.0349
a range +0 +86400 2008 2005 0.0343
a range +0 +86400 2008 2007 0.0343
a range +39700 +86400 2008 9001 1105.0594
a range +56100 +86400 2008 9002 1105.0425
a range +39700 +86400 9001 2001 1105.0594
a range +39700 +86400 9001 2002 1105.0591
a range +39700 +86400 9001 2003 1105.0857
a range +39700 +86400 9001 2004 1105.0859
a range +39700 +86400 9001 2005 1105.0856
a range +39700 +86400 9001 2006 1105.0857
a range +39700 +86400 9001 2007 1105.0595
a range +39700 +86400 9001 2008 1105.0594
a range +56100 +86400 9002 2001 1105.0426
a range +56100 +86400 9002 2002 1105.0423
a range +56100 +86400 9002 2003 1105.0688
a range +56100 +86400 9002 2004 1105.0691
a range +56100 +86400 9002 2005 1105.0688
a range +56100 +86400 9002 2006 1105.0689
a range +56100 +86400 9002 2007 1105.0426
a range +56100 +86400 9002 2008 1105.0425

a position +0 +2400 2001 9001 8230524.32288171 2402194.08063812 233955986.925131 -136148026.76048 2734.76293945313 -63138172.7032357
a position +0 +2400 2002 9001 8220732.38189721 2404439.69567146 233958232.540165 -136148026.76048 2734.76293945313 -63138172.7032357
a position +0 +2400 2003 9001 8217556.60266117 2397515.74780035 233951308.592293 -136148026.76048 2734.76293945313 -63138172.7032357
a position +0 +2400 2004 9001 8227348.54364565 2395270.13276698 233949062.97726 -136148026.76048 2734.76293945313 -63138172.7032357
a position +0 +2400 2005 9001 8217556.60266119 2402194.08063812 233951308.592293 -136148026.76048 2734.76293945313 -63138172.7032357
a position +0 +2400 2006 9001 8227348.54364568 2404439.69567146 233949062.97726 -136148026.76048 2734.76293945313 -63138172.7032357
a position +0 +2400 2007 9001 8230524.32288172 2397515.74780035 233955986.925131 -136148026.76048 2734.76293945313 -63138172.7032357
a position +0 +2400 2008 9001 8220732.38189724 2395270.13276698 233958232.540165 -136148026.76048 2734.76293945313 -63138172.7032357
a position +0 +2400 9001 2001 -136148026.76048 2734.76293945313 -63138172.7032357 8230524.32288171 2402194.08063812 233955986.925131
a position +0 +2400 9001 2002 -136148026.76048 2734.76293945313 -63138172.7032357 8220732.38189721 2404439.69567146 233958232.540165
a position +0 +2400 9001 2003 -136148026.76048 2734.76293945313 -63138172.7032357 8217556.60266117 2397515.74780035 233951308.592293
a position +0 +2400 9001 2004 -136148026.76048 2734.76293945313 -63138172.7032357 8227348.54364565 2395270.13276698 233949062.97726
a position +0 +2400 9001 2005 -136148026.76048 2734.76293945313 -63138172.7032357 8217556.60266119 2402194.08063812 233951308.592293
a position +0 +2400 9001 2006 -136148026.76048 2734.76293945313 -63138172.7032357 8227348.54364568 2404439.69567146 233949062.97726
a position +0 +2400 9001 2007 -136148026.76048 2734.76293945313 -63138172.7032357 8230524.32288172 2397515.74780035 233955986.925131
a position +0 +2400 9001 2008 -136148026.76048 2734.76293945313 -63138172.7032357 8220732.38189724 2395270.13276698 233958232.540165
a position +0 +3600 2002 2006 8190519.09317215 2402334.34820136 233960471.290893 8201661.86578081 2402334.34820136 233953846.565141
a position +0 +3600 2004 2008 8201661.86578079 2395709.62244884 233953846.565141 8190519.09317218 2395709.62244884 233960471.290893
a position +0 +3600 2006 2002 8201661.86578081 2402334.34820136 233953846.565141 8190519.09317215 2402334.34820136 233960471.290893
a position +0 +3600 2008 2004 8190519.09317218 2395709.62244884 233960471.290893 8201661.86578079 2395709.62244884 233953846.565141
a position +0 +4300 1001 2001 -136139197.306162 -4512.32002238963 -63195821.8821995 8183055.88517674 2403134.64951671 233963804.05678
a position +0 +4300 1001 2002 -136139197.306162 -4512.32002238963 -63195821.8821995 8173282.92605112 2400848.06342291 233961517.470686
a position +0 +4300 1001 2003 -136139197.306162 -4512.32002238963 -63195821.8821995 8176516.64711649 2393937.53775292 233954606.945016
a position +0 +4300 1001 2004 -136139197.306162 -4512.32002238963 -63195821.8821995 8186289.60624212 2396224.12384668 233956893.53111
a position +0 +4300 1001 2005 -136139197.306162 -4512.32002238963 -63195821.8821995 8176516.64711652 2403134.64951671 233954606.945016
a position +0 +4300 1001 2006 -136139197.306162 -4512.32002238963 -63195821.8821995 8186289.60624214 2400848.06342291 233956893.53111
a position +0 +4300 1001 2007 -136139197.306162 -4512.32002238963 -63195821.8821995 8183055.88517677 2393937.53775292 233963804.05678
a position +0 +4300 1001 2008 -136139197.306162 -4512.32002238963 -63195821.8821995 8173282.92605114 2396224.12384668 233961517.470686
a position +0 +4300 2001 1001 8183055.88517674 2403134.64951671 233963804.05678 -136139197.306162 -4512.32002238963 -63195821.8821995
a position +0 +4300 2002 1001 8173282.92605112 2400848.06342291 233961517.470686 -136139197.306162 -4512.32002238963 -63195821.8821995
a position +0 +4300 2003 1001 8176516.64711649 2393937.53775292 233954606.945016 -136139197.306162 -4512.32002238963 -63195821.8821995
a position +0 +4300 2004 1001 8186289.60624212 2396224.12384668 233956893.53111 -136139197.306162 -4512.32002238963 -63195821.8821995
a position +0 +4300 2005 1001 8176516.64711652 2403134.64951671 233954606.945016 -136139197.306162 -4512.32002238963 -63195821.8821995
a position +0 +4300 2006 1001 8186289.60624214 2400848.06342291 233956893.53111 -136139197.306162 -4512.32002238963 -63195821.8821995
a position +0 +4300 2007 1001 8183055.88517677 2393937.53775292 233963804.05678 -136139197.306162 -4512.32002238963 -63195821.8821995
a position +0 +4300 2008 1001 8173282.92605114 2396224.12384668 233961517.470686 -136139197.306162 -4512.32002238963 -63195821.8821995
a position +3200 +8300 2001 2005 8081068.48325655 2399089.55504174 233974207.675391 8092168.5969395 2399089.55504174 233967547.23846
a position +3200 +8300 2003 2007 8092168.59693948 2392429.11811065 233967547.23846 8081068.48325657 2392429.11811065 233974207.675391
a position +3200 +8300 2005 2001 8092168.5969395 2399089.55504174 233967547.23846 8081068.48325655 2399089.55504174 233974207.675391
a position +3200 +8300 2007 2003 8081068.48325657 2392429.11811065 233974207.675391 8092168.59693948 2392429.11811065 233967547.23846
a position +5600 +10500 1001 9001 -136040675.055941 54.5076230598668 -63354195.9857693 -136053078.375488 2734.76293945313 -63359882.1067481
a position +5600 +10500 9001 1001 -136053078.375488 2734.76293945313 -63359882.1067481 -136040675.055941 54.5076230598668 -63354195.9857693
a position +7000 +12600 1001 9002 -136019482.576584 4271.85428325252 -63402090.2191418 -136024627.556453 -4159.478515625 -63412075.6356014
a position +7000 +12600 9002 1001 -136024627.556453 -4159.478515625 -63412075.6356014 -136019482.576584 4271.85428325252 -63402090.2191418
a position +7900 +13000 2002 2006 7982673.36624396 2389148.13512868 233981194.52925 7971616.14038437 2389148.13512868 233987890.540014
a position +7900 +13000 2004 2008 7971616.1403844 2395844.14589221 233987890.540014 7982673.36624394 2395844.14589221 233981194.52925
a position +7900 +13000 2006 2002 7971616.14038437 2389148.13512868 233987890.540014 7982673.36624396 2389148.13512868 233981194.52925
a position +7900 +13000 2008 2004 7982673.36624394 2395844.14589221 233981194.52925 7971616.1403844 2395844.14589221 233987890.540014
a position +12600 +17700 2001 2005 7873176.19937356 2385866.67468424 233994788.441515 7862162.0893505 2385866.67468424 234001519.888031
a position +12600 +17700 2003 2007 7862162.08935053 2392598.12120042 234001519.888031 7873176.19937354 2392598.12120042 233994788.441514
a position +12600 +17700 2005 2001 7862162.0893505 2385866.67468424 234001519.888031 7873176.19937356 2385866.67468424 233994788.441515
a position +12600 +17700 2007 2003 7873176.19937354 2392598.12120042 233994788.441514 7862162.08935053 2392598.12120042 234001519.888031
a position +0 +19600 2001 9002 7830668.49817117 2387503.68225737 234003232.393535 -135940825.461867 -4159.478515625 -63604088.3416778
a position +0 +19600 2002 9002 7823991.1971475 2393043.59800759 234008772.309285 -135940825.461867 -4159.478515625 -63604088.3416778
a position +0 +19600 2003 9002 7816156.57315912 2388322.03317374 234004050.744451 -135940825.461867 -4159.478515625 -63604088.3416778
a position +0 +19600 2004 9002 7822833.87418274 2382782.1174235 233998510.828701 -135940825.461867 -4159.478515625 -63604088.3416778
a position +0 +19600 2005 9002 7816156.57315911 2387503.68225737 234004050.744451 -135940825.461867 -4159.478515625 -63604088.3416778
a position +0 +19600 2006 9002 7822833.87418278 2393043.59800759 233998510.828701 -135940825.461867 -4159.478515625 -63604088.3416778
a position +0 +19600 2007 9002 7830668.49817116 2388322.03317374 234003232.393535 -135940825.461867 -4159.478515625 -63604088.3416778
a position +0 +19600 2008 9002 7823991.19714753 2382782.1174235 234008772.309285 -135940825.461867 -4159.478515625 -63604088.3416778
a position +0 +19600 9002 2001 -135940825.461867 -4159.478515625 -63604088.3416778 7830668.49817117 2387503.68225737 234003232.393535
a position +0 +19600 9002 2002 -135940825.461867 -4159.478515625 -63604088.3416778 7823991.1971475 2393043.59800759 234008772.309285
a position +0 +19600 9002 2003 -135940825.461867 -4159.478515625 -63604088.3416778 7816156.57315912 2388322.03317374 234004050.744451
a position +0 +19600 9002 2004 -135940825.461867 -4159.478515625 -63604088.3416778 7822833.87418274 2382782.1174235 233998510.828701
a position +0 +19600 9002 2005 -135940825.461867 -4159.478515625 -63604088.3416778 7816156.57315911 2387503.68225737 234004050.744451
a position +0 +19600 9002 2006 -135940825.461867 -4159.478515625 -63604088.3416778 7822833.87418278 2393043.59800759 233998510.828701
a position +0 +19600 9002 2007 -135940825.461867 -4159.478515625 -63604088.3416778 7830668.49817116 2388322.03317374 234003232.393535
a position +0 +19600 9002 2008 -135940825.461867 -4159.478515625 -63604088.3416778 7823991.19714753 2382782.1174235 234008772.309285
a position +5700 +21200 1001 2001 -135934731.072505 -4490.36478964483 -63653942.3673025 7792686.46198463 2389057.10285397 234010511.272942
a position +5700 +21200 1001 2002 -135934731.072505 -4490.36478964483 -63653942.3673025 7782953.81878136 2391428.1087879 234012882.278876
a position +5700 +21200 1001 2003 -135934731.072505 -4490.36478964483 -63653942.3673025 7779600.7100331 2384546.09078 234006000.260868
a position +5700 +21200 1001 2004 -135934731.072505 -4490.36478964483 -63653942.3673025 7789333.35323636 2382175.08484604 234003629.254934
a position +5700 +21200 1001 2005 -135934731.072505 -4490.36478964483 -63653942.3673025 7779600.71003312 2389057.10285397 234006000.260868
a position +5700 +21200 1001 2006 -135934731.072505 -4490.36478964483 -63653942.3673025 7789333.35323639 2391428.1087879 234003629.254934
a position +5700 +21200 1001 2007 -135934731.072505 -4490.36478964483 -63653942.3673025 7792686.46198465 2384546.09078 234010511.272942
a position +5700 +21200 1001 2008 -135934731.072505 -4490.36478964483 -63653942.3673025 7782953.81878139 2382175.08484604 234012882.278876
a position +5700 +21200 2001 1001 7792686.46198463 2389057.10285397 234010511.272942 -135934731.072505 -4490.36478964483 -63653942.3673025
a position +5700 +21200 2002 1001 7782953.81878136 2391428.1087879 234012882.278876 -135934731.072505 -4490.36478964483 -63653942.3673025
a position +5700 +21200 2003 1001 7779600.7100331 2384546.09078 234006000.260868 -135934731.072505 -4490.36478964483 -63653942.3673025
a position +5700 +21200 2004 1001 7789333.35323636 2382175.08484604 234003629.254934 -135934731.072505 -4490.36478964483 -63653942.3673025
a position +5700 +21200 2005 1001 7779600.71003312 2389057.10285397 234006000.260868 -135934731.072505 -4490.36478964483 -63653942.3673025
a position +5700 +21200 2006 1001 7789333.35323639 2391428.1087879 234003629.254934 -135934731.072505 -4490.36478964483 -63653942.3673025
a position +5700 +21200 2007 1001 7792686.46198465 2384546.09078 234010511.272942 -135934731.072505 -4490.36478964483 -63653942.3673025
a position +5700 +21200 2008 1001 7782953.81878139 2382175.08484604 234012882.278876 -135934731.072505 -4490.36478964483 -63653942.3673025
a position +17300 +22400 2002 2006 7752706.35494552 2389351.48141558 234015095.722723 7763677.1220079 2389351.48141558 234008328.979265
a position +17300 +22400 2004 2008 7763677.12200787 2382584.73795718 234008328.979265 7752706.35494555 2382584.73795718 234015095.722723
a position +17300 +22400 2006 2002 7763677.1220079 2389351.48141558 234008328.979265 7752706.35494552 2389351.48141558 234015095.722723
a position +17300 +22400 2008 2004 7752706.35494555 2382584.73795718 234015095.722723 7763677.12200787 2382584.73795718 234008328.979265
a position +19000 +24000 1001 9001 -135886850.829183 -5729.46996297875 -63732440.2862029 -135894869.442214 2734.76293945313 -63724739.796654
a position +19000 +24000 9001 1001 -135894869.442214 2734.76293945313 -63724739.796654 -135886850.829183 -5729.46996297875 -63732440.2862029
a position +22000 +27200 2001 2005 7640762.38156294 2385904.14767215 234028774.192956 7652004.01367108 2385904.14767215 234022233.509829
a position +22000 +27200 2003 2007 7652004.01367106 2379363.46454477 234022233.509829 7640762.38156296 2379363.46454477 234028774.192956
a position +22000 +27200 2005 2001 7652004.01367108 2385904.14767215 234022233.509829 7640762.38156294 2385904.14767215 234028774.192956
a position +22000 +27200 2007 2003 7640762.38156296 2379363.46454477 234028774.192956 7652004.01367106 2379363.46454477 234022233.509829
a position +21400 +27300 1001 9002 -135836816.363148 -202.106069184932 -63809945.2613223 -135849472.658671 -4159.478515625 -63814211.1549817
a position +21400 +27300 9002 1001 -135849472.658671 -4159.478515625 -63814211.1549817 -135836816.363148 -202.106069184932 -63809945.2613223
a position +26800 +31900 2002 2006 7542501.99259977 2376080.06104778 234035665.667545 7531302.48071433 2376080.06104778 234042242.380156
a position +26800 +31900 2004 2008 7531302.48071436 2382656.77365852 234042242.380156 7542501.99259975 2382656.77365852 234035665.667545
a position +26800 +31900 2006 2002 7531302.48071433 2376080.06104778 234042242.380156 7542501.99259977 2376080.06104778 234035665.667545
a position +26800 +31900 2008 2004 7542501.99259975 2382656.77365852 234035665.667545 7531302.48071436 2382656.77365852 234042242.380156
a position +31500 +36600 2001 2005 7432998.13532307 2372796.18213319 234049044.460235 7421840.97460733 2372796.18213319 234055657.066709
a position +31500 +36600 2003 2007 7421840.97460735 2379408.78860733 234055657.066709 7432998.13532304 2379408.78860733 234049044.460235
a position +31500 +36600 2005 2001 7421840.97460733 2372796.18213319 234055657.066709 7432998.13532307 2372796.18213319 234049044.460235
a position +31500 +36600 2007 2003 7432998.13532304 2379408.78860733 234049044.460235 7421840.97460735 2379408.78860733 234055657.066709
a position +22600 +38100 1001 2001 -135728740.60324 -4468.27398112106 -64111349.0026905 7399615.09961221 2374049.00264173 234055604.021733
a position +22600 +38100 1001 2002 -135728740.60324 -4468.27398112106 -64111349.0026905 7393907.7557877 2380106.80374727 234061661.822838
a position +22600 +38100 1001 2003 -135728740.60324 -4468.27398112106 -64111349.0026905 7385340.73130608 2376071.10222641 234057626.121317
a position +22600 +38100 1001 2004 -135728740.60324 -4468.27398112106 -64111349.0026905 7391048.07513055 2370013.30112085 234051568.320212
a position +22600 +38100 1001 2005 -135728740.60324 -4468.27398112106 -64111349.0026905 7385340.73130607 2374049.00264173 234057626.121317
a position +22600 +38100 1001 2006 -135728740.60324 -4468.27398112106 -64111349.0026905 7391048.07513058 2380106.80374727 234051568.320212
a position +22600 +38100 1001 2007 -135728740.60324 -4468.27398112106 -64111349.0026905 7399615.09961221 2376071.10222641 234055604.021733
a position +22600 +38100 1001 2008 -135728740.60324 -4468.27398112106 -64111349.0026905 7393907.75578774 2370013.30112085 234061661.822838
a position +22600 +38100 2001 1001 7399615.09961221 2374049.00264173 234055604.021733 -135728740.60324 -4468.27398112106 -64111349.0026905
a position +22600 +38100 2002 1001 7393907.7557877 2380106.80374727 234061661.822838 -135728740.60324 -4468.27398112106 -64111349.0026905
a position +22600 +38100 2003 1001 7385340.73130608 2376071.10222641 234057626.121317 -135728740.60324 -4468.27398112106 -64111349.0026905
a position +22600 +38100 2004 1001 7391048.07513055 2370013.30112085 234051568.320212 -135728740.60324 -4468.27398112106 -64111349.0026905
a position +22600 +38100 2005 1001 7385340.73130607 2374049.00264173 234057626.121317 -135728740.60324 -4468.27398112106 -64111349.0026905
a position +22600 +38100 2006 1001 7391048.07513058 2380106.80374727 234051568.320212 -135728740.60324 -4468.27398112106 -64111349.0026905
a position +22600 +38100 2007 1001 7399615.09961221 2376071.10222641 234055604.021733 -135728740.60324 -4468.27398112106 -64111349.0026905
a position +22600 +38100 2008 1001 7393907.75578774 2370013.30112085 234061661.822838 -135728740.60324 -4468.27398112106 -64111349.0026905
a position +32700 +38400 1001 9001 -135723834.213984 -4889.01699658535 -64120365.29812 -135721317.131712 2734.76293945313 -64108947.247683
a position +32700 +38400 9001 1001 -135721317.131712 2734.76293945313 -64108947.247683 -135723834.213984 -4889.01699658535 -64120365.29812
a position +36200 +41300 2002 2006 7312377.88801605 2376160.19296293 234069018.255935 7323492.46748778 2376160.19296293 234062369.891957
a position +36200 +41300 2004 2008 7323492.46748775 2369511.82898496 234062369.891957 7312377.88801607 2369511.82898496 234069018.255935
a position +36200 +41300 2006 2002 7323492.46748778 2376160.19296293 234062369.891957 7312377.88801605 2376160.19296293 234069018.255935
a position +36200 +41300 2008 2004 7312377.88801607 2369511.82898496 234069018.255935 7323492.46748775 2369511.82898496 234062369.891957
a position +36000 +41900 1001 9002 -135663732.568783 -4690.14331370583 -64214585.5116423 -135676032.26127 -4159.478515625 -64208159.34551
a position +36000 +41900 9002 1001 -135676032.26127 -4159.478515625 -64208159.34551 -135663732.568783 -4690.14331370583 -64214585.5116423
a position +40900 +46000 2001 2005 7202913.24570328 2372910.98717052 234082325.951166 7213985.01473513 2372910.98717052 234075641.966781
a position +40900 +46000 2003 2007 7213985.01473511 2366227.00278597 234075641.966781 7202913.2457033 2366227.00278597 234082325.951166
a position +40900 +46000 2005 2001 7213985.01473513 2372910.98717052 234075641.966781 7202913.24570328 2372910.98717052 234082325.951166
a position +40900 +46000 2007 2003 7202913.2457033 2366227.00278597 234082325.951166 7213985.01473511 2366227.00278597 234075641.966781
a position +45600 +50700 2002 2006 7104475.80271244 2362941.70471766 234088860.688784 7093447.07243362 2362941.70471766 234095580.155743
a position +45600 +50700 2004 2008 7093447.07243364 2369661.17167708 234095580.155743 7104475.80271242 2369661.17167708 234088860.688784
a position +45600 +50700 2006 2002 7093447.07243362 2362941.70471766 234095580.155743 7104475.80271244 2362941.70471766 234088860.688784
a position +45600 +50700 2008 2004 7104475.80271242 2369661.17167708 234088860.688784 7093447.07243364 2369661.17167708 234095580.155743
a position +47000 +52900 1001 9001 -135551727.389348 -307.062868097205 -64502445.8557852 -135539491.886569 2734.76293945313 -64496269.8431794
a position +47000 +52900 9001 1001 -135539491.886569 2734.76293945313 -64496269.8431794 -135551727.389348 -307.062868097205 -64502445.8557852
a position +39500 +55000 1001 2001 -135521228.456589 -4446.04826402793 -64568036.778959 7003599.63377044 2359447.86214214 234100419.949598
a position +39500 +55000 1001 2002 -135521228.456589 -4446.04826402793 -64568036.778959 7004254.43351471 2366712.12119915 234107684.208655
a position +39500 +55000 1001 2003 -135521228.456589 -4446.04826402793 -64568036.778959 6993981.2198357 2367175.13453866 234108147.221995
a position +39500 +55000 1001 2004 -135521228.456589 -4446.04826402793 -64568036.778959 6993326.42009137 2359910.87548165 234100882.962938
a position +39500 +55000 1001 2005 -135521228.456589 -4446.04826402793 -64568036.778959 6993981.21983567 2359447.86214214 234108147.221995
a position +39500 +55000 1001 2006 -135521228.456589 -4446.04826402793 -64568036.778959 6993326.4200914 2366712.12119915 234100882.962938
a position +39500 +55000 1001 2007 -135521228.456589 -4446.04826402793 -64568036.778959 7003599.63377041 2367175.13453866 234100419.949598
a position +39500 +55000 1001 2008 -135521228.456589 -4446.04826402793 -64568036.778959 7004254.43351473 2359910.87548165 234107684.208655
a position +39500 +55000 2001 1001 7003599.63377044 2359447.86214214 234100419.949598 -135521228.456589 -4446.04826402793 -64568036.778959
a position +39500 +55000 2002 1001 7004254.43351471 2366712.12119915 234107684.208655 -135521228.456589 -4446.04826402793 -64568036.778959
a position +39500 +55000 2003 1001 6993981.2198357 2367175.13453866 234108147.221995 -135521228.456589 -4446.04826402793 -64568036.778959
a position +39500 +55000 2004 1001 6993326.42009137 2359910.87548165 234100882.962938 -135521228.456589 -4446.04826402793 -64568036.778959
a position +39500 +55000 2005 1001 6993981.21983567 2359447.86214214 234108147.221995 -135521228.456589 -4446.04826402793 -64568036.778959
a position +39500 +55000 2006 1001 6993326.4200914 2366712.12119915 234100882.962938 -135521228.456589 -4446.04826402793 -64568036.778959
a position +39500 +55000 2007 1001 7003599.63377041 2367175.13453866 234100419.949598 -135521228.456589 -4446.04826402793 -64568036.778959
a position +39500 +55000 2008 1001 7004254.43351473 2359910.87548165 234107684.208655 -135521228.456589 -4446.04826402793 -64568036.778959
a position +50300 +55400 2001 2005 6994964.85704212 2359655.93595934 234102026.062053 6983979.39294188 2359655.93595934 234108780.873024
a position +50300 +55400 2003 2007 6983979.3929419 2366410.74693015 234108780.873024 6994964.8570421 2366410.74693015 234102026.062053
a position +50300 +55400 2005 2001 6983979.39294188 2359655.93595934 234108780.873024 6994964.85704212 2359655.93595934 234102026.062053
a position +50300 +55400 2007 2003 6994964.8570421 2366410.74693015 234102026.062053 6983979.3929419 2366410.74693015 234108780.873024
a position +50800 +56400 1001 9002 -135497468.283305 -5874.32424589932 -64608903.4139515 -135499176.765327 -4159.478515625 -64595113.6632731
a position +50800 +56400 9002 1001 -135499176.765327 -4159.478515625 -64595113.6632731 -135497468.283305 -5874.32424589932 -64608903.4139515
a position +55000 +60200 2002 2006 6872023.68805597 2362959.38248507 234122076.100327 6883279.52545687 2362959.38248507 234115547.643832
a position +55000 +60200 2004 2008 6883279.52545685 2356430.92599043 234115547.643832 6872023.68805599 2356430.92599043 234122076.100327
a position +55000 +60200 2006 2002 6883279.52545687 2362959.38248507 234115547.643832 6872023.68805597 2362959.38248507 234122076.100327
a position +55000 +60200 2008 2004 6872023.68805599 2356430.92599043 234122076.100327 6883279.52545685 2356430.92599043 234115547.643832
a position +59800 +64900 2001 2005 6762552.1989762 2359708.23439678 234135169.222032 6773765.99452751 2359708.23439678 234128604.690315
a position +59800 +64900 2003 2007 6773765.99452749 2353143.70267952 234128604.690315 6762552.19897622 2353143.70267952 234135169.222032
a position +59800 +64900 2005 2001 6773765.99452751 2359708.23439678 234128604.690315 6762552.1989762 2359708.23439678 234135169.222032
a position +59800 +64900 2007 2003 6762552.19897622 2353143.70267952 234135169.222032 6773765.99452749 2353143.70267952 234128604.690315
a position +61400 +67300 1001 9001 -135368641.803094 4650.92280895454 -64880490.5118053 -135355770.156234 2734.76293945313 -64886024.3517645
a position +61400 +67300 9001 1001 -135355770.156234 2734.76293945313 -64886024.3517645 -135368641.803094 4650.92280895454 -64880490.5118053
a position +65500 +69600 1001 9002 -135345320.792238 173.012116994291 -64952124.9722223 -135332822.93772 -4159.478515625 -64947853.6893108
a position +64500 +69600 2002 2006 6664250.80412391 2349856.00953972 234141608.397772 6653079.28166411 2349856.00953972 234148208.869344
a position +64500 +69600 2004 2008 6653079.28166413 2356456.48111116 234148208.869344 6664250.80412388 2356456.48111116 234141608.397772
a position +64500 +69600 2006 2002 6653079.28166411 2349856.00953972 234148208.869344 6664250.80412391 2349856.00953972 234141608.397772
a position +64500 +69600 2008 2004 6664250.80412388 2356456.48111116 234141608.397772 6653079.28166413 2356456.48111116 234148208.869344
a position +65500 +69600 9002 1001 -135332822.93772 -4159.478515625 -64947853.6893108 -135345320.792238 173.012116994291 -64952124.9722223
a position +56500 +71900 1001 2001 -135312197.206836 -4423.68830941644 -65024000.6963446 6605594.41468914 2346421.69683394 234146127.206982
a position +56500 +71900 1001 2002 -135312197.206836 -4423.68830941644 -65024000.6963446 6612343.25342916 2351918.09827766 234151623.608426
a position +56500 +71900 1001 2003 -135312197.206836 -4423.68830941644 -65024000.6963446 6604570.16796323 2356690.24791587 234156395.758064
a position +56500 +71900 1001 2004 -135312197.206836 -4423.68830941644 -65024000.6963446 6597821.32922317 2351193.84647218 234150899.356621
a position +56500 +71900 1001 2005 -135312197.206836 -4423.68830941644 -65024000.6963446 6604570.16796319 2346421.69683394 234156395.758064
a position +56500 +71900 1001 2006 -135312197.206836 -4423.68830941644 -65024000.6963446 6597821.32922317 2351918.09827766 234150899.356621
a position +56500 +71900 1001 2007 -135312197.206836 -4423.68830941644 -65024000.6963446 6605594.4146891 2356690.24791587 234146127.206982
a position +56500 +71900 1001 2008 -135312197.206836 -4423.68830941644 -65024000.6963446 6612343.25342916 2351193.84647218 234151623.608426
a position +56500 +71900 2001 1001 6605594.41468914 2346421.69683394 234146127.206982 -135312197.206836 -4423.68830941644 -65024000.6963446
a position +56500 +71900 2002 1001 6612343.25342916 2351918.09827766 234151623.608426 -135312197.206836 -4423.68830941644 -65024000.6963446
a position +56500 +71900 2003 1001 6604570.16796323 2356690.24791587 234156395.758064 -135312197.206836 -4423.68830941644 -65024000.6963446
a position +56500 +71900 2004 1001 6597821.32922317 2351193.84647218 234150899.356621 -135312197.206836 -4423.68830941644 -65024000.6963446
a position +56500 +71900 2005 1001 6604570.16796319 2346421.69683394 234156395.758064 -135312197.206836 -4423.68830941644 -65024000.6963446
a position +56500 +71900 2006 1001 6597821.32922317 2351918.09827766 234150899.356621 -135312197.206836 -4423.68830941644 -65024000.6963446
a position +56500 +71900 2007 1001 6605594.4146891 2356690.24791587 234146127.206982 -135312197.206836 -4423.68830941644 -65024000.6963446
a position +56500 +71900 2008 1001 6612343.25342916 2351193.84647218 234151623.608426 -135312197.206836 -4423.68830941644 -65024000.6963446
a position +69200 +74300 2001 2005 6554733.97984859 2346567.84775508 234154558.770338 6543604.96085039 2346567.84775508 234161195.045654
a position +69200 +74300 2003 2007 6543604.96085042 2353204.12307104 234161195.045654 6554733.97984856 2353204.12307104 234154558.770338
a position +69200 +74300 2005 2001 6543604.96085039 2346567.84775508 234161195.045654 6554733.97984859 2346567.84775508 234154558.770338
a position +69200 +74300 2007 2003 6554733.97984856 2353204.12307104 234154558.770338 6543604.96085042 2353204.12307104 234161195.045654
a position +73900 +79000 2002 2006 6434129.26126452 2349951.16072091 234174127.754367 6445215.54730739 2349951.16072091 234167455.812154
a position +73900 +79000 2004 2008 6445215.54730736 2343279.21850832 234167455.812154 6434129.26126454 2343279.21850832 234174127.754367
a position +73900 +79000 2006 2002 6445215.54730739 2349951.16072091 234167455.812154 6434129.26126452 2349951.16072091 234174127.754367
a position +73900 +79000 2008 2004 6434129.26126454 2343279.21850832 234174127.754367 6445215.54730736 2343279.21850832 234167455.812154
a position +75800 +81600 1001 9001 -135177859.756994 5778.48924485833 -65263527.9068845 -135176087.532162 2734.76293945313 -65277036.6669381
a position +75800 +81600 9001 1001 -135176087.532162 2734.76293945313 -65277036.6669381 -135177859.756994 5778.48924485833 -65263527.9068845
a position +78600 +82500 1001 9002 -135171343.053149 6011.1923941414 -65287270.8233478 -135167866.07778 -4159.478515625 -65296040.9358853
a position +78600 +82500 9002 1001 -135167866.07778 -4159.478515625 -65296040.9358853 -135171343.053149 6011.1923941414 -65287270.8233478
a position +78600 +83700 2001 2005 6324652.20761171 2346697.59450596 234187006.9989 6335695.53208711 2346697.59450596 234180299.527374
a position +78600 +83700 2003 2007 6335695.53208709 2339990.12298043 234180299.527374 6324652.20761174 2339990.12298043 234187006.9989
a position +78600 +83700 2005 2001 6335695.53208711 2346697.59450596 234180299.527374 6324652.20761171 2346697.59450596 234187006.9989
a position +78600 +83700 2007 2003 6324652.20761174 2339990.12298043 234187006.9989 6335695.53208709 2339990.12298043 234180299.527374
a position +73400 +86400 1001 2001 -135136140.88459 429.323498877084 -65404265.6411794 6260121.91652082 2340491.82661391 234190045.111469
a position +73400 +86400 1001 2002 -135136140.88459 429.323498877084 -65404265.6411794 6268645.146457 2336410.02349184 234185963.308347
a position +73400 +86400 1001 2003 -135136140.88459 429.323498877084 -65404265.6411794 6274417.68779119 2342436.85717732 234191990.142032
a position +73400 +86400 1001 2004 -135136140.88459 429.323498877084 -65404265.6411794 6265894.45785504 2346518.66029942 234196071.945154
a position +73400 +86400 1001 2005 -135136140.88459 429.323498877084 -65404265.6411794 6274417.68779118 2340491.82661391 234191990.142032
a position +73400 +86400 1001 2006 -135136140.88459 429.323498877084 -65404265.6411794 6265894.457855 2336410.02349184 234196071.945154
a position +73400 +86400 1001 2007 -135136140.88459 429.323498877084 -65404265.6411794 6260121.91652081 2342436.85717732 234190045.111469
a position +73400 +86400 1001 2008 -135136140.88459 429.323498877084 -65404265.6411794 6268645.14645696 2346518.66029942 234185963.308347
a position +73400 +86400 2001 1001 6260121.91652082 2340491.82661391 234190045.111469 -135136140.88459 429.323498877084 -65404265.6411794
a position +0 +86400 2001 2002 6260121.91652082 2340491.82661391 234190045.111469 6268645.146457 2336410.02349184 234185963.308347
a position +0 +86400 2001 2004 6260121.91652082 2340491.82661391 234190045.111469 6265894.45785504 2346518.66029942 234196071.945154
a position +0 +86400 2001 2006 6260121.91652082 2340491.82661391 234190045.111469 6265894.457855 2336410.02349184 234196071.945154
a position +0 +86400 2001 2007 6260121.91652082 2340491.82661391 234190045.111469 6260121.91652081 2342436.85717732 234190045.111469
a position +0 +86400 2001 2008 6260121.91652082 2340491.82661391 234190045.111469 6268645.14645696 2346518.66029942 234185963.308347
a position +39700 +86400 2001 9001 6260121.91652082 2340491.82661391 234190045.111469 -135116917.590281 2734.76293945313 -65408222.5920657
a position +56100 +86400 2001 9002 6260121.91652082 2340491.82661391 234190045.111469 -135118127.873973 -4159.478515625 -65402011.8769778
a position +73400 +86400 2002 1001 6268645.146457 2336410.02349184 234185963.308347 -135136140.88459 429.323498877084 -65404265.6411794
a position +0 +86400 2002 2001 6268645.146457 2336410.02349184 234185963.308347 6260121.91652082 2340491.82661391 234190045.111469
a position +0 +86400 2002 2003 6268645.146457 2336410.02349184 234185963.308347 6274417.68779119 2342436.85717732 234191990.142032
a position +0 +86400 2002 2005 6268645.146457 2336410.02349184 234185963.308347 6274417.68779118 2340491.82661391 234191990.142032
a position +83300 +86400 2002 2006 6268645.146457 2336410.02349184 234185963.308347 6265894.457855 2336410.02349184 234196071.945154
a position +0 +86400 2002 2007 6268645.146457 2336410.02349184 234185963.308347 6260121.91652081 2342436.85717732 234190045.111469
a position +0 +86400 2002 2008 6268645.146457 2336410.02349184 234185963.308347 6268645.14645696 2346518.66029942 234185963.308347
a position +39700 +86400 2002 9001 6268645.146457 2336410.02349184 234185963.308347 -135116917.590281 2734.76293945313 -65408222.5920657
a position +56100 +86400 2002 9002 6268645.146457 2336410.02349184 234185963.308347 -135118127.873973 -4159.478515625 -65402011.8769778
a position +73400 +86400 2003 1001 6274417.68779119 2342436.85717732 234191990.142032 -135136140.88459 429.323498877084 -65404265.6411794
a position +0 +86400 2003 2002 6274417.68779119 2342436.85717732 234191990.142032 6268645.146457 2336410.02349184 234185963.308347
a position +0 +86400 2003 2004 6274417.68779119 2342436.85717732 234191990.142032 6265894.45785504 2346518.66029942 234196071.945154
a position +0 +86400 2003 2005 6274417.68779119 2342436.85717732 234191990.142032 6274417.68779118 2340491.82661391 234191990.142032
a position +0 +86400 2003 2006 6274417.68779119 2342436.85717732 234191990.142032 6265894.457855 2336410.02349184 234196071.945154
a position +0 +86400 2003 2008 6274417.68779119 2342436.85717732 234191990.142032 6268645.14645696 2346518.66029942 234185963.308347
a position +39700 +86400 2003 9001 6274417.68779119 2342436.85717732 234191990.142032 -135116917.590281 2734.76293945313 -65408222.5920657
a position +56100 +86400 2003 9002 6274417.68779119 2342436.85717732 234191990.142032 -135118127.873973 -4159.478515625 -65402011.8769778
a position +73400 +86400 2004 1001 6265894.45785504 2346518.66029942 234196071.945154 -135136140.88459 429.323498877084 -65404265.6411794
a position +0 +86400 2004 2001 6265894.45785504 2346518.66029942 234196071.945154 6260121.91652082 2340491.82661391 234190045.111469
a position +0 +86400 2004 2003 6265894.45785504 2346518.66029942 234196071.945154 6274417.68779119 2342436.85717732 234191990.142032
a position +0 +86400 2004 2005 6265894.45785504 2346518.66029942 234196071.945154 6274417.68779118 2340491.82661391 234191990.142032
a position +0 +86400 2004 2006 6265894.45785504 2346518.66029942 234196071.945154 6265894.457855 2336410.02349184 234196071.945154
a position +0 +86400 2004 2007 6265894.45785504 2346518.66029942 234196071.945154 6260121.91652081 2342436.85717732 234190045.111469
a position +83300 +86400 2004 2008 6265894.45785504 2346518.66029942 234196071.945154 6268645.14645696 2346518.66029942 234185963.308347
a position +39700 +86400 2004 9001 6265894.45785504 2346518.66029942 234196071.945154 -135116917.590281 2734.76293945313 -65408222.5920657
a position +56100 +86400 2004 9002 6265894.45785504 2346518.66029942 234196071.945154 -135118127.873973 -4159.478515625 -65402011.8769778
a position +73400 +86400 2005 1001 6274417.68779118 2340491.82661391 234191990.142032 -135136140.88459 429.323498877084 -65404265.6411794
a position +0 +86400 2005 2002 6274417.68779118 2340491.82661391 234191990.142032 6268645.146457 2336410.02349184 234185963.308347
a position +0 +86400 2005 2003 6274417.68779118 2340491.82661391 234191990.142032 6274417.68779119 2342436.85717732 234191990.142032
a position +0 +86400 2005 2004 6274417.68779118 2340491.82661391 234191990.142032 6265894.45785504 2346518.66029942 234196071.945154
a position +0 +86400 2005 2006 6274417.68779118 2340491.82661391 234191990.142032 6265894.457855 2336410.02349184 234196071.945154
a position +0 +86400 2005 2008 6274417.68779118 2340491.82661391 234191990.142032 6268645.14645696 2346518.66029942 234185963.308347
a position +39700 +86400 2005 9001 6274417.68779118 2340491.82661391 234191990.142032 -135116917.590281 2734.76293945313 -65408222.5920657
a position +56100 +86400 2005 9002 6274417.68779118 2340491.82661391 234191990.142032 -135118127.873973 -4159.478515625 -65402011.8769778
a position +73400 +86400 2006 1001 6265894.457855 2336410.02349184 234196071.945154 -135136140.88459 429.323498877084 -65404265.6411794
a position +0 +86400 2006 2001 6265894.457855 2336410.02349184 234196071.945154 6260121.91652082 2340491.82661391 234190045.111469
a position +83300 +86400 2006 2002 6265894.457855 2336410.02349184 234196071.945154 6268645.146457 2336410.02349184 234185963.308347
a position +0 +86400 2006 2003 6265894.457855 2336410.02349184 234196071.945154 6274417.68779119 2342436.85717732 234191990.142032
a position +0 +86400 2006 2004 6265894.457855 2336410.02349184 234196071.945154 6265894.45785504 2346518.66029942 234196071.945154
a position +0 +86400 2006 2005 6265894.457855 2336410.02349184 234196071.945154 6274417.68779118 2340491.82661391 234191990.142032
a position +0 +86400 2006 2007 6265894.457855 2336410.02349184 234196071.945154 6260121.91652081 2342436.85717732 234190045.111469
a position +39700 +86400 2006 9001 6265894.457855 2336410.02349184 234196071.945154 -135116917.590281 2734.76293945313 -65408222.5920657
a position +56100 +86400 2006 9002 6265894.457855 2336410.02349184 234196071.945154 -135118127.873973 -4159.478515625 -65402011.8769778
a position +73400 +86400 2007 1001 6260121.91652081 2342436.85717732 234190045.111469 -135136140.88459 429.323498877084 -65404265.6411794
a position +0 +86400 2007 2001 6260121.91652081 2342436.85717732 234190045.111469 6260121.91652082 2340491.82661391 234190045.111469
a position +0 +86400 2007 2002 6260121.91652081 2342436.85717732 234190045.111469 6268645.146457 2336410.02349184 234185963.308347
a position +0 +86400 2007 2004 6260121.91652081 2342436.85717732 234190045.111469 6265894.45785504 2346518.66029942 234196071.945154
a position +0 +86400 2007 2006 6260121.91652081 2342436.85717732 234190045.111469 6265894.457855 2336410.02349184 234196071.945154
a position +0 +86400 2007 2008 6260121.91652081 2342436.85717732 234190045.111469 6268645.14645696 2346518.66029942 234185963.308347
a position +39700 +86400 2007 9001 6260121.91652081 2342436.85717732 234190045.111469 -135116917.590281 2734.76293945313 -65408222.5920657
a position +56100 +86400 2007 9002 6260121.91652081 2342436.85717732 234190045.111469 -135118127.873973 -4159.478515625 -65402011.8769778
a position +73400 +86400 2008 1001 6268645.14645696 2346518.66029942 234185963.308347 -135136140.88459 429.323498877084 -65404265.6411794
a position +0 +86400 2008 2001 6268645.14645696 2346518.66029942 234185963.308347 6260121.91652082 2340491.82661391 234190045.111469
a position +0 +86400 2008 2002 6268645.14645696 2346518.66029942 234185963.308347 6268645.146457 2336410.02349184 234185963.308347
a position +0 +86400 2008 2003 6268645.14645696 2346518.66029942 234185963.308347 6274417.68779119 2342436.85717732 234191990.142032
a position +83300 +86400 2008 2004 6268645.14645696 2346518.66029942 234185963.308347 6265894.45785504 2346518.66029942 234196071.945154
a position +0 +86400 2008 2005 6268645.14645696 2346518.66029942 234185963.308347 6274417.68779118 2340491.82661391 234191990.142032
a position +0 +86400 2008 2007 6268645.14645696 2346518.66029942 234185963.308347 6260121.91652081 2342436.85717732 234190045.111469
a position +39700 +86400 2008 9001 6268645.14645696 2346518.66029942 234185963.308347 -135116917.590281 2734.76293945313 -65408222.5920657
a position +56100 +86400 2008 9002 6268645.14645696 2346518.66029942 234185963.308347 -135118127.873973 -4159.478515625 -65402011.8769778
a position +39700 +86400 9001 2001 -135116917.590281 2734.76293945313 -65408222.5920657 6260121.91652082 2340491.82661391 234190045.111469
a position +39700 +86400 9001 2002 -135116917.590281 2734.76293945313 -65408222.5920657 6268645.146457 2336410.02349184 234185963.308347
a position +39700 +86400 9001 2003 -135116917.590281 2734.76293945313 -65408222.5920657 6274417.68779119 2342436.85717732 234191990.142032
a position +39700 +86400 9001 2004 -135116917.590281 2734.76293945313 -65408222.5920657 6265894.45785504 2346518.66029942 234196071.945154
a position +39700 +86400 9001 2005 -135116917.590281 2734.76293945313 -65408222.5920657 6274417.68779118 2340491.82661391 234191990.142032
a position +39700 +86400 9001 2006 -135116917.590281 2734.76293945313 -65408222.5920657 6265894.457855 2336410.02349184 234196071.945154
a position +39700 +86400 9001 2007 -135116917.590281 2734.76293945313 -65408222.5920657 6260121.91652081 2342436.85717732 234190045.111469
a position +39700 +86400 9001 2008 -135116917.590281 2734.76293945313 -65408222.5920657 6268645.14645696 2346518.66029942 234185963.308347
a position +56100 +86400 9002 2001 -135118127.873973 -4159.478515625 -65402011.8769778 6260121.91652082 2340491.82661391 234190045.111469
a position +56100 +86400 9002 2002 -135118127.873973 -4159.478515625 -65402011.8769778 6268645.146457 2336410.02349184 234185963.308347
a position +56100 +86400 9002 2003 -135118127.873973 -4159.478515625 -65402011.8769778 6274417.68779119 2342436.85717732 234191990.142032
a position +56100 +86400 9002 2004 -135118127.873973 -4159.478515625 -65402011.8769778 6265894.45785504 2346518.66029942 234196071.945154
a position +56100 +86400 9002 2005 -135118127.873973 -4159.478515625 -65402011.8769778 6274417.68779118 2340491.82661391 234191990.142032
a position +56100 +86400 9002 2006 -135118127.873973 -4159.478515625 -65402011.8769778 6265894.457855 2336410.02349184 234196071.945154
a position +56100 +86400 9002 2007 -135118127.873973 -4159.478515625 -65402011.8769778 6260121.91652081 2342436.85717732 234190045.111469
a position +56100 +86400 9002 2008 -135118127.873973 -4159.478515625 -65402011.8769778 6268645.14645696 2346518.66029942 234185963.308347

