a contact +100 +200 2002 9002 1000
a contact +100 +200 2022 2041 1000
a contact +100 +200 2023 2040 1000
a contact +100 +200 2040 2023 1000
a contact +100 +200 2041 2022 1000
a contact +100 +200 9002 2002 1000
a contact +200 +300 2022 2040 1000
a contact +200 +300 2029 2032 1000
a contact +200 +300 2032 2029 1000
a contact +200 +300 2040 2022 1000
a contact +300 +400 2022 2038 1000
a contact +300 +400 2038 2022 1000
a contact +400 +500 2013 2049 1000
a contact +400 +500 2023 2038 1000
a contact +400 +500 2024 2040 1000
a contact +400 +500 2030 2032 1000
a contact +400 +500 2032 2030 1000
a contact +400 +500 2038 2023 1000
a contact +400 +500 2040 2024 1000
a contact +400 +500 2049 2013 1000
a contact +500 +600 1004 2035 1000
a contact +500 +600 2009 2053 1000
a contact +500 +600 2011 2050 1000
a contact +500 +600 2035 1004 1000
a contact +500 +600 2050 2011 1000
a contact +500 +600 2053 2009 1000
a contact +700 +800 2017 2042 1000
a contact +700 +800 2024 2037 1000
a contact +700 +800 2037 2024 1000
a contact +700 +800 2042 2017 1000
a contact +800 +900 1003 9001 1000
a contact +800 +900 9001 1003 1000
a contact +1000 +1100 2028 2040 1000
a contact +1000 +1100 2040 2028 1000
a contact +1500 +1600 2037 2040 1000
a contact +1500 +1600 2040 2037 1000
a contact +1600 +1700 2038 2041 1000
a contact +1600 +1700 2041 2038 1000
a contact +1700 +1800 2001 2013 1000
a contact +1700 +1800 2013 2001 1000
a contact +2600 +2700 1002 2055 1000
a contact +2600 +2700 2015 2052 1000
a contact +2600 +2700 2052 2015 1000
a contact +2600 +2700 2055 1002 1000
a contact +2700 +2800 1001 2055 1000
a contact +2700 +2800 2055 1001 1000
a contact +2900 +3100 1001 2008 1000
a contact +3000 +3100 2002 2005 1000
a contact +3000 +3100 2003 2045 1000
a contact +3000 +3100 2005 2002 1000
a contact +2900 +3100 2008 1001 1000
a contact +3000 +3100 2045 2003 1000
a contact +3100 +3200 2011 2027 1000
a contact +3100 +3200 2027 2011 1000
a contact +3100 +3200 2044 2047 1000
a contact +3100 +3200 2047 2044 1000
a contact +3300 +3400 2015 2050 1000
a contact +3300 +3400 2050 2015 1000
a contact +3500 +3600 2039 2053 1000
a contact +3500 +3600 2053 2039 1000
a contact +3700 +3900 2029 2055 1000
a contact +3700 +3900 2043 2046 1000
a contact +3700 +3900 2046 2043 1000
a contact +3700 +3900 2055 2029 1000
a contact +3900 +4000 2040 2053 1000
a contact +3900 +4000 2053 2040 1000
a contact +4000 +4200 2006 2030 1000
a contact +4000 +4200 2030 2006 1000
a contact +4300 +4400 2006 2021 1000
a contact +4300 +4400 2021 2006 1000
a contact +4400 +4500 2027 2029 1000
a contact +4400 +4500 2029 2027 1000
a contact +4800 +4900 1002 2015 1000
a contact +4800 +4900 2003 2039 1000
a contact +4800 +4900 2015 1002 1000
a contact +4800 +4900 2039 2003 1000
a contact +5300 +5400 2002 2033 1000
a contact +5300 +5400 2033 2002 1000
a contact +5400 +5500 1004 2039 1000
a contact +5400 +5500 2039 1004 1000
a contact +5600 +5700 2024 2025 1000
a contact +5600 +5700 2025 2024 1000
a contact +5700 +5800 2013 2035 1000
a contact +5700 +5800 2035 2013 1000
a contact +6100 +6200 2008 2010 1000
a contact +6100 +6200 2010 2008 1000
a contact +6200 +6300 2028 2042 1000
a contact +6200 +6300 2042 2028 1000
a contact +6300 +6400 2005 2007 1000
a contact +6300 +6400 2007 2005 1000
a contact +6600 +6700 1003 9002 1000
a contact +6600 +6700 9002 1003 1000
a contact +6600 +6900 1003 2011 1000
a contact +6600 +6900 2011 1003 1000
a contact +6700 +6900 2014 2056 1000
a contact +6700 +6900 2026 2049 1000
a contact +6700 +6900 2031 2042 1000
a contact +6700 +6900 2042 2031 1000
a contact +6700 +6900 2049 2026 1000
a contact +6700 +6900 2056 2014 1000
a contact +7300 +7400 2001 2018 1000
a contact +7300 +7400 2018 2001 1000
a contact +7400 +7500 2022 2048 1000
a contact +7400 +7500 2048 2022 1000
a contact +7800 +7900 2014 9002 1000
a contact +7800 +7900 9002 2014 1000
a contact +8200 +8300 1001 2031 1000
a contact +8200 +8300 2031 1001 1000
a contact +8200 +8300 2040 2054 1000
a contact +8200 +8300 2054 2040 1000
a contact +8200 +8400 1002 2029 1000
a contact +8200 +8400 2029 1002 1000
a contact +8400 +8500 1004 2026 1000
a contact +8400 +8500 2026 1004 1000
a contact +8700 +8800 2021 2031 1000
a contact +8700 +8800 2031 2021 1000
a contact +8800 +8900 1002 2042 1000
a contact +8800 +8900 2018 2032 1000
a contact +8800 +8900 2032 2018 1000
a contact +8800 +8900 2042 1002 1000
a contact +8900 +9000 1001 2046 1000
a contact +8900 +9000 2046 1001 1000
a contact +9300 +9400 2002 2035 1000
a contact +9300 +9400 2035 2002 1000
a contact +9900 +10000 2004 2005 1000
a contact +9900 +10000 2005 2004 1000
a contact +10200 +10300 2012 2035 1000
a contact +10200 +10300 2035 2012 1000
a contact +10400 +10500 2014 2019 1000
a contact +10400 +10500 2019 2014 1000
a contact +10400 +10500 2026 2035 1000
a contact +10400 +10500 2035 2026 1000
a contact +10500 +10600 2003 2046 1000
a contact +10500 +10600 2046 2003 1000
a contact +10600 +10700 1001 2041 1000
a contact +10600 +10700 2013 2049 1000
a contact +10600 +10700 2041 1001 1000
a contact +10600 +10700 2049 2013 1000
a contact +10900 +11000 1002 2041 1000
a contact +10900 +11000 2002 2021 1000
a contact +10900 +11000 2021 2002 1000
a contact +10900 +11000 2041 1002 1000
a contact +11500 +11600 2007 2055 1000
a contact +11500 +11600 2017 2045 1000
a contact +11500 +11600 2045 2017 1000
a contact +11500 +11600 2055 2007 1000
a contact +11700 +11800 2027 2045 1000
a contact +11700 +11800 2045 2027 1000
a contact +11900 +12000 2011 2028 1000
a contact +11900 +12000 2028 2011 1000
a contact +12200 +12300 2017 2034 1000
a contact +12200 +12300 2034 2017 1000
a contact +12200 +12300 2037 2054 1000
a contact +12200 +12300 2054 2037 1000
a contact +12300 +12400 2014 2029 1000
a contact +12300 +12400 2029 2014 1000
a contact +12500 +12600 2018 2054 1000
a contact +12500 +12600 2054 2018 1000
a contact +12600 +12700 1004 2002 1000
a contact +12600 +12700 2002 1004 1000
a contact +12600 +12700 2033 2045 1000
a contact +12600 +12700 2045 2033 1000
a contact +12800 +12900 2036 2052 1000
a contact +12800 +12900 2052 2036 1000
a contact +13100 +13200 2023 2050 1000
a contact +13100 +13200 2050 2023 1000
a contact +13100 +13300 2030 9001 1000
a contact +13200 +13300 2036 2051 1000
a contact +13200 +13300 2051 2036 1000
a contact +13100 +13300 9001 2030 1000
a contact +13300 +13400 2029 2054 1000
a contact +13300 +13400 2054 2029 1000
a contact +13400 +13500 2004 2034 1000
a contact +13400 +13500 2008 2038 1000
a contact +13400 +13500 2034 2004 1000
a contact +13400 +13500 2038 2008 1000
a contact +13600 +13700 2033 2051 1000
a contact +13600 +13700 2051 2033 1000
a contact +13800 +13900 2021 9001 1000
a contact +13800 +13900 9001 2021 1000
a contact +14200 +14300 2006 2043 1000
a contact +14200 +14300 2043 2006 1000
a contact +14300 +14400 2012 2015 1000
a contact +14300 +14400 2015 2012 1000
a contact +14300 +14400 2048 2049 1000
a contact +14300 +14400 2049 2048 1000
a contact +14500 +14600 1002 2035 1000
a contact +14500 +14600 2035 1002 1000
a contact +14700 +14800 2005 2033 1000
a contact +14700 +14800 2033 2005 1000
a contact +14800 +14900 2050 2052 1000
a contact +14800 +14900 2052 2050 1000
a contact +14800 +15000 1004 2036 1000
a contact +14800 +15000 2036 1004 1000
a contact +15000 +15100 1004 2032 1000
a contact +15000 +15100 2032 1004 1000
a contact +15000 +15100 2050 2051 1000
a contact +15000 +15100 2051 2050 1000
a contact +15000 +15100 2054 2055 1000
a contact +15000 +15100 2055 2054 1000
a contact +15200 +15300 2004 2040 1000
a contact +15200 +15300 2040 2004 1000
a contact +15300 +15400 1002 2010 1000
a contact +15300 +15400 2010 1002 1000
a contact +15700 +15800 2003 2033 1000
a contact +15700 +15800 2014 2030 1000
a contact +15700 +15800 2025 2042 1000
a contact +15700 +15800 2028 2043 1000
a contact +15700 +15800 2030 2014 1000
a contact +15700 +15800 2033 2003 1000
a contact +15700 +15800 2042 2025 1000
a contact +15700 +15800 2043 2028 1000
a contact +15800 +15900 2029 2052 1000
a contact +15800 +15900 2052 2029 1000
a contact +15900 +16000 2006 2031 1000
a contact +15900 +16000 2025 2039 1000
a contact +15900 +16000 2031 2006 1000
a contact +15900 +16000 2039 2025 1000
a contact +16100 +16200 2008 2053 1000
a contact +16100 +16200 2053 2008 1000
a contact +16300 +16400 2004 2030 1000
a contact +16300 +16400 2028 2039 1000
a contact +16300 +16400 2030 2004 1000
a contact +16300 +16400 2039 2028 1000
a contact +16800 +16900 2004 2052 1000
a contact +16800 +16900 2027 2042 1000
a contact +16800 +16900 2042 2027 1000
a contact +16800 +16900 2052 2004 1000
a contact +16900 +17000 1004 2048 1000
a contact +16900 +17000 2003 2052 1000
a contact +16900 +17000 2009 2049 1000
a contact +16900 +17000 2048 1004 1000
a contact +16900 +17000 2049 2009 1000
a contact +16900 +17000 2052 2003 1000
a contact +17000 +17100 1001 2029 1000
a contact +17000 +17100 2029 1001 1000
a contact +17100 +17200 2018 2049 1000
a contact +17100 +17200 2049 2018 1000
a contact +17300 +17400 2016 2035 1000
a contact +17300 +17400 2035 2016 1000
a contact +17400 +17500 2002 2051 1000
a contact +17400 +17500 2016 2048 1000
a contact +17400 +17500 2048 2016 1000
a contact +17400 +17500 2051 2002 1000
a contact +17600 +17700 2010 2054 1000
a contact +17600 +17700 2017 2028 1000
a contact +17600 +17700 2028 2017 1000
a contact +17600 +17700 2054 2010 1000
a contact +17700 +17800 2039 2052 1000
a contact +17700 +17800 2052 2039 1000
a contact +17800 +17900 2040 2056 1000
a contact +17800 +17900 2056 2040 1000
a contact +18300 +18400 2023 2047 1000
a contact +18300 +18400 2047 2023 1000
a contact +18400 +18500 2040 2054 1000
a contact +18400 +18500 2054 2040 1000
a contact +18500 +18600 2007 2056 1000
a contact +18500 +18600 2017 2046 1000
a contact +18500 +18600 2046 2017 1000
a contact +18500 +18600 2056 2007 1000
a contact +18600 +18700 2006 9002 1000
a contact +18600 +18700 9002 2006 1000
a contact +18900 +19000 2017 2034 1000
a contact +18900 +19000 2034 2017 1000
a contact +18900 +19000 2040 2051 1000
a contact +18900 +19000 2051 2040 1000
a contact +19600 +19700 2002 2046 1000
a contact +19600 +19700 2046 2002 1000
a contact +19800 +19900 2009 2033 1000
a contact +19800 +19900 2033 2009 1000
a contact +19900 +20000 2016 2032 1000
a contact +19900 +20000 2024 2025 1000
a contact +19900 +20000 2025 2024 1000
a contact +19900 +20000 2032 2016 1000
a contact +20300 +20400 2008 2037 1000
a contact +20300 +20400 2037 2008 1000
a contact +20400 +20500 1001 9003 1000
a contact +20400 +20500 2019 2042 1000
a contact +20400 +20500 2042 2019 1000
a contact +20400 +20500 9003 1001 1000
a contact +20800 +20900 2003 2028 1000
a contact +20800 +20900 2004 2035 1000
a contact +20800 +20900 2028 2003 1000
a contact +20800 +20900 2035 2004 1000
a contact +21100 +21200 1004 2054 1000
a contact +21100 +21200 2018 2034 1000
a contact +21100 +21200 2034 2018 1000
a contact +21100 +21200 2054 1004 1000
a contact +21300 +21400 1002 2037 1000
a contact +21300 +21400 2037 1002 1000
a contact +21400 +21500 1002 2054 1000
a contact +21400 +21500 2054 1002 1000
a contact +21500 +21700 2021 2048 1000
a contact +21500 +21700 2048 2021 1000
a contact +21700 +21800 2009 2010 1000
a contact +21700 +21800 2010 2009 1000
a contact +21700 +21800 2038 2056 1000
a contact +21700 +21800 2056 2038 1000
a contact +21800 +21900 2004 2027 1000
a contact +21800 +21900 2027 2004 1000
a contact +22000 +22100 2009 2012 1000
a contact +22000 +22100 2012 2009 1000
a contact +22000 +22100 2021 2051 1000
a contact +22000 +22100 2051 2021 1000
a contact +22400 +22600 2020 2047 1000
a contact +22400 +22600 2021 2037 1000
a contact +22400 +22600 2026 2042 1000
a contact +22400 +22600 2037 2021 1000
a contact +22400 +22600 2042 2026 1000
a contact +22400 +22600 2047 2020 1000
a contact +22600 +22700 1003 2034 1000
a contact +22600 +22700 2034 1003 1000
a contact +23100 +23200 1001 2048 1000
a contact +23100 +23200 2013 2056 1000
a contact +23100 +23200 2048 1001 1000
a contact +23100 +23200 2056 2013 1000
a contact +23200 +23300 1004 2048 1000
a contact +23200 +23300 2007 2043 1000
a contact +23200 +23300 2043 2007 1000
a contact +23200 +23300 2048 1004 1000
a contact +23300 +23400 2036 2037 1000
a contact +23300 +23400 2037 2036 1000
a contact +23600 +23700 2013 2050 1000
a contact +23600 +23700 2050 2013 1000
a contact +23800 +23900 2031 2033 1000
a contact +23800 +23900 2033 2031 1000
a contact +23900 +24100 1003 2048 1000
a contact +23900 +24100 2048 1003 1000
a contact +24200 +24400 2042 2045 1000
a contact +24200 +24400 2045 2042 1000
a contact +24700 +24800 1003 2020 1000
a contact +24700 +24800 2020 1003 1000
a contact +24800 +25000 1004 2034 1000
a contact +24800 +25000 2034 1004 1000
a contact +25100 +25300 2017 2029 1000
a contact +25100 +25300 2029 2017 1000
a contact +25500 +25600 2014 2039 1000
a contact +25500 +25600 2039 2014 1000
a contact +25700 +25800 2004 2020 1000
a contact +25700 +25800 2020 2004 1000
a contact +25900 +26000 2009 2024 1000
a contact +25900 +26000 2024 2009 1000
a contact +26200 +26300 2030 2047 1000
a contact +26200 +26300 2047 2030 1000
a contact +26300 +26400 2052 2054 1000
a contact +26300 +26400 2054 2052 1000
a contact +26400 +26500 2003 2018 1000
a contact +26400 +26500 2018 2003 1000
a contact +26400 +26500 2052 2055 1000
a contact +26400 +26500 2055 2052 1000
a contact +26800 +26900 1002 2039 1000
a contact +26800 +26900 2007 2038 1000
a contact +26800 +26900 2038 2007 1000
a contact +26800 +26900 2039 1002 1000
a contact +26900 +27000 2033 2050 1000
a contact +26900 +27000 2050 2033 1000
a contact +27000 +27100 2009 2010 1000
a contact +27000 +27100 2010 2009 1000
a contact +28000 +28100 2001 2047 1000
a contact +28000 +28100 2047 2001 1000
a contact +28200 +28300 2017 2045 1000
a contact +28200 +28300 2045 2017 1000
a contact +28300 +28400 1004 2046 1000
a contact +28300 +28400 2046 1004 1000
a contact +28400 +28500 2010 2051 1000
a contact +28400 +28500 2051 2010 1000
a contact +28500 +28600 1004 2042 1000
a contact +28500 +28600 2042 1004 1000
a contact +28800 +28900 2008 2053 1000
a contact +28800 +28900 2053 2008 1000
a contact +29000 +29100 1003 2029 1000
a contact +29000 +29100 2029 1003 1000
a contact +29200 +29300 2016 2039 1000
a contact +29200 +29300 2023 2052 1000
a contact +29200 +29300 2039 2016 1000
a contact +29200 +29300 2052 2023 1000
a contact +29300 +29500 2026 2035 1000
a contact +29300 +29500 2035 2026 1000
a contact +29500 +29600 2013 2034 1000
a contact +29500 +29600 2034 2013 1000
a contact +29900 +30000 1002 2010 1000
a contact +29900 +30000 2010 1002 1000
a contact +30500 +30600 1002 2010 1000
a contact +30500 +30600 2010 1002 1000
a contact +30500 +30600 2041 2053 1000
a contact +30500 +30600 2053 2041 1000
a contact +30800 +30900 2009 2044 1000
a contact +30800 +30900 2044 2009 1000
a contact +30900 +31000 2038 2052 1000
a contact +30900 +31000 2042 2056 1000
a contact +30900 +31000 2052 2038 1000
a contact +30900 +31000 2056 2042 1000
a contact +31100 +31200 2013 2030 1000
a contact +31100 +31200 2030 2013 1000
a contact +31300 +31400 1002 2010 1000
a contact +31300 +31400 2010 1002 1000
a contact +31500 +31600 2002 2014 1000
a contact +31500 +31600 2009 2042 1000
a contact +31500 +31600 2014 2002 1000
a contact +31500 +31600 2042 2009 1000
a contact +32100 +32200 1003 2010 1000
a contact +32100 +32200 2010 1003 1000
a contact +32300 +32400 2006 9002 1000
a contact +32300 +32400 2018 2053 1000
a contact +32300 +32400 2053 2018 1000
a contact +32300 +32400 9002 2006 1000
a contact +32400 +32500 2022 2050 1000
a contact +32400 +32500 2050 2022 1000
a contact +32500 +32600 2005 9002 1000
a contact +32500 +32600 9002 2005 1000
a contact +32600 +32700 2022 2035 1000
a contact +32600 +32700 2035 2022 1000
a contact +33000 +33100 2031 2041 1000
a contact +33000 +33100 2041 2031 1000
a contact +33500 +33600 2023 2035 1000
a contact +33500 +33600 2035 2023 1000
a contact +33700 +33800 2007 2022 1000
a contact +33700 +33800 2022 2007 1000
a contact +33800 +33900 2019 2035 1000
a contact +33800 +33900 2035 2019 1000
a contact +34300 +34400 1004 2010 1000
a contact +34300 +34400 2010 1004 1000
a contact +34300 +34400 2016 2030 1000
a contact +34300 +34400 2030 2016 1000
a contact +34900 +35000 2016 2018 1000
a contact +34900 +35000 2018 2016 1000
a contact +35200 +35300 2029 2056 1000
a contact +35200 +35300 2056 2029 1000
a contact +35500 +35600 1001 2010 1000
a contact +35500 +35600 2010 1001 1000
a contact +35500 +35600 2012 2056 1000
a contact +35500 +35600 2056 2012 1000
a contact +35600 +35700 2025 2048 1000
a contact +35600 +35700 2048 2025 1000
a contact +35900 +36000 2021 2035 1000
a contact +35900 +36000 2035 2021 1000
a contact +36100 +36200 2027 9003 1000
a contact +36100 +36200 9003 2027 1000
a contact +36300 +36400 2007 2030 1000
a contact +36300 +36400 2030 2007 1000
a contact +36400 +36500 2022 2033 1000
a contact +36400 +36500 2033 2022 1000
a contact +36400 +36500 2041 2054 1000
a contact +36400 +36500 2054 2041 1000
a contact +36500 +36600 2015 2044 1000
a contact +36500 +36600 2020 2037 1000
a contact +36500 +36600 2037 2020 1000
a contact +36500 +36600 2044 2015 1000
a contact +37300 +37400 1002 2010 1000
a contact +37300 +37400 2010 1002 1000
a contact +37600 +37700 2019 2030 1000
a contact +37600 +37700 2030 2019 1000
a contact +37900 +38000 2012 2026 1000
a contact +37900 +38000 2017 2019 1000
a contact +37900 +38000 2019 2017 1000
a contact +37900 +38000 2026 2012 1000
a contact +38000 +38100 2019 2033 1000
a contact +38000 +38100 2033 2019 1000
a contact +38300 +38400 1004 2006 1000
a contact +38300 +38400 2006 1004 1000
a contact +38400 +38500 1003 2006 1000
a contact +38400 +38500 2006 1003 1000
a contact +38600 +38700 2004 9003 1000
a contact +38600 +38700 9003 2004 1000
a contact +38700 +38800 2049 2050 1000
a contact +38700 +38800 2050 2049 1000
a contact +39000 +39100 2015 2039 1000
a contact +39000 +39100 2039 2015 1000
a contact +39100 +39200 2038 2041 1000
a contact +39100 +39200 2041 2038 1000
a contact +39300 +39400 1004 2055 1000
a contact +39300 +39400 2055 1004 1000
a contact +39400 +39500 2032 2047 1000
a contact +39400 +39500 2047 2032 1000
a contact +39700 +39800 2007 2047 1000
a contact +39700 +39800 2047 2007 1000
a contact +39800 +39900 2025 2043 1000
a contact +39800 +39900 2043 2025 1000
a contact +40100 +40200 1004 2006 1000
a contact +40100 +40200 2006 1004 1000
a contact +40200 +40300 1004 2055 1000
a contact +40200 +40300 2036 2048 1000
a contact +40200 +40300 2048 2036 1000
a contact +40200 +40300 2055 1004 1000
a contact +40700 +40800 1003 2055 1000
a contact +40700 +40800 2025 2047 1000
a contact +40700 +40800 2047 2025 1000
a contact +40700 +40800 2055 1003 1000
a contact +40800 +40900 2001 2014 1000
a contact +40800 +40900 2014 2001 1000
a contact +41100 +41200 2012 2039 1000
a contact +41100 +41200 2039 2012 1000
a contact +41200 +41300 2011 2040 1000
a contact +41200 +41300 2028 2030 1000
a contact +41200 +41300 2030 2028 1000
a contact +41200 +41300 2032 2034 1000
a contact +41200 +41300 2034 2032 1000
a contact +41200 +41300 2040 2011 1000
a contact +41300 +41400 2038 2050 1000
a contact +41300 +41400 2050 2038 1000
a contact +41400 +41500 1001 2010 1000
a contact +41400 +41500 2010 1001 1000
a contact +41900 +42000 2002 9003 1000
a contact +41900 +42000 9003 2002 1000
a contact +42000 +42100 2005 9002 1000
a contact +42000 +42100 9002 2005 1000
a contact +42200 +42300 1001 2055 1000
a contact +42200 +42300 2007 2025 1000
a contact +42200 +42300 2025 2007 1000
a contact +42200 +42300 2055 1001 1000
a contact +42900 +43000 1001 2023 1000
a contact +42900 +43000 2023 1001 1000
a contact +42900 +43000 2054 2055 1000
a contact +42900 +43000 2055 2054 1000
a contact +43000 +43200 1001 2019 1000
a contact +43100 +43200 2008 2025 1000
a contact +43000 +43200 2019 1001 1000
a contact +43100 +43200 2025 2008 1000
a contact +43200 +43300 2018 2049 1000
a contact +43200 +43300 2024 2052 1000
a contact +43200 +43300 2049 2018 1000
a contact +43200 +43300 2052 2024 1000
a contact +43800 +43900 2014 2017 1000
a contact +43800 +43900 2017 2014 1000
a contact +43800 +43900 2027 2045 1000
a contact +43800 +43900 2045 2027 1000
a contact +44000 +44100 2032 2045 1000
a contact +44000 +44100 2045 2032 1000
a contact +44000 +44300 1002 2040 1000
a contact +44100 +44300 1004 2019 1000
a contact +44100 +44300 2019 1004 1000
a contact +44000 +44300 2040 1002 1000
a contact +44300 +44400 2018 2050 1000
a contact +44300 +44400 2050 2018 1000
a contact +44600 +44700 1002 2034 1000
a contact +44600 +44700 2034 1002 1000
a contact +45000 +45200 2036 2053 1000
a contact +45000 +45200 2053 2036 1000
a contact +45200 +45300 2009 2049 1000
a contact +45200 +45300 2049 2009 1000
a contact +45400 +45500 2005 2019 1000
a contact +45400 +45500 2019 2005 1000
a contact +45400 +45500 2036 2047 1000
a contact +45400 +45500 2047 2036 1000
a contact +45900 +46000 2001 2011 1000
a contact +45900 +46000 2011 2001 1000
a contact +46200 +46300 2005 2020 1000
a contact +46200 +46300 2020 2005 1000
a contact +46200 +46300 2028 2037 1000
a contact +46200 +46300 2037 2028 1000
a contact +46400 +46500 2009 2027 1000
a contact +46400 +46500 2018 2053 1000
a contact +46400 +46500 2027 2009 1000
a contact +46400 +46500 2053 2018 1000
a contact +46700 +46800 2004 2035 1000
a contact +46700 +46800 2035 2004 1000
a contact +47400 +47500 2021 2056 1000
a contact +47400 +47500 2056 2021 1000
a contact +47600 +47700 2004 2030 1000
a contact +47600 +47700 2030 2004 1000
a contact +47700 +47900 2010 2026 1000
a contact +47700 +47900 2026 2010 1000
a contact +48300 +48400 2032 2050 1000
a contact +48300 +48400 2050 2032 1000
a contact +48400 +48500 2044 2046 1000
a contact +48400 +48500 2046 2044 1000
a contact +48700 +48800 2003 2017 1000
a contact +48700 +48800 2017 2003 1000
a contact +49100 +49200 2019 2055 1000
a contact +49100 +49200 2023 9003 1000
a contact +49100 +49200 2055 2019 1000
a contact +49100 +49200 9003 2023 1000
a contact +49800 +50000 2009 2044 1000
a contact +49800 +50000 2044 2009 1000
a contact +50200 +50300 1004 2050 1000
a contact +50200 +50300 2004 2044 1000
a contact +50200 +50300 2044 2004 1000
a contact +50200 +50300 2050 1004 1000
a contact +50600 +50700 2035 2036 1000
a contact +50600 +50700 2036 2035 1000
a contact +50700 +50800 2002 2027 1000
a contact +50700 +50800 2027 2002 1000
a contact +50800 +50900 2021 2044 1000
a contact +50800 +50900 2044 2021 1000
a contact +51100 +51200 2019 2038 1000
a contact +51100 +51200 2038 2019 1000
a contact +51700 +51800 2040 2041 1000
a contact +51700 +51800 2041 2040 1000
a contact +51800 +51900 2001 2026 1000
a contact +51800 +51900 2011 2029 1000
a contact +51800 +51900 2026 2001 1000
a contact +51800 +51900 2029 2011 1000
a contact +52000 +52100 2009 2023 1000
a contact +52000 +52100 2023 2009 1000
a contact +52000 +52100 2028 2043 1000
a contact +52000 +52100 2043 2028 1000
a contact +53000 +53100 2021 9003 1000
a contact +53000 +53100 9003 2021 1000
a contact +53100 +53200 2010 2029 1000
a contact +53100 +53200 2029 2010 1000
a contact +53100 +53200 2037 2047 1000
a contact +53100 +53200 2047 2037 1000
a contact +53200 +53300 2023 2054 1000
a contact +53200 +53300 2054 2023 1000
a contact +53300 +53400 2011 2040 1000
a contact +53300 +53400 2040 2011 1000
a contact +53500 +53600 2002 2025 1000
a contact +53500 +53600 2025 2002 1000
a contact +53600 +53700 2013 2027 1000
a contact +53600 +53700 2015 2038 1000
a contact +53600 +53700 2027 2013 1000
a contact +53600 +53700 2038 2015 1000
a contact +53800 +53900 2005 2029 1000
a contact +53800 +53900 2029 2005 1000
a contact +54400 +54500 2002 2049 1000
a contact +54400 +54500 2049 2002 1000
a contact +55100 +55200 2007 2017 1000
a contact +55100 +55200 2017 2007 1000
a contact +55100 +55300 1001 2056 1000
a contact +55100 +55300 2056 1001 1000
a contact +55400 +55500 2029 2054 1000
a contact +55400 +55500 2054 2029 1000
a contact +55500 +55600 2036 2054 1000
a contact +55500 +55600 2054 2036 1000
a contact +55700 +55800 2010 2047 1000
a contact +55700 +55800 2047 2010 1000
a contact +55900 +56000 2024 2034 1000
a contact +55900 +56000 2034 2024 1000
a contact +56000 +56100 2005 2023 1000
a contact +56000 +56100 2023 2005 1000
a contact +56100 +56200 1002 2012 1000
a contact +56100 +56200 2012 1002 1000
a contact +56200 +56300 1003 2056 1000
a contact +56200 +56300 2056 1003 1000
a contact +56400 +56500 2024 2047 1000
a contact +56400 +56500 2047 2024 1000
a contact +56600 +56700 1004 2056 1000
a contact +56600 +56700 2011 2040 1000
a contact +56600 +56700 2040 2011 1000
a contact +56600 +56700 2056 1004 1000
a contact +56700 +56800 1002 2052 1000
a contact +56700 +56800 2052 1002 1000
a contact +57000 +57100 2010 2024 1000
a contact +57000 +57100 2024 2010 1000
a contact +57100 +57200 2032 2051 1000
a contact +57100 +57200 2051 2032 1000
a contact +57300 +57400 2011 2035 1000
a contact +57300 +57400 2035 2011 1000
a contact +57400 +57500 1002 2052 1000
a contact +57400 +57500 2052 1002 1000
a contact +57700 +57800 1002 2012 1000
a contact +57700 +57800 2012 1002 1000
a contact +57800 +57900 2004 2049 1000
a contact +57800 +57900 2014 2041 1000
a contact +57800 +57900 2023 2039 1000
a contact +57800 +57900 2039 2023 1000
a contact +57800 +57900 2041 2014 1000
a contact +57800 +57900 2049 2004 1000
a contact +57900 +58000 1004 2052 1000
a contact +57900 +58000 2024 2039 1000
a contact +57900 +58000 2039 2024 1000
a contact +57900 +58000 2052 1004 1000
a contact +58500 +58600 1002 2052 1000
a contact +58500 +58600 2052 1002 1000
a contact +58700 +58800 2035 2038 1000
a contact +58700 +58800 2038 2035 1000
a contact +58800 +58900 1002 2012 1000
a contact +58800 +58900 2012 1002 1000
a contact +59300 +59400 2021 2051 1000
a contact +59300 +59400 2051 2021 1000
a contact +59500 +59600 2040 2041 1000
a contact +59500 +59600 2041 2040 1000
a contact +59600 +59700 1002 2056 1000
a contact +59600 +59700 2056 1002 1000
a contact +59700 +59800 2042 2055 1000
a contact +59700 +59800 2046 9003 1000
a contact +59700 +59800 2055 2042 1000
a contact +59700 +59800 9003 2046 1000
a contact +59800 +59900 2023 2047 1000
a contact +59800 +59900 2042 2053 1000
a contact +59800 +59900 2047 2023 1000
a contact +59800 +59900 2053 2042 1000
a contact +60400 +60500 2017 2041 1000
a contact +60400 +60500 2041 2017 1000
a contact +60700 +60800 2028 2029 1000
a contact +60700 +60800 2029 2028 1000
a contact +60800 +60900 2007 2035 1000
a contact +60800 +60900 2035 2007 1000
a contact +60900 +61000 1004 2012 1000
a contact +60900 +61000 2012 1004 1000
a contact +61100 +61200 1002 2012 1000
a contact +61100 +61200 2012 1002 1000
a contact +61100 +61200 2040 2051 1000
a contact +61100 +61200 2051 2040 1000
a contact +61300 +61400 2014 2030 1000
a contact +61300 +61400 2030 2014 1000
a contact +61400 +61500 2013 2055 1000
a contact +61400 +61500 2029 2030 1000
a contact +61400 +61500 2030 2029 1000
a contact +61400 +61500 2055 2013 1000
a contact +61500 +61600 1004 2048 1000
a contact +61500 +61600 2048 1004 1000
a contact +62100 +62200 1003 2012 1000
a contact +62100 +62200 2012 1003 1000
a contact +62200 +62300 2034 2051 1000
a contact +62200 +62300 2051 2034 1000
a contact +62300 +62400 2017 2019 1000
a contact +62300 +62400 2019 2017 1000
a contact +62700 +62800 1004 2052 1000
a contact +62700 +62800 2052 1004 1000
a contact +63200 +63300 2011 2025 1000
a contact +63200 +63300 2025 2011 1000
a contact +63400 +63500 1004 2056 1000
a contact +63400 +63500 2056 1004 1000
a contact +63500 +63600 2011 2041 1000
a contact +63500 +63600 2041 2011 1000
a contact +63600 +63700 2015 2051 1000
a contact +63600 +63700 2051 2015 1000
a contact +63700 +63800 1001 2012 1000
a contact +63700 +63800 2012 1001 1000
a contact +63800 +63900 1004 2012 1000
a contact +63800 +63900 2012 1004 1000
a contact +63900 +64000 1003 2012 1000
a contact +63900 +64000 2012 1003 1000
a contact +63900 +64000 2032 2047 1000
a contact +63900 +64000 2047 2032 1000
a contact +64000 +64100 2031 2033 1000
a contact +64000 +64100 2033 2031 1000
a contact +64200 +64300 1004 2056 1000
a contact +64200 +64300 2024 2054 1000
a contact +64200 +64300 2054 2024 1000
a contact +64200 +64300 2056 1004 1000
a contact +64600 +64800 2028 2051 1000
a contact +64600 +64800 2030 2033 1000
a contact +64600 +64800 2033 2030 1000
a contact +64600 +64800 2051 2028 1000
a contact +64800 +64900 2026 2028 1000
a contact +64800 +64900 2028 2026 1000
a contact +64900 +65000 2007 2043 1000
a contact +64900 +65000 2043 2007 1000
a contact +65100 +65200 2006 2023 1000
a contact +65100 +65200 2011 2055 1000
a contact +65100 +65200 2023 2006 1000
a contact +65100 +65200 2055 2011 1000
a contact +65200 +65300 2021 2035 1000
a contact +65200 +65300 2035 2021 1000
a contact +65300 +65400 2014 2043 1000
a contact +65300 +65400 2043 2014 1000
a contact +65700 +65800 2041 2050 1000
a contact +65700 +65800 2050 2041 1000
a contact +65800 +65900 2015 2034 1000
a contact +65800 +65900 2034 2015 1000
a contact +65900 +66000 2010 2035 1000
a contact +65900 +66000 2035 2010 1000
a contact +66200 +66300 2036 2055 1000
a contact +66200 +66300 2055 2036 1000
a contact +66400 +66500 2011 2025 1000
a contact +66400 +66500 2025 2011 1000
a contact +66500 +66700 1001 2048 1000
a contact +66600 +66700 2007 2017 1000
a contact +66600 +66700 2017 2007 1000
a contact +66500 +66700 2048 1001 1000
a contact +66800 +66900 2040 2043 1000
a contact +66800 +66900 2043 2040 1000
a contact +67000 +67100 2022 2047 1000
a contact +67000 +67100 2047 2022 1000
a contact +67300 +67400 2010 2021 1000
a contact +67300 +67400 2020 2023 1000
a contact +67300 +67400 2021 2010 1000
a contact +67300 +67400 2023 2020 1000
a contact +67400 +67500 1004 2056 1000
a contact +67400 +67500 2031 2033 1000
a contact +67400 +67500 2033 2031 1000
a contact +67400 +67500 2056 1004 1000
a contact +67600 +67700 2013 2047 1000
a contact +67600 +67700 2018 2031 1000
a contact +67600 +67700 2031 2018 1000
a contact +67600 +67700 2047 2013 1000
a contact +67800 +67900 2032 2033 1000
a contact +67800 +67900 2033 2032 1000
a contact +68100 +68200 1004 2052 1000
a contact +68100 +68200 2043 2055 1000
a contact +68100 +68200 2052 1004 1000
a contact +68100 +68200 2055 2043 1000
a contact +68500 +68600 1004 2056 1000
a contact +68500 +68600 2020 2021 1000
a contact +68500 +68600 2021 2020 1000
a contact +68500 +68600 2056 1004 1000
a contact +68700 +68800 2041 2054 1000
a contact +68700 +68800 2054 2041 1000
a contact +68900 +69000 2036 2046 1000
a contact +68900 +69000 2046 2036 1000
a contact +69100 +69200 2020 2050 1000
a contact +69100 +69200 2050 2020 1000
a contact +69300 +69400 1002 2052 1000
a contact +69300 +69400 1004 2056 1000
a contact +69300 +69400 2023 2054 1000
a contact +69300 +69400 2052 1002 1000
a contact +69300 +69400 2054 2023 1000
a contact +69300 +69400 2056 1004 1000
a contact +69400 +69500 2013 2043 1000
a contact +69400 +69500 2014 2051 1000
a contact +69400 +69500 2043 2013 1000
a contact +69400 +69500 2051 2014 1000
a contact +69700 +69900 1003 2052 1000
a contact +69700 +69900 2052 1003 1000
a contact +69900 +70000 1004 2052 1000
a contact +69900 +70000 2052 1004 1000
a contact +70000 +70200 2030 2041 1000
a contact +70000 +70200 2041 2030 1000
a contact +70300 +70500 1004 2012 1000
a contact +70300 +70500 2012 1004 1000
a contact +70400 +70500 2020 2030 1000
a contact +70400 +70500 2030 2020 1000
a contact +70800 +70900 2007 2024 1000
a contact +70800 +70900 2024 2007 1000
a contact +71000 +71100 1003 2012 1000
a contact +71000 +71100 2006 2029 1000
a contact +71000 +71100 2012 1003 1000
a contact +71000 +71100 2029 2006 1000
a contact +71200 +71300 1003 2048 1000
a contact +71100 +71300 1004 2012 1000
a contact +71100 +71300 2012 1004 1000
a contact +71200 +71300 2048 1003 1000
a contact +71300 +71400 2033 2046 1000
a contact +71300 +71400 2046 2033 1000
a contact +71400 +71500 2025 2041 1000
a contact +71400 +71500 2041 2025 1000
a contact +71600 +71700 1003 2052 1000
a contact +71600 +71700 2052 1003 1000
a contact +71800 +71900 2001 9001 1000
a contact +71800 +71900 9001 2001 1000
a contact +71900 +72000 1004 2012 1000
a contact +71900 +72000 2012 1004 1000
a contact +71900 +72000 2024 2043 1000
a contact +71900 +72000 2043 2024 1000
a contact +72000 +72100 2033 2036 1000
a contact +72000 +72100 2036 2033 1000
a contact +72100 +72200 2030 2033 1000
a contact +72100 +72200 2033 2030 1000
a contact +72300 +72400 2007 2039 1000
a contact +72300 +72400 2039 2007 1000
a contact +72500 +72600 1004 2012 1000
a contact +72500 +72600 2012 1004 1000
a contact +72600 +72700 2001 9001 1000
a contact +72600 +72700 9001 2001 1000
a contact +72800 +72900 2039 2050 1000
a contact +72800 +72900 2050 2039 1000
a contact +73100 +73200 1002 2048 1000
a contact +73100 +73200 1003 2052 1000
a contact +73100 +73200 2048 1002 1000
a contact +73100 +73200 2052 1003 1000
a contact +73200 +73300 1001 2012 1000
a contact +73200 +73300 2012 1001 1000
a contact +73200 +73300 2015 2032 1000
a contact +73200 +73300 2032 2015 1000
a contact +73300 +73400 1004 2012 1000
a contact +73300 +73400 2012 1004 1000
a contact +73400 +73500 1002 2052 1000
a contact +73400 +73500 2011 2029 1000
a contact +73400 +73500 2029 2011 1000
a contact +73400 +73500 2052 1002 1000
a contact +73500 +73600 2023 2055 1000
a contact +73500 +73600 2055 2023 1000
a contact +73600 +73700 1004 2048 1000
a contact +73600 +73700 2018 2036 1000
a contact +73600 +73700 2022 2040 1000
a contact +73600 +73700 2029 2055 1000
a contact +73600 +73700 2036 2018 1000
a contact +73600 +73700 2040 2022 1000
a contact +73600 +73700 2048 1004 1000
a contact +73600 +73700 2055 2029 1000
a contact +73700 +73800 2009 2028 1000
a contact +73700 +73800 2028 2009 1000
a contact +73800 +73900 2026 2043 1000
a contact +73800 +73900 2043 2026 1000
a contact +74000 +74100 2006 2045 1000
a contact +74000 +74100 2021 2036 1000
a contact +74000 +74100 2036 2021 1000
a contact +74000 +74100 2045 2006 1000
a contact +74100 +74200 1003 2052 1000
a contact +74100 +74200 2019 2033 1000
a contact +74100 +74200 2033 2019 1000
a contact +74100 +74200 2052 1003 1000
a contact +74600 +74700 1003 2038 1000
a contact +74600 +74700 1004 2048 1000
a contact +74600 +74700 2002 2042 1000
a contact +74600 +74700 2017 2040 1000
a contact +74600 +74700 2038 1003 1000
a contact +74600 +74700 2040 2017 1000
a contact +74600 +74700 2042 2002 1000
a contact +74600 +74700 2048 1004 1000
a contact +74700 +74800 2022 2023 1000
a contact +74700 +74800 2023 2022 1000
a contact +74800 +74900 1002 2052 1000
a contact +74800 +74900 2052 1002 1000
a contact +74900 +75000 1003 2052 1000
a contact +74900 +75000 2052 1003 1000
a contact +75000 +75100 2002 2056 1000
a contact +75000 +75100 2056 2002 1000
a contact +75200 +75300 2009 2027 1000
a contact +75200 +75300 2027 2009 1000
a contact +75300 +75400 2019 2036 1000
a contact +75300 +75400 2023 2040 1000
a contact +75300 +75400 2036 2019 1000
a contact +75300 +75400 2040 2023 1000
a contact +75600 +75700 2010 2051 1000
a contact +75600 +75700 2011 2026 1000
a contact +75600 +75700 2026 2011 1000
a contact +75600 +75700 2051 2010 1000
a contact +75800 +75900 2010 2046 1000
a contact +75800 +75900 2046 2010 1000
a contact +75900 +76000 1002 2053 1000
a contact +75900 +76000 2053 1002 1000
a contact +76000 +76100 2013 2015 1000
a contact +76000 +76100 2015 2013 1000
a contact +76100 +76200 1002 2012 1000
a contact +76100 +76200 2012 1002 1000
a contact +76200 +76300 2007 2039 1000
a contact +76200 +76300 2039 2007 1000
a contact +76500 +76600 1002 2052 1000
a contact +76500 +76600 2052 1002 1000
a contact +76600 +76700 1002 2048 1000
a contact +76600 +76700 2048 1002 1000
a contact +76700 +76800 1003 2052 1000
a contact +76700 +76800 2011 2030 1000
a contact +76700 +76800 2030 2011 1000
a contact +76700 +76800 2052 1003 1000
a contact +76900 +77000 2014 2030 1000
a contact +76900 +77000 2030 2014 1000
a contact +77100 +77200 1002 2038 1000
a contact +77100 +77200 2038 1002 1000
a contact +77500 +77600 2022 2054 1000
a contact +77500 +77600 2054 2022 1000
a contact +77600 +77700 1002 2038 1000
a contact +77600 +77700 2038 1002 1000
a contact +78400 +78600 2023 9001 1000
a contact +78400 +78600 9001 2023 1000
a contact +78600 +78700 2040 2055 1000
a contact +78600 +78700 2055 2040 1000
a contact +79300 +79400 2006 2021 1000
a contact +79300 +79400 2009 9001 1000
a contact +79300 +79400 2021 2006 1000
a contact +79300 +79400 9001 2009 1000
a contact +79700 +79800 2017 2030 1000
a contact +79700 +79800 2030 2017 1000
a contact +79700 +79800 2035 2036 1000
a contact +79700 +79800 2036 2035 1000
a contact +79800 +79900 1002 2038 1000
a contact +79800 +79900 2010 2026 1000
a contact +79800 +79900 2026 2010 1000
a contact +79800 +79900 2038 1002 1000
a contact +80200 +80300 1004 2038 1000
a contact +80200 +80300 2038 1004 1000
a contact +80300 +80400 2043 2054 1000
a contact +80300 +80400 2054 2043 1000
a contact +80700 +80800 2036 2047 1000
a contact +80700 +80800 2047 2036 1000
a contact +80800 +80900 2008 2039 1000
a contact +80800 +80900 2039 2008 1000
a contact +81000 +81100 2003 2053 1000
a contact +81000 +81100 2006 2019 1000
a contact +81000 +81100 2019 2006 1000
a contact +81000 +81100 2053 2003 1000
a contact +81300 +81400 2004 2042 1000
a contact +81300 +81400 2042 2004 1000
a contact +81400 +81500 2020 9001 1000
a contact +81400 +81500 9001 2020 1000
a contact +82700 +82800 2015 2052 1000
a contact +82700 +82800 2052 2015 1000
a contact +82800 +82900 2016 2032 1000
a contact +82800 +82900 2032 2016 1000
a contact +83400 +83500 2014 9001 1000
a contact +83400 +83500 9001 2014 1000
a contact +84200 +84300 2016 2019 1000
a contact +84200 +84300 2019 2016 1000
a contact +84400 +84500 2003 2053 1000
a contact +84400 +84500 2053 2003 1000
a contact +84700 +84800 2004 2038 1000
a contact +84700 +84800 2038 2004 1000
a contact +85400 +85600 2008 2040 1000
a contact +85400 +85600 2029 2047 1000
a contact +85400 +85600 2040 2008 1000
a contact +85400 +85600 2047 2029 1000
a contact +85600 +85700 2001 2028 1000
a contact +85600 +85700 2028 2001 1000
a contact +86000 +86100 1002 2024 1000
a contact +86000 +86100 2024 1002 1000
a contact +86200 +86300 2015 2054 1000
a contact +86200 +86300 2054 2015 1000
a contact +86300 +86400 2029 2045 1000
a contact +86300 +86400 2045 2029 1000

a range +100 +200 2002 9002 1103.3717
a range +100 +200 2022 2041 0.0431
a range +100 +200 2023 2040 0.0284
a range +100 +200 2040 2023 0.0284
a range +100 +200 2041 2022 0.0431
a range +100 +200 9002 2002 1103.3717
a range +200 +300 2022 2040 0.0361
a range +200 +300 2029 2032 0.0303
a range +200 +300 2032 2029 0.0303
a range +200 +300 2040 2022 0.0361
a range +300 +400 2022 2038 0.0245
a range +300 +400 2038 2022 0.0245
a range +400 +500 2013 2049 0.0432
a range +400 +500 2023 2038 0.0157
a range +400 +500 2024 2040 0.0195
a range +400 +500 2030 2032 0.0211
a range +400 +500 2032 2030 0.0211
a range +400 +500 2038 2023 0.0157
a range +400 +500 2040 2024 0.0195
a range +400 +500 2049 2013 0.0432
a range +500 +600 1004 2035 1102.0006
a range +500 +600 2009 2053 0.0431
a range +500 +600 2011 2050 0.0435
a range +500 +600 2035 1004 1102.0006
a range +500 +600 2050 2011 0.0435
a range +500 +600 2053 2009 0.0431
a range +700 +800 2017 2042 0.0327
a range +700 +800 2024 2037 0.0157
a range +700 +800 2037 2024 0.0157
a range +700 +800 2042 2017 0.0327
a range +800 +900 1003 9001 0.0593
a range +800 +900 9001 1003 0.0593
a range +1000 +1100 2028 2040 0.024
a range +1000 +1100 2040 2028 0.024
a range +1500 +1600 2037 2040 0.0303
a range +1500 +1600 2040 2037 0.0303
a range +1600 +1700 2038 2041 0.0303
a range +1600 +1700 2041 2038 0.0303
a range +1700 +1800 2001 2013 0.0211
a range +1700 +1800 2013 2001 0.0211
a range +2600 +2700 1002 2055 1102.461
a range +2600 +2700 2015 2052 0.043
a range +2600 +2700 2052 2015 0.043
a range +2600 +2700 2055 1002 1102.461
a range +2700 +2800 1001 2055 1102.6983
a range +2700 +2800 2055 1001 1102.6983
a range +2900 +3100 1001 2008 1102.6857
a range +3000 +3100 2002 2005 0.0303
a range +3000 +3100 2003 2045 0.0432
a range +3000 +3100 2005 2002 0.0303
a range +2900 +3100 2008 1001 1102.6857
a range +3000 +3100 2045 2003 0.0432
a range +3100 +3200 2011 2027 0.0209
a range +3100 +3200 2027 2011 0.0209
a range +3100 +3200 2044 2047 0.0303
a range +3100 +3200 2047 2044 0.0303
a range +3300 +3400 2015 2050 0.0432
a range +3300 +3400 2050 2015 0.0432
a range +3500 +3600 2039 2053 0.0006
a range +3500 +3600 2053 2039 0.0006
a range +3700 +3900 2029 2055 0.0265
a range +3700 +3900 2043 2046 0.0303
a range +3700 +3900 2046 2043 0.0303
a range +3700 +3900 2055 2029 0.0265
a range +3900 +4000 2040 2053 0.0106
a range +3900 +4000 2053 2040 0.0106
a range +4000 +4200 2006 2030 0.0431
a range +4000 +4200 2030 2006 0.0431
a range +4300 +4400 2006 2021 0.0192
a range +4300 +4400 2021 2006 0.0192
a range +4400 +4500 2027 2029 0.0265
a range +4400 +4500 2029 2027 0.0265
a range +4800 +4900 1002 2015 1102.4776
a range +4800 +4900 2003 2039 0.0432
a range +4800 +4900 2015 1002 1102.4776
a range +4800 +4900 2039 2003 0.0432
a range +5300 +5400 2002 2033 0.0231
a range +5300 +5400 2033 2002 0.0231
a range +5400 +5500 1004 2039 1102.0319
a range +5400 +5500 2039 1004 1102.0319
a range +5600 +5700 2024 2025 0.0108
a range +5600 +5700 2025 2024 0.0108
a range +5700 +5800 2013 2035 0.0434
a range +5700 +5800 2035 2013 0.0434
a range +6100 +6200 2008 2010 0.0211
a range +6100 +6200 2010 2008 0.0211
a range +6200 +6300 2028 2042 0.018
a range +6200 +6300 2042 2028 0.018
a range +6300 +6400 2005 2007 0.0211
a range +6300 +6400 2007 2005 0.0211
a range +6600 +6700 1003 9002 0.0592
a range +6600 +6700 9002 1003 0.0592
a range +6600 +6900 1003 2011 1102.2376
a range +6600 +6900 2011 1003 1102.2376
a range +6700 +6900 2014 2056 0.043
a range +6700 +6900 2026 2049 0.0432
a range +6700 +6900 2031 2042 0.0303
a range +6700 +6900 2042 2031 0.0303
a range +6700 +6900 2049 2026 0.0432
a range +6700 +6900 2056 2014 0.043
a range +7300 +7400 2001 2018 0.0305
a range +7300 +7400 2018 2001 0.0305
a range +7400 +7500 2022 2048 0.0364
a range +7400 +7500 2048 2022 0.0364
a range +7800 +7900 2014 9002 1103.38
a range +7800 +7900 9002 2014 1103.38
a range +8200 +8300 1001 2031 1102.376
a range +8200 +8300 2031 1001 1102.376
a range +8200 +8300 2040 2054 0.0075
a range +8200 +8300 2054 2040 0.0075
a range +8200 +8400 1002 2029 1102.4769
a range +8200 +8400 2029 1002 1102.4769
a range +8400 +8500 1004 2026 1102.62
a range +8400 +8500 2026 1004 1102.62
a range +8700 +8800 2021 2031 0.0359
a range +8700 +8800 2031 2021 0.0359
a range +8800 +8900 1002 2042 1102.4683
a range +8800 +8900 2018 2032 0.0006
a range +8800 +8900 2032 2018 0.0006
a range +8800 +8900 2042 1002 1102.4683
a range +8900 +9000 1001 2046 1102.6843
a range +8900 +9000 2046 1001 1102.6843
a range +9300 +9400 2002 2035 0.0431
a range +9300 +9400 2035 2002 0.0431
a range +9900 +10000 2004 2005 0.0108
a range +9900 +10000 2005 2004 0.0108
a range +10200 +10300 2012 2035 0.0431
a range +10200 +10300 2035 2012 0.0431
a range +10400 +10500 2014 2019 0.0431
a range +10400 +10500 2019 2014 0.0431
a range +10400 +10500 2026 2035 0.0431
a range +10400 +10500 2035 2026 0.0431
a range +10500 +10600 2003 2046 0.0432
a range +10500 +10600 2046 2003 0.0432
a range +10600 +10700 1001 2041 1102.6562
a range +10600 +10700 2013 2049 0.043
a range +10600 +10700 2041 1001 1102.6562
a range +10600 +10700 2049 2013 0.043
a range +10900 +11000 1002 2041 1102.4586
a range +10900 +11000 2002 2021 0.0431
a range +10900 +11000 2021 2002 0.0431
a range +10900 +11000 2041 1002 1102.4586
a range +11500 +11600 2007 2055 0.043
a range +11500 +11600 2017 2045 0.016
a range +11500 +11600 2045 2017 0.016
a range +11500 +11600 2055 2007 0.043
a range +11700 +11800 2027 2045 0.043
a range +11700 +11800 2045 2027 0.043
a range +11900 +12000 2011 2028 0.0301
a range +11900 +12000 2028 2011 0.0301
a range +12200 +12300 2017 2034 0.0282
a range +12200 +12300 2034 2017 0.0282
a range +12200 +12300 2037 2054 0.0284
a range +12200 +12300 2054 2037 0.0284
a range +12300 +12400 2014 2029 0.0352
a range +12300 +12400 2029 2014 0.0352
a range +12500 +12600 2018 2054 0.0433
a range +12500 +12600 2054 2018 0.0433
a range +12600 +12700 1004 2002 1102.9085
a range +12600 +12700 2002 1004 1102.9085
a range +12600 +12700 2033 2045 0.0195
a range +12600 +12700 2045 2033 0.0195
a range +12800 +12900 2036 2052 0.0245
a range +12800 +12900 2052 2036 0.0245
a range +13100 +13200 2023 2050 0.0323
a range +13100 +13200 2050 2023 0.0323
a range +13100 +13300 2030 9001 1102.3443
a range +13200 +13300 2036 2051 0.0197
a range +13200 +13300 2051 2036 0.0197
a range +13100 +13300 9001 2030 1102.3443
a range +13300 +13400 2029 2054 0.0325
a range +13300 +13400 2054 2029 0.0325
a range +13400 +13500 2004 2034 0.0203
a range +13400 +13500 2008 2038 0.0313
a range +13400 +13500 2034 2004 0.0203
a range +13400 +13500 2038 2008 0.0313
a range +13600 +13700 2033 2051 0.0394
a range +13600 +13700 2051 2033 0.0394
a range +13800 +13900 2021 9001 1102.3427
a range +13800 +13900 9001 2021 1102.3427
a range +14200 +14300 2006 2043 0.0436
a range +14200 +14300 2043 2006 0.0436
a range +14300 +14400 2012 2015 0.0325
a range +14300 +14400 2015 2012 0.0325
a range +14300 +14400 2048 2049 0.0108
a range +14300 +14400 2049 2048 0.0108
a range +14500 +14600 1002 2035 1102.4567
a range +14500 +14600 2035 1002 1102.4567
a range +14700 +14800 2005 2033 0.0138
a range +14700 +14800 2033 2005 0.0138
a range +14800 +14900 2050 2052 0.0211
a range +14800 +14900 2052 2050 0.0211
a range +14800 +15000 1004 2036 1102.9265
a range +14800 +15000 2036 1004 1102.9265
a range +15000 +15100 1004 2032 1102.3146
a range +15000 +15100 2032 1004 1102.3146
a range +15000 +15100 2050 2051 0.0108
a range +15000 +15100 2051 2050 0.0108
a range +15000 +15100 2054 2055 0.0108
a range +15000 +15100 2055 2054 0.0108
a range +15200 +15300 2004 2040 0.0433
a range +15200 +15300 2040 2004 0.0433
a range +15300 +15400 1002 2010 1102.452
a range +15300 +15400 2010 1002 1102.452
a range +15700 +15800 2003 2033 0.0149
a range +15700 +15800 2014 2030 0.0369
a range +15700 +15800 2025 2042 0.0301
a range +15700 +15800 2028 2043 0.0352
a range +15700 +15800 2030 2014 0.0369
a range +15700 +15800 2033 2003 0.0149
a range +15700 +15800 2042 2025 0.0301
a range +15700 +15800 2043 2028 0.0352
a range +15800 +15900 2029 2052 0.0431
a range +15800 +15900 2052 2029 0.0431
a range +15900 +16000 2006 2031 0.0224
a range +15900 +16000 2025 2039 0.0006
a range +15900 +16000 2031 2006 0.0224
a range +15900 +16000 2039 2025 0.0006
a range +16100 +16200 2008 2053 0.0434
a range +16100 +16200 2053 2008 0.0434
a range +16300 +16400 2004 2030 0.0218
a range +16300 +16400 2028 2039 0.0301
a range +16300 +16400 2030 2004 0.0218
a range +16300 +16400 2039 2028 0.0301
a range +16800 +16900 2004 2052 0.0434
a range +16800 +16900 2027 2042 0.0192
a range +16800 +16900 2042 2027 0.0192
a range +16800 +16900 2052 2004 0.0434
a range +16900 +17000 1004 2048 1102.9228
a range +16900 +17000 2003 2052 0.0432
a range +16900 +17000 2009 2049 0.0434
a range +16900 +17000 2048 1004 1102.9228
a range +16900 +17000 2049 2009 0.0434
a range +16900 +17000 2052 2003 0.0432
a range +17000 +17100 1001 2029 1102.5215
a range +17000 +17100 2029 1001 1102.5215
a range +17100 +17200 2018 2049 0.0296
a range +17100 +17200 2049 2018 0.0296
a range +17300 +17400 2016 2035 0.043
a range +17300 +17400 2035 2016 0.043
a range +17400 +17500 2002 2051 0.0435
a range +17400 +17500 2016 2048 0.043
a range +17400 +17500 2048 2016 0.043
a range +17400 +17500 2051 2002 0.0435
a range +17600 +17700 2010 2054 0.043
a range +17600 +17700 2017 2028 0.0303
a range +17600 +17700 2028 2017 0.0303
a range +17600 +17700 2054 2010 0.043
a range +17700 +17800 2039 2052 0.0111
a range +17700 +17800 2052 2039 0.0111
a range +17800 +17900 2040 2056 0.024
a range +17800 +17900 2056 2040 0.024
a range +18300 +18400 2023 2047 0.0431
a range +18300 +18400 2047 2023 0.0431
a range +18400 +18500 2040 2054 0.0075
a range +18400 +18500 2054 2040 0.0075
a range +18500 +18600 2007 2056 0.0435
a range +18500 +18600 2017 2046 0.0116
a range +18500 +18600 2046 2017 0.0116
a range +18500 +18600 2056 2007 0.0435
a range +18600 +18700 2006 9002 1103.3618
a range +18600 +18700 9002 2006 1103.3618
a range +18900 +19000 2017 2034 0.0282
a range +18900 +19000 2034 2017 0.0282
a range +18900 +19000 2040 2051 0.0284
a range +18900 +19000 2051 2040 0.0284
a range +19600 +19700 2002 2046 0.0433
a range +19600 +19700 2046 2002 0.0433
a range +19800 +19900 2009 2033 0.0431
a range +19800 +19900 2033 2009 0.0431
a range +19900 +20000 2016 2032 0.0213
a range +19900 +20000 2024 2025 0.0108
a range +19900 +20000 2025 2024 0.0108
a range +19900 +20000 2032 2016 0.0213
a range +20300 +20400 2008 2037 0.0323
a range +20300 +20400 2037 2008 0.0323
a range +20400 +20500 1001 9003 0.0591
a range +20400 +20500 2019 2042 0.043
a range +20400 +20500 2042 2019 0.043
a range +20400 +20500 9003 1001 0.0591
a range +20800 +20900 2003 2028 0.0327
a range +20800 +20900 2004 2035 0.0296
a range +20800 +20900 2028 2003 0.0327
a range +20800 +20900 2035 2004 0.0296
a range +21100 +21200 1004 2054 1102.9171
a range +21100 +21200 2018 2034 0.0209
a range +21100 +21200 2034 2018 0.0209
a range +21100 +21200 2054 1004 1102.9171
a range +21300 +21400 1002 2037 1102.7778
a range +21300 +21400 2037 1002 1102.7778
a range +21400 +21500 1002 2054 1103.3802
a range +21400 +21500 2054 1002 1103.3802
a range +21500 +21700 2021 2048 0.0314
a range +21500 +21700 2048 2021 0.0314
a range +21700 +21800 2009 2010 0.0108
a range +21700 +21800 2010 2009 0.0108
a range +21700 +21800 2038 2056 0.0359
a range +21700 +21800 2056 2038 0.0359
a range +21800 +21900 2004 2027 0.043
a range +21800 +21900 2027 2004 0.043
a range +22000 +22100 2009 2012 0.0303
a range +22000 +22100 2012 2009 0.0303
a range +22000 +22100 2021 2051 0.0369
a range +22000 +22100 2051 2021 0.0369
a range +22400 +22600 2020 2047 0.0219
a range +22400 +22600 2021 2037 0.0267
a range +22400 +22600 2026 2042 0.024
a range +22400 +22600 2037 2021 0.0267
a range +22400 +22600 2042 2026 0.024
a range +22400 +22600 2047 2020 0.0219
a range +22600 +22700 1003 2034 1102.9937
a range +22600 +22700 2034 1003 1102.9937
a range +23100 +23200 1001 2048 1102.6826
a range +23100 +23200 2013 2056 0.0431
a range +23100 +23200 2048 1001 1102.6826
a range +23100 +23200 2056 2013 0.0431
a range +23200 +23300 1004 2048 1102.9228
a range +23200 +23300 2007 2043 0.0432
a range +23200 +23300 2043 2007 0.0432
a range +23200 +23300 2048 1004 1102.9228
a range +23300 +23400 2036 2037 0.0108
a range +23300 +23400 2037 2036 0.0108
a range +23600 +23700 2013 2050 0.0434
a range +23600 +23700 2050 2013 0.0434
a range +23800 +23900 2031 2033 0.0211
a range +23800 +23900 2033 2031 0.0211
a range +23900 +24100 1003 2048 1103.1505
a range +23900 +24100 2048 1003 1103.1505
a range +24200 +24400 2042 2045 0.0327
a range +24200 +24400 2045 2042 0.0327
a range +24700 +24800 1003 2020 1102.9668
a range +24700 +24800 2020 1003 1102.9668
a range +24800 +25000 1004 2034 1102.9308
a range +24800 +25000 2034 1004 1102.9308
a range +25100 +25300 2017 2029 0.0245
a range +25100 +25300 2029 2017 0.0245
a range +25500 +25600 2014 2039 0.0296
a range +25500 +25600 2039 2014 0.0296
a range +25700 +25800 2004 2020 0.0209
a range +25700 +25800 2020 2004 0.0209
a range +25900 +26000 2009 2024 0.0157
a range +25900 +26000 2024 2009 0.0157
a range +26200 +26300 2030 2047 0.0284
a range +26200 +26300 2047 2030 0.0284
a range +26300 +26400 2052 2054 0.0211
a range +26300 +26400 2054 2052 0.0211
a range +26400 +26500 2003 2018 0.0111
a range +26400 +26500 2018 2003 0.0111
a range +26400 +26500 2052 2055 0.0303
a range +26400 +26500 2055 2052 0.0303
a range +26800 +26900 1002 2039 1103.3843
a range +26800 +26900 2007 2038 0.038
a range +26800 +26900 2038 2007 0.038
a range +26800 +26900 2039 1002 1103.3843
a range +26900 +27000 2033 2050 0.0325
a range +26900 +27000 2050 2033 0.0325
a range +27000 +27100 2009 2010 0.0108
a range +27000 +27100 2010 2009 0.0108
a range +28000 +28100 2001 2047 0.0432
a range +28000 +28100 2047 2001 0.0432
a range +28200 +28300 2017 2045 0.016
a range +28200 +28300 2045 2017 0.016
a range +28300 +28400 1004 2046 1102.9159
a range +28300 +28400 2046 1004 1102.9159
a range +28400 +28500 2010 2051 0.0432
a range +28400 +28500 2051 2010 0.0432
a range +28500 +28600 1004 2042 1102.8992
a range +28500 +28600 2042 1004 1102.8992
a range +28800 +28900 2008 2053 0.0431
a range +28800 +28900 2053 2008 0.0431
a range +29000 +29100 1003 2029 1103.1532
a range +29000 +29100 2029 1003 1103.1532
a range +29200 +29300 2016 2039 0.043
a range +29200 +29300 2023 2052 0.0236
a range +29200 +29300 2039 2016 0.043
a range +29200 +29300 2052 2023 0.0236
a range +29300 +29500 2026 2035 0.043
a range +29300 +29500 2035 2026 0.043
a range +29500 +29600 2013 2034 0.0434
a range +29500 +29600 2034 2013 0.0434
a range +29900 +30000 1002 2010 1103.3742
a range +29900 +30000 2010 1002 1103.3742
a range +30500 +30600 1002 2010 1103.3742
a range +30500 +30600 2010 1002 1103.3742
a range +30500 +30600 2041 2053 0.0209
a range +30500 +30600 2053 2041 0.0209
a range +30800 +30900 2009 2044 0.0433
a range +30800 +30900 2044 2009 0.0433
a range +30900 +31000 2038 2052 0.0086
a range +30900 +31000 2042 2056 0.018
a range +30900 +31000 2052 2038 0.0086
a range +30900 +31000 2056 2042 0.018
a range +31100 +31200 2013 2030 0.0404
a range +31100 +31200 2030 2013 0.0404
a range +31300 +31400 1002 2010 1103.3742
a range +31300 +31400 2010 1002 1103.3742
a range +31500 +31600 2002 2014 0.0211
a range +31500 +31600 2009 2042 0.0433
a range +31500 +31600 2014 2002 0.0211
a range +31500 +31600 2042 2009 0.0433
a range +32100 +32200 1003 2010 1103.1362
a range +32100 +32200 2010 1003 1103.1362
a range +32300 +32400 2006 9002 1103.3618
a range +32300 +32400 2018 2053 0.0434
a range +32300 +32400 2053 2018 0.0434
a range +32300 +32400 9002 2006 1103.3618
a range +32400 +32500 2022 2050 0.0337
a range +32400 +32500 2050 2022 0.0337
a range +32500 +32600 2005 9002 1103.3617
a range +32500 +32600 9002 2005 1103.3617
a range +32600 +32700 2022 2035 0.0211
a range +32600 +32700 2035 2022 0.0211
a range +33000 +33100 2031 2041 0.038
a range +33000 +33100 2041 2031 0.038
a range +33500 +33600 2023 2035 0.0267
a range +33500 +33600 2035 2023 0.0267
a range +33700 +33800 2007 2022 0.0211
a range +33700 +33800 2022 2007 0.0211
a range +33800 +33900 2019 2035 0.024
a range +33800 +33900 2035 2019 0.024
a range +34300 +34400 1004 2010 1103.8169
a range +34300 +34400 2010 1004 1103.8169
a range +34300 +34400 2016 2030 0.0149
a range +34300 +34400 2030 2016 0.0149
a range +34900 +35000 2016 2018 0.0211
a range +34900 +35000 2018 2016 0.0211
a range +35200 +35300 2029 2056 0.0211
a range +35200 +35300 2056 2029 0.0211
a range +35500 +35600 1001 2010 1103.6066
a range +35500 +35600 2010 1001 1103.6066
a range +35500 +35600 2012 2056 0.0432
a range +35500 +35600 2056 2012 0.0432
a range +35600 +35700 2025 2048 0.0431
a range +35600 +35700 2048 2025 0.0431
a range +35900 +36000 2021 2035 0.018
a range +35900 +36000 2035 2021 0.018
a range +36100 +36200 2027 9003 1103.3109
a range +36100 +36200 9003 2027 1103.3109
a range +36300 +36400 2007 2030 0.0432
a range +36300 +36400 2030 2007 0.0432
a range +36400 +36500 2022 2033 0.0325
a range +36400 +36500 2033 2022 0.0325
a range +36400 +36500 2041 2054 0.0149
a range +36400 +36500 2054 2041 0.0149
a range +36500 +36600 2015 2044 0.0323
a range +36500 +36600 2020 2037 0.0336
a range +36500 +36600 2037 2020 0.0336
a range +36500 +36600 2044 2015 0.0323
a range +37300 +37400 1002 2010 1103.3742
a range +37300 +37400 2010 1002 1103.3742
a range +37600 +37700 2019 2030 0.0284
a range +37600 +37700 2030 2019 0.0284
a range +37900 +38000 2012 2026 0.0075
a range +37900 +38000 2017 2019 0.0211
a range +37900 +38000 2019 2017 0.0211
a range +37900 +38000 2026 2012 0.0075
a range +38000 +38100 2019 2033 0.0075
a range +38000 +38100 2033 2019 0.0075
a range +38300 +38400 1004 2006 1103.8332
a range +38300 +38400 2006 1004 1103.8332
a range +38400 +38500 1003 2006 1104.0433
a range +38400 +38500 2006 1003 1104.0433
a range +38600 +38700 2004 9003 1104.7553
a range +38600 +38700 9003 2004 1104.7553
a range +38700 +38800 2049 2050 0.0108
a range +38700 +38800 2050 2049 0.0108
a range +39000 +39100 2015 2039 0.0378
a range +39000 +39100 2039 2015 0.0378
a range +39100 +39200 2038 2041 0.0303
a range +39100 +39200 2041 2038 0.0303
a range +39300 +39400 1004 2055 1103.8177
a range +39300 +39400 2055 1004 1103.8177
a range +39400 +39500 2032 2047 0.0106
a range +39400 +39500 2047 2032 0.0106
a range +39700 +39800 2007 2047 0.0432
a range +39700 +39800 2047 2007 0.0432
a range +39800 +39900 2025 2043 0.0431
a range +39800 +39900 2043 2025 0.0431
a range +40100 +40200 1004 2006 1103.8332
a range +40100 +40200 2006 1004 1103.8332
a range +40200 +40300 1004 2055 1103.8177
a range +40200 +40300 2036 2048 0.0265
a range +40200 +40300 2048 2036 0.0265
a range +40200 +40300 2055 1004 1103.8177
a range +40700 +40800 1003 2055 1104.0586
a range +40700 +40800 2025 2047 0.0433
a range +40700 +40800 2047 2025 0.0433
a range +40700 +40800 2055 1003 1104.0586
a range +40800 +40900 2001 2014 0.0108
a range +40800 +40900 2014 2001 0.0108
a range +41100 +41200 2012 2039 0.01
a range +41100 +41200 2039 2012 0.01
a range +41200 +41300 2011 2040 0.01
a range +41200 +41300 2028 2030 0.0267
a range +41200 +41300 2030 2028 0.0267
a range +41200 +41300 2032 2034 0.0211
a range +41200 +41300 2034 2032 0.0211
a range +41200 +41300 2040 2011 0.01
a range +41300 +41400 2038 2050 0.0245
a range +41300 +41400 2050 2038 0.0245
a range +41400 +41500 1001 2010 1103.6066
a range +41400 +41500 2010 1001 1103.6066
a range +41900 +42000 2002 9003 1104.7643
a range +41900 +42000 9003 2002 1104.7643
a range +42000 +42100 2005 9002 1103.3617
a range +42000 +42100 9002 2005 1103.3617
a range +42200 +42300 1001 2055 1103.5955
a range +42200 +42300 2007 2025 0.0381
a range +42200 +42300 2025 2007 0.0381
a range +42200 +42300 2055 1001 1103.5955
a range +42900 +43000 1001 2023 1103.5772
a range +42900 +43000 2023 1001 1103.5772
a range +42900 +43000 2054 2055 0.0108
a range +42900 +43000 2055 2054 0.0108
a range +43000 +43200 1001 2019 1103.5911
a range +43100 +43200 2008 2025 0.0305
a range +43000 +43200 2019 1001 1103.5911
a range +43100 +43200 2025 2008 0.0305
a range +43200 +43300 2018 2049 0.0296
a range +43200 +43300 2024 2052 0.016
a range +43200 +43300 2049 2018 0.0296
a range +43200 +43300 2052 2024 0.016
a range +43800 +43900 2014 2017 0.0327
a range +43800 +43900 2017 2014 0.0327
a range +43800 +43900 2027 2045 0.043
a range +43800 +43900 2045 2027 0.043
a range +44000 +44100 2032 2045 0.0111
a range +44000 +44100 2045 2032 0.0111
a range +44000 +44300 1002 2040 1104.1378
a range +44100 +44300 1004 2019 1103.7807
a range +44100 +44300 2019 1004 1103.7807
a range +44000 +44300 2040 1002 1104.1378
a range +44300 +44400 2018 2050 0.043
a range +44300 +44400 2050 2018 0.043
a range +44600 +44700 1002 2034 1103.6689
a range +44600 +44700 2034 1002 1103.6689
a range +45000 +45200 2036 2053 0.0305
a range +45000 +45200 2053 2036 0.0305
a range +45200 +45300 2009 2049 0.0431
a range +45200 +45300 2049 2009 0.0431
a range +45400 +45500 2005 2019 0.0075
a range +45400 +45500 2019 2005 0.0075
a range +45400 +45500 2036 2047 0.0325
a range +45400 +45500 2047 2036 0.0325
a range +45900 +46000 2001 2011 0.038
a range +45900 +46000 2011 2001 0.038
a range +46200 +46300 2005 2020 0.0149
a range +46200 +46300 2020 2005 0.0149
a range +46200 +46300 2028 2037 0.0431
a range +46200 +46300 2037 2028 0.0431
a range +46400 +46500 2009 2027 0.0351
a range +46400 +46500 2018 2053 0.0433
a range +46400 +46500 2027 2009 0.0351
a range +46400 +46500 2053 2018 0.0433
a range +46700 +46800 2004 2035 0.0296
a range +46700 +46800 2035 2004 0.0296
a range +47400 +47500 2021 2056 0.0433
a range +47400 +47500 2056 2021 0.0433
a range +47600 +47700 2004 2030 0.0218
a range +47600 +47700 2030 2004 0.0218
a range +47700 +47900 2010 2026 0.0195
a range +47700 +47900 2026 2010 0.0195
a range +48300 +48400 2032 2050 0.0378
a range +48300 +48400 2050 2032 0.0378
a range +48400 +48500 2044 2046 0.0211
a range +48400 +48500 2046 2044 0.0211
a range +48700 +48800 2003 2017 0.0086
a range +48700 +48800 2017 2003 0.0086
a range +49100 +49200 2019 2055 0.043
a range +49100 +49200 2023 9003 1104.2406
a range +49100 +49200 2055 2019 0.043
a range +49100 +49200 9003 2023 1104.2406
a range +49800 +50000 2009 2044 0.0436
a range +49800 +50000 2044 2009 0.0436
a range +50200 +50300 1004 2050 1103.8253
a range +50200 +50300 2004 2044 0.0434
a range +50200 +50300 2044 2004 0.0434
a range +50200 +50300 2050 1004 1103.8253
a range +50600 +50700 2035 2036 0.0108
a range +50600 +50700 2036 2035 0.0108
a range +50700 +50800 2002 2027 0.0336
a range +50700 +50800 2027 2002 0.0336
a range +50800 +50900 2021 2044 0.0431
a range +50800 +50900 2044 2021 0.0431
a range +51100 +51200 2019 2038 0.0431
a range +51100 +51200 2038 2019 0.0431
a range +51700 +51800 2040 2041 0.0108
a range +51700 +51800 2041 2040 0.0108
a range +51800 +51900 2001 2026 0.0325
a range +51800 +51900 2011 2029 0.0431
a range +51800 +51900 2026 2001 0.0325
a range +51800 +51900 2029 2011 0.0431
a range +52000 +52100 2009 2023 0.0149
a range +52000 +52100 2023 2009 0.0149
a range +52000 +52100 2028 2043 0.0352
a range +52000 +52100 2043 2028 0.0352
a range +53000 +53100 2021 9003 1104.3473
a range +53000 +53100 9003 2021 1104.3473
a range +53100 +53200 2010 2029 0.0431
a range +53100 +53200 2029 2010 0.0431
a range +53100 +53200 2037 2047 0.0394
a range +53100 +53200 2047 2037 0.0394
a range +53200 +53300 2023 2054 0.0231
a range +53200 +53300 2054 2023 0.0231
a range +53300 +53400 2011 2040 0.01
a range +53300 +53400 2040 2011 0.01
a range +53500 +53600 2002 2025 0.043
a range +53500 +53600 2025 2002 0.043
a range +53600 +53700 2013 2027 0.0141
a range +53600 +53700 2015 2038 0.0431
a range +53600 +53700 2027 2013 0.0141
a range +53600 +53700 2038 2015 0.0431
a range +53800 +53900 2005 2029 0.0431
a range +53800 +53900 2029 2005 0.0431
a range +54400 +54500 2002 2049 0.043
a range +54400 +54500 2049 2002 0.043
a range +55100 +55200 2007 2017 0.0359
a range +55100 +55200 2017 2007 0.0359
a range +55100 +55300 1001 2056 1104.5001
a range +55100 +55300 2056 1001 1104.5001
a range +55400 +55500 2029 2054 0.0325
a range +55400 +55500 2054 2029 0.0325
a range +55500 +55600 2036 2054 0.0361
a range +55500 +55600 2054 2036 0.0361
a range +55700 +55800 2010 2047 0.0433
a range +55700 +55800 2047 2010 0.0433
a range +55900 +56000 2024 2034 0.0395
a range +55900 +56000 2034 2024 0.0395
a range +56000 +56100 2005 2023 0.0394
a range +56000 +56100 2023 2005 0.0394
a range +56100 +56200 1002 2012 1104.2856
a range +56100 +56200 2012 1002 1104.2856
a range +56200 +56300 1003 2056 1104.06
a range +56200 +56300 2056 1003 1104.06
a range +56400 +56500 2024 2047 0.0431
a range +56400 +56500 2047 2024 0.0431
a range +56600 +56700 1004 2056 1104.7408
a range +56600 +56700 2011 2040 0.01
a range +56600 +56700 2040 2011 0.01
a range +56600 +56700 2056 1004 1104.7408
a range +56700 +56800 1002 2052 1104.2874
a range +56700 +56800 2052 1002 1104.2874
a range +57000 +57100 2010 2024 0.0086
a range +57000 +57100 2024 2010 0.0086
a range +57100 +57200 2032 2051 0.043
a range +57100 +57200 2051 2032 0.043
a range +57300 +57400 2011 2035 0.043
a range +57300 +57400 2035 2011 0.043
a range +57400 +57500 1002 2052 1104.2874
a range +57400 +57500 2052 1002 1104.2874
a range +57700 +57800 1002 2012 1104.2856
a range +57700 +57800 2012 1002 1104.2856
a range +57800 +57900 2004 2049 0.0434
a range +57800 +57900 2014 2041 0.0314
a range +57800 +57900 2023 2039 0.0213
a range +57800 +57900 2039 2023 0.0213
a range +57800 +57900 2041 2014 0.0314
a range +57800 +57900 2049 2004 0.0434
a range +57900 +58000 1004 2052 1104.7282
a range +57900 +58000 2024 2039 0.0111
a range +57900 +58000 2039 2024 0.0111
a range +57900 +58000 2052 1004 1104.7282
a range +58500 +58600 1002 2052 1104.2874
a range +58500 +58600 2052 1002 1104.2874
a range +58700 +58800 2035 2038 0.0303
a range +58700 +58800 2038 2035 0.0303
a range +58800 +58900 1002 2012 1104.2856
a range +58800 +58900 2012 1002 1104.2856
a range +59300 +59400 2021 2051 0.0369
a range +59300 +59400 2051 2021 0.0369
a range +59500 +59600 2040 2041 0.0108
a range +59500 +59600 2041 2040 0.0108
a range +59600 +59700 1002 2056 1104.2774
a range +59600 +59700 2056 1002 1104.2774
a range +59700 +59800 2042 2055 0.0192
a range +59700 +59800 2046 9003 1104.7561
a range +59700 +59800 2055 2042 0.0192
a range +59700 +59800 9003 2046 1104.7561
a range +59800 +59900 2023 2047 0.043
a range +59800 +59900 2042 2053 0.0301
a range +59800 +59900 2047 2023 0.043
a range +59800 +59900 2053 2042 0.0301
a range +60400 +60500 2017 2041 0.0395
a range +60400 +60500 2041 2017 0.0395
a range +60700 +60800 2028 2029 0.0211
a range +60700 +60800 2029 2028 0.0211
a range +60800 +60900 2007 2035 0.0332
a range +60800 +60900 2035 2007 0.0332
a range +60900 +61000 1004 2012 1104.7353
a range +60900 +61000 2012 1004 1104.7353
a range +61100 +61200 1002 2012 1104.2856
a range +61100 +61200 2012 1002 1104.2856
a range +61100 +61200 2040 2051 0.0284
a range +61100 +61200 2051 2040 0.0284
a range +61300 +61400 2014 2030 0.0369
a range +61300 +61400 2030 2014 0.0369
a range +61400 +61500 2013 2055 0.043
a range +61400 +61500 2029 2030 0.0108
a range +61400 +61500 2030 2029 0.0108
a range +61400 +61500 2055 2013 0.043
a range +61500 +61600 1004 2048 1104.7293
a range +61500 +61600 2048 1004 1104.7293
a range +62100 +62200 1003 2012 1104.9657
a range +62100 +62200 2012 1003 1104.9657
a range +62200 +62300 2034 2051 0.0336
a range +62200 +62300 2051 2034 0.0336
a range +62300 +62400 2017 2019 0.0211
a range +62300 +62400 2019 2017 0.0211
a range +62700 +62800 1004 2052 1104.7282
a range +62700 +62800 2052 1004 1104.7282
a range +63200 +63300 2011 2025 0.0006
a range +63200 +63300 2025 2011 0.0006
a range +63400 +63500 1004 2056 1104.7408
a range +63400 +63500 2056 1004 1104.7408
a range +63500 +63600 2011 2041 0.0203
a range +63500 +63600 2041 2011 0.0203
a range +63600 +63700 2015 2051 0.0434
a range +63600 +63700 2051 2015 0.0434
a range +63700 +63800 1001 2012 1104.4965
a range +63700 +63800 2012 1001 1104.4965
a range +63800 +63900 1004 2012 1104.7353
a range +63800 +63900 2012 1004 1104.7353
a range +63900 +64000 1003 2012 1104.9657
a range +63900 +64000 2012 1003 1104.9657
a range +63900 +64000 2032 2047 0.0106
a range +63900 +64000 2047 2032 0.0106
a range +64000 +64100 2031 2033 0.0211
a range +64000 +64100 2033 2031 0.0211
a range +64200 +64300 1004 2056 1104.7408
a range +64200 +64300 2024 2054 0.0149
a range +64200 +64300 2054 2024 0.0149
a range +64200 +64300 2056 1004 1104.7408
a range +64600 +64800 2028 2051 0.0432
a range +64600 +64800 2030 2033 0.0303
a range +64600 +64800 2033 2030 0.0303
a range +64600 +64800 2051 2028 0.0432
a range +64800 +64900 2026 2028 0.0211
a range +64800 +64900 2028 2026 0.0211
a range +64900 +65000 2007 2043 0.0436
a range +64900 +65000 2043 2007 0.0436
a range +65100 +65200 2006 2023 0.0336
a range +65100 +65200 2011 2055 0.0431
a range +65100 +65200 2023 2006 0.0336
a range +65100 +65200 2055 2011 0.0431
a range +65200 +65300 2021 2035 0.018
a range +65200 +65300 2035 2021 0.018
a range +65300 +65400 2014 2043 0.0433
a range +65300 +65400 2043 2014 0.0433
a range +65700 +65800 2041 2050 0.0431
a range +65700 +65800 2050 2041 0.0431
a range +65800 +65900 2015 2034 0.0431
a range +65800 +65900 2034 2015 0.0431
a range +65900 +66000 2010 2035 0.038
a range +65900 +66000 2035 2010 0.038
a range +66200 +66300 2036 2055 0.0431
a range +66200 +66300 2055 2036 0.0431
a range +66400 +66500 2011 2025 0.0006
a range +66400 +66500 2025 2011 0.0006
a range +66500 +66700 1001 2048 1104.5146
a range +66600 +66700 2007 2017 0.0359
a range +66600 +66700 2017 2007 0.0359
a range +66500 +66700 2048 1001 1104.5146
a range +66800 +66900 2040 2043 0.0325
a range +66800 +66900 2043 2040 0.0325
a range +67000 +67100 2022 2047 0.0372
a range +67000 +67100 2047 2022 0.0372
a range +67300 +67400 2010 2021 0.0327
a range +67300 +67400 2020 2023 0.0303
a range +67300 +67400 2021 2010 0.0327
a range +67300 +67400 2023 2020 0.0303
a range +67400 +67500 1004 2056 1104.7408
a range +67400 +67500 2031 2033 0.0211
a range +67400 +67500 2033 2031 0.0211
a range +67400 +67500 2056 1004 1104.7408
a range +67600 +67700 2013 2047 0.043
a range +67600 +67700 2018 2031 0.0111
a range +67600 +67700 2031 2018 0.0111
a range +67600 +67700 2047 2013 0.043
a range +67800 +67900 2032 2033 0.0108
a range +67800 +67900 2033 2032 0.0108
a range +68100 +68200 1004 2052 1104.7282
a range +68100 +68200 2043 2055 0.0211
a range +68100 +68200 2052 1004 1104.7282
a range +68100 +68200 2055 2043 0.0211
a range +68500 +68600 1004 2056 1104.7408
a range +68500 +68600 2020 2021 0.0108
a range +68500 +68600 2021 2020 0.0108
a range +68500 +68600 2056 1004 1104.7408
a range +68700 +68800 2041 2054 0.0149
a range +68700 +68800 2054 2041 0.0149
a range +68900 +69000 2036 2046 0.0378
a range +68900 +69000 2046 2036 0.0378
a range +69100 +69200 2020 2050 0.0364
a range +69100 +69200 2050 2020 0.0364
a range +69300 +69400 1002 2052 1105.1174
a range +69300 +69400 1004 2056 1104.7408
a range +69300 +69400 2023 2054 0.0231
a range +69300 +69400 2052 1002 1105.1174
a range +69300 +69400 2054 2023 0.0231
a range +69300 +69400 2056 1004 1104.7408
a range +69400 +69500 2013 2043 0.0434
a range +69400 +69500 2014 2051 0.0435
a range +69400 +69500 2043 2013 0.0434
a range +69400 +69500 2051 2014 0.0435
a range +69700 +69900 1003 2052 1104.9641
a range +69700 +69900 2052 1003 1104.9641
a range +69900 +70000 1004 2052 1104.7282
a range +69900 +70000 2052 1004 1104.7282
a range +70000 +70200 2030 2041 0.0303
a range +70000 +70200 2041 2030 0.0303
a range +70300 +70500 1004 2012 1104.7353
a range +70300 +70500 2012 1004 1104.7353
a range +70400 +70500 2020 2030 0.0351
a range +70400 +70500 2030 2020 0.0351
a range +70800 +70900 2007 2024 0.0327
a range +70800 +70900 2024 2007 0.0327
a range +71000 +71100 1003 2012 1104.9657
a range +71000 +71100 2006 2029 0.0431
a range +71000 +71100 2012 1003 1104.9657
a range +71000 +71100 2029 2006 0.0431
a range +71200 +71300 1003 2048 1104.9518
a range +71100 +71300 1004 2012 1104.7353
a range +71100 +71300 2012 1004 1104.7353
a range +71200 +71300 2048 1003 1104.9518
a range +71300 +71400 2033 2046 0.0106
a range +71300 +71400 2046 2033 0.0106
a range +71400 +71500 2025 2041 0.0209
a range +71400 +71500 2041 2025 0.0209
a range +71600 +71700 1003 2052 1104.9641
a range +71600 +71700 2052 1003 1104.9641
a range +71800 +71900 2001 9001 1105.0474
a range +71800 +71900 9001 2001 1105.0474
a range +71900 +72000 1004 2012 1104.7353
a range +71900 +72000 2012 1004 1104.7353
a range +71900 +72000 2024 2043 0.0433
a range +71900 +72000 2043 2024 0.0433
a range +72000 +72100 2033 2036 0.0303
a range +72000 +72100 2036 2033 0.0303
a range +72100 +72200 2030 2033 0.0303
a range +72100 +72200 2033 2030 0.0303
a range +72300 +72400 2007 2039 0.0431
a range +72300 +72400 2039 2007 0.0431
a range +72500 +72600 1004 2012 1104.7353
a range +72500 +72600 2012 1004 1104.7353
a range +72600 +72700 2001 9001 1105.0474
a range +72600 +72700 9001 2001 1105.0474
a range +72800 +72900 2039 2050 0.0305
a range +72800 +72900 2050 2039 0.0305
a range +73100 +73200 1002 2048 1105.1195
a range +73100 +73200 1003 2052 1104.9641
a range +73100 +73200 2048 1002 1105.1195
a range +73100 +73200 2052 1003 1104.9641
a range +73200 +73300 1001 2012 1105.0257
a range +73200 +73300 2012 1001 1105.0257
a range +73200 +73300 2015 2032 0.0305
a range +73200 +73300 2032 2015 0.0305
a range +73300 +73400 1004 2012 1104.7353
a range +73300 +73400 2012 1004 1104.7353
a range +73400 +73500 1002 2052 1105.1174
a range +73400 +73500 2011 2029 0.0431
a range +73400 +73500 2029 2011 0.0431
a range +73400 +73500 2052 1002 1105.1174
a range +73500 +73600 2023 2055 0.0431
a range +73500 +73600 2055 2023 0.0431
a range +73600 +73700 1004 2048 1104.7293
a range +73600 +73700 2018 2036 0.0378
a range +73600 +73700 2022 2040 0.0361
a range +73600 +73700 2029 2055 0.0265
a range +73600 +73700 2036 2018 0.0378
a range +73600 +73700 2040 2022 0.0361
a range +73600 +73700 2048 1004 1104.7293
a range +73600 +73700 2055 2029 0.0265
a range +73700 +73800 2009 2028 0.0431
a range +73700 +73800 2028 2009 0.0431
a range +73800 +73900 2026 2043 0.0372
a range +73800 +73900 2043 2026 0.0372
a range +74000 +74100 2006 2045 0.0434
a range +74000 +74100 2021 2036 0.0211
a range +74000 +74100 2036 2021 0.0211
a range +74000 +74100 2045 2006 0.0434
a range +74100 +74200 1003 2052 1104.9641
a range +74100 +74200 2019 2033 0.0075
a range +74100 +74200 2033 2019 0.0075
a range +74100 +74200 2052 1003 1104.9641
a range +74600 +74700 1003 2038 1104.9769
a range +74600 +74700 1004 2048 1104.7293
a range +74600 +74700 2002 2042 0.0369
a range +74600 +74700 2017 2040 0.043
a range +74600 +74700 2038 1003 1104.9769
a range +74600 +74700 2040 2017 0.043
a range +74600 +74700 2042 2002 0.0369
a range +74600 +74700 2048 1004 1104.7293
a range +74700 +74800 2022 2023 0.0108
a range +74700 +74800 2023 2022 0.0108
a range +74800 +74900 1002 2052 1105.1174
a range +74800 +74900 2052 1002 1105.1174
a range +74900 +75000 1003 2052 1104.9641
a range +74900 +75000 2052 1003 1104.9641
a range +75000 +75100 2002 2056 0.0431
a range +75000 +75100 2056 2002 0.0431
a range +75200 +75300 2009 2027 0.0351
a range +75200 +75300 2027 2009 0.0351
a range +75300 +75400 2019 2036 0.0325
a range +75300 +75400 2023 2040 0.0284
a range +75300 +75400 2036 2019 0.0325
a range +75300 +75400 2040 2023 0.0284
a range +75600 +75700 2010 2051 0.043
a range +75600 +75700 2011 2026 0.0106
a range +75600 +75700 2026 2011 0.0106
a range +75600 +75700 2051 2010 0.043
a range +75800 +75900 2010 2046 0.043
a range +75800 +75900 2046 2010 0.043
a range +75900 +76000 1002 2053 1105.1139
a range +75900 +76000 2053 1002 1105.1139
a range +76000 +76100 2013 2015 0.0265
a range +76000 +76100 2015 2013 0.0265
a range +76100 +76200 1002 2012 1105.1094
a range +76100 +76200 2012 1002 1105.1094
a range +76200 +76300 2007 2039 0.0431
a range +76200 +76300 2039 2007 0.0431
a range +76500 +76600 1002 2052 1105.1174
a range +76500 +76600 2052 1002 1105.1174
a range +76600 +76700 1002 2048 1105.1195
a range +76600 +76700 2048 1002 1105.1195
a range +76700 +76800 1003 2052 1104.9641
a range +76700 +76800 2011 2030 0.0431
a range +76700 +76800 2030 2011 0.0431
a range +76700 +76800 2052 1003 1104.9641
a range +76900 +77000 2014 2030 0.0369
a range +76900 +77000 2030 2014 0.0369
a range +77100 +77200 1002 2038 1104.9339
a range +77100 +77200 2038 1002 1104.9339
a range +77500 +77600 2022 2054 0.043
a range +77500 +77600 2054 2022 0.043
a range +77600 +77700 1002 2038 1104.9339
a range +77600 +77700 2038 1002 1104.9339
a range +78400 +78600 2023 9001 1104.9654
a range +78400 +78600 9001 2023 1104.9654
a range +78600 +78700 2040 2055 0.0149
a range +78600 +78700 2055 2040 0.0149
a range +79300 +79400 2006 2021 0.0192
a range +79300 +79400 2009 9001 1105.066
a range +79300 +79400 2021 2006 0.0192
a range +79300 +79400 9001 2009 1105.066
a range +79700 +79800 2017 2030 0.0157
a range +79700 +79800 2030 2017 0.0157
a range +79700 +79800 2035 2036 0.0108
a range +79700 +79800 2036 2035 0.0108
a range +79800 +79900 1002 2038 1104.9339
a range +79800 +79900 2010 2026 0.0195
a range +79800 +79900 2026 2010 0.0195
a range +79800 +79900 2038 1002 1104.9339
a range +80200 +80300 1004 2038 1104.9581
a range +80200 +80300 2038 1004 1104.9581
a range +80300 +80400 2043 2054 0.0303
a range +80300 +80400 2054 2043 0.0303
a range +80700 +80800 2036 2047 0.0325
a range +80700 +80800 2047 2036 0.0325
a range +80800 +80900 2008 2039 0.0309
a range +80800 +80900 2039 2008 0.0309
a range +81000 +81100 2003 2053 0.0435
a range +81000 +81100 2006 2019 0.0149
a range +81000 +81100 2019 2006 0.0149
a range +81000 +81100 2053 2003 0.0435
a range +81300 +81400 2004 2042 0.0431
a range +81300 +81400 2042 2004 0.0431
a range +81400 +81500 2020 9001 1105.0749
a range +81400 +81500 9001 2020 1105.0749
a range +82700 +82800 2015 2052 0.0371
a range +82700 +82800 2052 2015 0.0371
a range +82800 +82900 2016 2032 0.0213
a range +82800 +82900 2032 2016 0.0213
a range +83400 +83500 2014 9001 1105.0476
a range +83400 +83500 9001 2014 1105.0476
a range +84200 +84300 2016 2019 0.0303
a range +84200 +84300 2019 2016 0.0303
a range +84400 +84500 2003 2053 0.0435
a range +84400 +84500 2053 2003 0.0435
a range +84700 +84800 2004 2038 0.0431
a range +84700 +84800 2038 2004 0.0431
a range +85400 +85600 2008 2040 0.0312
a range +85400 +85600 2029 2047 0.0361
a range +85400 +85600 2040 2008 0.0312
a range +85400 +85600 2047 2029 0.0361
a range +85600 +85700 2001 2028 0.0211
a range +85600 +85700 2028 2001 0.0211
a range +86000 +86100 1002 2024 1105.1242
a range +86000 +86100 2024 1002 1105.1242
a range +86200 +86300 2015 2054 0.0372
a range +86200 +86300 2054 2015 0.0372
a range +86300 +86400 2029 2045 0.0245
a range +86300 +86400 2045 2029 0.0245
