a contact +300 +400 2016 2017 1000
a contact +300 +400 2017 2016 1000
a contact +600 +700 2011 2025 1000
a contact +600 +700 2025 2011 1000
a contact +1000 +1200 2014 2025 1000
a contact +1000 +1200 2025 2014 1000
a contact +1300 +1500 2010 2017 1000
a contact +1300 +1500 2017 2010 1000
a contact +1700 +1900 2015 2027 1000
a contact +1700 +1900 2027 2015 1000
a contact +2400 +2600 1001 2016 1000
a contact +2400 +2600 2005 2013 1000
a contact +2400 +2600 2013 2005 1000
a contact +2400 +2600 2016 1001 1000
a contact +2600 +2700 2022 9001 1000
a contact +2600 +2700 9001 2022 1000
a contact +3200 +3300 1002 2010 1000
a contact +3200 +3300 2010 1002 1000
a contact +3200 +3300 2021 2027 1000
a contact +3200 +3300 2027 2021 1000
a contact +3500 +3700 1001 2010 1000
a contact +3500 +3700 2010 1001 1000
a contact +3700 +3900 1002 2007 1000
a contact +3700 +3900 2007 1002 1000
a contact +4000 +4200 1001 2007 1000
a contact +4000 +4200 2007 1001 1000
a contact +5300 +5400 2022 2027 1000
a contact +5300 +5400 2027 2022 1000
a contact +5900 +6100 1002 2016 1000
a contact +5900 +6100 2016 1002 1000
a contact +6400 +6600 2006 2007 1000
a contact +6400 +6600 2007 2006 1000
a contact +6600 +6700 2012 2013 1000
a contact +6600 +6700 2013 2012 1000
a contact +6600 +6700 2020 2025 1000
a contact +6600 +6700 2025 2020 1000
a contact +6700 +6900 2015 2022 1000
a contact +6700 +6900 2022 2015 1000
a contact +6900 +7000 1001 2008 1000
a contact +6900 +7000 2008 1001 1000
a contact +7000 +7100 1002 2008 1000
a contact +7000 +7100 2008 1002 1000
a contact +7500 +7600 2019 2027 1000
a contact +7500 +7600 2027 2019 1000
a contact +7800 +8000 2017 2026 1000
a contact +7800 +8000 2026 2017 1000
a contact +8000 +8100 2015 2028 1000
a contact +8000 +8100 2028 2015 1000
a contact +8200 +8400 2011 9001 1000
a contact +8200 +8400 9001 2011 1000
a contact +8400 +8500 2005 2018 1000
a contact +8400 +8500 2018 2005 1000
a contact +9100 +9300 1002 2013 1000
a contact +9100 +9300 2013 1002 1000
a contact +9600 +9700 1002 2005 1000
a contact +9600 +9700 2005 1002 1000
a contact +9600 +9700 2023 9002 1000
a contact +9600 +9700 9002 2023 1000
a contact +9700 +9800 2013 2026 1000
a contact +9700 +9800 2026 2013 1000
a contact +10000 +10200 2018 2024 1000
a contact +10000 +10200 2024 2018 1000
a contact +10200 +10300 2006 2020 1000
a contact +10200 +10300 2020 2006 1000
a contact +10300 +10500 1001 2028 1000
a contact +10300 +10500 2020 2025 1000
a contact +10300 +10500 2025 2020 1000
a contact +10300 +10500 2028 1001 1000
a contact +10500 +10700 2011 2023 1000
a contact +10500 +10700 2023 2011 1000
a contact +10900 +11100 1001 2012 1000
a contact +10900 +11100 2012 1001 1000
a contact +11100 +11200 2001 2021 1000
a contact +11100 +11200 2021 2001 1000
a contact +11300 +11500 1002 2008 1000
a contact +11300 +11500 2008 1002 1000
a contact +11500 +11600 2021 9001 1000
a contact +11500 +11600 9001 2021 1000
a contact +11800 +12000 2012 2021 1000
a contact +11800 +12000 2013 2018 1000
a contact +11800 +12000 2018 2013 1000
a contact +11800 +12000 2021 2012 1000
a contact +12100 +12300 2005 2025 1000
a contact +12100 +12300 2025 2005 1000
a contact +12300 +12400 2004 9002 1000
a contact +12300 +12400 9002 2004 1000
a contact +13200 +13400 2010 2025 1000
a contact +13200 +13400 2025 2010 1000
a contact +13500 +13600 2003 2019 1000
a contact +13500 +13600 2007 2014 1000
a contact +13500 +13600 2014 2007 1000
a contact +13500 +13600 2019 2003 1000
a contact +13600 +13800 1001 2020 1000
a contact +13600 +13800 2009 2010 1000
a contact +13600 +13800 2010 2009 1000
a contact +13600 +13800 2020 1001 1000
a contact +14000 +14200 2006 2015 1000
a contact +14000 +14200 2015 2006 1000
a contact +14200 +14300 2012 2017 1000
a contact +14200 +14300 2017 2012 1000
a contact +14700 +14800 2010 2018 1000
a contact +14700 +14800 2018 2010 1000
a contact +15100 +15200 2011 2025 1000
a contact +15100 +15200 2025 2011 1000
a contact +15300 +15400 2009 2017 1000
a contact +15300 +15400 2017 2009 1000
a contact +15600 +15800 2007 2013 1000
a contact +15600 +15800 2013 2007 1000
a contact +16100 +16200 2005 2013 1000
a contact +16100 +16200 2013 2005 1000
a contact +16200 +16300 2002 2014 1000
a contact +16200 +16300 2014 2002 1000
a contact +16200 +16300 2017 2023 1000
a contact +16200 +16300 2023 2017 1000
a contact +16300 +16400 2005 2022 1000
a contact +16300 +16400 2022 2005 1000
a contact +16400 +16500 2025 2026 1000
a contact +16400 +16500 2026 2025 1000
a contact +16600 +16700 1002 9001 1000
a contact +16600 +16700 9001 1002 1000
a contact +16900 +17000 2006 2007 1000
a contact +16900 +17000 2007 2006 1000
a contact +16900 +17000 2022 2023 1000
a contact +16900 +17000 2023 2022 1000
a contact +17200 +17400 2021 2022 1000
a contact +17200 +17400 2022 2021 1000
a contact +17800 +17900 2019 2025 1000
a contact +17800 +17900 2025 2019 1000
a contact +18100 +18200 1002 2016 1000
a contact +18100 +18200 2016 1002 1000
a contact +18900 +19000 2007 9002 1000
a contact +18900 +19000 9002 2007 1000
a contact +19000 +19200 1001 2011 1000
a contact +19000 +19200 2011 1001 1000
a contact +20600 +20800 2005 2014 1000
a contact +20600 +20800 2014 2005 1000
a contact +20800 +20900 1002 9001 1000
a contact +20800 +20900 9001 1002 1000
a contact +21000 +21200 2018 2024 1000
a contact +21000 +21200 2019 2028 1000
a contact +21000 +21200 2024 2018 1000
a contact +21000 +21200 2028 2019 1000
a contact +21900 +22000 2005 2022 1000
a contact +21900 +22000 2010 2027 1000
a contact +21900 +22000 2022 2005 1000
a contact +21900 +22000 2027 2010 1000
a contact +22000 +22100 2007 9002 1000
a contact +22000 +22100 9002 2007 1000
a contact +22100 +22300 1002 2009 1000
a contact +22100 +22300 2009 1002 1000
a contact +22600 +22800 2016 2024 1000
a contact +22600 +22800 2024 2016 1000
a contact +23100 +23200 2003 2016 1000
a contact +23100 +23200 2016 2003 1000
a contact +23300 +23500 1001 9003 1000
a contact +23300 +23500 2003 2011 1000
a contact +23300 +23500 2011 2003 1000
a contact +23300 +23500 9003 1001 1000
a contact +23700 +23900 1001 9003 1000
a contact +23700 +23900 9003 1001 1000
a contact +23900 +24100 2012 2021 1000
a contact +23900 +24100 2021 2012 1000
a contact +24100 +24200 1001 9003 1000
a contact +24100 +24200 9003 1001 1000
a contact +24200 +24400 2002 2023 1000
a contact +24200 +24400 2009 2018 1000
a contact +24200 +24400 2018 2009 1000
a contact +24200 +24400 2023 2002 1000
a contact +24400 +24600 1001 9003 1000
a contact +24400 +24600 9003 1001 1000
a contact +24600 +24700 2005 2027 1000
a contact +24600 +24700 2027 2005 1000
a contact +24700 +24800 1001 9003 1000
a contact +24700 +24800 2002 2028 1000
a contact +24700 +24800 2011 2019 1000
a contact +24700 +24800 2019 2011 1000
a contact +24700 +24800 2028 2002 1000
a contact +24700 +24800 9003 1001 1000
a contact +24800 +25000 2013 2018 1000
a contact +24800 +25000 2018 2013 1000
a contact +25000 +25300 1001 9003 1000
a contact +25100 +25300 2002 2011 1000
a contact +25100 +25300 2011 2002 1000
a contact +25000 +25300 9003 1001 1000
a contact +25500 +25600 1001 9003 1000
a contact +25500 +25600 2017 2025 1000
a contact +25500 +25600 2019 2027 1000
a contact +25500 +25600 2025 2017 1000
a contact +25500 +25600 2027 2019 1000
a contact +25500 +25600 9003 1001 1000
a contact +25900 +26000 2001 2019 1000
a contact +25900 +26000 2003 2021 1000
a contact +25900 +26000 2019 2001 1000
a contact +25900 +26000 2021 2003 1000
a contact +26900 +27000 2010 2015 1000
a contact +26900 +27000 2015 2010 1000
a contact +27000 +27100 2011 2012 1000
a contact +27000 +27100 2012 2011 1000
a contact +27000 +27100 2013 2014 1000
a contact +27000 +27100 2014 2013 1000
a contact +27400 +27500 2009 2021 1000
a contact +27400 +27500 2010 2026 1000
a contact +27400 +27500 2021 2009 1000
a contact +27400 +27500 2026 2010 1000
a contact +28000 +28200 2004 2018 1000
a contact +28000 +28200 2012 2024 1000
a contact +28000 +28200 2018 2004 1000
a contact +28000 +28200 2019 2025 1000
a contact +28000 +28200 2021 2027 1000
a contact +28000 +28200 2024 2012 1000
a contact +28000 +28200 2025 2019 1000
a contact +28000 +28200 2027 2021 1000
a contact +28200 +28300 2004 2011 1000
a contact +28200 +28300 2011 2004 1000
a contact +28300 +28400 2002 2017 1000
a contact +28300 +28400 2017 2002 1000
a contact +28700 +28800 2001 2021 1000
a contact +28700 +28800 2003 2023 1000
a contact +28700 +28800 2004 2016 1000
a contact +28700 +28800 2016 2004 1000
a contact +28700 +28800 2021 2001 1000
a contact +28700 +28800 2023 2003 1000
a contact +29600 +29800 2011 2020 1000
a contact +29600 +29800 2020 2011 1000
a contact +30400 +30500 2017 2018 1000
a contact +30400 +30500 2018 2017 1000
a contact +30500 +30700 1002 2021 1000
a contact +30500 +30700 2021 1002 1000
a contact +30900 +31000 2009 2021 1000
a contact +30900 +31000 2012 2026 1000
a contact +30900 +31000 2021 2009 1000
a contact +30900 +31000 2026 2012 1000
a contact +31000 +31100 1001 2016 1000
a contact +31000 +31100 2016 1001 1000
a contact +31100 +31300 2012 2025 1000
a contact +31100 +31300 2025 2012 1000
a contact +31400 +31500 2006 2013 1000
a contact +31400 +31500 2013 2006 1000
a contact +31800 +32000 2013 2020 1000
a contact +31800 +32000 2020 2013 1000
a contact +32300 +32500 1001 2020 1000
a contact +32300 +32500 2014 2019 1000
a contact +32300 +32500 2019 2014 1000
a contact +32300 +32500 2020 1001 1000
a contact +32900 +33000 2008 2015 1000
a contact +32900 +33000 2015 2008 1000
a contact +33000 +33100 2013 2019 1000
a contact +33000 +33100 2019 2013 1000
a contact +33400 +33600 2019 2025 1000
a contact +33400 +33600 2025 2019 1000
a contact +33700 +33800 2002 2016 1000
a contact +33700 +33800 2016 2002 1000
a contact +34000 +34100 2002 2019 1000
a contact +34000 +34100 2019 2002 1000
a contact +34100 +34200 2005 2014 1000
a contact +34100 +34200 2011 2027 1000
a contact +34100 +34200 2014 2005 1000
a contact +34100 +34200 2027 2011 1000
a contact +34200 +34400 2006 2020 1000
a contact +34200 +34400 2020 2006 1000
a contact +35600 +35700 2008 9002 1000
a contact +35600 +35700 9002 2008 1000
a contact +36600 +36700 2001 9003 1000
a contact +36600 +36700 2017 2026 1000
a contact +36600 +36700 2026 2017 1000
a contact +36600 +36700 9003 2001 1000
a contact +36900 +37100 2013 2020 1000
a contact +36900 +37100 2020 2013 1000
a contact +38100 +38200 2014 2025 1000
a contact +38100 +38200 2025 2014 1000
a contact +38200 +38300 2010 2011 1000
a contact +38200 +38300 2011 2010 1000
a contact +38200 +38300 2012 2013 1000
a contact +38200 +38300 2013 2012 1000
a contact +38300 +38400 2003 2008 1000
a contact +38300 +38400 2008 2003 1000
a contact +38300 +38400 2020 2021 1000
a contact +38300 +38400 2021 2020 1000
a contact +38400 +38500 1001 2006 1000
a contact +38400 +38500 2006 1001 1000
a contact +38500 +38700 1002 2006 1000
a contact +38500 +38700 2006 1002 1000
a contact +38700 +39000 2018 2026 1000
a contact +38700 +39000 2026 2018 1000
a contact +39100 +39200 2011 2023 1000
a contact +39100 +39200 2023 2011 1000
a contact +39400 +39600 2003 2021 1000
a contact +39400 +39600 2006 2022 1000
a contact +39400 +39600 2021 2003 1000
a contact +39400 +39600 2022 2006 1000
a contact +39600 +39700 2014 2023 1000
a contact +39600 +39700 2023 2014 1000
a contact +39900 +40100 2003 2028 1000
a contact +39900 +40100 2015 2024 1000
a contact +39900 +40100 2024 2015 1000
a contact +39900 +40100 2028 2003 1000
a contact +40100 +40300 2005 2014 1000
a contact +40100 +40300 2014 2005 1000
a contact +40300 +40400 1002 2010 1000
a contact +40300 +40400 2010 1002 1000
a contact +40300 +40400 2018 2025 1000
a contact +40300 +40400 2025 2018 1000
a contact +40400 +40600 2007 2027 1000
a contact +40400 +40600 2010 2016 1000
a contact +40400 +40600 2016 2010 1000
a contact +40400 +40600 2027 2007 1000
a contact +40700 +40800 2007 2014 1000
a contact +40700 +40800 2014 2007 1000
a contact +41100 +41200 2010 2011 1000
a contact +41100 +41200 2011 2010 1000
a contact +41400 +41600 2006 2021 1000
a contact +41400 +41600 2021 2006 1000
a contact +41600 +41700 2003 2008 1000
a contact +41600 +41700 2008 2003 1000
a contact +41700 +41900 1002 2027 1000
a contact +41700 +41900 2027 1002 1000
a contact +42000 +42100 1001 2007 1000
a contact +42000 +42100 2007 1001 1000
a contact +42100 +42200 1001 2005 1000
a contact +42100 +42200 1002 2007 1000
a contact +42100 +42200 2005 1001 1000
a contact +42100 +42200 2007 1002 1000
a contact +42100 +42200 2014 2020 1000
a contact +42100 +42200 2020 2014 1000
a contact +42200 +42300 2002 2008 1000
a contact +42200 +42300 2008 2002 1000
a contact +42200 +42300 2016 2028 1000
a contact +42200 +42300 2028 2016 1000
a contact +42500 +42600 2006 2015 1000
a contact +42500 +42600 2015 2006 1000
a contact +43400 +43500 1002 2022 1000
a contact +43400 +43500 2008 2015 1000
a contact +43400 +43500 2009 2026 1000
a contact +43400 +43500 2015 2008 1000
a contact +43400 +43500 2022 1002 1000
a contact +43400 +43500 2026 2009 1000
a contact +43500 +43600 2005 2011 1000
a contact +43500 +43600 2011 2005 1000
a contact +43500 +43600 2017 2018 1000
a contact +43500 +43600 2018 2017 1000
a contact +43700 +43800 2012 2013 1000
a contact +43700 +43800 2013 2012 1000
a contact +43700 +43800 2014 2015 1000
a contact +43700 +43800 2015 2014 1000
a contact +43900 +44100 2009 2014 1000
a contact +43900 +44100 2014 2009 1000
a contact +43900 +44100 2027 2028 1000
a contact +43900 +44100 2028 2027 1000
a contact +44100 +44300 1002 9002 1000
a contact +44100 +44300 9002 1002 1000
a contact +44800 +45000 2006 2025 1000
a contact +44800 +45000 2025 2006 1000
a contact +45400 +45500 2008 2017 1000
a contact +45400 +45500 2017 2008 1000
a contact +46300 +46400 2012 2017 1000
a contact +46300 +46400 2017 2012 1000
a contact +46600 +46700 2020 2027 1000
a contact +46600 +46700 2027 2020 1000
a contact +46700 +46800 2012 2027 1000
a contact +46700 +46800 2027 2012 1000
a contact +46800 +46900 2015 2028 1000
a contact +46800 +46900 2028 2015 1000
a contact +47900 +48000 2003 2009 1000
a contact +47900 +48000 2009 2003 1000
a contact +48200 +48400 2003 2025 1000
a contact +48200 +48400 2025 2003 1000
a contact +48500 +48600 2010 2011 1000
a contact +48500 +48600 2011 2010 1000
a contact +48900 +49000 2011 2012 1000
a contact +48900 +49000 2012 2011 1000
a contact +49000 +49200 2006 2011 1000
a contact +49000 +49200 2011 2006 1000
a contact +49500 +49700 2003 2012 1000
a contact +49500 +49700 2007 2023 1000
a contact +49500 +49700 2012 2003 1000
a contact +49500 +49700 2023 2007 1000
a contact +49700 +49800 2007 2016 1000
a contact +49700 +49800 2016 2007 1000
a contact +50000 +50100 2005 2019 1000
a contact +50000 +50100 2019 2005 1000
a contact +50200 +50300 2002 2024 1000
a contact +50200 +50300 2024 2002 1000
a contact +50400 +50600 2004 2005 1000
a contact +50400 +50600 2005 2004 1000
a contact +50600 +50700 2007 2027 1000
a contact +50600 +50700 2027 2007 1000
a contact +50700 +50900 2008 2009 1000
a contact +50700 +50900 2009 2008 1000
a contact +51300 +51500 2004 2025 1000
a contact +51300 +51500 2025 2004 1000
a contact +51500 +51700 1001 9002 1000
a contact +51500 +51700 9002 1001 1000
a contact +51700 +51900 2008 2015 1000
a contact +51700 +51900 2015 2008 1000
a contact +51900 +52000 2001 2006 1000
a contact +51900 +52000 2006 2001 1000
a contact +51900 +52000 2010 2023 1000
a contact +51900 +52000 2016 2024 1000
a contact +51900 +52000 2023 2010 1000
a contact +51900 +52000 2024 2016 1000
a contact +52000 +52200 2009 2028 1000
a contact +52000 +52200 2028 2009 1000
a contact +52400 +52500 2003 2017 1000
a contact +52400 +52500 2017 2003 1000
a contact +52900 +53100 2008 2024 1000
a contact +52900 +53100 2024 2008 1000
a contact +53600 +53800 2006 2025 1000
a contact +53600 +53800 2016 2017 1000
a contact +53600 +53800 2017 2016 1000
a contact +53600 +53800 2025 2006 1000
a contact +53900 +54000 2003 2025 1000
a contact +53900 +54000 2025 2003 1000
a contact +54000 +54200 2006 9001 1000
a contact +54000 +54200 9001 2006 1000
a contact +54200 +54300 2001 2019 1000
a contact +54200 +54300 2019 2001 1000
a contact +54400 +54600 2012 2018 1000
a contact +54400 +54600 2018 2012 1000
a contact +55500 +55600 2017 2024 1000
a contact +55500 +55600 2019 2026 1000
a contact +55500 +55600 2024 2017 1000
a contact +55500 +55600 2026 2019 1000
a contact +55600 +55800 2014 9001 1000
a contact +55600 +55800 9001 2014 1000
a contact +55900 +56000 1002 2021 1000
a contact +55900 +56000 2013 2022 1000
a contact +55900 +56000 2021 1002 1000
a contact +55900 +56000 2022 2013 1000
a contact +56000 +56100 2002 2014 1000
a contact +56000 +56100 2014 2002 1000
a contact +56500 +56600 2005 2025 1000
a contact +56500 +56600 2011 2019 1000
a contact +56500 +56600 2019 2011 1000
a contact +56500 +56600 2025 2005 1000
a contact +56700 +56900 1001 2007 1000
a contact +56700 +56900 2007 1001 1000
a contact +56900 +57000 2003 2022 1000
a contact +56900 +57000 2022 2003 1000
a contact +57000 +57100 2006 2011 1000
a contact +57000 +57100 2011 2006 1000
a contact +57000 +57100 2018 2027 1000
a contact +57000 +57100 2027 2018 1000
a contact +57100 +57300 2008 2015 1000
a contact +57100 +57300 2015 2008 1000
a contact +57100 +57300 2016 9001 1000
a contact +57100 +57300 9001 2016 1000
a contact +57300 +57400 2010 2026 1000
a contact +57300 +57400 2026 2010 1000
a contact +57600 +57800 2007 2020 1000
a contact +57600 +57800 2020 2007 1000
a contact +57600 +57800 2021 2026 1000
a contact +57600 +57800 2026 2021 1000
a contact +57800 +57900 2009 2026 1000
a contact +57800 +57900 2019 2027 1000
a contact +57800 +57900 2026 2009 1000
a contact +57800 +57900 2027 2019 1000
a contact +57900 +58100 1002 2023 1000
a contact +57900 +58100 2023 1002 1000
a contact +58300 +58500 2011 2020 1000
a contact +58300 +58500 2020 2011 1000
a contact +58700 +58900 2005 2025 1000
a contact +58700 +58900 2025 2005 1000
a contact +58900 +59200 2006 2026 1000
a contact +58900 +59200 2026 2006 1000
a contact +59200 +59300 2011 2016 1000
a contact +59200 +59300 2016 2011 1000
a contact +59200 +59300 2027 9003 1000
a contact +59200 +59300 9003 2027 1000
a contact +59400 +59500 2016 2021 1000
a contact +59400 +59500 2021 2016 1000
a contact +59500 +59600 2012 2017 1000
a contact +59500 +59600 2017 2012 1000
a contact +59600 +59700 2013 2024 1000
a contact +59600 +59700 2024 2013 1000
a contact +59800 +60000 2004 2025 1000
a contact +59800 +60000 2014 2015 1000
a contact +59800 +60000 2015 2014 1000
a contact +59800 +60000 2025 2004 1000
a contact +60000 +60100 2016 2025 1000
a contact +60000 +60100 2025 2016 1000
a contact +60300 +60500 2007 2016 1000
a contact +60300 +60500 2016 2007 1000
a contact +60600 +60800 2004 2019 1000
a contact +60600 +60800 2019 2004 1000
a contact +61600 +61800 1001 2016 1000
a contact +61600 +61800 2004 9001 1000
a contact +61600 +61800 2016 1001 1000
a contact +61600 +61800 9001 2004 1000
a contact +61900 +62000 2007 2025 1000
a contact +61900 +62000 2025 2007 1000
a contact +62100 +62300 2004 2005 1000
a contact +62100 +62300 2005 2004 1000
a contact +62100 +62300 2018 2025 1000
a contact +62100 +62300 2025 2018 1000
a contact +62800 +63000 2015 9001 1000
a contact +62800 +63000 9001 2015 1000
a contact +63000 +63200 2023 9001 1000
a contact +63000 +63200 9001 2023 1000
a contact +63500 +63600 2005 2020 1000
a contact +63500 +63600 2017 2025 1000
a contact +63500 +63600 2020 2005 1000
a contact +63500 +63600 2025 2017 1000
a contact +63600 +63700 2007 2017 1000
a contact +63600 +63700 2017 2007 1000
a contact +63900 +64000 2007 2020 1000
a contact +63900 +64000 2012 2025 1000
a contact +63900 +64000 2020 2007 1000
a contact +63900 +64000 2025 2012 1000
a contact +64100 +64300 2011 2016 1000
a contact +64100 +64300 2016 2011 1000
a contact +64300 +64500 1001 2006 1000
a contact +64300 +64500 2006 1001 1000
a contact +64500 +64600 2003 2025 1000
a contact +64500 +64600 2025 2003 1000
a contact +64600 +64800 2009 2023 1000
a contact +64600 +64800 2023 2009 1000
a contact +64800 +65000 2003 2011 1000
a contact +64800 +65000 2011 2003 1000
a contact +65200 +65300 2004 9003 1000
a contact +65200 +65300 9003 2004 1000
a contact +65300 +65400 2018 2027 1000
a contact +65300 +65400 2027 2018 1000
a contact +65400 +65500 2001 2013 1000
a contact +65400 +65500 2009 2021 1000
a contact +65400 +65500 2013 2001 1000
a contact +65400 +65500 2021 2009 1000
a contact +65500 +65700 2002 2020 1000
a contact +65500 +65700 2020 2002 1000
a contact +65700 +65900 2007 2016 1000
a contact +65700 +65900 2016 2007 1000
a contact +65900 +66000 2009 2027 1000
a contact +65900 +66000 2027 2009 1000
a contact +66000 +66200 1001 2003 1000
a contact +66000 +66200 2003 1001 1000
a contact +66000 +66200 2004 2019 1000
a contact +66000 +66200 2019 2004 1000
a contact +66200 +66300 2007 2012 1000
a contact +66200 +66300 2012 2007 1000
a contact +66200 +66300 2019 2025 1000
a contact +66200 +66300 2025 2019 1000
a contact +66400 +66600 2002 2008 1000
a contact +66400 +66600 2007 2018 1000
a contact +66400 +66600 2008 2002 1000
a contact +66400 +66600 2018 2007 1000
a contact +67300 +67400 2013 2020 1000
a contact +67300 +67400 2020 2013 1000
a contact +67400 +67500 2017 2023 1000
a contact +67400 +67500 2023 2017 1000
a contact +67500 +67700 1002 2016 1000
a contact +67500 +67700 2016 1002 1000
a contact +67900 +68100 2001 2017 1000
a contact +67900 +68100 2017 2001 1000
a contact +68200 +68400 1002 2008 1000
a contact +68200 +68400 2008 1002 1000
a contact +69000 +69100 2002 2016 1000
a contact +69000 +69100 2016 2002 1000
a contact +69200 +69400 1002 2027 1000
a contact +69200 +69400 2027 1002 1000
a contact +69700 +69900 2018 2019 1000
a contact +69700 +69900 2019 2018 1000
a contact +69900 +70000 2026 2027 1000
a contact +69900 +70000 2027 2026 1000
a contact +70200 +70300 2012 2019 1000
a contact +70200 +70300 2019 2012 1000
a contact +70300 +70400 2001 2007 1000
a contact +70300 +70400 2007 2001 1000
a contact +71700 +71800 2007 2013 1000
a contact +71700 +71800 2013 2007 1000
a contact +71800 +71900 2015 2028 1000
a contact +71800 +71900 2028 2015 1000
a contact +72700 +72900 2014 2021 1000
a contact +72700 +72900 2021 2014 1000
a contact +73000 +73100 2004 2011 1000
a contact +73000 +73100 2011 2004 1000
a contact +73300 +73400 1002 2013 1000
a contact +73300 +73400 2013 1002 1000
a contact +73400 +73500 1001 2017 1000
a contact +73400 +73500 2017 1001 1000
a contact +73500 +73800 2015 9003 1000
a contact +73500 +73800 9003 2015 1000
a contact +73800 +74000 1001 2015 1000
a contact +73800 +74000 2015 1001 1000
a contact +74000 +74100 1002 2015 1000
a contact +74000 +74100 2015 1002 1000
a contact +74100 +74200 2008 2014 1000
a contact +74100 +74200 2014 2008 1000
a contact +74200 +74400 2007 2008 1000
a contact +74200 +74400 2008 2007 1000
a contact +74400 +74500 2001 2018 1000
a contact +74400 +74500 2010 2026 1000
a contact +74400 +74500 2018 2001 1000
a contact +74400 +74500 2026 2010 1000
a contact +74600 +74800 2001 2018 1000
a contact +74600 +74800 2007 2012 1000
a contact +74600 +74800 2012 2007 1000
a contact +74600 +74800 2013 2026 1000
a contact +74600 +74800 2018 2001 1000
a contact +74600 +74800 2026 2013 1000
a contact +74800 +74900 2009 9001 1000
a contact +74800 +74900 9001 2009 1000
a contact +75400 +75600 1002 2018 1000
a contact +75400 +75600 2018 1002 1000
a contact +75600 +75700 2008 2009 1000
a contact +75600 +75700 2009 2008 1000
a contact +75800 +75900 2015 2022 1000
a contact +75800 +75900 2022 2015 1000
a contact +76000 +76100 2007 2028 1000
a contact +76000 +76100 2028 2007 1000
a contact +76100 +76200 1002 2022 1000
a contact +76100 +76200 2005 2027 1000
a contact +76100 +76200 2022 1002 1000
a contact +76100 +76200 2027 2005 1000
a contact +76400 +76500 2003 2004 1000
a contact +76400 +76500 2004 2003 1000
a contact +76500 +76600 2003 2015 1000
a contact +76500 +76600 2015 2003 1000
a contact +76600 +76700 1001 2021 1000
a contact +76600 +76700 1002 2023 1000
a contact +76600 +76700 2021 1001 1000
a contact +76600 +76700 2023 1002 1000
a contact +76700 +76800 1002 2019 1000
a contact +76700 +76800 2019 1002 1000
a contact +76900 +77100 2002 2019 1000
a contact +76900 +77100 2019 2002 1000
a contact +77300 +77500 2002 2018 1000
a contact +77300 +77500 2004 2020 1000
a contact +77300 +77500 2018 2002 1000
a contact +77300 +77500 2020 2004 1000
a contact +77800 +78000 1002 2003 1000
a contact +77800 +78000 2003 1002 1000
a contact +77800 +78000 2012 2025 1000
a contact +77800 +78000 2025 2012 1000
a contact +78000 +78100 2003 9003 1000
a contact +78000 +78100 9003 2003 1000
a contact +78300 +78400 2006 9001 1000
a contact +78300 +78400 2016 2017 1000
a contact +78300 +78400 2017 2016 1000
a contact +78300 +78400 2018 2019 1000
a contact +78300 +78400 2019 2018 1000
a contact +78300 +78400 9001 2006 1000
a contact +78400 +78500 2013 2018 1000
a contact +78400 +78500 2018 2013 1000
a contact +78500 +78600 1001 2006 1000
a contact +78500 +78600 2006 1001 1000
a contact +78500 +78600 2007 2019 1000
a contact +78500 +78600 2019 2007 1000
a contact +78600 +78700 2019 2024 1000
a contact +78600 +78700 2024 2019 1000
a contact +79100 +79400 2004 2025 1000
a contact +79100 +79400 2025 2004 1000
a contact +79500 +79600 1002 2012 1000
a contact +79500 +79600 2012 1002 1000
a contact +79500 +79600 2020 2025 1000
a contact +79500 +79600 2025 2020 1000
a contact +79800 +79900 2003 2022 1000
a contact +79800 +79900 2022 2003 1000
a contact +79900 +80000 1001 2023 1000
a contact +79900 +80000 2010 2026 1000
a contact +79900 +80000 2023 1001 1000
a contact +79900 +80000 2026 2010 1000
a contact +80000 +80200 1002 2023 1000
a contact +80000 +80200 2004 2010 1000
a contact +80000 +80200 2010 2004 1000
a contact +80000 +80200 2023 1002 1000
a contact +80200 +80300 2004 2024 1000
a contact +80200 +80300 2024 2004 1000
a contact +80500 +80700 2012 2024 1000
a contact +80500 +80700 2024 2012 1000
a contact +80700 +80800 2004 2028 1000
a contact +80700 +80800 2028 2004 1000
a contact +81000 +81100 2010 2024 1000
a contact +81000 +81100 2024 2010 1000
a contact +81500 +81600 2007 9001 1000
a contact +81500 +81600 2014 2015 1000
a contact +81500 +81600 2015 2014 1000
a contact +81500 +81600 2016 2017 1000
a contact +81500 +81600 2017 2016 1000
a contact +81500 +81600 9001 2007 1000
a contact +81800 +82000 1001 2026 1000
a contact +81800 +82000 2026 1001 1000
a contact +82000 +82100 2011 2018 1000
a contact +82000 +82100 2013 2020 1000
a contact +82000 +82100 2018 2011 1000
a contact +82000 +82100 2020 2013 1000
a contact +82300 +82400 2012 2018 1000
a contact +82300 +82400 2014 2020 1000
a contact +82300 +82400 2018 2012 1000
a contact +82300 +82400 2020 2014 1000
a contact +82900 +83000 2007 2022 1000
a contact +82900 +83000 2022 2007 1000
a contact +83000 +83200 2007 2020 1000
a contact +83000 +83200 2020 2007 1000
a contact +83200 +83400 2013 9001 1000
a contact +83200 +83400 9001 2013 1000
a contact +83500 +83700 2005 2026 1000
a contact +83500 +83700 2007 2028 1000
a contact +83500 +83700 2008 2021 1000
a contact +83500 +83700 2021 2008 1000
a contact +83500 +83700 2026 2005 1000
a contact +83500 +83700 2028 2007 1000
a contact +83700 +83800 2007 2013 1000
a contact +83700 +83800 2013 2007 1000
a contact +84100 +84200 2011 2017 1000
a contact +84100 +84200 2017 2011 1000
a contact +84200 +84300 2015 2028 1000
a contact +84200 +84300 2028 2015 1000
a contact +84800 +85000 2010 2011 1000
a contact +84800 +85000 2011 2010 1000
a contact +85200 +85400 2010 9001 1000
a contact +85200 +85400 9001 2010 1000
a contact +85800 +85900 2009 2021 1000
a contact +85800 +85900 2021 2009 1000
a contact +85900 +86100 1002 2018 1000
a contact +85900 +86100 2018 1002 1000
a contact +86100 +86400 2003 2028 1000
a contact +86200 +86400 2015 2022 1000
a contact +86200 +86400 2022 2015 1000
a contact +86100 +86400 2028 2003 1000

a range +300 +400 2016 2017 0.0211
a range +300 +400 2017 2016 0.0211
a range +600 +700 2011 2025 0.0332
a range +600 +700 2025 2011 0.0332
a range +1000 +1200 2014 2025 0.0434
a range +1000 +1200 2025 2014 0.0434
a range +1300 +1500 2010 2017 0.0075
a range +1300 +1500 2017 2010 0.0075
a range +1700 +1900 2015 2027 0.0378
a range +1700 +1900 2027 2015 0.0378
a range +2400 +2600 1001 2016 1102.376
a range +2400 +2600 2005 2013 0.0213
a range +2400 +2600 2013 2005 0.0213
a range +2400 +2600 2016 1001 1102.376
a range +2600 +2700 2022 9001 1102.3341
a range +2600 +2700 9001 2022 1102.3341
a range +3200 +3300 1002 2010 1102.2515
a range +3200 +3300 2010 1002 1102.2515
a range +3200 +3300 2021 2027 0.0209
a range +3200 +3300 2027 2021 0.0209
a range +3500 +3700 1001 2010 1102.2241
a range +3500 +3700 2010 1001 1102.2241
a range +3700 +3900 1002 2007 1102.2299
a range +3700 +3900 2007 1002 1102.2299
a range +4000 +4200 1001 2007 1102.7008
a range +4000 +4200 2007 1001 1102.7008
a range +5300 +5400 2022 2027 0.038
a range +5300 +5400 2027 2022 0.038
a range +5900 +6100 1002 2016 1102.2321
a range +5900 +6100 2016 1002 1102.2321
a range +6400 +6600 2006 2007 0.0211
a range +6400 +6600 2007 2006 0.0211
a range +6600 +6700 2012 2013 0.0211
a range +6600 +6700 2013 2012 0.0211
a range +6600 +6700 2020 2025 0.0381
a range +6600 +6700 2025 2020 0.0381
a range +6700 +6900 2015 2022 0.0182
a range +6700 +6900 2022 2015 0.0182
a range +6900 +7000 1001 2008 1102.4888
a range +6900 +7000 2008 1001 1102.4888
a range +7000 +7100 1002 2008 1102.2174
a range +7000 +7100 2008 1002 1102.2174
a range +7500 +7600 2019 2027 0.0213
a range +7500 +7600 2027 2019 0.0213
a range +7800 +8000 2017 2026 0.0394
a range +7800 +8000 2026 2017 0.0394
a range +8000 +8100 2015 2028 0.0265
a range +8000 +8100 2028 2015 0.0265
a range +8200 +8400 2011 9001 1102.1759
a range +8200 +8400 9001 2011 1102.1759
a range +8400 +8500 2005 2018 0.0369
a range +8400 +8500 2018 2005 0.0369
a range +9100 +9300 1002 2013 1102.2359
a range +9100 +9300 2013 1002 1102.2359
a range +9600 +9700 1002 2005 1102.2463
a range +9600 +9700 2005 1002 1102.2463
a range +9600 +9700 2023 9002 1103.3683
a range +9600 +9700 9002 2023 1103.3683
a range +9700 +9800 2013 2026 0.0218
a range +9700 +9800 2026 2013 0.0218
a range +10000 +10200 2018 2024 0.024
a range +10000 +10200 2024 2018 0.024
a range +10200 +10300 2006 2020 0.0012
a range +10200 +10300 2020 2006 0.0012
a range +10300 +10500 1001 2028 1102.6983
a range +10300 +10500 2020 2025 0.0381
a range +10300 +10500 2025 2020 0.0381
a range +10300 +10500 2028 1001 1102.6983
a range +10500 +10700 2011 2023 0.0431
a range +10500 +10700 2023 2011 0.0431
a range +10900 +11100 1001 2012 1102.6902
a range +10900 +11100 2012 1001 1102.6902
a range +11100 +11200 2001 2021 0.0364
a range +11100 +11200 2021 2001 0.0364
a range +11300 +11500 1002 2008 1102.2174
a range +11300 +11500 2008 1002 1102.2174
a range +11500 +11600 2021 9001 1102.3175
a range +11500 +11600 9001 2021 1102.3175
a range +11800 +12000 2012 2021 0.0351
a range +11800 +12000 2013 2018 0.0381
a range +11800 +12000 2018 2013 0.0381
a range +11800 +12000 2021 2012 0.0351
a range +12100 +12300 2005 2025 0.0434
a range +12100 +12300 2025 2005 0.0434
a range +12300 +12400 2004 9002 1103.364
a range +12300 +12400 9002 2004 1103.364
a range +13200 +13400 2010 2025 0.03
a range +13200 +13400 2025 2010 0.03
a range +13500 +13600 2003 2019 0.0431
a range +13500 +13600 2007 2014 0.0141
a range +13500 +13600 2014 2007 0.0141
a range +13500 +13600 2019 2003 0.0431
a range +13600 +13800 1001 2020 1102.7074
a range +13600 +13800 2009 2010 0.0211
a range +13600 +13800 2010 2009 0.0211
a range +13600 +13800 2020 1001 1102.7074
a range +14000 +14200 2006 2015 0.043
a range +14000 +14200 2015 2006 0.043
a range +14200 +14300 2012 2017 0.0394
a range +14200 +14300 2017 2012 0.0394
a range +14700 +14800 2010 2018 0.024
a range +14700 +14800 2018 2010 0.024
a range +15100 +15200 2011 2025 0.0332
a range +15100 +15200 2025 2011 0.0332
a range +15300 +15400 2009 2017 0.0195
a range +15300 +15400 2017 2009 0.0195
a range +15600 +15800 2007 2013 0.0209
a range +15600 +15800 2013 2007 0.0209
a range +16100 +16200 2005 2013 0.0213
a range +16100 +16200 2013 2005 0.0213
a range +16200 +16300 2002 2014 0.0395
a range +16200 +16300 2014 2002 0.0395
a range +16200 +16300 2017 2023 0.0195
a range +16200 +16300 2023 2017 0.0195
a range +16300 +16400 2005 2022 0.0435
a range +16300 +16400 2022 2005 0.0435
a range +16400 +16500 2025 2026 0.0211
a range +16400 +16500 2026 2025 0.0211
a range +16600 +16700 1002 9001 0.0591
a range +16600 +16700 9001 1002 0.0591
a range +16900 +17000 2006 2007 0.0211
a range +16900 +17000 2007 2006 0.0211
a range +16900 +17000 2022 2023 0.0211
a range +16900 +17000 2023 2022 0.0211
a range +17200 +17400 2021 2022 0.0265
a range +17200 +17400 2022 2021 0.0265
a range +17800 +17900 2019 2025 0.0267
a range +17800 +17900 2025 2019 0.0267
a range +18100 +18200 1002 2016 1103.1667
a range +18100 +18200 2016 1002 1103.1667
a range +18900 +19000 2007 9002 1103.3822
a range +18900 +19000 9002 2007 1103.3822
a range +19000 +19200 1001 2011 1102.6724
a range +19000 +19200 2011 1001 1102.6724
a range +20600 +20800 2005 2014 0.0351
a range +20600 +20800 2014 2005 0.0351
a range +20800 +20900 1002 9001 0.0591
a range +20800 +20900 9001 1002 0.0591
a range +21000 +21200 2018 2024 0.024
a range +21000 +21200 2019 2028 0.0351
a range +21000 +21200 2024 2018 0.024
a range +21000 +21200 2028 2019 0.0351
a range +21900 +22000 2005 2022 0.0435
a range +21900 +22000 2010 2027 0.0432
a range +21900 +22000 2022 2005 0.0435
a range +21900 +22000 2027 2010 0.0432
a range +22000 +22100 2007 9002 1103.3822
a range +22000 +22100 9002 2007 1103.3822
a range +22100 +22300 1002 2009 1103.1676
a range +22100 +22300 2009 1002 1103.1676
a range +22600 +22800 2016 2024 0.0195
a range +22600 +22800 2024 2016 0.0195
a range +23100 +23200 2003 2016 0.0149
a range +23100 +23200 2016 2003 0.0149
a range +23300 +23500 1001 9003 0.0591
a range +23300 +23500 2003 2011 0.024
a range +23300 +23500 2011 2003 0.024
a range +23300 +23500 9003 1001 0.0591
a range +23700 +23900 1001 9003 0.0591
a range +23700 +23900 9003 1001 0.0591
a range +23900 +24100 2012 2021 0.0351
a range +23900 +24100 2021 2012 0.0351
a range +24100 +24200 1001 9003 0.0591
a range +24100 +24200 9003 1001 0.0591
a range +24200 +24400 2002 2023 0.043
a range +24200 +24400 2009 2018 0.0359
a range +24200 +24400 2018 2009 0.0359
a range +24200 +24400 2023 2002 0.043
a range +24400 +24600 1001 9003 0.0591
a range +24400 +24600 9003 1001 0.0591
a range +24600 +24700 2005 2027 0.0433
a range +24600 +24700 2027 2005 0.0433
a range +24700 +24800 1001 9003 0.0591
a range +24700 +24800 2002 2028 0.0434
a range +24700 +24800 2011 2019 0.0267
a range +24700 +24800 2019 2011 0.0267
a range +24700 +24800 2028 2002 0.0434
a range +24700 +24800 9003 1001 0.0591
a range +24800 +25000 2013 2018 0.0381
a range +24800 +25000 2018 2013 0.0381
a range +25000 +25300 1001 9003 0.0591
a range +25100 +25300 2002 2011 0.0359
a range +25100 +25300 2011 2002 0.0359
a range +25000 +25300 9003 1001 0.0591
a range +25500 +25600 1001 9003 0.0591
a range +25500 +25600 2017 2025 0.024
a range +25500 +25600 2019 2027 0.0213
a range +25500 +25600 2025 2017 0.024
a range +25500 +25600 2027 2019 0.0213
a range +25500 +25600 9003 1001 0.0591
a range +25900 +26000 2001 2019 0.0434
a range +25900 +26000 2003 2021 0.0434
a range +25900 +26000 2019 2001 0.0434
a range +25900 +26000 2021 2003 0.0434
a range +26900 +27000 2010 2015 0.0361
a range +26900 +27000 2015 2010 0.0361
a range +27000 +27100 2011 2012 0.0211
a range +27000 +27100 2012 2011 0.0211
a range +27000 +27100 2013 2014 0.0211
a range +27000 +27100 2014 2013 0.0211
a range +27400 +27500 2009 2021 0.0395
a range +27400 +27500 2010 2026 0.043
a range +27400 +27500 2021 2009 0.0395
a range +27400 +27500 2026 2010 0.043
a range +28000 +28200 2004 2018 0.0332
a range +28000 +28200 2012 2024 0.043
a range +28000 +28200 2018 2004 0.0332
a range +28000 +28200 2019 2025 0.0267
a range +28000 +28200 2021 2027 0.0209
a range +28000 +28200 2024 2012 0.043
a range +28000 +28200 2025 2019 0.0267
a range +28000 +28200 2027 2021 0.0209
a range +28200 +28300 2004 2011 0.018
a range +28200 +28300 2011 2004 0.018
a range +28300 +28400 2002 2017 0.0149
a range +28300 +28400 2017 2002 0.0149
a range +28700 +28800 2001 2021 0.0364
a range +28700 +28800 2003 2023 0.0434
a range +28700 +28800 2004 2016 0.043
a range +28700 +28800 2016 2004 0.043
a range +28700 +28800 2021 2001 0.0364
a range +28700 +28800 2023 2003 0.0434
a range +29600 +29800 2011 2020 0.0381
a range +29600 +29800 2020 2011 0.0381
a range +30400 +30500 2017 2018 0.0211
a range +30400 +30500 2018 2017 0.0211
a range +30500 +30700 1002 2021 1103.1343
a range +30500 +30700 2021 1002 1103.1343
a range +30900 +31000 2009 2021 0.0395
a range +30900 +31000 2012 2026 0.0276
a range +30900 +31000 2021 2009 0.0395
a range +30900 +31000 2026 2012 0.0276
a range +31000 +31100 1001 2016 1103.0735
a range +31000 +31100 2016 1001 1103.0735
a range +31100 +31300 2012 2025 0.0369
a range +31100 +31300 2025 2012 0.0369
a range +31400 +31500 2006 2013 0.0006
a range +31400 +31500 2013 2006 0.0006
a range +31800 +32000 2013 2020 0.0006
a range +31800 +32000 2020 2013 0.0006
a range +32300 +32500 1001 2020 1103.4655
a range +32300 +32500 2014 2019 0.0351
a range +32300 +32500 2019 2014 0.0351
a range +32300 +32500 2020 1001 1103.4655
a range +32900 +33000 2008 2015 0.0182
a range +32900 +33000 2015 2008 0.0182
a range +33000 +33100 2013 2019 0.0213
a range +33000 +33100 2019 2013 0.0213
a range +33400 +33600 2019 2025 0.0267
a range +33400 +33600 2025 2019 0.0267
a range +33700 +33800 2002 2016 0.016
a range +33700 +33800 2016 2002 0.016
a range +34000 +34100 2002 2019 0.0431
a range +34000 +34100 2019 2002 0.0431
a range +34100 +34200 2005 2014 0.0351
a range +34100 +34200 2011 2027 0.0431
a range +34100 +34200 2014 2005 0.0351
a range +34100 +34200 2027 2011 0.0431
a range +34200 +34400 2006 2020 0.0012
a range +34200 +34400 2020 2006 0.0012
a range +35600 +35700 2008 9002 1103.2146
a range +35600 +35700 9002 2008 1103.2146
a range +36600 +36700 2001 9003 1104.7676
a range +36600 +36700 2017 2026 0.0394
a range +36600 +36700 2026 2017 0.0394
a range +36600 +36700 9003 2001 1104.7676
a range +36900 +37100 2013 2020 0.0006
a range +36900 +37100 2020 2013 0.0006
a range +38100 +38200 2014 2025 0.0433
a range +38100 +38200 2025 2014 0.0433
a range +38200 +38300 2010 2011 0.0211
a range +38200 +38300 2011 2010 0.0211
a range +38200 +38300 2012 2013 0.0211
a range +38200 +38300 2013 2012 0.0211
a range +38300 +38400 2003 2008 0.0361
a range +38300 +38400 2008 2003 0.0361
a range +38300 +38400 2020 2021 0.0211
a range +38300 +38400 2021 2020 0.0211
a range +38400 +38500 1001 2006 1103.6038
a range +38400 +38500 2006 1001 1103.6038
a range +38500 +38700 1002 2006 1104.0527
a range +38500 +38700 2006 1002 1104.0527
a range +38700 +39000 2018 2026 0.0267
a range +38700 +39000 2026 2018 0.0267
a range +39100 +39200 2011 2023 0.043
a range +39100 +39200 2023 2011 0.043
a range +39400 +39600 2003 2021 0.0431
a range +39400 +39600 2006 2022 0.0433
a range +39400 +39600 2021 2003 0.0431
a range +39400 +39600 2022 2006 0.0433
a range +39600 +39700 2014 2023 0.043
a range +39600 +39700 2023 2014 0.043
a range +39900 +40100 2003 2028 0.0435
a range +39900 +40100 2015 2024 0.0361
a range +39900 +40100 2024 2015 0.0361
a range +39900 +40100 2028 2003 0.0435
a range +40100 +40300 2005 2014 0.0351
a range +40100 +40300 2014 2005 0.0351
a range +40300 +40400 1002 2010 1103.6971
a range +40300 +40400 2010 1002 1103.6971
a range +40300 +40400 2018 2025 0.018
a range +40300 +40400 2025 2018 0.018
a range +40400 +40600 2007 2027 0.043
a range +40400 +40600 2010 2016 0.0195
a range +40400 +40600 2016 2010 0.0195
a range +40400 +40600 2027 2007 0.043
a range +40700 +40800 2007 2014 0.0141
a range +40700 +40800 2014 2007 0.0141
a range +41100 +41200 2010 2011 0.0211
a range +41100 +41200 2011 2010 0.0211
a range +41400 +41600 2006 2021 0.0203
a range +41400 +41600 2021 2006 0.0203
a range +41600 +41700 2003 2008 0.0361
a range +41600 +41700 2008 2003 0.0361
a range +41700 +41900 1002 2027 1104.0525
a range +41700 +41900 2027 1002 1104.0525
a range +42000 +42100 1001 2007 1103.595
a range +42000 +42100 2007 1001 1103.595
a range +42100 +42200 1001 2005 1103.6074
a range +42100 +42200 1002 2007 1104.0606
a range +42100 +42200 2005 1001 1103.6074
a range +42100 +42200 2007 1002 1104.0606
a range +42100 +42200 2014 2020 0.0209
a range +42100 +42200 2020 2014 0.0209
a range +42200 +42300 2002 2008 0.0245
a range +42200 +42300 2008 2002 0.0245
a range +42200 +42300 2016 2028 0.0395
a range +42200 +42300 2028 2016 0.0395
a range +42500 +42600 2006 2015 0.043
a range +42500 +42600 2015 2006 0.043
a range +43400 +43500 1002 2022 1104.0597
a range +43400 +43500 2008 2015 0.0182
a range +43400 +43500 2009 2026 0.0434
a range +43400 +43500 2015 2008 0.0182
a range +43400 +43500 2022 1002 1104.0597
a range +43400 +43500 2026 2009 0.0434
a range +43500 +43600 2005 2011 0.0267
a range +43500 +43600 2011 2005 0.0267
a range +43500 +43600 2017 2018 0.0211
a range +43500 +43600 2018 2017 0.0211
a range +43700 +43800 2012 2013 0.0211
a range +43700 +43800 2013 2012 0.0211
a range +43700 +43800 2014 2015 0.0265
a range +43700 +43800 2015 2014 0.0265
a range +43900 +44100 2009 2014 0.038
a range +43900 +44100 2014 2009 0.038
a range +43900 +44100 2027 2028 0.0211
a range +43900 +44100 2028 2027 0.0211
a range +44100 +44300 1002 9002 0.0592
a range +44100 +44300 9002 1002 0.0592
a range +44800 +45000 2006 2025 0.0434
a range +44800 +45000 2025 2006 0.0434
a range +45400 +45500 2008 2017 0.0361
a range +45400 +45500 2017 2008 0.0361
a range +46300 +46400 2012 2017 0.0394
a range +46300 +46400 2017 2012 0.0394
a range +46600 +46700 2020 2027 0.0006
a range +46600 +46700 2027 2020 0.0006
a range +46700 +46800 2012 2027 0.0218
a range +46700 +46800 2027 2012 0.0218
a range +46800 +46900 2015 2028 0.0265
a range +46800 +46900 2028 2015 0.0265
a range +47900 +48000 2003 2009 0.0195
a range +47900 +48000 2009 2003 0.0195
a range +48200 +48400 2003 2025 0.0431
a range +48200 +48400 2025 2003 0.0431
a range +48500 +48600 2010 2011 0.0211
a range +48500 +48600 2011 2010 0.0211
a range +48900 +49000 2011 2012 0.0211
a range +48900 +49000 2012 2011 0.0211
a range +49000 +49200 2006 2011 0.0381
a range +49000 +49200 2011 2006 0.0381
a range +49500 +49700 2003 2012 0.0394
a range +49500 +49700 2007 2023 0.0435
a range +49500 +49700 2012 2003 0.0394
a range +49500 +49700 2023 2007 0.0435
a range +49700 +49800 2007 2016 0.0431
a range +49700 +49800 2016 2007 0.0431
a range +50000 +50100 2005 2019 0.0276
a range +50000 +50100 2019 2005 0.0276
a range +50200 +50300 2002 2024 0.0431
a range +50200 +50300 2024 2002 0.0431
a range +50400 +50600 2004 2005 0.0211
a range +50400 +50600 2005 2004 0.0211
a range +50600 +50700 2007 2027 0.0433
a range +50600 +50700 2027 2007 0.0433
a range +50700 +50900 2008 2009 0.0211
a range +50700 +50900 2009 2008 0.0211
a range +51300 +51500 2004 2025 0.0433
a range +51300 +51500 2025 2004 0.0433
a range +51500 +51700 1001 9002 0.0591
a range +51500 +51700 9002 1001 0.0591
a range +51700 +51900 2008 2015 0.0182
a range +51700 +51900 2015 2008 0.0182
a range +51900 +52000 2001 2006 0.038
a range +51900 +52000 2006 2001 0.038
a range +51900 +52000 2010 2023 0.0149
a range +51900 +52000 2016 2024 0.0195
a range +51900 +52000 2023 2010 0.0149
a range +51900 +52000 2024 2016 0.0195
a range +52000 +52200 2009 2028 0.0431
a range +52000 +52200 2028 2009 0.0431
a range +52400 +52500 2003 2017 0.0138
a range +52400 +52500 2017 2003 0.0138
a range +52900 +53100 2008 2024 0.0431
a range +52900 +53100 2024 2008 0.0431
a range +53600 +53800 2006 2025 0.0432
a range +53600 +53800 2016 2017 0.0211
a range +53600 +53800 2017 2016 0.0211
a range +53600 +53800 2025 2006 0.0432
a range +53900 +54000 2003 2025 0.0434
a range +53900 +54000 2025 2003 0.0434
a range +54000 +54200 2006 9001 1105.0581
a range +54000 +54200 9001 2006 1105.0581
a range +54200 +54300 2001 2019 0.0431
a range +54200 +54300 2019 2001 0.0431
a range +54400 +54600 2012 2018 0.0267
a range +54400 +54600 2018 2012 0.0267
a range +55500 +55600 2017 2024 0.0075
a range +55500 +55600 2019 2026 0.0149
a range +55500 +55600 2024 2017 0.0075
a range +55500 +55600 2026 2019 0.0149
a range +55600 +55800 2014 9001 1104.0434
a range +55600 +55800 9001 2014 1104.0434
a range +55900 +56000 1002 2021 1104.0702
a range +55900 +56000 2013 2022 0.0431
a range +55900 +56000 2021 1002 1104.0702
a range +55900 +56000 2022 2013 0.0431
a range +56000 +56100 2002 2014 0.0395
a range +56000 +56100 2014 2002 0.0395
a range +56500 +56600 2005 2025 0.0434
a range +56500 +56600 2011 2019 0.0267
a range +56500 +56600 2019 2011 0.0267
a range +56500 +56600 2025 2005 0.0434
a range +56700 +56900 1001 2007 1104.4964
a range +56700 +56900 2007 1001 1104.4964
a range +56900 +57000 2003 2022 0.0433
a range +56900 +57000 2022 2003 0.0433
a range +57000 +57100 2006 2011 0.0381
a range +57000 +57100 2011 2006 0.0381
a range +57000 +57100 2018 2027 0.0381
a range +57000 +57100 2027 2018 0.0381
a range +57100 +57300 2008 2015 0.0182
a range +57100 +57300 2015 2008 0.0182
a range +57100 +57300 2016 9001 1104.567
a range +57100 +57300 9001 2016 1104.567
a range +57300 +57400 2010 2026 0.0431
a range +57300 +57400 2026 2010 0.0431
a range +57600 +57800 2007 2020 0.0203
a range +57600 +57800 2020 2007 0.0203
a range +57600 +57800 2021 2026 0.0351
a range +57600 +57800 2026 2021 0.0351
a range +57800 +57900 2009 2026 0.0433
a range +57800 +57900 2019 2027 0.0213
a range +57800 +57900 2026 2009 0.0433
a range +57800 +57900 2027 2019 0.0213
a range +57900 +58100 1002 2023 1104.0549
a range +57900 +58100 2023 1002 1104.0549
a range +58300 +58500 2011 2020 0.0381
a range +58300 +58500 2020 2011 0.0381
a range +58700 +58900 2005 2025 0.0433
a range +58700 +58900 2025 2005 0.0433
a range +58900 +59200 2006 2026 0.0432
a range +58900 +59200 2026 2006 0.0432
a range +59200 +59300 2011 2016 0.0359
a range +59200 +59300 2016 2011 0.0359
a range +59200 +59300 2027 9003 1104.7618
a range +59200 +59300 9003 2027 1104.7618
a range +59400 +59500 2016 2021 0.038
a range +59400 +59500 2021 2016 0.038
a range +59500 +59600 2012 2017 0.0394
a range +59500 +59600 2017 2012 0.0394
a range +59600 +59700 2013 2024 0.0431
a range +59600 +59700 2024 2013 0.0431
a range +59800 +60000 2004 2025 0.0432
a range +59800 +60000 2014 2015 0.0265
a range +59800 +60000 2015 2014 0.0265
a range +59800 +60000 2025 2004 0.0432
a range +60000 +60100 2016 2025 0.0359
a range +60000 +60100 2025 2016 0.0359
a range +60300 +60500 2007 2016 0.0431
a range +60300 +60500 2016 2007 0.0431
a range +60600 +60800 2004 2019 0.0369
a range +60600 +60800 2019 2004 0.0369
a range +61600 +61800 1001 2016 1104.5157
a range +61600 +61800 2004 9001 1105.0676
a range +61600 +61800 2016 1001 1104.5157
a range +61600 +61800 9001 2004 1105.0676
a range +61900 +62000 2007 2025 0.0435
a range +61900 +62000 2025 2007 0.0435
a range +62100 +62300 2004 2005 0.0211
a range +62100 +62300 2005 2004 0.0211
a range +62100 +62300 2018 2025 0.018
a range +62100 +62300 2025 2018 0.018
a range +62800 +63000 2015 9001 1104.6705
a range +62800 +63000 9001 2015 1104.6705
a range +63000 +63200 2023 9001 1105.0536
a range +63000 +63200 9001 2023 1105.0536
a range +63500 +63600 2005 2020 0.0218
a range +63500 +63600 2017 2025 0.024
a range +63500 +63600 2020 2005 0.0218
a range +63500 +63600 2025 2017 0.024
a range +63600 +63700 2007 2017 0.0433
a range +63600 +63700 2017 2007 0.0433
a range +63900 +64000 2007 2020 0.0203
a range +63900 +64000 2012 2025 0.0369
a range +63900 +64000 2020 2007 0.0203
a range +63900 +64000 2025 2012 0.0369
a range +64100 +64300 2011 2016 0.0359
a range +64100 +64300 2016 2011 0.0359
a range +64300 +64500 1001 2006 1104.4987
a range +64300 +64500 2006 1001 1104.4987
a range +64500 +64600 2003 2025 0.0433
a range +64500 +64600 2025 2003 0.0433
a range +64600 +64800 2009 2023 0.016
a range +64600 +64800 2023 2009 0.016
a range +64800 +65000 2003 2011 0.024
a range +64800 +65000 2011 2003 0.024
a range +65200 +65300 2004 9003 1104.7486
a range +65200 +65300 9003 2004 1104.7486
a range +65300 +65400 2018 2027 0.0381
a range +65300 +65400 2027 2018 0.0381
a range +65400 +65500 2001 2013 0.0378
a range +65400 +65500 2009 2021 0.0395
a range +65400 +65500 2013 2001 0.0378
a range +65400 +65500 2021 2009 0.0395
a range +65500 +65700 2002 2020 0.0433
a range +65500 +65700 2020 2002 0.0433
a range +65700 +65900 2007 2016 0.0431
a range +65700 +65900 2016 2007 0.0431
a range +65900 +66000 2009 2027 0.0433
a range +65900 +66000 2027 2009 0.0433
a range +66000 +66200 1001 2003 1104.5167
a range +66000 +66200 2003 1001 1104.5167
a range +66000 +66200 2004 2019 0.0369
a range +66000 +66200 2019 2004 0.0369
a range +66200 +66300 2007 2012 0.0351
a range +66200 +66300 2012 2007 0.0351
a range +66200 +66300 2019 2025 0.0267
a range +66200 +66300 2025 2019 0.0267
a range +66400 +66600 2002 2008 0.0245
a range +66400 +66600 2007 2018 0.0434
a range +66400 +66600 2008 2002 0.0245
a range +66400 +66600 2018 2007 0.0434
a range +67300 +67400 2013 2020 0.0006
a range +67300 +67400 2020 2013 0.0006
a range +67400 +67500 2017 2023 0.0195
a range +67400 +67500 2023 2017 0.0195
a range +67500 +67700 1002 2016 1104.5303
a range +67500 +67700 2016 1002 1104.5303
a range +67900 +68100 2001 2017 0.043
a range +67900 +68100 2017 2001 0.043
a range +68200 +68400 1002 2008 1104.6375
a range +68200 +68400 2008 1002 1104.6375
a range +69000 +69100 2002 2016 0.016
a range +69000 +69100 2016 2002 0.016
a range +69200 +69400 1002 2027 1104.9647
a range +69200 +69400 2027 1002 1104.9647
a range +69700 +69900 2018 2019 0.0211
a range +69700 +69900 2019 2018 0.0211
a range +69900 +70000 2026 2027 0.0211
a range +69900 +70000 2027 2026 0.0211
a range +70200 +70300 2012 2019 0.0149
a range +70200 +70300 2019 2012 0.0149
a range +70300 +70400 2001 2007 0.0211
a range +70300 +70400 2007 2001 0.0211
a range +71700 +71800 2007 2013 0.0209
a range +71700 +71800 2013 2007 0.0209
a range +71800 +71900 2015 2028 0.0265
a range +71800 +71900 2028 2015 0.0265
a range +72700 +72900 2014 2021 0.0141
a range +72700 +72900 2021 2014 0.0141
a range +73000 +73100 2004 2011 0.018
a range +73000 +73100 2011 2004 0.018
a range +73300 +73400 1002 2013 1104.9225
a range +73300 +73400 2013 1002 1104.9225
a range +73400 +73500 1001 2017 1105.0384
a range +73400 +73500 2017 1001 1105.0384
a range +73500 +73800 2015 9003 1104.6891
a range +73500 +73800 9003 2015 1104.6891
a range +73800 +74000 1001 2015 1104.7125
a range +73800 +74000 2015 1001 1104.7125
a range +74000 +74100 1002 2015 1104.6638
a range +74000 +74100 2015 1002 1104.6638
a range +74100 +74200 2008 2014 0.0211
a range +74100 +74200 2014 2008 0.0211
a range +74200 +74400 2007 2008 0.0265
a range +74200 +74400 2008 2007 0.0265
a range +74400 +74500 2001 2018 0.043
a range +74400 +74500 2010 2026 0.0431
a range +74400 +74500 2018 2001 0.043
a range +74400 +74500 2026 2010 0.0431
a range +74600 +74800 2001 2018 0.043
a range +74600 +74800 2007 2012 0.0351
a range +74600 +74800 2012 2007 0.0351
a range +74600 +74800 2013 2026 0.0218
a range +74600 +74800 2018 2001 0.043
a range +74600 +74800 2026 2013 0.0218
a range +74800 +74900 2009 9001 1105.0468
a range +74800 +74900 9001 2009 1105.0468
a range +75400 +75600 1002 2018 1104.953
a range +75400 +75600 2018 1002 1104.953
a range +75600 +75700 2008 2009 0.0211
a range +75600 +75700 2009 2008 0.0211
a range +75800 +75900 2015 2022 0.0182
a range +75800 +75900 2022 2015 0.0182
a range +76000 +76100 2007 2028 0.0433
a range +76000 +76100 2028 2007 0.0433
a range +76100 +76200 1002 2022 1104.9544
a range +76100 +76200 2005 2027 0.043
a range +76100 +76200 2022 1002 1104.9544
a range +76100 +76200 2027 2005 0.043
a range +76400 +76500 2003 2004 0.0211
a range +76400 +76500 2004 2003 0.0211
a range +76500 +76600 2003 2015 0.043
a range +76500 +76600 2015 2003 0.043
a range +76600 +76700 1001 2021 1104.7748
a range +76600 +76700 1002 2023 1104.949
a range +76600 +76700 2021 1001 1104.7748
a range +76600 +76700 2023 1002 1104.949
a range +76700 +76800 1002 2019 1104.9713
a range +76700 +76800 2019 1002 1104.9713
a range +76900 +77100 2002 2019 0.043
a range +76900 +77100 2019 2002 0.043
a range +77300 +77500 2002 2018 0.0431
a range +77300 +77500 2004 2020 0.0431
a range +77300 +77500 2018 2002 0.0431
a range +77300 +77500 2020 2004 0.0431
a range +77800 +78000 1002 2003 1104.9475
a range +77800 +78000 2003 1002 1104.9475
a range +77800 +78000 2012 2025 0.0369
a range +77800 +78000 2025 2012 0.0369
a range +78000 +78100 2003 9003 1104.7514
a range +78000 +78100 9003 2003 1104.7514
a range +78300 +78400 2006 9001 1105.0581
a range +78300 +78400 2016 2017 0.0211
a range +78300 +78400 2017 2016 0.0211
a range +78300 +78400 2018 2019 0.0211
a range +78300 +78400 2019 2018 0.0211
a range +78300 +78400 9001 2006 1105.0581
a range +78400 +78500 2013 2018 0.0381
a range +78400 +78500 2018 2013 0.0381
a range +78500 +78600 1001 2006 1105.0303
a range +78500 +78600 2006 1001 1105.0303
a range +78500 +78600 2007 2019 0.0431
a range +78500 +78600 2019 2007 0.0431
a range +78600 +78700 2019 2024 0.0394
a range +78600 +78700 2024 2019 0.0394
a range +79100 +79400 2004 2025 0.0434
a range +79100 +79400 2025 2004 0.0434
a range +79500 +79600 1002 2012 1104.9719
a range +79500 +79600 2012 1002 1104.9719
a range +79500 +79600 2020 2025 0.0381
a range +79500 +79600 2025 2020 0.0381
a range +79800 +79900 2003 2022 0.043
a range +79800 +79900 2022 2003 0.043
a range +79900 +80000 1001 2023 1105.0258
a range +79900 +80000 2010 2026 0.0427
a range +79900 +80000 2023 1001 1105.0258
a range +79900 +80000 2026 2010 0.0427
a range +80000 +80200 1002 2023 1104.949
a range +80000 +80200 2004 2010 0.024
a range +80000 +80200 2010 2004 0.024
a range +80000 +80200 2023 1002 1104.949
a range +80200 +80300 2004 2024 0.035
a range +80200 +80300 2024 2004 0.035
a range +80500 +80700 2012 2024 0.0427
a range +80500 +80700 2024 2012 0.0427
a range +80700 +80800 2004 2028 0.0431
a range +80700 +80800 2028 2004 0.0431
a range +81000 +81100 2010 2024 0.0138
a range +81000 +81100 2024 2010 0.0138
a range +81500 +81600 2007 9001 1105.0498
a range +81500 +81600 2014 2015 0.0265
a range +81500 +81600 2015 2014 0.0265
a range +81500 +81600 2016 2017 0.0211
a range +81500 +81600 2017 2016 0.0211
a range +81500 +81600 9001 2007 1105.0498
a range +81800 +82000 1001 2026 1105.0364
a range +81800 +82000 2026 1001 1105.0364
a range +82000 +82100 2011 2018 0.018
a range +82000 +82100 2013 2020 0.0006
a range +82000 +82100 2018 2011 0.018
a range +82000 +82100 2020 2013 0.0006
a range +82300 +82400 2012 2018 0.0267
a range +82300 +82400 2014 2020 0.0209
a range +82300 +82400 2018 2012 0.0267
a range +82300 +82400 2020 2014 0.0209
a range +82900 +83000 2007 2022 0.0433
a range +82900 +83000 2022 2007 0.0433
a range +83000 +83200 2007 2020 0.0203
a range +83000 +83200 2020 2007 0.0203
a range +83200 +83400 2013 9001 1105.0586
a range +83200 +83400 9001 2013 1105.0586
a range +83500 +83700 2005 2026 0.0433
a range +83500 +83700 2007 2028 0.0341
a range +83500 +83700 2008 2021 0.0265
a range +83500 +83700 2021 2008 0.0265
a range +83500 +83700 2026 2005 0.0433
a range +83500 +83700 2028 2007 0.0341
a range +83700 +83800 2007 2013 0.0209
a range +83700 +83800 2013 2007 0.0209
a range +84100 +84200 2011 2017 0.024
a range +84100 +84200 2017 2011 0.024
a range +84200 +84300 2015 2028 0.0265
a range +84200 +84300 2028 2015 0.0265
a range +84800 +85000 2010 2011 0.0211
a range +84800 +85000 2011 2010 0.0211
a range +85200 +85400 2010 9001 1105.0666
a range +85200 +85400 9001 2010 1105.0666
a range +85800 +85900 2009 2021 0.0395
a range +85800 +85900 2021 2009 0.0395
a range +85900 +86100 1002 2018 1105.1326
a range +85900 +86100 2018 1002 1105.1326
a range +86100 +86400 2003 2028 0.0403
a range +86200 +86400 2015 2022 0.0182
a range +86200 +86400 2022 2015 0.0182
a range +86100 +86400 2028 2003 0.0403
