a contact +0 +600 2003 9001 1000
a contact +0 +600 9001 2003 1000
a contact +2900 +3400 1001 2003 1000
a contact +2900 +3400 2003 1001 1000
a contact +3900 +4700 1001 2003 1000
a contact +3900 +4700 2003 1001 1000
a contact +5200 +5700 1001 2003 1000
a contact +5200 +5700 2003 1001 1000
a contact +6200 +6700 1001 2003 1000
a contact +6200 +6700 2003 1001 1000
a contact +7200 +7700 1001 2003 1000
a contact +7200 +7700 2003 1001 1000
a contact +8200 +8700 1001 2003 1000
a contact +8200 +8700 2003 1001 1000
a contact +9200 +9600 1001 2003 1000
a contact +9200 +9600 2003 1001 1000
a contact +10100 +10700 1001 2003 1000
a contact +10100 +10700 2003 1001 1000
a contact +11200 +11400 1001 2003 1000
a contact +11200 +11400 2003 1001 1000
a contact +11900 +12500 1001 2003 1000
a contact +11900 +12500 2003 1001 1000
a contact +13000 +13500 1001 2003 1000
a contact +13000 +13500 2003 1001 1000
a contact +14000 +14500 1001 2003 1000
a contact +14000 +14500 2003 1001 1000
a contact +15000 +15500 1001 2003 1000
a contact +15000 +15500 2003 1001 1000
a contact +16100 +16600 1001 2003 1000
a contact +16100 +16600 2003 1001 1000
a contact +17100 +17600 1001 2003 1000
a contact +17100 +17600 2003 1001 1000
a contact +18000 +18500 1001 2003 1000
a contact +18000 +18500 2003 1001 1000
a contact +21500 +21600 1001 2003 1000
a contact +21500 +21600 2003 1001 1000

a range +0 +600 2003 9001 1101.7702
a range +0 +600 9001 2003 1101.7702
a range +2900 +3400 1001 2003 1102.5433
a range +2900 +3400 2003 1001 1102.5433
a range +3900 +4700 1001 2003 1102.5433
a range +3900 +4700 2003 1001 1102.5433
a range +5200 +5700 1001 2003 1102.5433
a range +5200 +5700 2003 1001 1102.5433
a range +6200 +6700 1001 2003 1102.5433
a range +6200 +6700 2003 1001 1102.5433
a range +7200 +7700 1001 2003 1102.5433
a range +7200 +7700 2003 1001 1102.5433
a range +8200 +8700 1001 2003 1102.5433
a range +8200 +8700 2003 1001 1102.5433
a range +9200 +9600 1001 2003 1102.5433
a range +9200 +9600 2003 1001 1102.5433
a range +10100 +10700 1001 2003 1102.5433
a range +10100 +10700 2003 1001 1102.5433
a range +11200 +11400 1001 2003 1102.5433
a range +11200 +11400 2003 1001 1102.5433
a range +11900 +12500 1001 2003 1102.5433
a range +11900 +12500 2003 1001 1102.5433
a range +13000 +13500 1001 2003 1102.5433
a range +13000 +13500 2003 1001 1102.5433
a range +14000 +14500 1001 2003 1102.5433
a range +14000 +14500 2003 1001 1102.5433
a range +15000 +15500 1001 2003 1102.5433
a range +15000 +15500 2003 1001 1102.5433
a range +16100 +16600 1001 2003 1102.5433
a range +16100 +16600 2003 1001 1102.5433
a range +17100 +17600 1001 2003 1102.5433
a range +17100 +17600 2003 1001 1102.5433
a range +18000 +18500 1001 2003 1102.5433
a range +18000 +18500 2003 1001 1102.5433
a range +21500 +21600 1001 2003 1102.6334
a range +21500 +21600 2003 1001 1102.6334
