num_k=36
num_nodes=29
duration=6.0 hours
ipn_node_to_planet_map={0: '1', 1: '1'}
nodes=['1001', '1002', '2001', '2002', '2003', '2004', '2005', '2006', '2007', '2008', '2009', '2010', '2011', '2012', '2013', '2014', '2015', '2016', '2017', '2018', '2019', '2020', '2021', '2022', '2023', '2024', '9001', '9002', '9003']
oi to node={0: 0, 1: 0, 2: 1, 3: 1, 4: 2, 5: 3, 6: 4, 7: 5, 8: 6, 9: 7, 10: 8, 11: 9, 12: 10, 13: 11, 14: 12, 15: 13, 16: 14, 17: 15, 18: 16, 19: 17, 20: 18, 21: 19, 22: 20, 23: 21, 24: 22, 25: 23, 26: 24, 27: 25, 28: 26, 29: 27, 30: 28}
node to oi={0: [0, 1], 1: [2, 3], 2: [4], 3: [5], 4: [6], 5: [7], 6: [8], 7: [9], 8: [10], 9: [11], 10: [12], 11: [13], 12: [14], 13: [15], 14: [16], 15: [17], 16: [18], 17: [19], 18: [20], 19: [21], 20: [22], 21: [23], 22: [24], 23: [25], 24: [26], 25: [27], 26: [28], 27: [29], 28: [30]}

  0,1,2,3,4,5,6,7,8,9,10,11,12,13,14,15,16,17,18,19,20,21,22,23,24,25,26,27,28,29,30,
0 *,0,0,0,0,0,0,0,0,0,0,0,0,0,0,0,0,0,0,0,0,0,0,0,0,0,0,0,0,0,1,
1 0,*,0,0,0,0,0,0,0,0,0,0,0,0,0,0,0,0,0,0,0,0,0,0,0,0,0,0,0,0,1,
2 0,0,*,0,1,1,1,1,1,1,0,1,1,1,1,1,1,1,1,1,1,1,1,1,1,1,1,1,1,0,0,
3 0,0,0,*,1,1,1,1,1,1,0,1,1,1,1,1,1,1,1,1,1,1,1,1,1,1,1,1,1,0,0,
4 0,0,1,1,*,1,1,0,1,1,1,1,1,0,1,1,1,1,1,1,1,1,1,0,1,1,1,1,1,1,0,
5 0,0,1,1,1,*,1,1,0,1,1,1,1,1,0,1,1,1,1,1,1,0,0,1,1,1,1,0,1,1,0,
6 0,0,1,1,1,1,*,1,1,0,1,1,1,1,1,0,1,1,1,1,0,0,1,1,1,1,0,0,1,1,0,
7 0,0,1,1,0,1,1,*,1,1,0,1,1,1,1,1,1,1,1,1,1,1,1,1,1,1,0,1,1,1,0,
8 0,0,1,1,1,0,1,1,*,1,1,0,1,1,1,1,1,1,0,1,1,1,1,1,0,0,1,1,1,1,0,
9 0,0,1,1,1,1,0,1,1,*,1,1,0,1,1,1,1,0,0,1,1,1,1,0,0,1,1,1,1,1,0,
10 0,0,0,0,1,1,1,0,1,1,*,1,1,0,1,1,1,1,1,0,1,1,1,1,1,1,1,1,0,0,0,
11 0,0,1,1,1,1,1,1,0,1,1,*,1,1,0,1,1,1,1,1,0,1,1,1,1,1,1,0,1,1,0,
12 0,0,1,1,1,1,1,1,1,0,1,1,*,1,1,0,1,1,1,1,1,0,1,1,1,1,0,0,1,1,0,
13 0,0,1,1,0,1,1,1,1,1,0,1,1,*,1,1,0,1,1,1,1,1,1,1,1,1,1,1,1,1,0,
14 0,0,1,1,1,0,1,1,1,1,1,0,1,1,*,1,1,0,1,1,1,1,1,1,0,1,1,1,1,1,0,
15 0,0,1,1,1,1,0,1,1,1,1,1,0,1,1,*,1,1,0,1,1,1,1,0,0,1,1,1,1,1,0,
16 0,0,1,1,1,1,1,1,1,1,1,1,1,0,1,1,*,1,1,0,1,1,1,1,1,0,1,1,1,1,0,
17 0,0,1,1,1,1,1,1,1,0,1,1,1,1,0,1,1,*,1,1,0,1,1,1,1,1,0,1,1,1,0,
18 0,0,1,1,1,1,1,1,0,0,1,1,1,1,1,0,1,1,*,1,1,0,1,1,1,1,1,0,1,1,0,
19 0,0,1,1,1,1,1,1,1,1,0,1,1,1,1,1,0,1,1,*,1,1,0,1,1,1,1,1,1,1,0,
20 0,0,1,1,1,1,0,1,1,1,1,0,1,1,1,1,1,0,1,1,*,1,1,0,1,1,1,1,1,1,0,
21 0,0,1,1,1,0,0,1,1,1,1,1,0,1,1,1,1,1,0,1,1,*,1,1,0,1,1,1,1,1,0,
22 0,0,1,1,1,0,1,1,1,1,1,1,1,1,1,1,1,1,1,0,1,1,*,1,1,0,1,1,1,1,0,
23 0,0,1,1,0,1,1,1,1,0,1,1,1,1,1,0,1,1,1,1,0,1,1,*,1,1,0,1,1,1,0,
24 0,0,1,1,1,1,1,1,0,0,1,1,1,1,0,0,1,1,1,1,1,0,1,1,*,1,1,0,1,1,0,
25 0,0,1,1,1,1,1,1,0,1,1,1,1,1,1,1,0,1,1,1,1,1,0,1,1,*,1,1,1,1,0,
26 0,0,1,1,1,1,0,0,1,1,1,1,0,1,1,1,1,0,1,1,1,1,1,0,1,1,*,1,1,1,0,
27 0,0,1,1,1,0,0,1,1,1,1,0,0,1,1,1,1,1,0,1,1,1,1,1,0,1,1,*,1,1,0,
28 0,0,1,1,1,1,1,1,1,1,0,1,1,1,1,1,1,1,1,1,1,1,1,1,1,1,1,1,*,0,0,
29 0,0,0,0,1,1,1,1,1,1,0,1,1,1,1,1,1,1,1,1,1,1,1,1,1,1,1,1,0,*,0,
30 1,1,0,0,0,0,0,0,0,0,0,0,0,0,0,0,0,0,0,0,0,0,0,0,0,0,0,0,0,0,*,
k=1
t=600

  0,1,2,3,4,5,6,7,8,9,10,11,12,13,14,15,16,17,18,19,20,21,22,23,24,25,26,27,28,29,30,
0 *,0,0,0,0,0,0,0,0,0,0,0,0,0,0,0,0,0,0,0,0,0,0,0,0,0,0,0,0,0,1,
1 0,*,0,0,0,0,0,0,0,0,0,0,0,0,0,0,0,0,0,0,0,0,0,0,0,0,0,0,0,0,1,
2 0,0,*,0,1,1,1,1,1,1,0,1,1,1,1,1,0,1,1,1,1,1,1,1,1,1,1,1,1,0,0,
3 0,0,0,*,1,1,1,1,1,1,0,1,1,1,1,1,0,1,1,1,1,1,1,1,1,1,1,1,1,0,0,
4 0,0,1,1,*,1,1,0,1,1,1,1,1,0,1,1,1,1,1,1,1,1,0,1,1,1,1,1,1,1,0,
5 0,0,1,1,1,*,1,1,0,1,1,1,1,1,0,0,1,1,1,1,0,0,1,1,1,1,1,0,1,1,0,
6 0,0,1,1,1,1,*,1,1,0,1,1,1,1,0,0,1,1,1,1,0,0,1,1,1,1,0,0,1,1,0,
7 0,0,1,1,0,1,1,*,1,1,0,1,1,1,1,1,1,1,1,1,1,1,1,1,1,0,1,1,1,1,0,
8 0,0,1,1,1,0,1,1,*,1,1,0,0,1,1,1,1,0,0,1,1,1,1,1,0,1,1,1,1,1,0,
9 0,0,1,1,1,1,0,1,1,*,1,0,0,1,1,1,1,0,0,1,1,1,1,0,0,1,1,1,1,1,0,
10 0,0,0,0,1,1,1,0,1,1,*,1,1,0,1,1,1,1,1,0,1,1,1,1,1,1,1,1,0,0,0,
11 0,0,1,1,1,1,1,1,0,0,1,*,1,1,0,1,1,1,1,1,0,0,1,1,1,1,0,0,1,1,0,
12 0,0,1,1,1,1,1,1,0,0,1,1,*,1,1,0,1,1,1,1,0,0,1,1,1,1,0,0,1,1,0,
13 0,0,1,1,0,1,1,1,1,1,0,1,1,*,1,1,0,1,1,1,1,1,1,1,1,1,1,1,1,1,0,
14 0,0,1,1,1,0,0,1,1,1,1,0,1,1,*,1,1,0,0,1,1,1,1,0,0,1,1,1,1,1,0,
15 0,0,1,1,1,0,0,1,1,1,1,1,0,1,1,*,1,0,0,1,1,1,1,0,0,1,1,1,1,1,0,
16 0,0,0,0,1,1,1,1,1,1,1,1,1,0,1,1,*,1,1,0,1,1,1,1,1,0,1,1,0,0,0,
17 0,0,1,1,1,1,1,1,0,0,1,1,1,1,0,0,1,*,1,1,0,1,1,1,1,1,0,0,1,1,0,
18 0,0,1,1,1,1,1,1,0,0,1,1,1,1,0,0,1,1,*,1,1,0,1,1,1,1,0,0,1,1,0,
19 0,0,1,1,1,1,1,1,1,1,0,1,1,1,1,1,0,1,1,*,1,1,0,1,1,1,1,1,1,1,0,
20 0,0,1,1,1,0,0,1,1,1,1,0,0,1,1,1,1,0,1,1,*,1,1,0,0,1,1,1,1,1,0,
21 0,0,1,1,1,0,0,1,1,1,1,0,0,1,1,1,1,1,0,1,1,*,1,0,0,1,1,1,1,1,0,
22 0,0,1,1,0,1,1,1,1,1,1,1,1,1,1,1,1,1,1,0,1,1,*,1,1,0,1,1,1,1,0,
23 0,0,1,1,1,1,1,1,1,0,1,1,1,1,0,0,1,1,1,1,0,0,1,*,1,1,0,1,1,1,0,
24 0,0,1,1,1,1,1,1,0,0,1,1,1,1,0,0,1,1,1,1,0,0,1,1,*,1,1,0,1,1,0,
25 0,0,1,1,1,1,1,0,1,1,1,1,1,1,1,1,0,1,1,1,1,1,0,1,1,*,1,1,1,1,0,
26 0,0,1,1,1,1,0,1,1,1,1,0,0,1,1,1,1,0,0,1,1,1,1,0,1,1,*,1,1,1,0,
27 0,0,1,1,1,0,0,1,1,1,1,0,0,1,1,1,1,0,0,1,1,1,1,1,0,1,1,*,1,1,0,
28 0,0,1,1,1,1,1,1,1,1,0,1,1,1,1,1,0,1,1,1,1,1,1,1,1,1,1,1,*,0,0,
29 0,0,0,0,1,1,1,1,1,1,0,1,1,1,1,1,0,1,1,1,1,1,1,1,1,1,1,1,0,*,0,
30 1,1,0,0,0,0,0,0,0,0,0,0,0,0,0,0,0,0,0,0,0,0,0,0,0,0,0,0,0,0,*,
k=2
t=600

  0,1,2,3,4,5,6,7,8,9,10,11,12,13,14,15,16,17,18,19,20,21,22,23,24,25,26,27,28,29,30,
0 *,0,0,0,0,0,0,0,0,0,0,0,0,0,0,0,0,0,0,0,0,0,0,0,0,0,0,0,0,0,1,
1 0,*,0,0,0,0,0,0,0,0,0,0,0,0,0,0,0,0,0,0,0,0,0,0,0,0,0,0,0,0,1,
2 0,0,*,0,1,1,1,1,1,1,0,1,1,1,1,1,0,1,1,1,1,1,1,1,1,1,1,1,1,1,0,
3 0,0,0,*,1,1,1,1,1,1,0,1,1,1,1,1,0,1,1,1,1,1,1,1,1,1,1,1,1,1,0,
4 0,0,1,1,*,1,1,0,1,1,1,1,1,0,1,1,1,1,1,1,1,1,0,1,1,1,1,1,1,1,0,
5 0,0,1,1,1,*,1,1,0,1,1,1,1,1,0,0,1,1,1,1,0,0,1,1,1,1,0,0,1,1,0,
6 0,0,1,1,1,1,*,1,1,0,1,1,1,1,0,0,1,1,1,1,0,0,1,1,1,1,0,1,1,1,0,
7 0,0,1,1,0,1,1,*,1,1,0,1,1,1,1,1,1,1,1,1,1,1,1,1,1,0,1,1,1,1,0,
8 0,0,1,1,1,0,1,1,*,1,1,0,0,1,1,1,1,0,0,1,1,1,1,0,0,1,1,1,1,1,0,
9 0,0,1,1,1,1,0,1,1,*,1,0,0,1,1,1,1,0,0,1,1,1,1,0,1,1,1,1,1,1,0,
10 0,0,0,0,1,1,1,0,1,1,*,1,1,0,1,1,1,1,1,0,1,1,1,1,1,1,1,1,0,0,0,
11 0,0,1,1,1,1,1,1,0,0,1,*,1,1,0,1,1,1,1,1,0,0,1,1,1,1,0,0,1,1,0,
12 0,0,1,1,1,1,1,1,0,0,1,1,*,1,1,0,1,1,1,1,0,0,1,1,1,1,0,0,1,1,0,
13 0,0,1,1,0,1,1,1,1,1,0,1,1,*,1,1,0,1,1,1,1,1,1,1,1,1,1,1,1,1,0,
14 0,0,1,1,1,0,0,1,1,1,1,0,1,1,*,1,1,0,0,1,1,1,1,0,0,1,1,1,1,1,0,
15 0,0,1,1,1,0,0,1,1,1,1,1,0,1,1,*,1,0,0,1,1,1,1,0,0,1,1,1,1,1,0,
16 0,0,0,0,1,1,1,1,1,1,1,1,1,0,1,1,*,1,1,0,1,1,1,1,1,0,1,1,0,0,0,
17 0,0,1,1,1,1,1,1,0,0,1,1,1,1,0,0,1,*,1,1,0,1,1,1,1,1,0,0,1,1,0,
18 0,0,1,1,1,1,1,1,0,0,1,1,1,1,0,0,1,1,*,1,1,0,1,1,1,1,0,0,1,1,0,
19 0,0,1,1,1,1,1,1,1,1,0,1,1,1,1,1,0,1,1,*,1,1,0,1,1,1,1,1,1,1,0,
20 0,0,1,1,1,0,0,1,1,1,1,0,0,1,1,1,1,0,1,1,*,1,1,0,0,1,1,1,1,1,0,
21 0,0,1,1,1,0,0,1,1,1,1,0,0,1,1,1,1,1,0,1,1,*,1,0,0,1,1,1,1,1,0,
22 0,0,1,1,0,1,1,1,1,1,1,1,1,1,1,1,1,1,1,0,1,1,*,1,1,0,1,1,1,1,0,
23 0,0,1,1,1,1,1,1,0,0,1,1,1,1,0,0,1,1,1,1,0,0,1,*,1,1,0,1,1,1,0,
24 0,0,1,1,1,1,1,1,0,1,1,1,1,1,0,0,1,1,1,1,0,0,1,1,*,1,1,0,1,1,0,
25 0,0,1,1,1,1,1,0,1,1,1,1,1,1,1,1,0,1,1,1,1,1,0,1,1,*,1,1,1,1,0,
26 0,0,1,1,1,0,0,1,1,1,1,0,0,1,1,1,1,0,0,1,1,1,1,0,1,1,*,1,1,1,0,
27 0,0,1,1,1,0,1,1,1,1,1,0,0,1,1,1,1,0,0,1,1,1,1,1,0,1,1,*,1,1,0,
28 0,0,1,1,1,1,1,1,1,1,0,1,1,1,1,1,0,1,1,1,1,1,1,1,1,1,1,1,*,0,0,
29 0,0,1,1,1,1,1,1,1,1,0,1,1,1,1,1,0,1,1,1,1,1,1,1,1,1,1,1,0,*,0,
30 1,1,0,0,0,0,0,0,0,0,0,0,0,0,0,0,0,0,0,0,0,0,0,0,0,0,0,0,0,0,*,
k=3
t=600

  0,1,2,3,4,5,6,7,8,9,10,11,12,13,14,15,16,17,18,19,20,21,22,23,24,25,26,27,28,29,30,
0 *,0,0,0,0,0,0,0,0,0,0,0,0,0,0,0,0,0,0,0,0,0,0,0,0,0,0,0,0,0,1,
1 0,*,0,0,0,0,0,0,0,0,0,0,0,0,0,0,0,0,0,0,0,0,0,0,0,0,0,0,0,0,1,
2 0,0,*,0,1,1,1,1,1,1,0,1,1,1,1,1,1,1,1,1,1,1,1,1,1,1,1,1,1,1,0,
3 0,0,0,*,1,1,1,1,1,1,0,1,1,1,1,1,1,1,1,1,1,1,1,1,1,1,1,1,1,1,0,
4 0,0,1,1,*,1,1,0,1,1,1,1,1,0,1,1,1,1,1,1,1,1,0,1,1,1,1,0,1,1,0,
5 0,0,1,1,1,*,1,1,0,1,1,1,1,1,0,1,1,1,1,1,0,0,1,1,1,1,0,0,1,1,0,
6 0,0,1,1,1,1,*,1,1,0,1,1,1,1,1,0,1,1,1,1,0,1,1,1,1,0,0,1,1,1,0,
7 0,0,1,1,0,1,1,*,1,1,0,1,1,1,1,1,1,1,1,1,1,1,1,1,0,0,1,1,1,1,0,
8 0,0,1,1,1,0,1,1,*,1,1,0,1,1,1,1,1,0,0,1,1,1,1,0,0,1,1,1,1,1,0,
9 0,0,1,1,1,1,0,1,1,*,1,1,0,1,1,1,1,0,1,1,1,1,0,0,1,1,1,1,1,1,0,
10 0,0,0,0,1,1,1,0,1,1,*,1,1,0,1,1,1,1,1,0,1,1,1,1,1,1,1,1,0,0,0,
11 0,0,1,1,1,1,1,1,0,1,1,*,1,1,0,1,1,1,1,1,0,1,1,1,1,1,0,0,1,1,0,
12 0,0,1,1,1,1,1,1,1,0,1,1,*,1,1,0,1,1,1,1,1,0,1,1,1,1,0,1,1,1,0,
13 0,0,1,1,0,1,1,1,1,1,0,1,1,*,1,1,0,1,1,1,1,1,1,1,1,1,1,1,1,1,0,
14 0,0,1,1,1,0,1,1,1,1,1,0,1,1,*,1,1,0,1,1,1,1,1,0,0,1,1,1,1,1,0,
15 0,0,1,1,1,1,0,1,1,1,1,1,0,1,1,*,1,1,0,1,1,1,1,0,1,1,1,1,1,1,0,
16 0,0,1,1,1,1,1,1,1,1,1,1,1,0,1,1,*,1,1,0,1,1,1,1,1,0,1,1,1,1,0,
17 0,0,1,1,1,1,1,1,0,0,1,1,1,1,0,1,1,*,1,1,0,1,1,1,1,1,0,1,1,1,0,
18 0,0,1,1,1,1,1,1,0,1,1,1,1,1,1,0,1,1,*,1,1,0,1,1,1,1,1,0,1,1,0,
19 0,0,1,1,1,1,1,1,1,1,0,1,1,1,1,1,0,1,1,*,1,1,0,1,1,1,1,1,1,1,0,
20 0,0,1,1,1,0,0,1,1,1,1,0,1,1,1,1,1,0,1,1,*,1,1,0,1,1,1,1,1,1,0,
21 0,0,1,1,1,0,1,1,1,1,1,1,0,1,1,1,1,1,0,1,1,*,1,1,0,1,1,1,1,1,0,
22 0,0,1,1,0,1,1,1,1,0,1,1,1,1,1,1,1,1,1,0,1,1,*,1,1,0,1,1,1,1,0,
23 0,0,1,1,1,1,1,1,0,0,1,1,1,1,0,0,1,1,1,1,0,1,1,*,1,1,0,1,1,1,0,
24 0,0,1,1,1,1,1,0,0,1,1,1,1,1,0,1,1,1,1,1,1,0,1,1,*,1,1,0,1,1,0,
25 0,0,1,1,1,1,0,0,1,1,1,1,1,1,1,1,0,1,1,1,1,1,0,1,1,*,1,1,1,1,0,
26 0,0,1,1,1,0,0,1,1,1,1,0,0,1,1,1,1,0,1,1,1,1,1,0,1,1,*,1,1,1,0,
27 0,0,1,1,0,0,1,1,1,1,1,0,1,1,1,1,1,1,0,1,1,1,1,1,0,1,1,*,1,1,0,
28 0,0,1,1,1,1,1,1,1,1,0,1,1,1,1,1,1,1,1,1,1,1,1,1,1,1,1,1,*,0,0,
29 0,0,1,1,1,1,1,1,1,1,0,1,1,1,1,1,1,1,1,1,1,1,1,1,1,1,1,1,0,*,0,
30 1,1,0,0,0,0,0,0,0,0,0,0,0,0,0,0,0,0,0,0,0,0,0,0,0,0,0,0,0,0,*,
k=4
t=600

  0,1,2,3,4,5,6,7,8,9,10,11,12,13,14,15,16,17,18,19,20,21,22,23,24,25,26,27,28,29,30,
0 *,0,0,0,1,1,1,1,1,1,1,1,1,1,1,1,1,1,1,1,1,1,1,1,1,1,1,1,0,0,1,
1 0,*,0,0,1,1,1,1,1,1,1,1,1,1,1,1,1,1,1,1,1,1,1,1,1,1,1,1,0,0,1,
2 0,0,*,0,1,1,1,1,1,1,1,1,1,1,1,1,1,1,1,1,1,1,1,1,1,1,1,1,1,1,0,
3 0,0,0,*,1,1,1,1,1,1,1,1,1,1,1,1,1,1,1,1,1,1,1,1,1,1,1,1,1,1,0,
4 1,1,1,1,*,1,1,0,1,1,1,1,1,0,1,1,1,1,1,1,1,1,1,1,1,1,1,0,1,1,0,
5 1,1,1,1,1,*,1,1,0,1,1,1,1,1,0,1,1,1,1,1,0,1,1,1,1,1,0,0,1,1,0,
6 1,1,1,1,1,1,*,1,1,0,1,1,1,1,1,0,1,1,1,1,1,1,1,1,1,0,0,1,1,1,0,
7 1,1,1,1,0,1,1,*,1,1,0,1,1,1,1,1,1,1,1,1,1,1,1,1,0,1,1,1,1,1,0,
8 1,1,1,1,1,0,1,1,*,1,1,0,1,1,1,1,1,0,1,1,1,1,1,0,0,1,1,1,1,1,0,
9 1,1,1,1,1,1,0,1,1,*,1,1,0,1,1,1,1,1,1,1,1,1,0,0,1,1,1,1,1,1,0,
10 1,1,1,1,1,1,1,0,1,1,*,1,1,0,1,1,1,1,1,0,1,1,1,1,1,1,1,1,1,1,0,
11 1,1,1,1,1,1,1,1,0,1,1,*,1,1,0,1,1,1,1,1,0,1,1,1,1,1,0,1,1,1,0,
12 1,1,1,1,1,1,1,1,1,0,1,1,*,1,1,0,1,1,1,1,1,0,1,1,1,1,1,1,1,1,0,
13 1,1,1,1,0,1,1,1,1,1,0,1,1,*,1,1,0,1,1,1,1,1,1,1,1,1,1,1,1,1,0,
14 1,1,1,1,1,0,1,1,1,1,1,0,1,1,*,1,1,0,1,1,1,1,1,0,1,1,1,1,1,1,0,
15 1,1,1,1,1,1,0,1,1,1,1,1,0,1,1,*,1,1,0,1,1,1,1,1,1,1,1,1,1,1,0,
16 1,1,1,1,1,1,1,1,1,1,1,1,1,0,1,1,*,1,1,0,1,1,1,1,1,0,1,1,1,1,0,
17 1,1,1,1,1,1,1,1,0,1,1,1,1,1,0,1,1,*,1,1,0,1,1,1,1,1,0,1,1,1,0,
18 1,1,1,1,1,1,1,1,1,1,1,1,1,1,1,0,1,1,*,1,1,0,1,1,1,1,1,0,1,1,0,
19 1,1,1,1,1,1,1,1,1,1,0,1,1,1,1,1,0,1,1,*,1,1,0,1,1,1,1,1,1,1,0,
20 1,1,1,1,1,0,1,1,1,1,1,0,1,1,1,1,1,0,1,1,*,1,1,0,1,1,1,1,1,1,0,
21 1,1,1,1,1,1,1,1,1,1,1,1,0,1,1,1,1,1,0,1,1,*,1,1,0,1,1,1,1,1,0,
22 1,1,1,1,1,1,1,1,1,0,1,1,1,1,1,1,1,1,1,0,1,1,*,1,1,0,1,1,1,1,0,
23 1,1,1,1,1,1,1,1,0,0,1,1,1,1,0,1,1,1,1,1,0,1,1,*,1,1,0,1,1,1,0,
24 1,1,1,1,1,1,1,0,0,1,1,1,1,1,1,1,1,1,1,1,1,0,1,1,*,1,1,0,1,1,0,
25 1,1,1,1,1,1,0,1,1,1,1,1,1,1,1,1,0,1,1,1,1,1,0,1,1,*,1,1,1,1,0,
26 1,1,1,1,1,0,0,1,1,1,1,0,1,1,1,1,1,0,1,1,1,1,1,0,1,1,*,1,1,1,0,
27 1,1,1,1,0,0,1,1,1,1,1,1,1,1,1,1,1,1,0,1,1,1,1,1,0,1,1,*,1,1,0,
28 0,0,1,1,1,1,1,1,1,1,1,1,1,1,1,1,1,1,1,1,1,1,1,1,1,1,1,1,*,0,0,
29 0,0,1,1,1,1,1,1,1,1,1,1,1,1,1,1,1,1,1,1,1,1,1,1,1,1,1,1,0,*,0,
30 1,1,0,0,0,0,0,0,0,0,0,0,0,0,0,0,0,0,0,0,0,0,0,0,0,0,0,0,0,0,*,
k=5
t=600

  0,1,2,3,4,5,6,7,8,9,10,11,12,13,14,15,16,17,18,19,20,21,22,23,24,25,26,27,28,29,30,
0 *,0,0,0,1,1,1,1,1,1,1,1,1,1,1,1,1,1,1,1,1,1,1,1,1,1,1,1,0,0,1,
1 0,*,0,0,1,1,1,1,1,1,1,1,1,1,1,1,1,1,1,1,1,1,1,1,1,1,1,1,0,0,1,
2 0,0,*,0,1,1,1,1,1,1,1,1,1,1,1,1,1,1,1,1,1,1,1,1,1,1,1,1,0,1,0,
3 0,0,0,*,1,1,1,1,1,1,1,1,1,1,1,1,1,1,1,1,1,1,1,1,1,1,1,1,0,1,0,
4 1,1,1,1,*,1,1,0,1,1,1,1,1,0,1,1,1,1,1,1,0,1,1,1,1,1,0,0,1,1,0,
5 1,1,1,1,1,*,1,1,0,1,1,1,1,1,0,1,1,1,1,0,0,1,1,1,1,0,0,1,1,1,0,
6 1,1,1,1,1,1,*,1,1,0,1,1,1,1,1,0,1,1,1,1,1,1,1,1,1,0,1,1,1,1,0,
7 1,1,1,1,0,1,1,*,1,1,0,1,1,1,1,1,1,0,1,1,1,1,1,0,0,1,1,1,1,1,0,
8 1,1,1,1,1,0,1,1,*,1,1,0,1,1,1,1,0,0,1,1,1,1,0,0,1,1,1,1,1,1,0,
9 1,1,1,1,1,1,0,1,1,*,1,1,0,1,1,1,1,1,1,1,1,1,0,1,1,1,1,1,1,1,0,
10 1,1,1,1,1,1,1,0,1,1,*,1,1,0,1,1,1,1,1,0,1,1,1,1,1,1,0,1,1,1,0,
11 1,1,1,1,1,1,1,1,0,1,1,*,1,1,0,1,1,1,1,1,0,1,1,1,1,0,0,1,1,1,0,
12 1,1,1,1,1,1,1,1,1,0,1,1,*,1,1,0,1,1,1,1,1,0,1,1,1,1,1,1,1,1,0,
13 1,1,1,1,0,1,1,1,1,1,0,1,1,*,1,1,0,1,1,1,1,1,1,0,1,1,1,1,1,1,0,
14 1,1,1,1,1,0,1,1,1,1,1,0,1,1,*,1,1,0,1,1,1,1,0,0,1,1,1,1,1,1,0,
15 1,1,1,1,1,1,0,1,1,1,1,1,0,1,1,*,1,1,0,1,1,1,1,1,1,1,1,1,1,1,0,
16 1,1,1,1,1,1,1,1,0,1,1,1,1,0,1,1,*,1,1,0,1,1,1,1,1,0,1,1,1,1,0,
17 1,1,1,1,1,1,1,0,0,1,1,1,1,1,0,1,1,*,1,1,0,1,1,1,1,1,0,1,1,1,0,
18 1,1,1,1,1,1,1,1,1,1,1,1,1,1,1,0,1,1,*,1,1,0,1,1,1,1,1,0,1,1,0,
19 1,1,1,1,1,0,1,1,1,1,0,1,1,1,1,1,0,1,1,*,1,1,0,1,1,1,1,1,1,1,0,
20 1,1,1,1,0,0,1,1,1,1,1,0,1,1,1,1,1,0,1,1,*,1,1,0,1,1,1,1,1,1,0,
21 1,1,1,1,1,1,1,1,1,1,1,1,0,1,1,1,1,1,0,1,1,*,1,1,0,1,1,1,1,1,0,
22 1,1,1,1,1,1,1,1,0,0,1,1,1,1,0,1,1,1,1,0,1,1,*,1,1,0,1,1,1,1,0,
23 1,1,1,1,1,1,1,0,0,1,1,1,1,0,0,1,1,1,1,1,0,1,1,*,1,1,0,1,1,1,0,
24 1,1,1,1,1,1,1,0,1,1,1,1,1,1,1,1,1,1,1,1,1,0,1,1,*,1,1,0,1,1,0,
25 1,1,1,1,1,0,0,1,1,1,1,0,1,1,1,1,0,1,1,1,1,1,0,1,1,*,1,1,1,1,0,
26 1,1,1,1,0,0,1,1,1,1,0,0,1,1,1,1,1,0,1,1,1,1,1,0,1,1,*,1,1,1,0,
27 1,1,1,1,0,1,1,1,1,1,1,1,1,1,1,1,1,1,0,1,1,1,1,1,0,1,1,*,1,1,0,
28 0,0,0,0,1,1,1,1,1,1,1,1,1,1,1,1,1,1,1,1,1,1,1,1,1,1,1,1,*,0,0,
29 0,0,1,1,1,1,1,1,1,1,1,1,1,1,1,1,1,1,1,1,1,1,1,1,1,1,1,1,0,*,0,
30 1,1,0,0,0,0,0,0,0,0,0,0,0,0,0,0,0,0,0,0,0,0,0,0,0,0,0,0,0,0,*,
k=6
t=600

  0,1,2,3,4,5,6,7,8,9,10,11,12,13,14,15,16,17,18,19,20,21,22,23,24,25,26,27,28,29,30,
0 *,0,0,0,1,1,1,1,1,1,1,1,1,1,1,0,1,1,1,1,1,1,1,1,1,1,1,1,0,0,1,
1 0,*,0,0,1,1,1,1,1,1,1,1,1,1,1,0,1,1,1,1,1,1,1,1,1,1,1,1,0,0,1,
2 0,0,*,0,1,1,1,1,1,1,1,1,1,1,1,0,1,1,1,1,1,1,1,1,1,1,1,1,0,1,0,
3 0,0,0,*,1,1,1,1,1,1,1,1,1,1,1,0,1,1,1,1,1,1,1,1,1,1,1,1,0,1,0,
4 1,1,1,1,*,1,1,0,1,1,1,1,1,0,1,1,1,1,1,0,0,1,1,1,1,1,0,0,1,1,0,
5 1,1,1,1,1,*,1,1,0,1,1,1,1,1,0,1,1,1,1,0,0,1,1,1,1,0,0,1,1,1,0,
6 1,1,1,1,1,1,*,1,1,0,1,1,1,1,1,0,1,1,1,1,1,1,1,1,0,0,1,1,1,1,0,
7 1,1,1,1,0,1,1,*,1,1,0,1,1,1,1,1,0,0,1,1,1,1,1,0,0,1,1,1,1,1,0,
8 1,1,1,1,1,0,1,1,*,1,1,0,1,1,1,1,0,0,1,1,1,1,0,0,1,1,1,1,1,1,0,
9 1,1,1,1,1,1,0,1,1,*,1,1,0,1,1,1,1,1,1,1,1,1,0,1,1,1,1,0,1,1,0,
10 1,1,1,1,1,1,1,0,1,1,*,1,1,0,1,1,1,1,1,0,1,1,1,1,1,0,0,1,1,1,0,
11 1,1,1,1,1,1,1,1,0,1,1,*,1,1,0,1,1,1,1,1,0,1,1,1,1,0,0,1,1,1,0,
12 1,1,1,1,1,1,1,1,1,0,1,1,*,1,1,0,1,1,1,1,1,0,1,1,1,1,1,1,1,1,0,
13 1,1,1,1,0,1,1,1,1,1,0,1,1,*,1,1,0,1,1,1,1,1,0,0,1,1,1,1,1,1,0,
14 1,1,1,1,1,0,1,1,1,1,1,0,1,1,*,1,1,0,1,1,1,1,0,0,1,1,1,1,1,1,0,
15 0,0,0,0,1,1,0,1,1,1,1,1,0,1,1,*,1,1,0,1,1,1,1,1,1,1,1,1,0,0,0,
16 1,1,1,1,1,1,1,0,0,1,1,1,1,0,1,1,*,1,1,0,1,1,1,1,1,0,1,1,1,1,0,
17 1,1,1,1,1,1,1,0,0,1,1,1,1,1,0,1,1,*,1,1,0,1,1,1,1,1,0,1,1,1,0,
18 1,1,1,1,1,1,1,1,1,1,1,1,1,1,1,0,1,1,*,1,1,0,1,1,1,1,1,0,1,1,0,
19 1,1,1,1,0,0,1,1,1,1,0,1,1,1,1,1,0,1,1,*,1,1,0,1,1,1,1,1,1,1,0,
20 1,1,1,1,0,0,1,1,1,1,1,0,1,1,1,1,1,0,1,1,*,1,1,0,1,1,1,1,1,1,0,
21 1,1,1,1,1,1,1,1,1,1,1,1,0,1,1,1,1,1,0,1,1,*,1,1,0,1,1,1,1,1,0,
22 1,1,1,1,1,1,1,1,0,0,1,1,1,0,0,1,1,1,1,0,1,1,*,1,1,0,1,1,1,1,0,
23 1,1,1,1,1,1,1,0,0,1,1,1,1,0,0,1,1,1,1,1,0,1,1,*,1,1,0,1,1,1,0,
24 1,1,1,1,1,1,0,0,1,1,1,1,1,1,1,1,1,1,1,1,1,0,1,1,*,1,1,0,1,1,0,
25 1,1,1,1,1,0,0,1,1,1,0,0,1,1,1,1,0,1,1,1,1,1,0,1,1,*,1,1,1,1,0,
26 1,1,1,1,0,0,1,1,1,1,0,0,1,1,1,1,1,0,1,1,1,1,1,0,1,1,*,1,1,1,0,
27 1,1,1,1,0,1,1,1,1,0,1,1,1,1,1,1,1,1,0,1,1,1,1,1,0,1,1,*,1,1,0,
28 0,0,0,0,1,1,1,1,1,1,1,1,1,1,1,0,1,1,1,1,1,1,1,1,1,1,1,1,*,0,0,
29 0,0,1,1,1,1,1,1,1,1,1,1,1,1,1,0,1,1,1,1,1,1,1,1,1,1,1,1,0,*,0,
30 1,1,0,0,0,0,0,0,0,0,0,0,0,0,0,0,0,0,0,0,0,0,0,0,0,0,0,0,0,0,*,
k=7
t=600

  0,1,2,3,4,5,6,7,8,9,10,11,12,13,14,15,16,17,18,19,20,21,22,23,24,25,26,27,28,29,30,
0 *,0,0,0,1,1,1,1,1,1,1,1,1,1,1,0,1,1,1,1,1,0,1,1,1,1,1,1,1,0,1,
1 0,*,0,0,1,1,1,1,1,1,1,1,1,1,1,0,1,1,1,1,1,0,1,1,1,1,1,1,1,0,1,
2 0,0,*,0,1,1,1,1,1,1,1,1,1,1,1,0,1,1,1,1,1,0,1,1,1,1,1,1,0,1,0,
3 0,0,0,*,1,1,1,1,1,1,1,1,1,1,1,0,1,1,1,1,1,0,1,1,1,1,1,1,0,1,0,
4 1,1,1,1,*,1,1,0,1,1,1,1,1,0,0,1,1,1,1,0,0,1,1,1,1,0,0,1,1,1,0,
5 1,1,1,1,1,*,1,1,0,1,1,1,1,0,0,1,1,1,1,0,0,1,1,1,1,0,1,1,1,1,0,
6 1,1,1,1,1,1,*,1,1,0,1,1,1,1,1,0,1,1,1,1,1,1,1,1,0,1,1,1,1,1,0,
7 1,1,1,1,0,1,1,*,1,1,0,0,1,1,1,1,0,0,1,1,1,1,0,0,1,1,1,1,1,1,0,
8 1,1,1,1,1,0,1,1,*,1,0,0,1,1,1,1,0,0,1,1,1,1,0,1,1,1,1,1,1,1,0,
9 1,1,1,1,1,1,0,1,1,*,1,1,0,1,1,1,1,1,1,1,1,1,1,1,1,1,1,0,1,1,0,
10 1,1,1,1,1,1,1,0,0,1,*,1,1,0,1,1,1,1,1,0,0,1,1,1,1,0,0,1,1,1,0,
11 1,1,1,1,1,1,1,0,0,1,1,*,1,1,0,1,1,1,1,0,0,1,1,1,1,0,0,1,1,1,0,
12 1,1,1,1,1,1,1,1,1,0,1,1,*,1,1,0,1,1,1,1,1,0,1,1,1,1,1,1,1,1,0,
13 1,1,1,1,0,0,1,1,1,1,0,1,1,*,1,1,0,0,1,1,1,1,0,0,1,1,1,1,1,1,0,
14 1,1,1,1,0,0,1,1,1,1,1,0,1,1,*,1,0,0,1,1,1,1,0,0,1,1,1,1,1,1,0,
15 0,0,0,0,1,1,0,1,1,1,1,1,0,1,1,*,1,1,0,1,1,1,1,1,1,1,1,1,0,0,0,
16 1,1,1,1,1,1,1,0,0,1,1,1,1,0,0,1,*,1,1,0,1,1,1,1,1,0,0,1,1,1,0,
17 1,1,1,1,1,1,1,0,0,1,1,1,1,0,0,1,1,*,1,1,0,1,1,1,1,0,0,1,1,1,0,
18 1,1,1,1,1,1,1,1,1,1,1,1,1,1,1,0,1,1,*,1,1,0,1,1,1,1,1,0,1,1,0,
19 1,1,1,1,0,0,1,1,1,1,0,0,1,1,1,1,0,1,1,*,1,1,0,0,1,1,1,1,1,1,0,
20 1,1,1,1,0,0,1,1,1,1,0,0,1,1,1,1,1,0,1,1,*,1,0,0,1,1,1,1,1,1,0,
21 0,0,0,0,1,1,1,1,1,1,1,1,0,1,1,1,1,1,0,1,1,*,1,1,0,1,1,1,0,0,0,
22 1,1,1,1,1,1,1,0,0,1,1,1,1,0,0,1,1,1,1,0,0,1,*,1,1,0,1,1,1,1,0,
23 1,1,1,1,1,1,1,0,1,1,1,1,1,0,0,1,1,1,1,0,0,1,1,*,1,1,0,1,1,1,0,
24 1,1,1,1,1,1,0,1,1,1,1,1,1,1,1,1,1,1,1,1,1,0,1,1,*,1,1,0,1,1,0,
25 1,1,1,1,0,0,1,1,1,1,0,0,1,1,1,1,0,0,1,1,1,1,0,1,1,*,1,1,1,1,0,
26 1,1,1,1,0,1,1,1,1,1,0,0,1,1,1,1,0,0,1,1,1,1,1,0,1,1,*,1,1,1,0,
27 1,1,1,1,1,1,1,1,1,0,1,1,1,1,1,1,1,1,0,1,1,1,1,1,0,1,1,*,1,1,0,
28 1,1,0,0,1,1,1,1,1,1,1,1,1,1,1,0,1,1,1,1,1,0,1,1,1,1,1,1,*,0,0,
29 0,0,1,1,1,1,1,1,1,1,1,1,1,1,1,0,1,1,1,1,1,0,1,1,1,1,1,1,0,*,0,
30 1,1,0,0,0,0,0,0,0,0,0,0,0,0,0,0,0,0,0,0,0,0,0,0,0,0,0,0,0,0,*,
k=8
t=600

  0,1,2,3,4,5,6,7,8,9,10,11,12,13,14,15,16,17,18,19,20,21,22,23,24,25,26,27,28,29,30,
0 *,0,0,0,1,1,1,1,1,1,1,1,1,1,1,0,1,1,1,1,1,1,1,1,1,1,1,1,1,0,1,
1 0,*,0,0,1,1,1,1,1,1,1,1,1,1,1,0,1,1,1,1,1,1,1,1,1,1,1,1,1,0,1,
2 0,0,*,0,1,1,1,1,1,1,1,1,1,1,1,0,1,1,1,1,1,1,1,1,1,1,1,1,0,1,0,
3 0,0,0,*,1,1,1,1,1,1,1,1,1,1,1,0,1,1,1,1,1,1,1,1,1,1,1,1,0,1,0,
4 1,1,1,1,*,1,1,0,1,1,1,1,1,0,1,1,1,1,1,0,0,1,1,1,1,0,0,1,1,1,0,
5 1,1,1,1,1,*,1,1,0,1,1,1,1,1,0,1,1,1,1,0,1,1,1,1,0,0,1,1,1,1,0,
6 1,1,1,1,1,1,*,1,1,0,1,1,1,1,1,0,1,1,1,1,1,1,1,0,0,1,1,1,1,1,0,
7 1,1,1,1,0,1,1,*,1,1,0,1,1,1,1,1,0,0,1,1,1,1,0,0,1,1,1,1,1,1,0,
8 1,1,1,1,1,0,1,1,*,1,1,0,1,1,1,1,0,1,1,1,1,1,0,1,1,1,1,0,1,1,0,
9 1,1,1,1,1,1,0,1,1,*,1,1,0,1,1,1,1,1,1,1,1,1,1,1,1,1,0,0,1,1,0,
10 1,1,1,1,1,1,1,0,1,1,*,1,1,0,1,1,1,1,1,0,1,1,1,1,1,0,0,1,1,1,0,
11 1,1,1,1,1,1,1,1,0,1,1,*,1,1,0,1,1,1,1,1,0,1,1,1,1,0,1,1,1,1,0,
12 1,1,1,1,1,1,1,1,1,0,1,1,*,1,1,0,1,1,1,1,1,0,1,1,1,1,1,1,1,1,0,
13 1,1,1,1,0,1,1,1,1,1,0,1,1,*,1,1,0,1,1,1,1,1,0,0,1,1,1,1,1,1,0,
14 1,1,1,1,1,0,1,1,1,1,1,0,1,1,*,1,1,0,1,1,1,1,0,1,1,1,1,1,1,1,0,
15 0,0,0,0,1,1,0,1,1,1,1,1,0,1,1,*,1,1,0,1,1,1,1,1,1,1,1,1,0,0,0,
16 1,1,1,1,1,1,1,0,0,1,1,1,1,0,1,1,*,1,1,0,1,1,1,1,1,0,1,1,1,1,0,
17 1,1,1,1,1,1,1,0,1,1,1,1,1,1,0,1,1,*,1,1,0,1,1,1,1,1,0,1,1,1,0,
18 1,1,1,1,1,1,1,1,1,1,1,1,1,1,1,0,1,1,*,1,1,0,1,1,1,1,1,0,1,1,0,
19 1,1,1,1,0,0,1,1,1,1,0,1,1,1,1,1,0,1,1,*,1,1,0,1,1,1,1,1,1,1,0,
20 1,1,1,1,0,1,1,1,1,1,1,0,1,1,1,1,1,0,1,1,*,1,1,0,1,1,1,1,1,1,0,
21 1,1,1,1,1,1,1,1,1,1,1,1,0,1,1,1,1,1,0,1,1,*,1,1,0,1,1,1,1,1,0,
22 1,1,1,1,1,1,1,0,0,1,1,1,1,0,0,1,1,1,1,0,1,1,*,1,1,0,1,1,1,1,0,
23 1,1,1,1,1,1,0,0,1,1,1,1,1,0,1,1,1,1,1,1,0,1,1,*,1,1,0,1,1,1,0,
24 1,1,1,1,1,0,0,1,1,1,1,1,1,1,1,1,1,1,1,1,1,0,1,1,*,1,1,0,1,1,0,
25 1,1,1,1,0,0,1,1,1,1,0,0,1,1,1,1,0,1,1,1,1,1,0,1,1,*,1,1,1,1,0,
26 1,1,1,1,0,1,1,1,1,0,0,1,1,1,1,1,1,0,1,1,1,1,1,0,1,1,*,1,1,1,0,
27 1,1,1,1,1,1,1,1,0,0,1,1,1,1,1,1,1,1,0,1,1,1,1,1,0,1,1,*,1,1,0,
28 1,1,0,0,1,1,1,1,1,1,1,1,1,1,1,0,1,1,1,1,1,1,1,1,1,1,1,1,*,0,0,
29 0,0,1,1,1,1,1,1,1,1,1,1,1,1,1,0,1,1,1,1,1,1,1,1,1,1,1,1,0,*,0,
30 1,1,0,0,0,0,0,0,0,0,0,0,0,0,0,0,0,0,0,0,0,0,0,0,0,0,0,0,0,0,*,
k=9
t=600

  0,1,2,3,4,5,6,7,8,9,10,11,12,13,14,15,16,17,18,19,20,21,22,23,24,25,26,27,28,29,30,
0 *,0,0,0,1,1,1,1,1,1,1,1,1,1,1,1,1,1,1,1,1,1,1,1,1,1,1,1,1,0,1,
1 0,*,0,0,1,1,1,1,1,1,1,1,1,1,1,1,1,1,1,1,1,1,1,1,1,1,1,1,1,0,1,
2 0,0,*,0,1,1,1,1,1,1,1,1,1,1,1,1,1,1,1,1,1,1,1,1,1,1,1,1,0,1,0,
3 0,0,0,*,1,1,1,1,1,1,1,1,1,1,1,1,1,1,1,1,1,1,1,1,1,1,1,1,0,1,0,
4 1,1,1,1,*,1,1,0,1,1,1,1,1,0,1,1,1,1,1,0,0,1,1,1,1,0,0,1,1,1,0,
5 1,1,1,1,1,*,1,1,0,1,1,1,1,1,0,1,1,1,1,0,1,1,1,1,0,0,1,1,1,1,0,
6 1,1,1,1,1,1,*,1,1,0,1,1,1,1,1,0,1,1,1,1,1,1,1,0,1,1,1,1,1,1,0,
7 1,1,1,1,0,1,1,*,1,1,0,1,1,1,1,1,0,0,1,1,1,1,0,0,1,1,1,1,1,1,0,
8 1,1,1,1,1,0,1,1,*,1,1,0,1,1,1,1,0,1,1,1,1,1,0,1,1,1,1,0,1,1,0,
9 1,1,1,1,1,1,0,1,1,*,1,1,0,1,1,1,1,1,1,1,1,1,1,1,1,1,0,1,1,1,0,
10 1,1,1,1,1,1,1,0,1,1,*,1,1,0,1,1,1,1,1,0,1,1,1,1,1,0,0,1,1,1,0,
11 1,1,1,1,1,1,1,1,0,1,1,*,1,1,0,1,1,1,1,1,0,1,1,1,1,0,1,1,1,1,0,
12 1,1,1,1,1,1,1,1,1,0,1,1,*,1,1,0,1,1,1,1,1,0,1,1,1,1,1,1,1,1,0,
13 1,1,1,1,0,1,1,1,1,1,0,1,1,*,1,1,0,1,1,1,1,1,0,0,1,1,1,1,1,1,0,
14 1,1,1,1,1,0,1,1,1,1,1,0,1,1,*,1,1,0,1,1,1,1,0,1,1,1,1,1,1,1,0,
15 1,1,1,1,1,1,0,1,1,1,1,1,0,1,1,*,1,1,0,1,1,1,1,1,1,1,1,1,1,1,0,
16 1,1,1,1,1,1,1,0,0,1,1,1,1,0,1,1,*,1,1,0,1,1,1,1,1,0,1,1,1,1,0,
17 1,1,1,1,1,1,1,0,1,1,1,1,1,1,0,1,1,*,1,1,0,1,1,1,1,1,0,1,1,1,0,
18 1,1,1,1,1,1,1,1,1,1,1,1,1,1,1,0,1,1,*,1,1,0,1,1,1,1,1,0,1,1,0,
19 1,1,1,1,0,0,1,1,1,1,0,1,1,1,1,1,0,1,1,*,1,1,0,1,1,1,1,1,1,1,0,
20 1,1,1,1,0,1,1,1,1,1,1,0,1,1,1,1,1,0,1,1,*,1,1,0,1,1,1,1,1,1,0,
21 1,1,1,1,1,1,1,1,1,1,1,1,0,1,1,1,1,1,0,1,1,*,1,1,0,1,1,1,1,1,0,
22 1,1,1,1,1,1,1,0,0,1,1,1,1,0,0,1,1,1,1,0,1,1,*,1,1,0,1,1,1,1,0,
23 1,1,1,1,1,1,0,0,1,1,1,1,1,0,1,1,1,1,1,1,0,1,1,*,1,1,0,1,1,1,0,
24 1,1,1,1,1,0,1,1,1,1,1,1,1,1,1,1,1,1,1,1,1,0,1,1,*,1,1,0,1,1,0,
25 1,1,1,1,0,0,1,1,1,1,0,0,1,1,1,1,0,1,1,1,1,1,0,1,1,*,1,1,1,1,0,
26 1,1,1,1,0,1,1,1,1,0,0,1,1,1,1,1,1,0,1,1,1,1,1,0,1,1,*,1,1,1,0,
27 1,1,1,1,1,1,1,1,0,1,1,1,1,1,1,1,1,1,0,1,1,1,1,1,0,1,1,*,1,1,0,
28 1,1,0,0,1,1,1,1,1,1,1,1,1,1,1,1,1,1,1,1,1,1,1,1,1,1,1,1,*,0,0,
29 0,0,1,1,1,1,1,1,1,1,1,1,1,1,1,1,1,1,1,1,1,1,1,1,1,1,1,1,0,*,0,
30 1,1,0,0,0,0,0,0,0,0,0,0,0,0,0,0,0,0,0,0,0,0,0,0,0,0,0,0,0,0,*,
k=10
t=600

  0,1,2,3,4,5,6,7,8,9,10,11,12,13,14,15,16,17,18,19,20,21,22,23,24,25,26,27,28,29,30,
0 *,0,0,0,1,1,1,1,1,1,1,1,1,1,1,1,1,1,1,1,1,1,1,1,1,1,1,1,1,0,1,
1 0,*,0,0,1,1,1,1,1,1,1,1,1,1,1,1,1,1,1,1,1,1,1,1,1,1,1,1,1,0,1,
2 0,0,*,0,1,1,1,1,1,1,1,1,1,1,1,1,1,1,1,1,1,1,1,1,1,1,1,1,0,1,0,
3 0,0,0,*,1,1,1,1,1,1,1,1,1,1,1,1,1,1,1,1,1,1,1,1,1,1,1,1,0,1,0,
4 1,1,1,1,*,1,1,0,1,1,1,1,1,0,1,1,1,1,0,0,1,1,1,1,0,0,1,1,1,1,0,
5 1,1,1,1,1,*,1,1,0,1,1,1,1,1,0,1,1,1,1,1,1,1,1,1,0,1,1,1,1,1,0,
6 1,1,1,1,1,1,*,1,1,0,1,1,1,1,1,0,0,1,1,1,1,1,0,0,1,1,1,1,1,1,0,
7 1,1,1,1,0,1,1,*,1,1,0,1,1,1,1,1,0,1,1,1,1,0,0,1,1,1,1,0,1,1,0,
8 1,1,1,1,1,0,1,1,*,1,1,0,1,1,1,1,1,1,1,1,1,1,1,1,1,1,1,0,1,1,0,
9 1,1,1,1,1,1,0,1,1,*,1,1,0,1,1,1,1,1,1,0,1,1,1,1,1,0,0,1,1,1,0,
10 1,1,1,1,1,1,1,0,1,1,*,1,1,0,1,1,1,1,1,0,1,1,1,1,0,0,1,1,1,1,0,
11 1,1,1,1,1,1,1,1,0,1,1,*,1,1,0,1,1,1,1,1,0,1,1,1,1,1,1,1,1,1,0,
12 1,1,1,1,1,1,1,1,1,0,1,1,*,1,1,0,1,1,1,1,1,0,0,1,1,1,1,1,1,1,0,
13 1,1,1,1,0,1,1,1,1,1,0,1,1,*,1,1,0,1,1,1,1,1,0,1,1,1,1,0,1,1,0,
14 1,1,1,1,1,0,1,1,1,1,1,0,1,1,*,1,1,0,1,1,1,1,1,1,1,1,1,1,1,1,0,
15 1,1,1,1,1,1,0,1,1,1,1,1,0,1,1,*,1,1,0,1,1,1,1,1,1,0,1,1,1,1,0,
16 1,1,1,1,1,1,0,0,1,1,1,1,1,0,1,1,*,1,1,0,1,1,1,1,1,0,1,1,1,1,0,
17 1,1,1,1,1,1,1,1,1,1,1,1,1,1,0,1,1,*,1,1,0,1,1,1,1,1,0,1,1,1,0,
18 1,1,1,1,0,1,1,1,1,1,1,1,1,1,1,0,1,1,*,1,1,0,1,1,1,1,1,0,1,1,0,
19 1,1,1,1,0,1,1,1,1,0,0,1,1,1,1,1,0,1,1,*,1,1,0,1,1,1,1,1,1,1,0,
20 1,1,1,1,1,1,1,1,1,1,1,0,1,1,1,1,1,0,1,1,*,1,1,0,1,1,1,1,1,1,0,
21 1,1,1,1,1,1,1,0,1,1,1,1,0,1,1,1,1,1,0,1,1,*,1,1,0,1,1,1,1,1,0,
22 1,1,1,1,1,1,0,0,1,1,1,1,0,0,1,1,1,1,1,0,1,1,*,1,1,0,1,1,1,1,0,
23 1,1,1,1,1,1,0,1,1,1,1,1,1,1,1,1,1,1,1,1,0,1,1,*,1,1,0,1,1,1,0,
24 1,1,1,1,0,0,1,1,1,1,0,1,1,1,1,1,1,1,1,1,1,0,1,1,*,1,1,0,1,1,0,
25 1,1,1,1,0,1,1,1,1,0,0,1,1,1,1,0,0,1,1,1,1,1,0,1,1,*,1,1,1,1,0,
26 1,1,1,1,1,1,1,1,1,0,1,1,1,1,1,1,1,0,1,1,1,1,1,0,1,1,*,1,1,1,0,
27 1,1,1,1,1,1,1,0,0,1,1,1,1,0,1,1,1,1,0,1,1,1,1,1,0,1,1,*,1,1,0,
28 1,1,0,0,1,1,1,1,1,1,1,1,1,1,1,1,1,1,1,1,1,1,1,1,1,1,1,1,*,0,0,
29 0,0,1,1,1,1,1,1,1,1,1,1,1,1,1,1,1,1,1,1,1,1,1,1,1,1,1,1,0,*,0,
30 1,1,0,0,0,0,0,0,0,0,0,0,0,0,0,0,0,0,0,0,0,0,0,0,0,0,0,0,0,0,*,
k=11
t=600

  0,1,2,3,4,5,6,7,8,9,10,11,12,13,14,15,16,17,18,19,20,21,22,23,24,25,26,27,28,29,30,
0 *,0,0,0,1,1,1,1,1,1,1,1,1,1,0,1,1,1,1,1,1,1,1,1,1,1,1,1,1,0,1,
1 0,*,0,0,1,1,1,1,1,1,1,1,1,1,0,1,1,1,1,1,1,1,1,1,1,1,1,1,1,0,1,
2 0,0,*,0,1,1,1,1,1,1,1,1,1,1,0,1,1,1,1,1,1,1,1,1,1,1,1,1,0,1,0,
3 0,0,0,*,1,1,1,1,1,1,1,1,1,1,0,1,1,1,1,1,1,1,1,1,1,1,1,1,0,1,0,
4 1,1,1,1,*,1,1,0,1,1,1,1,1,0,1,1,1,1,0,0,1,1,1,1,0,0,1,1,1,1,0,
5 1,1,1,1,1,*,1,1,0,1,1,1,1,1,0,1,1,1,1,1,1,1,1,0,0,1,1,1,1,1,0,
6 1,1,1,1,1,1,*,1,1,0,1,1,1,1,1,0,0,1,1,1,1,1,0,0,1,1,1,1,1,1,0,
7 1,1,1,1,0,1,1,*,1,1,0,1,1,1,1,1,0,1,1,1,1,0,0,1,1,1,1,0,1,1,0,
8 1,1,1,1,1,0,1,1,*,1,1,0,1,1,1,1,1,1,1,1,1,1,1,1,1,1,0,0,1,1,0,
9 1,1,1,1,1,1,0,1,1,*,1,1,0,1,1,1,1,1,1,0,1,1,1,1,1,0,0,1,1,1,0,
10 1,1,1,1,1,1,1,0,1,1,*,1,1,0,1,1,1,1,1,0,1,1,1,1,0,0,1,1,1,1,0,
11 1,1,1,1,1,1,1,1,0,1,1,*,1,1,0,1,1,1,1,1,0,1,1,1,1,1,1,1,1,1,0,
12 1,1,1,1,1,1,1,1,1,0,1,1,*,1,1,0,1,1,1,1,1,0,0,1,1,1,1,1,1,1,0,
13 1,1,1,1,0,1,1,1,1,1,0,1,1,*,1,1,0,1,1,1,1,1,0,1,1,1,1,0,1,1,0,
14 0,0,0,0,1,0,1,1,1,1,1,0,1,1,*,1,1,0,1,1,1,1,1,1,1,1,1,1,0,0,0,
15 1,1,1,1,1,1,0,1,1,1,1,1,0,1,1,*,1,1,0,1,1,1,1,1,1,0,1,1,1,1,0,
16 1,1,1,1,1,1,0,0,1,1,1,1,1,0,1,1,*,1,1,0,1,1,1,1,1,0,1,1,1,1,0,
17 1,1,1,1,1,1,1,1,1,1,1,1,1,1,0,1,1,*,1,1,0,1,1,1,1,1,0,1,1,1,0,
18 1,1,1,1,0,1,1,1,1,1,1,1,1,1,1,0,1,1,*,1,1,0,1,1,1,1,1,0,1,1,0,
19 1,1,1,1,0,1,1,1,1,0,0,1,1,1,1,1,0,1,1,*,1,1,0,1,1,1,1,1,1,1,0,
20 1,1,1,1,1,1,1,1,1,1,1,0,1,1,1,1,1,0,1,1,*,1,1,0,1,1,1,1,1,1,0,
21 1,1,1,1,1,1,1,0,1,1,1,1,0,1,1,1,1,1,0,1,1,*,1,1,0,1,1,1,1,1,0,
22 1,1,1,1,1,1,0,0,1,1,1,1,0,0,1,1,1,1,1,0,1,1,*,1,1,0,1,1,1,1,0,
23 1,1,1,1,1,0,0,1,1,1,1,1,1,1,1,1,1,1,1,1,0,1,1,*,1,1,0,1,1,1,0,
24 1,1,1,1,0,0,1,1,1,1,0,1,1,1,1,1,1,1,1,1,1,0,1,1,*,1,1,0,1,1,0,
25 1,1,1,1,0,1,1,1,1,0,0,1,1,1,1,0,0,1,1,1,1,1,0,1,1,*,1,1,1,1,0,
26 1,1,1,1,1,1,1,1,0,0,1,1,1,1,1,1,1,0,1,1,1,1,1,0,1,1,*,1,1,1,0,
27 1,1,1,1,1,1,1,0,0,1,1,1,1,0,1,1,1,1,0,1,1,1,1,1,0,1,1,*,1,1,0,
28 1,1,0,0,1,1,1,1,1,1,1,1,1,1,0,1,1,1,1,1,1,1,1,1,1,1,1,1,*,0,0,
29 0,0,1,1,1,1,1,1,1,1,1,1,1,1,0,1,1,1,1,1,1,1,1,1,1,1,1,1,0,*,0,
30 1,1,0,0,0,0,0,0,0,0,0,0,0,0,0,0,0,0,0,0,0,0,0,0,0,0,0,0,0,0,*,
k=12
t=600

  0,1,2,3,4,5,6,7,8,9,10,11,12,13,14,15,16,17,18,19,20,21,22,23,24,25,26,27,28,29,30,
0 *,0,0,0,1,1,1,1,1,1,1,1,1,1,0,1,1,1,1,1,0,1,1,1,1,1,1,1,1,0,0,
1 0,*,0,0,1,1,1,1,1,1,1,1,1,1,0,1,1,1,1,1,0,1,1,1,1,1,1,1,1,0,0,
2 0,0,*,0,1,1,1,1,1,1,1,1,1,1,0,1,1,1,1,1,0,1,1,1,1,1,1,1,0,1,0,
3 0,0,0,*,1,1,1,1,1,1,1,1,1,1,0,1,1,1,1,1,0,1,1,1,1,1,1,1,0,1,0,
4 1,1,1,1,*,1,1,0,1,1,1,1,0,0,1,1,1,1,0,0,1,1,1,1,0,0,1,1,1,1,0,
5 1,1,1,1,1,*,1,1,0,1,1,1,1,1,0,1,1,1,1,1,1,1,1,0,1,1,1,1,1,1,0,
6 1,1,1,1,1,1,*,1,1,0,0,1,1,1,1,0,0,1,1,1,1,0,0,1,1,1,1,1,1,1,0,
7 1,1,1,1,0,1,1,*,1,1,0,1,1,1,1,0,0,1,1,1,1,0,0,1,1,1,1,0,1,1,0,
8 1,1,1,1,1,0,1,1,*,1,1,0,1,1,1,1,1,1,1,1,1,1,1,1,1,1,0,1,1,1,0,
9 1,1,1,1,1,1,0,1,1,*,1,1,0,0,1,1,1,1,0,0,1,1,1,1,1,0,1,1,1,1,0,
10 1,1,1,1,1,1,0,0,1,1,*,1,1,0,1,1,1,1,0,0,1,1,1,1,0,0,1,1,1,1,0,
11 1,1,1,1,1,1,1,1,0,1,1,*,1,1,0,1,1,1,1,1,0,1,1,1,1,1,1,1,1,1,0,
12 1,1,1,1,0,1,1,1,1,0,1,1,*,1,1,0,0,1,1,1,1,0,0,1,1,1,1,0,1,1,0,
13 1,1,1,1,0,1,1,1,1,0,0,1,1,*,1,1,0,1,1,1,1,0,0,1,1,1,1,0,1,1,0,
14 0,0,0,0,1,0,1,1,1,1,1,0,1,1,*,1,1,0,1,1,1,1,1,1,1,1,1,1,0,0,0,
15 1,1,1,1,1,1,0,0,1,1,1,1,0,1,1,*,1,1,0,0,1,1,1,1,0,0,1,1,1,1,0,
16 1,1,1,1,1,1,0,0,1,1,1,1,0,0,1,1,*,1,1,0,1,1,1,1,0,0,1,1,1,1,0,
17 1,1,1,1,1,1,1,1,1,1,1,1,1,1,0,1,1,*,1,1,0,1,1,1,1,1,0,1,1,1,0,
18 1,1,1,1,0,1,1,1,1,0,0,1,1,1,1,0,1,1,*,1,1,0,0,1,1,1,1,0,1,1,0,
19 1,1,1,1,0,1,1,1,1,0,0,1,1,1,1,0,0,1,1,*,1,1,0,1,1,1,1,0,1,1,0,
20 0,0,0,0,1,1,1,1,1,1,1,0,1,1,1,1,1,0,1,1,*,1,1,0,1,1,1,1,0,0,0,
21 1,1,1,1,1,1,0,0,1,1,1,1,0,0,1,1,1,1,0,1,1,*,1,1,0,0,1,1,1,1,0,
22 1,1,1,1,1,1,0,0,1,1,1,1,0,0,1,1,1,1,0,0,1,1,*,1,1,0,1,1,1,1,0,
23 1,1,1,1,1,0,1,1,1,1,1,1,1,1,1,1,1,1,1,1,0,1,1,*,1,1,0,1,1,1,0,
24 1,1,1,1,0,1,1,1,1,1,0,1,1,1,1,0,0,1,1,1,1,0,1,1,*,1,1,0,1,1,0,
25 1,1,1,1,0,1,1,1,1,0,0,1,1,1,1,0,0,1,1,1,1,0,0,1,1,*,1,1,1,1,0,
26 1,1,1,1,1,1,1,1,0,1,1,1,1,1,1,1,1,0,1,1,1,1,1,0,1,1,*,1,1,1,0,
27 1,1,1,1,1,1,1,0,1,1,1,1,0,0,1,1,1,1,0,0,1,1,1,1,0,1,1,*,1,1,0,
28 1,1,0,0,1,1,1,1,1,1,1,1,1,1,0,1,1,1,1,1,0,1,1,1,1,1,1,1,*,0,0,
29 0,0,1,1,1,1,1,1,1,1,1,1,1,1,0,1,1,1,1,1,0,1,1,1,1,1,1,1,0,*,0,
30 0,0,0,0,0,0,0,0,0,0,0,0,0,0,0,0,0,0,0,0,0,0,0,0,0,0,0,0,0,0,*,
k=13
t=600

  0,1,2,3,4,5,6,7,8,9,10,11,12,13,14,15,16,17,18,19,20,21,22,23,24,25,26,27,28,29,30,
0 *,0,0,0,1,1,1,1,1,1,1,1,1,1,0,1,1,1,1,1,0,1,1,1,1,1,1,1,1,0,0,
1 0,*,0,0,1,1,1,1,1,1,1,1,1,1,0,1,1,1,1,1,0,1,1,1,1,1,1,1,1,0,0,
2 0,0,*,0,1,1,1,1,1,1,1,1,1,1,0,1,1,1,1,1,0,1,1,1,1,1,1,1,0,1,0,
3 0,0,0,*,1,1,1,1,1,1,1,1,1,1,0,1,1,1,1,1,0,1,1,1,1,1,1,1,0,1,0,
4 1,1,1,1,*,1,1,0,1,1,1,1,1,0,1,1,1,1,0,0,1,1,1,0,0,1,1,1,1,1,0,
5 1,1,1,1,1,*,1,1,0,1,1,1,1,1,0,1,1,1,1,1,1,1,0,0,1,1,1,1,1,1,0,
6 1,1,1,1,1,1,*,1,1,0,1,1,1,1,1,0,0,1,1,1,1,0,0,1,1,1,1,0,1,1,0,
7 1,1,1,1,0,1,1,*,1,1,0,1,1,1,1,1,0,1,1,1,1,0,1,1,1,1,0,0,1,1,0,
8 1,1,1,1,1,0,1,1,*,1,1,0,1,1,1,1,1,1,1,1,1,1,1,1,1,0,0,1,1,1,0,
9 1,1,1,1,1,1,0,1,1,*,1,1,0,1,1,1,1,1,0,0,1,1,1,1,0,0,1,1,1,1,0,
10 1,1,1,1,1,1,1,0,1,1,*,1,1,0,1,1,1,1,1,0,1,1,1,1,0,0,1,1,1,1,0,
11 1,1,1,1,1,1,1,1,0,1,1,*,1,1,0,1,1,1,1,1,0,1,1,1,1,1,1,1,1,1,0,
12 1,1,1,1,1,1,1,1,1,0,1,1,*,1,1,0,1,1,1,1,1,0,0,1,1,1,1,0,1,1,0,
13 1,1,1,1,0,1,1,1,1,1,0,1,1,*,1,1,0,1,1,1,1,1,0,1,1,1,1,0,1,1,0,
14 0,0,0,0,1,0,1,1,1,1,1,0,1,1,*,1,1,0,1,1,1,1,1,1,1,1,1,1,0,0,0,
15 1,1,1,1,1,1,0,1,1,1,1,1,0,1,1,*,1,1,0,1,1,1,1,1,0,0,1,1,1,1,0,
16 1,1,1,1,1,1,0,0,1,1,1,1,1,0,1,1,*,1,1,0,1,1,1,1,1,0,1,1,1,1,0,
17 1,1,1,1,1,1,1,1,1,1,1,1,1,1,0,1,1,*,1,1,0,1,1,1,1,1,0,1,1,1,0,
18 1,1,1,1,0,1,1,1,1,0,1,1,1,1,1,0,1,1,*,1,1,0,1,1,1,1,1,0,1,1,0,
19 1,1,1,1,0,1,1,1,1,0,0,1,1,1,1,1,0,1,1,*,1,1,0,1,1,1,1,1,1,1,0,
20 0,0,0,0,1,1,1,1,1,1,1,0,1,1,1,1,1,0,1,1,*,1,1,0,1,1,1,1,0,0,0,
21 1,1,1,1,1,1,0,0,1,1,1,1,0,1,1,1,1,1,0,1,1,*,1,1,0,1,1,1,1,1,0,
22 1,1,1,1,1,0,0,1,1,1,1,1,0,0,1,1,1,1,1,0,1,1,*,1,1,0,1,1,1,1,0,
23 1,1,1,1,0,0,1,1,1,1,1,1,1,1,1,1,1,1,1,1,0,1,1,*,1,1,0,1,1,1,0,
24 1,1,1,1,0,1,1,1,1,0,0,1,1,1,1,0,1,1,1,1,1,0,1,1,*,1,1,0,1,1,0,
25 1,1,1,1,1,1,1,1,0,0,0,1,1,1,1,0,0,1,1,1,1,1,0,1,1,*,1,1,1,1,0,
26 1,1,1,1,1,1,1,0,0,1,1,1,1,1,1,1,1,0,1,1,1,1,1,0,1,1,*,1,1,1,0,
27 1,1,1,1,1,1,0,0,1,1,1,1,0,0,1,1,1,1,0,1,1,1,1,1,0,1,1,*,1,1,0,
28 1,1,0,0,1,1,1,1,1,1,1,1,1,1,0,1,1,1,1,1,0,1,1,1,1,1,1,1,*,0,0,
29 0,0,1,1,1,1,1,1,1,1,1,1,1,1,0,1,1,1,1,1,0,1,1,1,1,1,1,1,0,*,0,
30 0,0,0,0,0,0,0,0,0,0,0,0,0,0,0,0,0,0,0,0,0,0,0,0,0,0,0,0,0,0,*,
k=14
t=600

  0,1,2,3,4,5,6,7,8,9,10,11,12,13,14,15,16,17,18,19,20,21,22,23,24,25,26,27,28,29,30,
0 *,0,0,0,1,1,1,1,1,1,1,1,1,1,1,1,1,1,1,1,1,1,1,1,1,1,1,1,1,0,0,
1 0,*,0,0,1,1,1,1,1,1,1,1,1,1,1,1,1,1,1,1,1,1,1,1,1,1,1,1,1,0,0,
2 0,0,*,0,1,1,1,1,1,1,1,1,1,1,1,1,1,1,1,1,1,1,1,1,1,1,1,1,0,1,0,
3 0,0,0,*,1,1,1,1,1,1,1,1,1,1,1,1,1,1,1,1,1,1,1,1,1,1,1,1,0,1,0,
4 1,1,1,1,*,1,1,0,1,1,1,1,1,0,1,1,1,1,0,1,1,1,1,0,0,1,1,1,1,1,0,
5 1,1,1,1,1,*,1,1,0,1,1,1,1,1,0,1,1,1,1,1,1,1,0,1,1,1,1,1,1,1,0,
6 1,1,1,1,1,1,*,1,1,0,1,1,1,1,1,0,0,1,1,1,1,0,0,1,1,1,1,0,1,1,0,
7 1,1,1,1,0,1,1,*,1,1,0,1,1,1,1,1,1,1,1,1,1,0,1,1,1,1,0,0,1,1,0,
8 1,1,1,1,1,0,1,1,*,1,1,0,1,1,1,1,1,1,1,1,1,1,1,1,1,0,1,1,1,1,0,
9 1,1,1,1,1,1,0,1,1,*,1,1,0,1,1,1,1,1,0,0,1,1,1,1,0,0,1,1,1,1,0,
10 1,1,1,1,1,1,1,0,1,1,*,1,1,0,1,1,1,1,1,0,1,1,1,1,0,1,1,1,1,1,0,
11 1,1,1,1,1,1,1,1,0,1,1,*,1,1,0,1,1,1,1,1,0,1,1,1,1,1,1,1,1,1,0,
12 1,1,1,1,1,1,1,1,1,0,1,1,*,1,1,0,1,1,1,1,1,0,0,1,1,1,1,0,1,1,0,
13 1,1,1,1,0,1,1,1,1,1,0,1,1,*,1,1,0,1,1,1,1,1,1,1,1,1,1,0,1,1,0,
14 1,1,1,1,1,0,1,1,1,1,1,0,1,1,*,1,1,0,1,1,1,1,1,1,1,1,1,1,1,1,0,
15 1,1,1,1,1,1,0,1,1,1,1,1,0,1,1,*,1,1,0,1,1,1,1,1,0,0,1,1,1,1,0,
16 1,1,1,1,1,1,0,1,1,1,1,1,1,0,1,1,*,1,1,0,1,1,1,1,1,0,1,1,1,1,0,
17 1,1,1,1,1,1,1,1,1,1,1,1,1,1,0,1,1,*,1,1,0,1,1,1,1,1,0,1,1,1,0,
18 1,1,1,1,0,1,1,1,1,0,1,1,1,1,1,0,1,1,*,1,1,0,1,1,1,1,1,0,1,1,0,
19 1,1,1,1,1,1,1,1,1,0,0,1,1,1,1,1,0,1,1,*,1,1,0,1,1,1,1,1,1,1,0,
20 1,1,1,1,1,1,1,1,1,1,1,0,1,1,1,1,1,0,1,1,*,1,1,0,1,1,1,1,1,1,0,
21 1,1,1,1,1,1,0,0,1,1,1,1,0,1,1,1,1,1,0,1,1,*,1,1,0,1,1,1,1,1,0,
22 1,1,1,1,1,0,0,1,1,1,1,1,0,1,1,1,1,1,1,0,1,1,*,1,1,0,1,1,1,1,0,
23 1,1,1,1,0,1,1,1,1,1,1,1,1,1,1,1,1,1,1,1,0,1,1,*,1,1,0,1,1,1,0,
24 1,1,1,1,0,1,1,1,1,0,0,1,1,1,1,0,1,1,1,1,1,0,1,1,*,1,1,0,1,1,0,
25 1,1,1,1,1,1,1,1,0,0,1,1,1,1,1,0,0,1,1,1,1,1,0,1,1,*,1,1,1,1,0,
26 1,1,1,1,1,1,1,0,1,1,1,1,1,1,1,1,1,0,1,1,1,1,1,0,1,1,*,1,1,1,0,
27 1,1,1,1,1,1,0,0,1,1,1,1,0,0,1,1,1,1,0,1,1,1,1,1,0,1,1,*,1,1,0,
28 1,1,0,0,1,1,1,1,1,1,1,1,1,1,1,1,1,1,1,1,1,1,1,1,1,1,1,1,*,0,0,
29 0,0,1,1,1,1,1,1,1,1,1,1,1,1,1,1,1,1,1,1,1,1,1,1,1,1,1,1,0,*,0,
30 0,0,0,0,0,0,0,0,0,0,0,0,0,0,0,0,0,0,0,0,0,0,0,0,0,0,0,0,0,0,*,
k=15
t=600

  0,1,2,3,4,5,6,7,8,9,10,11,12,13,14,15,16,17,18,19,20,21,22,23,24,25,26,27,28,29,30,
0 *,0,0,0,1,1,1,1,1,1,1,1,1,1,1,1,1,1,1,1,1,1,1,1,1,1,1,1,1,0,0,
1 0,*,0,0,1,1,1,1,1,1,1,1,1,1,1,1,1,1,1,1,1,1,1,1,1,1,1,1,1,0,0,
2 0,0,*,0,1,1,1,1,1,1,1,1,1,1,1,1,1,1,1,1,1,1,1,1,1,1,1,1,0,0,1,
3 0,0,0,*,1,1,1,1,1,1,1,1,1,1,1,1,1,1,1,1,1,1,1,1,1,1,1,1,0,0,1,
4 1,1,1,1,*,1,1,0,1,1,1,1,1,0,1,1,1,1,1,1,1,1,1,0,1,1,1,1,1,1,0,
5 1,1,1,1,1,*,1,1,0,1,1,1,1,1,0,1,1,1,1,1,1,1,0,1,1,1,1,0,1,1,0,
6 1,1,1,1,1,1,*,1,1,0,1,1,1,1,1,0,1,1,1,1,1,0,1,1,1,1,0,0,1,1,0,
7 1,1,1,1,0,1,1,*,1,1,0,1,1,1,1,1,1,1,1,1,1,1,1,1,1,1,0,1,1,1,0,
8 1,1,1,1,1,0,1,1,*,1,1,0,1,1,1,1,1,1,1,1,1,1,1,1,0,0,1,1,1,1,0,
9 1,1,1,1,1,1,0,1,1,*,1,1,0,1,1,1,1,1,0,1,1,1,1,0,0,1,1,1,1,1,0,
10 1,1,1,1,1,1,1,0,1,1,*,1,1,0,1,1,1,1,1,0,1,1,1,1,1,1,1,1,1,1,0,
11 1,1,1,1,1,1,1,1,0,1,1,*,1,1,0,1,1,1,1,1,0,1,1,1,1,1,1,1,1,1,0,
12 1,1,1,1,1,1,1,1,1,0,1,1,*,1,1,0,1,1,1,1,1,0,1,1,1,1,1,0,1,1,0,
13 1,1,1,1,0,1,1,1,1,1,0,1,1,*,1,1,0,1,1,1,1,1,1,1,1,1,1,1,1,1,0,
14 1,1,1,1,1,0,1,1,1,1,1,0,1,1,*,1,1,0,1,1,1,1,1,1,1,1,1,1,1,1,0,
15 1,1,1,1,1,1,0,1,1,1,1,1,0,1,1,*,1,1,0,1,1,1,1,1,0,1,1,1,1,1,0,
16 1,1,1,1,1,1,1,1,1,1,1,1,1,0,1,1,*,1,1,0,1,1,1,1,1,0,1,1,1,1,0,
17 1,1,1,1,1,1,1,1,1,1,1,1,1,1,0,1,1,*,1,1,0,1,1,1,1,1,0,1,1,1,0,
18 1,1,1,1,1,1,1,1,1,0,1,1,1,1,1,0,1,1,*,1,1,0,1,1,1,1,1,0,1,1,0,
19 1,1,1,1,1,1,1,1,1,1,0,1,1,1,1,1,0,1,1,*,1,1,0,1,1,1,1,1,1,1,0,
20 1,1,1,1,1,1,1,1,1,1,1,0,1,1,1,1,1,0,1,1,*,1,1,0,1,1,1,1,1,1,0,
21 1,1,1,1,1,1,0,1,1,1,1,1,0,1,1,1,1,1,0,1,1,*,1,1,0,1,1,1,1,1,0,
22 1,1,1,1,1,0,1,1,1,1,1,1,1,1,1,1,1,1,1,0,1,1,*,1,1,0,1,1,1,1,0,
23 1,1,1,1,0,1,1,1,1,0,1,1,1,1,1,1,1,1,1,1,0,1,1,*,1,1,0,1,1,1,0,
24 1,1,1,1,1,1,1,1,0,0,1,1,1,1,1,0,1,1,1,1,1,0,1,1,*,1,1,0,1,1,0,
25 1,1,1,1,1,1,1,1,0,1,1,1,1,1,1,1,0,1,1,1,1,1,0,1,1,*,1,1,1,1,0,
26 1,1,1,1,1,1,0,0,1,1,1,1,1,1,1,1,1,0,1,1,1,1,1,0,1,1,*,1,1,1,0,
27 1,1,1,1,1,0,0,1,1,1,1,1,0,1,1,1,1,1,0,1,1,1,1,1,0,1,1,*,1,1,0,
28 1,1,0,0,1,1,1,1,1,1,1,1,1,1,1,1,1,1,1,1,1,1,1,1,1,1,1,1,*,0,0,
29 0,0,0,0,1,1,1,1,1,1,1,1,1,1,1,1,1,1,1,1,1,1,1,1,1,1,1,1,0,*,0,
30 0,0,1,1,0,0,0,0,0,0,0,0,0,0,0,0,0,0,0,0,0,0,0,0,0,0,0,0,0,0,*,
k=16
t=600

  0,1,2,3,4,5,6,7,8,9,10,11,12,13,14,15,16,17,18,19,20,21,22,23,24,25,26,27,28,29,30,
0 *,0,0,0,1,1,1,1,1,1,1,1,1,0,1,1,1,1,1,1,1,1,1,1,1,1,1,1,1,0,0,
1 0,*,0,0,1,1,1,1,1,1,1,1,1,0,1,1,1,1,1,1,1,1,1,1,1,1,1,1,1,0,0,
2 0,0,*,0,1,1,1,1,1,1,1,1,1,0,1,1,1,1,1,1,1,1,1,1,1,1,1,1,0,0,1,
3 0,0,0,*,1,1,1,1,1,1,1,1,1,0,1,1,1,1,1,1,1,1,1,1,1,1,1,1,0,0,1,
4 1,1,1,1,*,1,1,0,1,1,1,1,1,0,1,1,1,1,1,1,1,1,0,0,1,1,1,1,1,1,0,
5 1,1,1,1,1,*,1,1,0,1,1,1,1,1,0,1,1,1,1,1,1,0,0,1,1,1,1,0,1,1,0,
6 1,1,1,1,1,1,*,1,1,0,1,1,1,1,1,0,1,1,1,1,0,0,1,1,1,1,0,0,1,1,0,
7 1,1,1,1,0,1,1,*,1,1,0,1,1,1,1,1,1,1,1,1,1,1,1,1,1,0,0,1,1,1,0,
8 1,1,1,1,1,0,1,1,*,1,1,0,1,1,1,1,1,1,0,1,1,1,1,1,0,0,1,1,1,1,0,
9 1,1,1,1,1,1,0,1,1,*,1,1,0,1,1,1,1,0,0,1,1,1,1,0,0,1,1,1,1,1,0,
10 1,1,1,1,1,1,1,0,1,1,*,1,1,0,1,1,1,1,1,0,1,1,1,1,1,1,1,1,1,1,0,
11 1,1,1,1,1,1,1,1,0,1,1,*,1,1,0,1,1,1,1,1,0,1,1,1,1,1,1,0,1,1,0,
12 1,1,1,1,1,1,1,1,1,0,1,1,*,1,1,0,1,1,1,1,1,0,1,1,1,1,0,0,1,1,0,
13 0,0,0,0,0,1,1,1,1,1,0,1,1,*,1,1,0,1,1,1,1,1,1,1,1,1,1,1,0,0,0,
14 1,1,1,1,1,0,1,1,1,1,1,0,1,1,*,1,1,0,1,1,1,1,1,1,0,1,1,1,1,1,0,
15 1,1,1,1,1,1,0,1,1,1,1,1,0,1,1,*,1,1,0,1,1,1,1,0,0,1,1,1,1,1,0,
16 1,1,1,1,1,1,1,1,1,1,1,1,1,0,1,1,*,1,1,0,1,1,1,1,1,0,1,1,1,1,0,
17 1,1,1,1,1,1,1,1,1,0,1,1,1,1,0,1,1,*,1,1,0,1,1,1,1,1,0,1,1,1,0,
18 1,1,1,1,1,1,1,1,0,0,1,1,1,1,1,0,1,1,*,1,1,0,1,1,1,1,1,0,1,1,0,
19 1,1,1,1,1,1,1,1,1,1,0,1,1,1,1,1,0,1,1,*,1,1,0,1,1,1,1,1,1,1,0,
20 1,1,1,1,1,1,0,1,1,1,1,0,1,1,1,1,1,0,1,1,*,1,1,0,1,1,1,1,1,1,0,
21 1,1,1,1,1,0,0,1,1,1,1,1,0,1,1,1,1,1,0,1,1,*,1,1,0,1,1,1,1,1,0,
22 1,1,1,1,0,0,1,1,1,1,1,1,1,1,1,1,1,1,1,0,1,1,*,1,1,0,1,1,1,1,0,
23 1,1,1,1,0,1,1,1,1,0,1,1,1,1,1,0,1,1,1,1,0,1,1,*,1,1,0,1,1,1,0,
24 1,1,1,1,1,1,1,1,0,0,1,1,1,1,0,0,1,1,1,1,1,0,1,1,*,1,1,0,1,1,0,
25 1,1,1,1,1,1,1,0,0,1,1,1,1,1,1,1,0,1,1,1,1,1,0,1,1,*,1,1,1,1,0,
26 1,1,1,1,1,1,0,0,1,1,1,1,0,1,1,1,1,0,1,1,1,1,1,0,1,1,*,1,1,1,0,
27 1,1,1,1,1,0,0,1,1,1,1,0,0,1,1,1,1,1,0,1,1,1,1,1,0,1,1,*,1,1,0,
28 1,1,0,0,1,1,1,1,1,1,1,1,1,0,1,1,1,1,1,1,1,1,1,1,1,1,1,1,*,0,0,
29 0,0,0,0,1,1,1,1,1,1,1,1,1,0,1,1,1,1,1,1,1,1,1,1,1,1,1,1,0,*,0,
30 0,0,1,1,0,0,0,0,0,0,0,0,0,0,0,0,0,0,0,0,0,0,0,0,0,0,0,0,0,0,*,
k=17
t=600

  0,1,2,3,4,5,6,7,8,9,10,11,12,13,14,15,16,17,18,19,20,21,22,23,24,25,26,27,28,29,30,
0 *,0,0,0,1,1,1,1,1,1,1,1,1,0,1,1,1,1,1,0,1,1,1,1,1,1,1,1,1,1,0,
1 0,*,0,0,1,1,1,1,1,1,1,1,1,0,1,1,1,1,1,0,1,1,1,1,1,1,1,1,1,1,0,
2 0,0,*,0,1,1,1,1,1,1,1,1,1,0,1,1,1,1,1,0,1,1,1,1,1,1,1,1,0,0,1,
3 0,0,0,*,1,1,1,1,1,1,1,1,1,0,1,1,1,1,1,0,1,1,1,1,1,1,1,1,0,0,1,
4 1,1,1,1,*,1,1,0,1,1,1,1,1,0,1,1,1,1,1,1,1,1,0,1,1,1,1,1,1,1,0,
5 1,1,1,1,1,*,1,1,0,1,1,1,1,1,0,0,1,1,1,1,0,0,1,1,1,1,1,0,1,1,0,
6 1,1,1,1,1,1,*,1,1,0,1,1,1,1,0,0,1,1,1,1,0,0,1,1,1,1,0,0,1,1,0,
7 1,1,1,1,0,1,1,*,1,1,0,1,1,1,1,1,1,1,1,1,1,1,1,1,1,0,1,1,1,1,0,
8 1,1,1,1,1,0,1,1,*,1,1,0,0,1,1,1,1,0,0,1,1,1,1,1,0,1,1,1,1,1,0,
9 1,1,1,1,1,1,0,1,1,*,1,0,0,1,1,1,1,0,0,1,1,1,1,0,0,1,1,1,1,1,0,
10 1,1,1,1,1,1,1,0,1,1,*,1,1,0,1,1,1,1,1,0,1,1,1,1,1,1,1,1,1,1,0,
11 1,1,1,1,1,1,1,1,0,0,1,*,1,1,0,1,1,1,1,1,0,0,1,1,1,1,0,0,1,1,0,
12 1,1,1,1,1,1,1,1,0,0,1,1,*,1,1,0,1,1,1,1,0,0,1,1,1,1,0,0,1,1,0,
13 0,0,0,0,0,1,1,1,1,1,0,1,1,*,1,1,0,1,1,1,1,1,1,1,1,1,1,1,0,0,0,
14 1,1,1,1,1,0,0,1,1,1,1,0,1,1,*,1,1,0,0,1,1,1,1,0,0,1,1,1,1,1,0,
15 1,1,1,1,1,0,0,1,1,1,1,1,0,1,1,*,1,0,0,1,1,1,1,0,0,1,1,1,1,1,0,
16 1,1,1,1,1,1,1,1,1,1,1,1,1,0,1,1,*,1,1,0,1,1,1,1,1,0,1,1,1,1,0,
17 1,1,1,1,1,1,1,1,0,0,1,1,1,1,0,0,1,*,1,1,0,1,1,1,1,1,0,0,1,1,0,
18 1,1,1,1,1,1,1,1,0,0,1,1,1,1,0,0,1,1,*,1,1,0,1,1,1,1,0,0,1,1,0,
19 0,0,0,0,1,1,1,1,1,1,0,1,1,1,1,1,0,1,1,*,1,1,0,1,1,1,1,1,0,0,0,
20 1,1,1,1,1,0,0,1,1,1,1,0,0,1,1,1,1,0,1,1,*,1,1,0,0,1,1,1,1,1,0,
21 1,1,1,1,1,0,0,1,1,1,1,0,0,1,1,1,1,1,0,1,1,*,1,0,0,1,1,1,1,1,0,
22 1,1,1,1,0,1,1,1,1,1,1,1,1,1,1,1,1,1,1,0,1,1,*,1,1,0,1,1,1,1,0,
23 1,1,1,1,1,1,1,1,1,0,1,1,1,1,0,0,1,1,1,1,0,0,1,*,1,1,0,1,1,1,0,
24 1,1,1,1,1,1,1,1,0,0,1,1,1,1,0,0,1,1,1,1,0,0,1,1,*,1,1,0,1,1,0,
25 1,1,1,1,1,1,1,0,1,1,1,1,1,1,1,1,0,1,1,1,1,1,0,1,1,*,1,1,1,1,0,
26 1,1,1,1,1,1,0,1,1,1,1,0,0,1,1,1,1,0,0,1,1,1,1,0,1,1,*,1,1,1,0,
27 1,1,1,1,1,0,0,1,1,1,1,0,0,1,1,1,1,0,0,1,1,1,1,1,0,1,1,*,1,1,0,
28 1,1,0,0,1,1,1,1,1,1,1,1,1,0,1,1,1,1,1,0,1,1,1,1,1,1,1,1,*,0,0,
29 1,1,0,0,1,1,1,1,1,1,1,1,1,0,1,1,1,1,1,0,1,1,1,1,1,1,1,1,0,*,0,
30 0,0,1,1,0,0,0,0,0,0,0,0,0,0,0,0,0,0,0,0,0,0,0,0,0,0,0,0,0,0,*,
k=18
t=600

  0,1,2,3,4,5,6,7,8,9,10,11,12,13,14,15,16,17,18,19,20,21,22,23,24,25,26,27,28,29,30,
0 *,0,0,0,1,1,1,1,1,1,1,1,1,0,1,1,1,1,1,0,1,1,1,1,1,1,1,1,1,1,0,
1 0,*,0,0,1,1,1,1,1,1,1,1,1,0,1,1,1,1,1,0,1,1,1,1,1,1,1,1,1,1,0,
2 0,0,*,0,1,1,1,1,1,1,1,1,1,0,1,1,1,1,1,0,1,1,1,1,1,1,1,1,0,0,1,
3 0,0,0,*,1,1,1,1,1,1,1,1,1,0,1,1,1,1,1,0,1,1,1,1,1,1,1,1,0,0,1,
4 1,1,1,1,*,1,1,0,1,1,1,1,1,0,1,1,1,1,1,1,1,1,0,1,1,1,1,1,1,1,0,
5 1,1,1,1,1,*,1,1,0,1,1,1,1,1,0,0,1,1,1,1,0,0,1,1,1,1,0,0,1,1,0,
6 1,1,1,1,1,1,*,1,1,0,1,1,1,1,0,0,1,1,1,1,0,0,1,1,1,1,0,1,1,1,0,
7 1,1,1,1,0,1,1,*,1,1,0,1,1,1,1,1,1,1,1,1,1,1,1,1,1,0,1,1,1,1,0,
8 1,1,1,1,1,0,1,1,*,1,1,0,0,1,1,1,1,0,0,1,1,1,1,0,0,1,1,1,1,1,0,
9 1,1,1,1,1,1,0,1,1,*,1,0,0,1,1,1,1,0,0,1,1,1,1,0,1,1,1,1,1,1,0,
10 1,1,1,1,1,1,1,0,1,1,*,1,1,0,1,1,1,1,1,0,1,1,1,1,1,1,1,1,1,1,0,
11 1,1,1,1,1,1,1,1,0,0,1,*,1,1,0,1,1,1,1,1,0,0,1,1,1,1,0,0,1,1,0,
12 1,1,1,1,1,1,1,1,0,0,1,1,*,1,1,0,1,1,1,1,0,0,1,1,1,1,0,0,1,1,0,
13 0,0,0,0,0,1,1,1,1,1,0,1,1,*,1,1,0,1,1,1,1,1,1,1,1,1,1,1,0,0,0,
14 1,1,1,1,1,0,0,1,1,1,1,0,1,1,*,1,1,0,0,1,1,1,1,0,0,1,1,1,1,1,0,
15 1,1,1,1,1,0,0,1,1,1,1,1,0,1,1,*,1,0,0,1,1,1,1,0,0,1,1,1,1,1,0,
16 1,1,1,1,1,1,1,1,1,1,1,1,1,0,1,1,*,1,1,0,1,1,1,1,1,0,1,1,1,1,0,
17 1,1,1,1,1,1,1,1,0,0,1,1,1,1,0,0,1,*,1,1,0,1,1,1,1,1,0,0,1,1,0,
18 1,1,1,1,1,1,1,1,0,0,1,1,1,1,0,0,1,1,*,1,1,0,1,1,1,1,0,0,1,1,0,
19 0,0,0,0,1,1,1,1,1,1,0,1,1,1,1,1,0,1,1,*,1,1,0,1,1,1,1,1,0,0,0,
20 1,1,1,1,1,0,0,1,1,1,1,0,0,1,1,1,1,0,1,1,*,1,1,0,0,1,1,1,1,1,0,
21 1,1,1,1,1,0,0,1,1,1,1,0,0,1,1,1,1,1,0,1,1,*,1,0,0,1,1,1,1,1,0,
22 1,1,1,1,0,1,1,1,1,1,1,1,1,1,1,1,1,1,1,0,1,1,*,1,1,0,1,1,1,1,0,
23 1,1,1,1,1,1,1,1,0,0,1,1,1,1,0,0,1,1,1,1,0,0,1,*,1,1,0,1,1,1,0,
24 1,1,1,1,1,1,1,1,0,1,1,1,1,1,0,0,1,1,1,1,0,0,1,1,*,1,1,0,1,1,0,
25 1,1,1,1,1,1,1,0,1,1,1,1,1,1,1,1,0,1,1,1,1,1,0,1,1,*,1,1,1,1,0,
26 1,1,1,1,1,0,0,1,1,1,1,0,0,1,1,1,1,0,0,1,1,1,1,0,1,1,*,1,1,1,0,
27 1,1,1,1,1,0,1,1,1,1,1,0,0,1,1,1,1,0,0,1,1,1,1,1,0,1,1,*,1,1,0,
28 1,1,0,0,1,1,1,1,1,1,1,1,1,0,1,1,1,1,1,0,1,1,1,1,1,1,1,1,*,0,0,
29 1,1,0,0,1,1,1,1,1,1,1,1,1,0,1,1,1,1,1,0,1,1,1,1,1,1,1,1,0,*,0,
30 0,0,1,1,0,0,0,0,0,0,0,0,0,0,0,0,0,0,0,0,0,0,0,0,0,0,0,0,0,0,*,
k=19
t=600

  0,1,2,3,4,5,6,7,8,9,10,11,12,13,14,15,16,17,18,19,20,21,22,23,24,25,26,27,28,29,30,
0 *,0,0,0,1,1,1,1,1,1,1,1,1,0,1,1,1,1,1,1,1,1,1,1,1,1,1,1,1,1,0,
1 0,*,0,0,1,1,1,1,1,1,1,1,1,0,1,1,1,1,1,1,1,1,1,1,1,1,1,1,1,1,0,
2 0,0,*,0,1,1,1,1,1,1,1,1,1,0,1,1,1,1,1,1,1,1,1,1,1,1,1,1,0,0,1,
3 0,0,0,*,1,1,1,1,1,1,1,1,1,0,1,1,1,1,1,1,1,1,1,1,1,1,1,1,0,0,1,
4 1,1,1,1,*,1,1,0,1,1,1,1,1,0,1,1,1,1,1,1,1,1,1,1,1,1,1,0,1,1,0,
5 1,1,1,1,1,*,1,1,0,1,1,1,1,1,0,1,1,1,1,1,0,0,1,1,1,1,0,0,1,1,0,
6 1,1,1,1,1,1,*,1,1,0,1,1,1,1,1,0,1,1,1,1,0,1,1,1,1,0,0,1,1,1,0,
7 1,1,1,1,0,1,1,*,1,1,0,1,1,1,1,1,1,1,1,1,1,1,1,1,0,1,1,1,1,1,0,
8 1,1,1,1,1,0,1,1,*,1,1,0,1,1,1,1,1,0,0,1,1,1,1,0,0,1,1,1,1,1,0,
9 1,1,1,1,1,1,0,1,1,*,1,1,0,1,1,1,1,0,1,1,1,1,0,0,1,1,1,1,1,1,0,
10 1,1,1,1,1,1,1,0,1,1,*,1,1,0,1,1,1,1,1,0,1,1,1,1,1,1,1,1,1,1,0,
11 1,1,1,1,1,1,1,1,0,1,1,*,1,1,0,1,1,1,1,1,0,1,1,1,1,1,0,0,1,1,0,
12 1,1,1,1,1,1,1,1,1,0,1,1,*,1,1,0,1,1,1,1,1,0,1,1,1,1,0,1,1,1,0,
13 0,0,0,0,0,1,1,1,1,1,0,1,1,*,1,1,0,1,1,1,1,1,1,1,1,1,1,1,0,0,0,
14 1,1,1,1,1,0,1,1,1,1,1,0,1,1,*,1,1,0,1,1,1,1,1,0,0,1,1,1,1,1,0,
15 1,1,1,1,1,1,0,1,1,1,1,1,0,1,1,*,1,1,0,1,1,1,1,0,1,1,1,1,1,1,0,
16 1,1,1,1,1,1,1,1,1,1,1,1,1,0,1,1,*,1,1,0,1,1,1,1,1,0,1,1,1,1,0,
17 1,1,1,1,1,1,1,1,0,0,1,1,1,1,0,1,1,*,1,1,0,1,1,1,1,1,0,1,1,1,0,
18 1,1,1,1,1,1,1,1,0,1,1,1,1,1,1,0,1,1,*,1,1,0,1,1,1,1,1,0,1,1,0,
19 1,1,1,1,1,1,1,1,1,1,0,1,1,1,1,1,0,1,1,*,1,1,0,1,1,1,1,1,1,1,0,
20 1,1,1,1,1,0,0,1,1,1,1,0,1,1,1,1,1,0,1,1,*,1,1,0,1,1,1,1,1,1,0,
21 1,1,1,1,1,0,1,1,1,1,1,1,0,1,1,1,1,1,0,1,1,*,1,1,0,1,1,1,1,1,0,
22 1,1,1,1,1,1,1,1,1,0,1,1,1,1,1,1,1,1,1,0,1,1,*,1,1,0,1,1,1,1,0,
23 1,1,1,1,1,1,1,1,0,0,1,1,1,1,0,0,1,1,1,1,0,1,1,*,1,1,0,1,1,1,0,
24 1,1,1,1,1,1,1,0,0,1,1,1,1,1,0,1,1,1,1,1,1,0,1,1,*,1,1,0,1,1,0,
25 1,1,1,1,1,1,0,1,1,1,1,1,1,1,1,1,0,1,1,1,1,1,0,1,1,*,1,1,1,1,0,
26 1,1,1,1,1,0,0,1,1,1,1,0,0,1,1,1,1,0,1,1,1,1,1,0,1,1,*,1,1,1,0,
27 1,1,1,1,0,0,1,1,1,1,1,0,1,1,1,1,1,1,0,1,1,1,1,1,0,1,1,*,1,1,0,
28 1,1,0,0,1,1,1,1,1,1,1,1,1,0,1,1,1,1,1,1,1,1,1,1,1,1,1,1,*,0,0,
29 1,1,0,0,1,1,1,1,1,1,1,1,1,0,1,1,1,1,1,1,1,1,1,1,1,1,1,1,0,*,0,
30 0,0,1,1,0,0,0,0,0,0,0,0,0,0,0,0,0,0,0,0,0,0,0,0,0,0,0,0,0,0,*,
k=20
t=600

  0,1,2,3,4,5,6,7,8,9,10,11,12,13,14,15,16,17,18,19,20,21,22,23,24,25,26,27,28,29,30,
0 *,0,0,0,1,1,1,1,1,1,1,1,1,1,1,1,1,1,1,1,1,1,1,1,1,1,1,1,0,1,0,
1 0,*,0,0,1,1,1,1,1,1,1,1,1,1,1,1,1,1,1,1,1,1,1,1,1,1,1,1,0,1,0,
2 0,0,*,0,0,0,0,0,0,0,0,0,0,0,0,0,0,0,0,0,0,0,0,0,0,0,0,0,0,0,1,
3 0,0,0,*,0,0,0,0,0,0,0,0,0,0,0,0,0,0,0,0,0,0,0,0,0,0,0,0,0,0,1,
4 1,1,0,0,*,1,1,0,1,1,1,1,1,0,1,1,1,1,1,1,1,1,1,1,1,1,1,0,1,1,0,
5 1,1,0,0,1,*,1,1,0,1,1,1,1,1,0,1,1,1,1,1,0,1,1,1,1,1,0,1,1,1,0,
6 1,1,0,0,1,1,*,1,1,0,1,1,1,1,1,0,1,1,1,1,1,1,1,1,1,0,1,1,1,1,0,
7 1,1,0,0,0,1,1,*,1,1,0,1,1,1,1,1,1,1,1,1,1,1,1,1,0,1,1,1,1,1,0,
8 1,1,0,0,1,0,1,1,*,1,1,0,1,1,1,1,1,0,1,1,1,1,1,0,1,1,1,1,1,1,0,
9 1,1,0,0,1,1,0,1,1,*,1,1,0,1,1,1,1,1,1,1,1,1,0,1,1,1,1,1,1,1,0,
10 1,1,0,0,1,1,1,0,1,1,*,1,1,0,1,1,1,1,1,0,1,1,1,1,1,1,1,1,1,1,0,
11 1,1,0,0,1,1,1,1,0,1,1,*,1,1,0,1,1,1,1,1,0,1,1,1,1,1,0,1,1,1,0,
12 1,1,0,0,1,1,1,1,1,0,1,1,*,1,1,0,1,1,1,1,1,0,1,1,1,1,1,1,1,1,0,
13 1,1,0,0,0,1,1,1,1,1,0,1,1,*,1,1,0,1,1,1,1,1,1,1,1,1,1,1,1,1,0,
14 1,1,0,0,1,0,1,1,1,1,1,0,1,1,*,1,1,0,1,1,1,1,1,0,1,1,1,1,1,1,0,
15 1,1,0,0,1,1,0,1,1,1,1,1,0,1,1,*,1,1,0,1,1,1,1,1,1,1,1,1,1,1,0,
16 1,1,0,0,1,1,1,1,1,1,1,1,1,0,1,1,*,1,1,0,1,1,1,1,1,0,1,1,1,1,0,
17 1,1,0,0,1,1,1,1,0,1,1,1,1,1,0,1,1,*,1,1,0,1,1,1,1,1,0,1,1,1,0,
18 1,1,0,0,1,1,1,1,1,1,1,1,1,1,1,0,1,1,*,1,1,0,1,1,1,1,1,0,1,1,0,
19 1,1,0,0,1,1,1,1,1,1,0,1,1,1,1,1,0,1,1,*,1,1,0,1,1,1,1,1,1,1,0,
20 1,1,0,0,1,0,1,1,1,1,1,0,1,1,1,1,1,0,1,1,*,1,1,0,1,1,1,1,1,1,0,
21 1,1,0,0,1,1,1,1,1,1,1,1,0,1,1,1,1,1,0,1,1,*,1,1,0,1,1,1,1,1,0,
22 1,1,0,0,1,1,1,1,1,0,1,1,1,1,1,1,1,1,1,0,1,1,*,1,1,0,1,1,1,1,0,
23 1,1,0,0,1,1,1,1,0,1,1,1,1,1,0,1,1,1,1,1,0,1,1,*,1,1,0,1,1,1,0,
24 1,1,0,0,1,1,1,0,1,1,1,1,1,1,1,1,1,1,1,1,1,0,1,1,*,1,1,0,1,1,0,
25 1,1,0,0,1,1,0,1,1,1,1,1,1,1,1,1,0,1,1,1,1,1,0,1,1,*,1,1,1,1,0,
26 1,1,0,0,1,0,1,1,1,1,1,0,1,1,1,1,1,0,1,1,1,1,1,0,1,1,*,1,1,1,0,
27 1,1,0,0,0,1,1,1,1,1,1,1,1,1,1,1,1,1,0,1,1,1,1,1,0,1,1,*,1,1,0,
28 0,0,0,0,1,1,1,1,1,1,1,1,1,1,1,1,1,1,1,1,1,1,1,1,1,1,1,1,*,0,0,
29 1,1,0,0,1,1,1,1,1,1,1,1,1,1,1,1,1,1,1,1,1,1,1,1,1,1,1,1,0,*,0,
30 0,0,1,1,0,0,0,0,0,0,0,0,0,0,0,0,0,0,0,0,0,0,0,0,0,0,0,0,0,0,*,
k=21
t=600

  0,1,2,3,4,5,6,7,8,9,10,11,12,13,14,15,16,17,18,19,20,21,22,23,24,25,26,27,28,29,30,
0 *,0,0,0,1,1,1,1,1,1,1,1,0,1,1,1,1,1,1,1,1,1,1,1,1,1,1,1,0,1,0,
1 0,*,0,0,1,1,1,1,1,1,1,1,0,1,1,1,1,1,1,1,1,1,1,1,1,1,1,1,0,1,0,
2 0,0,*,0,0,0,0,0,0,0,0,0,0,0,0,0,0,0,0,0,0,0,0,0,0,0,0,0,0,0,1,
3 0,0,0,*,0,0,0,0,0,0,0,0,0,0,0,0,0,0,0,0,0,0,0,0,0,0,0,0,0,0,1,
4 1,1,0,0,*,1,1,0,1,1,1,1,1,0,1,1,1,1,1,1,0,1,1,1,1,1,0,0,1,1,0,
5 1,1,0,0,1,*,1,1,0,1,1,1,1,1,0,1,1,1,1,0,0,1,1,1,1,0,0,1,1,1,0,
6 1,1,0,0,1,1,*,1,1,0,1,1,1,1,1,0,1,1,1,1,1,1,1,1,1,0,1,1,1,1,0,
7 1,1,0,0,0,1,1,*,1,1,0,1,1,1,1,1,1,0,1,1,1,1,1,0,0,1,1,1,1,1,0,
8 1,1,0,0,1,0,1,1,*,1,1,0,1,1,1,1,0,0,1,1,1,1,0,0,1,1,1,1,1,1,0,
9 1,1,0,0,1,1,0,1,1,*,1,1,0,1,1,1,1,1,1,1,1,1,0,1,1,1,1,1,1,1,0,
10 1,1,0,0,1,1,1,0,1,1,*,1,1,0,1,1,1,1,1,0,1,1,1,1,1,1,0,1,1,1,0,
11 1,1,0,0,1,1,1,1,0,1,1,*,1,1,0,1,1,1,1,1,0,1,1,1,1,0,0,1,1,1,0,
12 0,0,0,0,1,1,1,1,1,0,1,1,*,1,1,0,1,1,1,1,1,0,1,1,1,1,1,1,0,0,0,
13 1,1,0,0,0,1,1,1,1,1,0,1,1,*,1,1,0,1,1,1,1,1,1,0,1,1,1,1,1,1,0,
14 1,1,0,0,1,0,1,1,1,1,1,0,1,1,*,1,1,0,1,1,1,1,0,0,1,1,1,1,1,1,0,
15 1,1,0,0,1,1,0,1,1,1,1,1,0,1,1,*,1,1,0,1,1,1,1,1,1,1,1,1,1,1,0,
16 1,1,0,0,1,1,1,1,0,1,1,1,1,0,1,1,*,1,1,0,1,1,1,1,1,0,1,1,1,1,0,
17 1,1,0,0,1,1,1,0,0,1,1,1,1,1,0,1,1,*,1,1,0,1,1,1,1,1,0,1,1,1,0,
18 1,1,0,0,1,1,1,1,1,1,1,1,1,1,1,0,1,1,*,1,1,0,1,1,1,1,1,0,1,1,0,
19 1,1,0,0,1,0,1,1,1,1,0,1,1,1,1,1,0,1,1,*,1,1,0,1,1,1,1,1,1,1,0,
20 1,1,0,0,0,0,1,1,1,1,1,0,1,1,1,1,1,0,1,1,*,1,1,0,1,1,1,1,1,1,0,
21 1,1,0,0,1,1,1,1,1,1,1,1,0,1,1,1,1,1,0,1,1,*,1,1,0,1,1,1,1,1,0,
22 1,1,0,0,1,1,1,1,0,0,1,1,1,1,0,1,1,1,1,0,1,1,*,1,1,0,1,1,1,1,0,
23 1,1,0,0,1,1,1,0,0,1,1,1,1,0,0,1,1,1,1,1,0,1,1,*,1,1,0,1,1,1,0,
24 1,1,0,0,1,1,1,0,1,1,1,1,1,1,1,1,1,1,1,1,1,0,1,1,*,1,1,0,1,1,0,
25 1,1,0,0,1,0,0,1,1,1,1,0,1,1,1,1,0,1,1,1,1,1,0,1,1,*,1,1,1,1,0,
26 1,1,0,0,0,0,1,1,1,1,0,0,1,1,1,1,1,0,1,1,1,1,1,0,1,1,*,1,1,1,0,
27 1,1,0,0,0,1,1,1,1,1,1,1,1,1,1,1,1,1,0,1,1,1,1,1,0,1,1,*,1,1,0,
28 0,0,0,0,1,1,1,1,1,1,1,1,0,1,1,1,1,1,1,1,1,1,1,1,1,1,1,1,*,0,0,
29 1,1,0,0,1,1,1,1,1,1,1,1,0,1,1,1,1,1,1,1,1,1,1,1,1,1,1,1,0,*,0,
30 0,0,1,1,0,0,0,0,0,0,0,0,0,0,0,0,0,0,0,0,0,0,0,0,0,0,0,0,0,0,*,
k=22
t=600

  0,1,2,3,4,5,6,7,8,9,10,11,12,13,14,15,16,17,18,19,20,21,22,23,24,25,26,27,28,29,30,
0 *,0,0,0,1,1,1,1,1,1,1,1,0,1,1,1,1,1,0,1,1,1,1,1,1,1,1,1,0,1,0,
1 0,*,0,0,1,1,1,1,1,1,1,1,0,1,1,1,1,1,0,1,1,1,1,1,1,1,1,1,0,1,0,
2 0,0,*,0,0,0,0,0,0,0,0,0,0,0,0,0,0,0,0,0,0,0,0,0,0,0,0,0,0,0,1,
3 0,0,0,*,0,0,0,0,0,0,0,0,0,0,0,0,0,0,0,0,0,0,0,0,0,0,0,0,0,0,1,
4 1,1,0,0,*,1,1,0,1,1,1,1,1,0,0,1,1,1,1,0,0,1,1,1,1,1,0,1,1,1,0,
5 1,1,0,0,1,*,1,1,0,1,1,1,1,0,0,1,1,1,1,0,0,1,1,1,1,0,0,1,1,1,0,
6 1,1,0,0,1,1,*,1,1,0,1,1,1,1,1,0,1,1,1,1,1,1,1,1,0,1,1,1,1,1,0,
7 1,1,0,0,0,1,1,*,1,1,0,0,1,1,1,1,0,0,1,1,1,1,1,0,1,1,1,1,1,1,0,
8 1,1,0,0,1,0,1,1,*,1,0,0,1,1,1,1,0,0,1,1,1,1,0,0,1,1,1,1,1,1,0,
9 1,1,0,0,1,1,0,1,1,*,1,1,0,1,1,1,1,1,1,1,1,1,1,1,1,1,1,0,1,1,0,
10 1,1,0,0,1,1,1,0,0,1,*,1,1,0,1,1,1,1,1,0,0,1,1,1,1,0,0,1,1,1,0,
11 1,1,0,0,1,1,1,0,0,1,1,*,1,1,0,1,1,1,1,0,0,1,1,1,1,0,0,1,1,1,0,
12 0,0,0,0,1,1,1,1,1,0,1,1,*,1,1,0,1,1,1,1,1,0,1,1,1,1,1,1,0,0,0,
13 1,1,0,0,0,0,1,1,1,1,0,1,1,*,1,1,0,0,1,1,1,1,0,0,1,1,1,1,1,1,0,
14 1,1,0,0,0,0,1,1,1,1,1,0,1,1,*,1,0,0,1,1,1,1,0,0,1,1,1,1,1,1,0,
15 1,1,0,0,1,1,0,1,1,1,1,1,0,1,1,*,1,1,0,1,1,1,1,1,1,1,1,1,1,1,0,
16 1,1,0,0,1,1,1,0,0,1,1,1,1,0,0,1,*,1,1,0,1,1,1,1,1,0,0,1,1,1,0,
17 1,1,0,0,1,1,1,0,0,1,1,1,1,0,0,1,1,*,1,1,0,1,1,1,1,0,0,1,1,1,0,
18 0,0,0,0,1,1,1,1,1,1,1,1,1,1,1,0,1,1,*,1,1,0,1,1,1,1,1,0,0,0,0,
19 1,1,0,0,0,0,1,1,1,1,0,0,1,1,1,1,0,1,1,*,1,1,0,0,1,1,1,1,1,1,0,
20 1,1,0,0,0,0,1,1,1,1,0,0,1,1,1,1,1,0,1,1,*,1,0,0,1,1,1,1,1,1,0,
21 1,1,0,0,1,1,1,1,1,1,1,1,0,1,1,1,1,1,0,1,1,*,1,1,0,1,1,1,1,1,0,
22 1,1,0,0,1,1,1,1,0,1,1,1,1,0,0,1,1,1,1,0,0,1,*,1,1,0,1,1,1,1,0,
23 1,1,0,0,1,1,1,0,0,1,1,1,1,0,0,1,1,1,1,0,0,1,1,*,1,1,0,1,1,1,0,
24 1,1,0,0,1,1,0,1,1,1,1,1,1,1,1,1,1,1,1,1,1,0,1,1,*,1,1,0,1,1,0,
25 1,1,0,0,1,0,1,1,1,1,0,0,1,1,1,1,0,0,1,1,1,1,0,1,1,*,1,1,1,1,0,
26 1,1,0,0,0,0,1,1,1,1,0,0,1,1,1,1,0,0,1,1,1,1,1,0,1,1,*,1,1,1,0,
27 1,1,0,0,1,1,1,1,1,0,1,1,1,1,1,1,1,1,0,1,1,1,1,1,0,1,1,*,1,1,0,
28 0,0,0,0,1,1,1,1,1,1,1,1,0,1,1,1,1,1,0,1,1,1,1,1,1,1,1,1,*,0,0,
29 1,1,0,0,1,1,1,1,1,1,1,1,0,1,1,1,1,1,0,1,1,1,1,1,1,1,1,1,0,*,0,
30 0,0,1,1,0,0,0,0,0,0,0,0,0,0,0,0,0,0,0,0,0,0,0,0,0,0,0,0,0,0,*,
k=23
t=600

  0,1,2,3,4,5,6,7,8,9,10,11,12,13,14,15,16,17,18,19,20,21,22,23,24,25,26,27,28,29,30,
0 *,0,0,0,1,1,1,1,1,1,1,1,0,1,1,1,1,1,0,1,1,1,1,1,1,1,1,1,0,1,0,
1 0,*,0,0,1,1,1,1,1,1,1,1,0,1,1,1,1,1,0,1,1,1,1,1,1,1,1,1,0,1,0,
2 0,0,*,0,0,0,0,0,0,0,0,0,0,0,0,0,0,0,0,0,0,0,0,0,0,0,0,0,1,0,1,
3 0,0,0,*,0,0,0,0,0,0,0,0,0,0,0,0,0,0,0,0,0,0,0,0,0,0,0,0,1,0,1,
4 1,1,0,0,*,1,1,0,1,1,1,1,1,0,0,1,1,1,1,0,0,1,1,1,1,0,0,1,1,1,0,
5 1,1,0,0,1,*,1,1,0,1,1,1,1,0,0,1,1,1,1,0,0,1,1,1,1,0,1,1,1,1,0,
6 1,1,0,0,1,1,*,1,1,0,1,1,1,1,1,0,1,1,1,1,1,1,1,1,0,1,1,1,1,1,0,
7 1,1,0,0,0,1,1,*,1,1,0,0,1,1,1,1,0,0,1,1,1,1,0,0,1,1,1,1,1,1,0,
8 1,1,0,0,1,0,1,1,*,1,0,0,1,1,1,1,0,0,1,1,1,1,0,1,1,1,1,1,1,1,0,
9 1,1,0,0,1,1,0,1,1,*,1,1,0,1,1,1,1,1,1,1,1,1,1,1,1,1,1,0,1,1,0,
10 1,1,0,0,1,1,1,0,0,1,*,1,1,0,1,1,1,1,1,0,0,1,1,1,1,0,0,1,1,1,0,
11 1,1,0,0,1,1,1,0,0,1,1,*,1,1,0,1,1,1,1,0,0,1,1,1,1,0,0,1,1,1,0,
12 0,0,0,0,1,1,1,1,1,0,1,1,*,1,1,0,1,1,1,1,1,0,1,1,1,1,1,1,0,0,0,
13 1,1,0,0,0,0,1,1,1,1,0,1,1,*,1,1,0,0,1,1,1,1,0,0,1,1,1,1,1,1,0,
14 1,1,0,0,0,0,1,1,1,1,1,0,1,1,*,1,0,0,1,1,1,1,0,0,1,1,1,1,1,1,0,
15 1,1,0,0,1,1,0,1,1,1,1,1,0,1,1,*,1,1,0,1,1,1,1,1,1,1,1,1,1,1,0,
16 1,1,0,0,1,1,1,0,0,1,1,1,1,0,0,1,*,1,1,0,1,1,1,1,1,0,0,1,1,1,0,
17 1,1,0,0,1,1,1,0,0,1,1,1,1,0,0,1,1,*,1,1,0,1,1,1,1,0,0,1,1,1,0,
18 0,0,0,0,1,1,1,1,1,1,1,1,1,1,1,0,1,1,*,1,1,0,1,1,1,1,1,0,0,0,0,
19 1,1,0,0,0,0,1,1,1,1,0,0,1,1,1,1,0,1,1,*,1,1,0,0,1,1,1,1,1,1,0,
20 1,1,0,0,0,0,1,1,1,1,0,0,1,1,1,1,1,0,1,1,*,1,0,0,1,1,1,1,1,1,0,
21 1,1,0,0,1,1,1,1,1,1,1,1,0,1,1,1,1,1,0,1,1,*,1,1,0,1,1,1,1,1,0,
22 1,1,0,0,1,1,1,0,0,1,1,1,1,0,0,1,1,1,1,0,0,1,*,1,1,0,1,1,1,1,0,
23 1,1,0,0,1,1,1,0,1,1,1,1,1,0,0,1,1,1,1,0,0,1,1,*,1,1,0,1,1,1,0,
24 1,1,0,0,1,1,0,1,1,1,1,1,1,1,1,1,1,1,1,1,1,0,1,1,*,1,1,0,1,1,0,
25 1,1,0,0,0,0,1,1,1,1,0,0,1,1,1,1,0,0,1,1,1,1,0,1,1,*,1,1,1,1,0,
26 1,1,0,0,0,1,1,1,1,1,0,0,1,1,1,1,0,0,1,1,1,1,1,0,1,1,*,1,1,1,0,
27 1,1,0,0,1,1,1,1,1,0,1,1,1,1,1,1,1,1,0,1,1,1,1,1,0,1,1,*,1,1,0,
28 0,0,1,1,1,1,1,1,1,1,1,1,0,1,1,1,1,1,0,1,1,1,1,1,1,1,1,1,*,0,0,
29 1,1,0,0,1,1,1,1,1,1,1,1,0,1,1,1,1,1,0,1,1,1,1,1,1,1,1,1,0,*,0,
30 0,0,1,1,0,0,0,0,0,0,0,0,0,0,0,0,0,0,0,0,0,0,0,0,0,0,0,0,0,0,*,
k=24
t=600

  0,1,2,3,4,5,6,7,8,9,10,11,12,13,14,15,16,17,18,19,20,21,22,23,24,25,26,27,28,29,30,
0 *,0,0,0,1,1,1,1,1,1,1,1,0,1,1,1,1,1,1,1,1,1,1,1,1,1,1,1,0,1,0,
1 0,*,0,0,1,1,1,1,1,1,1,1,0,1,1,1,1,1,1,1,1,1,1,1,1,1,1,1,0,1,0,
2 0,0,*,0,1,1,1,1,1,1,1,1,0,1,1,1,1,1,1,1,1,1,1,1,1,1,1,1,1,0,1,
3 0,0,0,*,1,1,1,1,1,1,1,1,0,1,1,1,1,1,1,1,1,1,1,1,1,1,1,1,1,0,1,
4 1,1,1,1,*,1,1,0,1,1,1,1,1,0,1,1,1,1,1,0,0,1,1,1,1,0,0,1,1,1,0,
5 1,1,1,1,1,*,1,1,0,1,1,1,1,1,0,1,1,1,1,0,1,1,1,1,0,0,1,1,1,1,0,
6 1,1,1,1,1,1,*,1,1,0,1,1,1,1,1,0,1,1,1,1,1,1,1,0,0,1,1,1,1,1,0,
7 1,1,1,1,0,1,1,*,1,1,0,1,1,1,1,1,0,0,1,1,1,1,0,0,1,1,1,1,1,1,0,
8 1,1,1,1,1,0,1,1,*,1,1,0,1,1,1,1,0,1,1,1,1,1,0,1,1,1,1,0,1,1,0,
9 1,1,1,1,1,1,0,1,1,*,1,1,0,1,1,1,1,1,1,1,1,1,1,1,1,1,0,0,1,1,0,
10 1,1,1,1,1,1,1,0,1,1,*,1,1,0,1,1,1,1,1,0,1,1,1,1,1,0,0,1,1,1,0,
11 1,1,1,1,1,1,1,1,0,1,1,*,1,1,0,1,1,1,1,1,0,1,1,1,1,0,1,1,1,1,0,
12 0,0,0,0,1,1,1,1,1,0,1,1,*,1,1,0,1,1,1,1,1,0,1,1,1,1,1,1,0,0,0,
13 1,1,1,1,0,1,1,1,1,1,0,1,1,*,1,1,0,1,1,1,1,1,0,0,1,1,1,1,1,1,0,
14 1,1,1,1,1,0,1,1,1,1,1,0,1,1,*,1,1,0,1,1,1,1,0,1,1,1,1,1,1,1,0,
15 1,1,1,1,1,1,0,1,1,1,1,1,0,1,1,*,1,1,0,1,1,1,1,1,1,1,1,1,1,1,0,
16 1,1,1,1,1,1,1,0,0,1,1,1,1,0,1,1,*,1,1,0,1,1,1,1,1,0,1,1,1,1,0,
17 1,1,1,1,1,1,1,0,1,1,1,1,1,1,0,1,1,*,1,1,0,1,1,1,1,1,0,1,1,1,0,
18 1,1,1,1,1,1,1,1,1,1,1,1,1,1,1,0,1,1,*,1,1,0,1,1,1,1,1,0,1,1,0,
19 1,1,1,1,0,0,1,1,1,1,0,1,1,1,1,1,0,1,1,*,1,1,0,1,1,1,1,1,1,1,0,
20 1,1,1,1,0,1,1,1,1,1,1,0,1,1,1,1,1,0,1,1,*,1,1,0,1,1,1,1,1,1,0,
21 1,1,1,1,1,1,1,1,1,1,1,1,0,1,1,1,1,1,0,1,1,*,1,1,0,1,1,1,1,1,0,
22 1,1,1,1,1,1,1,0,0,1,1,1,1,0,0,1,1,1,1,0,1,1,*,1,1,0,1,1,1,1,0,
23 1,1,1,1,1,1,0,0,1,1,1,1,1,0,1,1,1,1,1,1,0,1,1,*,1,1,0,1,1,1,0,
24 1,1,1,1,1,0,0,1,1,1,1,1,1,1,1,1,1,1,1,1,1,0,1,1,*,1,1,0,1,1,0,
25 1,1,1,1,0,0,1,1,1,1,0,0,1,1,1,1,0,1,1,1,1,1,0,1,1,*,1,1,1,1,0,
26 1,1,1,1,0,1,1,1,1,0,0,1,1,1,1,1,1,0,1,1,1,1,1,0,1,1,*,1,1,1,0,
27 1,1,1,1,1,1,1,1,0,0,1,1,1,1,1,1,1,1,0,1,1,1,1,1,0,1,1,*,1,1,0,
28 0,0,1,1,1,1,1,1,1,1,1,1,0,1,1,1,1,1,1,1,1,1,1,1,1,1,1,1,*,0,0,
29 1,1,0,0,1,1,1,1,1,1,1,1,0,1,1,1,1,1,1,1,1,1,1,1,1,1,1,1,0,*,0,
30 0,0,1,1,0,0,0,0,0,0,0,0,0,0,0,0,0,0,0,0,0,0,0,0,0,0,0,0,0,0,*,
k=25
t=600

  0,1,2,3,4,5,6,7,8,9,10,11,12,13,14,15,16,17,18,19,20,21,22,23,24,25,26,27,28,29,30,
0 *,0,0,0,1,1,1,1,1,1,1,1,1,1,1,1,1,1,1,1,1,1,1,1,1,1,1,1,0,1,0,
1 0,*,0,0,1,1,1,1,1,1,1,1,1,1,1,1,1,1,1,1,1,1,1,1,1,1,1,1,0,1,0,
2 0,0,*,0,1,1,1,1,1,1,1,1,1,1,1,1,1,1,1,1,1,1,1,1,1,1,1,1,1,0,1,
3 0,0,0,*,1,1,1,1,1,1,1,1,1,1,1,1,1,1,1,1,1,1,1,1,1,1,1,1,1,0,1,
4 1,1,1,1,*,1,1,0,1,1,1,1,1,0,1,1,1,1,1,0,1,1,1,1,1,0,1,1,1,1,0,
5 1,1,1,1,1,*,1,1,0,1,1,1,1,1,0,1,1,1,1,1,1,1,1,1,0,1,1,1,1,1,0,
6 1,1,1,1,1,1,*,1,1,0,1,1,1,1,1,0,1,1,1,1,1,1,1,0,1,1,1,1,1,1,0,
7 1,1,1,1,0,1,1,*,1,1,0,1,1,1,1,1,0,1,1,1,1,1,0,1,1,1,1,1,1,1,0,
8 1,1,1,1,1,0,1,1,*,1,1,0,1,1,1,1,1,1,1,1,1,1,1,1,1,1,1,0,1,1,0,
9 1,1,1,1,1,1,0,1,1,*,1,1,0,1,1,1,1,1,1,1,1,1,1,1,1,1,0,1,1,1,0,
10 1,1,1,1,1,1,1,0,1,1,*,1,1,0,1,1,1,1,1,0,1,1,1,1,1,0,1,1,1,1,0,
11 1,1,1,1,1,1,1,1,0,1,1,*,1,1,0,1,1,1,1,1,0,1,1,1,1,1,1,1,1,1,0,
12 1,1,1,1,1,1,1,1,1,0,1,1,*,1,1,0,1,1,1,1,1,0,1,1,1,1,1,1,1,1,0,
13 1,1,1,1,0,1,1,1,1,1,0,1,1,*,1,1,0,1,1,1,1,1,0,1,1,1,1,1,1,1,0,
14 1,1,1,1,1,0,1,1,1,1,1,0,1,1,*,1,1,0,1,1,1,1,1,1,1,1,1,1,1,1,0,
15 1,1,1,1,1,1,0,1,1,1,1,1,0,1,1,*,1,1,0,1,1,1,1,1,1,1,1,1,1,1,0,
16 1,1,1,1,1,1,1,0,1,1,1,1,1,0,1,1,*,1,1,0,1,1,1,1,1,0,1,1,1,1,0,
17 1,1,1,1,1,1,1,1,1,1,1,1,1,1,0,1,1,*,1,1,0,1,1,1,1,1,0,1,1,1,0,
18 1,1,1,1,1,1,1,1,1,1,1,1,1,1,1,0,1,1,*,1,1,0,1,1,1,1,1,0,1,1,0,
19 1,1,1,1,0,1,1,1,1,1,0,1,1,1,1,1,0,1,1,*,1,1,0,1,1,1,1,1,1,1,0,
20 1,1,1,1,1,1,1,1,1,1,1,0,1,1,1,1,1,0,1,1,*,1,1,0,1,1,1,1,1,1,0,
21 1,1,1,1,1,1,1,1,1,1,1,1,0,1,1,1,1,1,0,1,1,*,1,1,0,1,1,1,1,1,0,
22 1,1,1,1,1,1,1,0,1,1,1,1,1,0,1,1,1,1,1,0,1,1,*,1,1,0,1,1,1,1,0,
23 1,1,1,1,1,1,0,1,1,1,1,1,1,1,1,1,1,1,1,1,0,1,1,*,1,1,0,1,1,1,0,
24 1,1,1,1,1,0,1,1,1,1,1,1,1,1,1,1,1,1,1,1,1,0,1,1,*,1,1,0,1,1,0,
25 1,1,1,1,0,1,1,1,1,1,0,1,1,1,1,1,0,1,1,1,1,1,0,1,1,*,1,1,1,1,0,
26 1,1,1,1,1,1,1,1,1,0,1,1,1,1,1,1,1,0,1,1,1,1,1,0,1,1,*,1,1,1,0,
27 1,1,1,1,1,1,1,1,0,1,1,1,1,1,1,1,1,1,0,1,1,1,1,1,0,1,1,*,1,1,0,
28 0,0,1,1,1,1,1,1,1,1,1,1,1,1,1,1,1,1,1,1,1,1,1,1,1,1,1,1,*,0,0,
29 1,1,0,0,1,1,1,1,1,1,1,1,1,1,1,1,1,1,1,1,1,1,1,1,1,1,1,1,0,*,0,
30 0,0,1,1,0,0,0,0,0,0,0,0,0,0,0,0,0,0,0,0,0,0,0,0,0,0,0,0,0,0,*,
k=26
t=600

  0,1,2,3,4,5,6,7,8,9,10,11,12,13,14,15,16,17,18,19,20,21,22,23,24,25,26,27,28,29,30,
0 *,0,0,0,1,1,1,1,1,1,1,1,1,1,1,1,1,1,1,1,1,1,1,1,1,1,1,1,0,1,0,
1 0,*,0,0,1,1,1,1,1,1,1,1,1,1,1,1,1,1,1,1,1,1,1,1,1,1,1,1,0,1,0,
2 0,0,*,0,1,1,1,1,1,1,1,1,1,1,1,1,1,1,1,1,1,1,1,1,1,1,1,1,1,0,1,
3 0,0,0,*,1,1,1,1,1,1,1,1,1,1,1,1,1,1,1,1,1,1,1,1,1,1,1,1,1,0,1,
4 1,1,1,1,*,1,1,0,1,1,1,1,1,0,1,1,1,1,0,0,1,1,1,1,0,0,1,1,0,1,0,
5 1,1,1,1,1,*,1,1,0,1,1,1,1,1,0,1,1,1,1,1,1,1,1,1,0,1,1,1,0,1,0,
6 1,1,1,1,1,1,*,1,1,0,1,1,1,1,1,0,0,1,1,1,1,1,0,0,1,1,1,1,0,1,0,
7 1,1,1,1,0,1,1,*,1,1,0,1,1,1,1,1,0,1,1,1,1,0,0,1,1,1,1,0,0,1,0,
8 1,1,1,1,1,0,1,1,*,1,1,0,1,1,1,1,1,1,1,1,1,1,1,1,1,1,1,0,0,1,0,
9 1,1,1,1,1,1,0,1,1,*,1,1,0,1,1,1,1,1,1,0,1,1,1,1,1,0,0,1,0,1,0,
10 1,1,1,1,1,1,1,0,1,1,*,1,1,0,1,1,1,1,1,0,1,1,1,1,0,0,1,1,0,1,0,
11 1,1,1,1,1,1,1,1,0,1,1,*,1,1,0,1,1,1,1,1,0,1,1,1,1,1,1,1,0,1,0,
12 1,1,1,1,1,1,1,1,1,0,1,1,*,1,1,0,1,1,1,1,1,0,0,1,1,1,1,1,0,1,0,
13 1,1,1,1,0,1,1,1,1,1,0,1,1,*,1,1,0,1,1,1,1,1,0,1,1,1,1,0,0,1,0,
14 1,1,1,1,1,0,1,1,1,1,1,0,1,1,*,1,1,0,1,1,1,1,1,1,1,1,1,1,0,1,0,
15 1,1,1,1,1,1,0,1,1,1,1,1,0,1,1,*,1,1,0,1,1,1,1,1,1,0,1,1,0,1,0,
16 1,1,1,1,1,1,0,0,1,1,1,1,1,0,1,1,*,1,1,0,1,1,1,1,1,0,1,1,0,1,0,
17 1,1,1,1,1,1,1,1,1,1,1,1,1,1,0,1,1,*,1,1,0,1,1,1,1,1,0,1,0,1,0,
18 1,1,1,1,0,1,1,1,1,1,1,1,1,1,1,0,1,1,*,1,1,0,1,1,1,1,1,0,0,1,0,
19 1,1,1,1,0,1,1,1,1,0,0,1,1,1,1,1,0,1,1,*,1,1,0,1,1,1,1,1,0,1,0,
20 1,1,1,1,1,1,1,1,1,1,1,0,1,1,1,1,1,0,1,1,*,1,1,0,1,1,1,1,0,1,0,
21 1,1,1,1,1,1,1,0,1,1,1,1,0,1,1,1,1,1,0,1,1,*,1,1,0,1,1,1,0,1,0,
22 1,1,1,1,1,1,0,0,1,1,1,1,0,0,1,1,1,1,1,0,1,1,*,1,1,0,1,1,0,1,0,
23 1,1,1,1,1,1,0,1,1,1,1,1,1,1,1,1,1,1,1,1,0,1,1,*,1,1,0,1,0,1,0,
24 1,1,1,1,0,0,1,1,1,1,0,1,1,1,1,1,1,1,1,1,1,0,1,1,*,1,1,0,0,1,0,
25 1,1,1,1,0,1,1,1,1,0,0,1,1,1,1,0,0,1,1,1,1,1,0,1,1,*,1,1,0,1,0,
26 1,1,1,1,1,1,1,1,1,0,1,1,1,1,1,1,1,0,1,1,1,1,1,0,1,1,*,1,0,1,0,
27 1,1,1,1,1,1,1,0,0,1,1,1,1,0,1,1,1,1,0,1,1,1,1,1,0,1,1,*,0,1,0,
28 0,0,1,1,0,0,0,0,0,0,0,0,0,0,0,0,0,0,0,0,0,0,0,0,0,0,0,0,*,0,0,
29 1,1,0,0,1,1,1,1,1,1,1,1,1,1,1,1,1,1,1,1,1,1,1,1,1,1,1,1,0,*,0,
30 0,0,1,1,0,0,0,0,0,0,0,0,0,0,0,0,0,0,0,0,0,0,0,0,0,0,0,0,0,0,*,
k=27
t=600

  0,1,2,3,4,5,6,7,8,9,10,11,12,13,14,15,16,17,18,19,20,21,22,23,24,25,26,27,28,29,30,
0 *,0,0,0,1,1,1,1,1,1,1,0,1,1,1,1,1,0,1,1,1,1,1,1,1,1,1,1,0,1,0,
1 0,*,0,0,1,1,1,1,1,1,1,0,1,1,1,1,1,0,1,1,1,1,1,1,1,1,1,1,0,1,0,
2 0,0,*,0,1,1,1,1,1,1,1,0,1,1,1,1,1,0,1,1,1,1,1,1,1,1,1,1,1,0,1,
3 0,0,0,*,1,1,1,1,1,1,1,0,1,1,1,1,1,0,1,1,1,1,1,1,1,1,1,1,1,0,1,
4 1,1,1,1,*,1,1,0,1,1,1,1,1,0,1,1,1,1,0,0,1,1,1,1,0,0,1,1,0,1,0,
5 1,1,1,1,1,*,1,1,0,1,1,1,1,1,0,1,1,1,1,1,1,1,1,0,0,1,1,1,0,1,0,
6 1,1,1,1,1,1,*,1,1,0,1,1,1,1,1,0,0,1,1,1,1,0,0,0,1,1,1,1,0,1,0,
7 1,1,1,1,0,1,1,*,1,1,0,1,1,1,1,1,0,1,1,1,1,0,0,1,1,1,1,0,0,1,0,
8 1,1,1,1,1,0,1,1,*,1,1,0,1,1,1,1,1,1,1,1,1,1,1,1,1,1,0,0,0,1,0,
9 1,1,1,1,1,1,0,1,1,*,1,1,0,1,1,1,1,1,0,0,1,1,1,1,1,0,0,1,0,1,0,
10 1,1,1,1,1,1,1,0,1,1,*,1,1,0,1,1,1,1,1,0,1,1,1,1,0,0,1,1,0,1,0,
11 0,0,0,0,1,1,1,1,0,1,1,*,1,1,0,1,1,1,1,1,0,1,1,1,1,1,1,1,0,0,0,
12 1,1,1,1,1,1,1,1,1,0,1,1,*,1,1,0,1,1,1,1,1,0,0,1,1,1,1,0,0,1,0,
13 1,1,1,1,0,1,1,1,1,1,0,1,1,*,1,1,0,1,1,1,1,1,0,1,1,1,1,0,0,1,0,
14 1,1,1,1,1,0,1,1,1,1,1,0,1,1,*,1,1,0,1,1,1,1,1,1,1,1,1,1,0,1,0,
15 1,1,1,1,1,1,0,1,1,1,1,1,0,1,1,*,1,1,0,1,1,1,1,1,0,0,1,1,0,1,0,
16 1,1,1,1,1,1,0,0,1,1,1,1,1,0,1,1,*,1,1,0,1,1,1,1,1,0,1,1,0,1,0,
17 0,0,0,0,1,1,1,1,1,1,1,1,1,1,0,1,1,*,1,1,0,1,1,1,1,1,0,1,0,0,0,
18 1,1,1,1,0,1,1,1,1,0,1,1,1,1,1,0,1,1,*,1,1,0,1,1,1,1,1,0,0,1,0,
19 1,1,1,1,0,1,1,1,1,0,0,1,1,1,1,1,0,1,1,*,1,1,0,1,1,1,1,1,0,1,0,
20 1,1,1,1,1,1,1,1,1,1,1,0,1,1,1,1,1,0,1,1,*,1,1,0,1,1,1,1,0,1,0,
21 1,1,1,1,1,1,0,0,1,1,1,1,0,1,1,1,1,1,0,1,1,*,1,1,0,1,1,1,0,1,0,
22 1,1,1,1,1,1,0,0,1,1,1,1,0,0,1,1,1,1,1,0,1,1,*,1,1,0,1,1,0,1,0,
23 1,1,1,1,1,0,0,1,1,1,1,1,1,1,1,1,1,1,1,1,0,1,1,*,1,1,0,1,0,1,0,
24 1,1,1,1,0,0,1,1,1,1,0,1,1,1,1,0,1,1,1,1,1,0,1,1,*,1,1,0,0,1,0,
25 1,1,1,1,0,1,1,1,1,0,0,1,1,1,1,0,0,1,1,1,1,1,0,1,1,*,1,1,0,1,0,
26 1,1,1,1,1,1,1,1,0,0,1,1,1,1,1,1,1,0,1,1,1,1,1,0,1,1,*,1,0,1,0,
27 1,1,1,1,1,1,1,0,0,1,1,1,0,0,1,1,1,1,0,1,1,1,1,1,0,1,1,*,0,1,0,
28 0,0,1,1,0,0,0,0,0,0,0,0,0,0,0,0,0,0,0,0,0,0,0,0,0,0,0,0,*,0,0,
29 1,1,0,0,1,1,1,1,1,1,1,0,1,1,1,1,1,0,1,1,1,1,1,1,1,1,1,1,0,*,0,
30 0,0,1,1,0,0,0,0,0,0,0,0,0,0,0,0,0,0,0,0,0,0,0,0,0,0,0,0,0,0,*,
k=28
t=600

  0,1,2,3,4,5,6,7,8,9,10,11,12,13,14,15,16,17,18,19,20,21,22,23,24,25,26,27,28,29,30,
0 *,0,0,0,1,1,1,1,1,1,1,0,1,1,1,1,1,0,1,1,1,1,1,1,1,1,1,1,0,1,0,
1 0,*,0,0,1,1,1,1,1,1,1,0,1,1,1,1,1,0,1,1,1,1,1,1,1,1,1,1,0,1,0,
2 0,0,*,0,1,1,1,1,1,1,1,0,1,1,1,1,1,0,1,1,1,1,1,1,1,1,1,1,1,0,0,
3 0,0,0,*,1,1,1,1,1,1,1,0,1,1,1,1,1,0,1,1,1,1,1,1,1,1,1,1,1,0,0,
4 1,1,1,1,*,1,1,0,1,1,1,1,0,0,1,1,1,1,0,0,1,1,1,1,0,1,1,1,0,1,0,
5 1,1,1,1,1,*,1,1,0,1,1,1,1,1,0,1,1,1,1,1,1,1,1,0,1,1,1,1,0,1,0,
6 1,1,1,1,1,1,*,1,1,0,0,1,1,1,1,0,0,1,1,1,1,0,0,1,1,1,1,0,0,1,0,
7 1,1,1,1,0,1,1,*,1,1,0,1,1,1,1,0,0,1,1,1,1,0,1,1,1,1,1,0,0,1,0,
8 1,1,1,1,1,0,1,1,*,1,1,0,1,1,1,1,1,1,1,1,1,1,1,1,1,1,0,1,0,1,0,
9 1,1,1,1,1,1,0,1,1,*,1,1,0,0,1,1,1,1,0,0,1,1,1,1,0,0,1,1,0,1,0,
10 1,1,1,1,1,1,0,0,1,1,*,1,1,0,1,1,1,1,0,0,1,1,1,1,0,0,1,1,0,1,0,
11 0,0,0,0,1,1,1,1,0,1,1,*,1,1,0,1,1,1,1,1,0,1,1,1,1,1,1,1,0,0,0,
12 1,1,1,1,0,1,1,1,1,0,1,1,*,1,1,0,0,1,1,1,1,0,0,1,1,1,1,0,0,1,0,
13 1,1,1,1,0,1,1,1,1,0,0,1,1,*,1,1,0,1,1,1,1,0,0,1,1,1,1,0,0,1,0,
14 1,1,1,1,1,0,1,1,1,1,1,0,1,1,*,1,1,0,1,1,1,1,1,1,1,1,1,1,0,1,0,
15 1,1,1,1,1,1,0,0,1,1,1,1,0,1,1,*,1,1,0,0,1,1,1,1,0,0,1,1,0,1,0,
16 1,1,1,1,1,1,0,0,1,1,1,1,0,0,1,1,*,1,1,0,1,1,1,1,0,0,1,1,0,1,0,
17 0,0,0,0,1,1,1,1,1,1,1,1,1,1,0,1,1,*,1,1,0,1,1,1,1,1,0,1,0,0,0,
18 1,1,1,1,0,1,1,1,1,0,0,1,1,1,1,0,1,1,*,1,1,0,0,1,1,1,1,0,0,1,0,
19 1,1,1,1,0,1,1,1,1,0,0,1,1,1,1,0,0,1,1,*,1,1,0,1,1,1,1,0,0,1,0,
20 1,1,1,1,1,1,1,1,1,1,1,0,1,1,1,1,1,0,1,1,*,1,1,0,1,1,1,1,0,1,0,
21 1,1,1,1,1,1,0,0,1,1,1,1,0,0,1,1,1,1,0,1,1,*,1,1,0,0,1,1,0,1,0,
22 1,1,1,1,1,1,0,1,1,1,1,1,0,0,1,1,1,1,0,0,1,1,*,1,1,0,1,1,0,1,0,
23 1,1,1,1,1,0,1,1,1,1,1,1,1,1,1,1,1,1,1,1,0,1,1,*,1,1,0,1,0,1,0,
24 1,1,1,1,0,1,1,1,1,0,0,1,1,1,1,0,0,1,1,1,1,0,1,1,*,1,1,0,0,1,0,
25 1,1,1,1,1,1,1,1,1,0,0,1,1,1,1,0,0,1,1,1,1,0,0,1,1,*,1,1,0,1,0,
26 1,1,1,1,1,1,1,1,0,1,1,1,1,1,1,1,1,0,1,1,1,1,1,0,1,1,*,1,0,1,0,
27 1,1,1,1,1,1,0,0,1,1,1,1,0,0,1,1,1,1,0,0,1,1,1,1,0,1,1,*,0,1,0,
28 0,0,1,1,0,0,0,0,0,0,0,0,0,0,0,0,0,0,0,0,0,0,0,0,0,0,0,0,*,0,0,
29 1,1,0,0,1,1,1,1,1,1,1,0,1,1,1,1,1,0,1,1,1,1,1,1,1,1,1,1,0,*,0,
30 0,0,0,0,0,0,0,0,0,0,0,0,0,0,0,0,0,0,0,0,0,0,0,0,0,0,0,0,0,0,*,
k=29
t=600

  0,1,2,3,4,5,6,7,8,9,10,11,12,13,14,15,16,17,18,19,20,21,22,23,24,25,26,27,28,29,30,
0 *,0,0,0,1,1,1,1,1,1,1,0,1,1,1,1,1,1,1,1,1,1,1,1,1,1,1,1,0,1,0,
1 0,*,0,0,1,1,1,1,1,1,1,0,1,1,1,1,1,1,1,1,1,1,1,1,1,1,1,1,0,1,0,
2 0,0,*,0,1,1,1,1,1,1,1,0,1,1,1,1,1,1,1,1,1,1,1,1,1,1,1,1,1,0,0,
3 0,0,0,*,1,1,1,1,1,1,1,0,1,1,1,1,1,1,1,1,1,1,1,1,1,1,1,1,1,0,0,
4 1,1,1,1,*,1,1,0,1,1,1,1,1,0,1,1,1,1,0,1,1,1,1,0,0,1,1,1,0,1,0,
5 1,1,1,1,1,*,1,1,0,1,1,1,1,1,0,1,1,1,1,1,1,1,0,0,1,1,1,1,0,1,0,
6 1,1,1,1,1,1,*,1,1,0,1,1,1,1,1,0,0,1,1,1,1,0,0,1,1,1,1,0,0,1,0,
7 1,1,1,1,0,1,1,*,1,1,0,1,1,1,1,1,1,1,1,1,1,0,1,1,1,1,0,0,0,1,0,
8 1,1,1,1,1,0,1,1,*,1,1,0,1,1,1,1,1,1,1,1,1,1,1,1,1,0,0,1,0,1,0,
9 1,1,1,1,1,1,0,1,1,*,1,1,0,1,1,1,1,1,0,0,1,1,1,1,0,0,1,1,0,1,0,
10 1,1,1,1,1,1,1,0,1,1,*,1,1,0,1,1,1,1,1,0,1,1,1,1,0,1,1,1,0,1,0,
11 0,0,0,0,1,1,1,1,0,1,1,*,1,1,0,1,1,1,1,1,0,1,1,1,1,1,1,1,0,0,0,
12 1,1,1,1,1,1,1,1,1,0,1,1,*,1,1,0,1,1,1,1,1,0,0,1,1,1,1,0,0,1,0,
13 1,1,1,1,0,1,1,1,1,1,0,1,1,*,1,1,0,1,1,1,1,1,1,1,1,1,1,0,0,1,0,
14 1,1,1,1,1,0,1,1,1,1,1,0,1,1,*,1,1,0,1,1,1,1,1,1,1,1,1,1,0,1,0,
15 1,1,1,1,1,1,0,1,1,1,1,1,0,1,1,*,1,1,0,1,1,1,1,1,0,0,1,1,0,1,0,
16 1,1,1,1,1,1,0,1,1,1,1,1,1,0,1,1,*,1,1,0,1,1,1,1,1,0,1,1,0,1,0,
17 1,1,1,1,1,1,1,1,1,1,1,1,1,1,0,1,1,*,1,1,0,1,1,1,1,1,0,1,0,1,0,
18 1,1,1,1,0,1,1,1,1,0,1,1,1,1,1,0,1,1,*,1,1,0,1,1,1,1,1,0,0,1,0,
19 1,1,1,1,1,1,1,1,1,0,0,1,1,1,1,1,0,1,1,*,1,1,0,1,1,1,1,1,0,1,0,
20 1,1,1,1,1,1,1,1,1,1,1,0,1,1,1,1,1,0,1,1,*,1,1,0,1,1,1,1,0,1,0,
21 1,1,1,1,1,1,0,0,1,1,1,1,0,1,1,1,1,1,0,1,1,*,1,1,0,1,1,1,0,1,0,
22 1,1,1,1,1,0,0,1,1,1,1,1,0,1,1,1,1,1,1,0,1,1,*,1,1,0,1,1,0,1,0,
23 1,1,1,1,0,0,1,1,1,1,1,1,1,1,1,1,1,1,1,1,0,1,1,*,1,1,0,1,0,1,0,
24 1,1,1,1,0,1,1,1,1,0,0,1,1,1,1,0,1,1,1,1,1,0,1,1,*,1,1,0,0,1,0,
25 1,1,1,1,1,1,1,1,0,0,1,1,1,1,1,0,0,1,1,1,1,1,0,1,1,*,1,1,0,1,0,
26 1,1,1,1,1,1,1,0,0,1,1,1,1,1,1,1,1,0,1,1,1,1,1,0,1,1,*,1,0,1,0,
27 1,1,1,1,1,1,0,0,1,1,1,1,0,0,1,1,1,1,0,1,1,1,1,1,0,1,1,*,0,1,0,
28 0,0,1,1,0,0,0,0,0,0,0,0,0,0,0,0,0,0,0,0,0,0,0,0,0,0,0,0,*,0,0,
29 1,1,0,0,1,1,1,1,1,1,1,0,1,1,1,1,1,1,1,1,1,1,1,1,1,1,1,1,0,*,0,
30 0,0,0,0,0,0,0,0,0,0,0,0,0,0,0,0,0,0,0,0,0,0,0,0,0,0,0,0,0,0,*,
k=30
t=600

  0,1,2,3,4,5,6,7,8,9,10,11,12,13,14,15,16,17,18,19,20,21,22,23,24,25,26,27,28,29,30,
0 *,0,0,0,1,1,1,1,1,1,1,1,1,1,1,1,1,1,1,1,1,1,1,1,1,1,1,1,0,0,1,
1 0,*,0,0,1,1,1,1,1,1,1,1,1,1,1,1,1,1,1,1,1,1,1,1,1,1,1,1,0,0,1,
2 0,0,*,0,1,1,1,1,1,1,1,1,1,1,1,1,1,1,1,1,1,1,1,1,1,1,1,1,1,0,0,
3 0,0,0,*,1,1,1,1,1,1,1,1,1,1,1,1,1,1,1,1,1,1,1,1,1,1,1,1,1,0,0,
4 1,1,1,1,*,1,1,0,1,1,1,1,1,0,1,1,1,1,0,1,1,1,1,0,0,1,1,1,0,1,0,
5 1,1,1,1,1,*,1,1,0,1,1,1,1,1,0,1,1,1,1,1,1,1,0,1,1,1,1,1,0,1,0,
6 1,1,1,1,1,1,*,1,1,0,1,1,1,1,1,0,0,1,1,1,1,0,0,1,1,1,1,0,0,1,0,
7 1,1,1,1,0,1,1,*,1,1,0,1,1,1,1,1,1,1,1,1,1,0,1,1,1,1,0,0,0,1,0,
8 1,1,1,1,1,0,1,1,*,1,1,0,1,1,1,1,1,1,1,1,1,1,1,1,1,0,1,1,0,1,0,
9 1,1,1,1,1,1,0,1,1,*,1,1,0,1,1,1,1,1,0,0,1,1,1,1,0,0,1,1,0,1,0,
10 1,1,1,1,1,1,1,0,1,1,*,1,1,0,1,1,1,1,1,0,1,1,1,1,0,1,1,1,0,1,0,
11 1,1,1,1,1,1,1,1,0,1,1,*,1,1,0,1,1,1,1,1,0,1,1,1,1,1,1,1,0,1,0,
12 1,1,1,1,1,1,1,1,1,0,1,1,*,1,1,0,1,1,1,1,1,0,0,1,1,1,1,0,0,1,0,
13 1,1,1,1,0,1,1,1,1,1,0,1,1,*,1,1,0,1,1,1,1,1,1,1,1,1,1,0,0,1,0,
14 1,1,1,1,1,0,1,1,1,1,1,0,1,1,*,1,1,0,1,1,1,1,1,1,1,1,1,1,0,1,0,
15 1,1,1,1,1,1,0,1,1,1,1,1,0,1,1,*,1,1,0,1,1,1,1,1,0,0,1,1,0,1,0,
16 1,1,1,1,1,1,0,1,1,1,1,1,1,0,1,1,*,1,1,0,1,1,1,1,1,0,1,1,0,1,0,
17 1,1,1,1,1,1,1,1,1,1,1,1,1,1,0,1,1,*,1,1,0,1,1,1,1,1,0,1,0,1,0,
18 1,1,1,1,0,1,1,1,1,0,1,1,1,1,1,0,1,1,*,1,1,0,1,1,1,1,1,0,0,1,0,
19 1,1,1,1,1,1,1,1,1,0,0,1,1,1,1,1,0,1,1,*,1,1,0,1,1,1,1,1,0,1,0,
20 1,1,1,1,1,1,1,1,1,1,1,0,1,1,1,1,1,0,1,1,*,1,1,0,1,1,1,1,0,1,0,
21 1,1,1,1,1,1,0,0,1,1,1,1,0,1,1,1,1,1,0,1,1,*,1,1,0,1,1,1,0,1,0,
22 1,1,1,1,1,0,0,1,1,1,1,1,0,1,1,1,1,1,1,0,1,1,*,1,1,0,1,1,0,1,0,
23 1,1,1,1,0,1,1,1,1,1,1,1,1,1,1,1,1,1,1,1,0,1,1,*,1,1,0,1,0,1,0,
24 1,1,1,1,0,1,1,1,1,0,0,1,1,1,1,0,1,1,1,1,1,0,1,1,*,1,1,0,0,1,0,
25 1,1,1,1,1,1,1,1,0,0,1,1,1,1,1,0,0,1,1,1,1,1,0,1,1,*,1,1,0,1,0,
26 1,1,1,1,1,1,1,0,1,1,1,1,1,1,1,1,1,0,1,1,1,1,1,0,1,1,*,1,0,1,0,
27 1,1,1,1,1,1,0,0,1,1,1,1,0,0,1,1,1,1,0,1,1,1,1,1,0,1,1,*,0,1,0,
28 0,0,1,1,0,0,0,0,0,0,0,0,0,0,0,0,0,0,0,0,0,0,0,0,0,0,0,0,*,0,0,
29 0,0,0,0,1,1,1,1,1,1,1,1,1,1,1,1,1,1,1,1,1,1,1,1,1,1,1,1,0,*,0,
30 1,1,0,0,0,0,0,0,0,0,0,0,0,0,0,0,0,0,0,0,0,0,0,0,0,0,0,0,0,0,*,
k=31
t=600

  0,1,2,3,4,5,6,7,8,9,10,11,12,13,14,15,16,17,18,19,20,21,22,23,24,25,26,27,28,29,30,
0 *,0,0,0,1,1,1,1,1,1,1,1,1,1,1,1,1,1,1,1,1,1,1,1,1,1,1,1,0,0,1,
1 0,*,0,0,1,1,1,1,1,1,1,1,1,1,1,1,1,1,1,1,1,1,1,1,1,1,1,1,0,0,1,
2 0,0,*,0,1,1,1,1,1,1,1,1,1,1,1,1,1,1,1,1,1,1,1,1,1,1,1,1,1,0,0,
3 0,0,0,*,1,1,1,1,1,1,1,1,1,1,1,1,1,1,1,1,1,1,1,1,1,1,1,1,1,0,0,
4 1,1,1,1,*,1,1,0,1,1,1,1,1,0,1,1,1,1,1,1,1,1,1,0,1,1,1,1,0,1,0,
5 1,1,1,1,1,*,1,1,0,1,1,1,1,1,0,1,1,1,1,1,1,0,0,1,1,1,1,0,0,1,0,
6 1,1,1,1,1,1,*,1,1,0,1,1,1,1,1,0,1,1,1,1,0,0,1,1,1,1,0,0,0,1,0,
7 1,1,1,1,0,1,1,*,1,1,0,1,1,1,1,1,1,1,1,1,1,1,1,1,1,1,0,1,0,1,0,
8 1,1,1,1,1,0,1,1,*,1,1,0,1,1,1,1,1,1,0,1,1,1,1,1,0,0,1,1,0,1,0,
9 1,1,1,1,1,1,0,1,1,*,1,1,0,1,1,1,1,0,0,1,1,1,1,0,0,1,1,1,0,1,0,
10 1,1,1,1,1,1,1,0,1,1,*,1,1,0,1,1,1,1,1,0,1,1,1,1,1,1,1,1,0,1,0,
11 1,1,1,1,1,1,1,1,0,1,1,*,1,1,0,1,1,1,1,1,0,1,1,1,1,1,1,0,0,1,0,
12 1,1,1,1,1,1,1,1,1,0,1,1,*,1,1,0,1,1,1,1,1,0,1,1,1,1,0,0,0,1,0,
13 1,1,1,1,0,1,1,1,1,1,0,1,1,*,1,1,0,1,1,1,1,1,1,1,1,1,1,1,0,1,0,
14 1,1,1,1,1,0,1,1,1,1,1,0,1,1,*,1,1,0,1,1,1,1,1,1,0,1,1,1,0,1,0,
15 1,1,1,1,1,1,0,1,1,1,1,1,0,1,1,*,1,1,0,1,1,1,1,0,0,1,1,1,0,1,0,
16 1,1,1,1,1,1,1,1,1,1,1,1,1,0,1,1,*,1,1,0,1,1,1,1,1,0,1,1,0,1,0,
17 1,1,1,1,1,1,1,1,1,0,1,1,1,1,0,1,1,*,1,1,0,1,1,1,1,1,0,1,0,1,0,
18 1,1,1,1,1,1,1,1,0,0,1,1,1,1,1,0,1,1,*,1,1,0,1,1,1,1,1,0,0,1,0,
19 1,1,1,1,1,1,1,1,1,1,0,1,1,1,1,1,0,1,1,*,1,1,0,1,1,1,1,1,0,1,0,
20 1,1,1,1,1,1,0,1,1,1,1,0,1,1,1,1,1,0,1,1,*,1,1,0,1,1,1,1,0,1,0,
21 1,1,1,1,1,0,0,1,1,1,1,1,0,1,1,1,1,1,0,1,1,*,1,1,0,1,1,1,0,1,0,
22 1,1,1,1,1,0,1,1,1,1,1,1,1,1,1,1,1,1,1,0,1,1,*,1,1,0,1,1,0,1,0,
23 1,1,1,1,0,1,1,1,1,0,1,1,1,1,1,0,1,1,1,1,0,1,1,*,1,1,0,1,0,1,0,
24 1,1,1,1,1,1,1,1,0,0,1,1,1,1,0,0,1,1,1,1,1,0,1,1,*,1,1,0,0,1,0,
25 1,1,1,1,1,1,1,1,0,1,1,1,1,1,1,1,0,1,1,1,1,1,0,1,1,*,1,1,0,1,0,
26 1,1,1,1,1,1,0,0,1,1,1,1,0,1,1,1,1,0,1,1,1,1,1,0,1,1,*,1,0,1,0,
27 1,1,1,1,1,0,0,1,1,1,1,0,0,1,1,1,1,1,0,1,1,1,1,1,0,1,1,*,0,1,0,
28 0,0,1,1,0,0,0,0,0,0,0,0,0,0,0,0,0,0,0,0,0,0,0,0,0,0,0,0,*,0,0,
29 0,0,0,0,1,1,1,1,1,1,1,1,1,1,1,1,1,1,1,1,1,1,1,1,1,1,1,1,0,*,0,
30 1,1,0,0,0,0,0,0,0,0,0,0,0,0,0,0,0,0,0,0,0,0,0,0,0,0,0,0,0,0,*,
k=32
t=600

  0,1,2,3,4,5,6,7,8,9,10,11,12,13,14,15,16,17,18,19,20,21,22,23,24,25,26,27,28,29,30,
0 *,0,0,0,1,1,1,1,1,1,0,1,1,1,1,1,1,1,1,1,1,1,1,1,1,1,1,1,0,0,1,
1 0,*,0,0,1,1,1,1,1,1,0,1,1,1,1,1,1,1,1,1,1,1,1,1,1,1,1,1,0,0,1,
2 0,0,*,0,1,1,1,1,1,1,0,1,1,1,1,1,1,1,1,1,1,1,1,1,1,1,1,1,1,1,0,
3 0,0,0,*,1,1,1,1,1,1,0,1,1,1,1,1,1,1,1,1,1,1,1,1,1,1,1,1,1,1,0,
4 1,1,1,1,*,1,1,0,1,1,1,1,1,0,1,1,1,1,1,1,1,1,0,0,1,1,1,1,0,1,0,
5 1,1,1,1,1,*,1,1,0,1,1,1,1,1,0,1,1,1,1,1,1,0,0,1,1,1,1,0,0,1,0,
6 1,1,1,1,1,1,*,1,1,0,1,1,1,1,1,0,1,1,1,1,0,0,1,1,1,1,0,0,0,1,0,
7 1,1,1,1,0,1,1,*,1,1,0,1,1,1,1,1,1,1,1,1,1,1,1,1,1,0,0,1,0,1,0,
8 1,1,1,1,1,0,1,1,*,1,1,0,1,1,1,1,1,1,0,1,1,1,1,1,0,0,1,1,0,1,0,
9 1,1,1,1,1,1,0,1,1,*,1,1,0,1,1,1,1,0,0,1,1,1,1,0,0,1,1,1,0,1,0,
10 0,0,0,0,1,1,1,0,1,1,*,1,1,0,1,1,1,1,1,0,1,1,1,1,1,1,1,1,0,0,0,
11 1,1,1,1,1,1,1,1,0,1,1,*,1,1,0,1,1,1,1,1,0,1,1,1,1,1,1,0,0,1,0,
12 1,1,1,1,1,1,1,1,1,0,1,1,*,1,1,0,1,1,1,1,1,0,1,1,1,1,0,0,0,1,0,
13 1,1,1,1,0,1,1,1,1,1,0,1,1,*,1,1,0,1,1,1,1,1,1,1,1,1,1,1,0,1,0,
14 1,1,1,1,1,0,1,1,1,1,1,0,1,1,*,1,1,0,1,1,1,1,1,1,0,1,1,1,0,1,0,
15 1,1,1,1,1,1,0,1,1,1,1,1,0,1,1,*,1,1,0,1,1,1,1,0,0,1,1,1,0,1,0,
16 1,1,1,1,1,1,1,1,1,1,1,1,1,0,1,1,*,1,1,0,1,1,1,1,1,0,1,1,0,1,0,
17 1,1,1,1,1,1,1,1,1,0,1,1,1,1,0,1,1,*,1,1,0,1,1,1,1,1,0,1,0,1,0,
18 1,1,1,1,1,1,1,1,0,0,1,1,1,1,1,0,1,1,*,1,1,0,1,1,1,1,1,0,0,1,0,
19 1,1,1,1,1,1,1,1,1,1,0,1,1,1,1,1,0,1,1,*,1,1,0,1,1,1,1,1,0,1,0,
20 1,1,1,1,1,1,0,1,1,1,1,0,1,1,1,1,1,0,1,1,*,1,1,0,1,1,1,1,0,1,0,
21 1,1,1,1,1,0,0,1,1,1,1,1,0,1,1,1,1,1,0,1,1,*,1,1,0,1,1,1,0,1,0,
22 1,1,1,1,0,0,1,1,1,1,1,1,1,1,1,1,1,1,1,0,1,1,*,1,1,0,1,1,0,1,0,
23 1,1,1,1,0,1,1,1,1,0,1,1,1,1,1,0,1,1,1,1,0,1,1,*,1,1,0,1,0,1,0,
24 1,1,1,1,1,1,1,1,0,0,1,1,1,1,0,0,1,1,1,1,1,0,1,1,*,1,1,0,0,1,0,
25 1,1,1,1,1,1,1,0,0,1,1,1,1,1,1,1,0,1,1,1,1,1,0,1,1,*,1,1,0,1,0,
26 1,1,1,1,1,1,0,0,1,1,1,1,0,1,1,1,1,0,1,1,1,1,1,0,1,1,*,1,0,1,0,
27 1,1,1,1,1,0,0,1,1,1,1,0,0,1,1,1,1,1,0,1,1,1,1,1,0,1,1,*,0,1,0,
28 0,0,1,1,0,0,0,0,0,0,0,0,0,0,0,0,0,0,0,0,0,0,0,0,0,0,0,0,*,0,0,
29 0,0,1,1,1,1,1,1,1,1,0,1,1,1,1,1,1,1,1,1,1,1,1,1,1,1,1,1,0,*,0,
30 1,1,0,0,0,0,0,0,0,0,0,0,0,0,0,0,0,0,0,0,0,0,0,0,0,0,0,0,0,0,*,
k=33
t=600

  0,1,2,3,4,5,6,7,8,9,10,11,12,13,14,15,16,17,18,19,20,21,22,23,24,25,26,27,28,29,30,
0 *,0,0,0,1,1,1,1,1,1,0,1,1,1,1,1,0,1,1,1,1,1,1,1,1,1,1,1,0,0,1,
1 0,*,0,0,1,1,1,1,1,1,0,1,1,1,1,1,0,1,1,1,1,1,1,1,1,1,1,1,0,0,1,
2 0,0,*,0,1,1,1,1,1,1,0,1,1,1,1,1,0,1,1,1,1,1,1,1,1,1,1,1,1,1,0,
3 0,0,0,*,1,1,1,1,1,1,0,1,1,1,1,1,0,1,1,1,1,1,1,1,1,1,1,1,1,1,0,
4 1,1,1,1,*,1,1,0,1,1,1,1,1,0,1,1,1,1,1,1,1,1,0,1,1,1,1,1,0,1,0,
5 1,1,1,1,1,*,1,1,0,1,1,1,1,1,0,0,1,1,1,1,0,0,1,1,1,1,1,0,0,1,0,
6 1,1,1,1,1,1,*,1,1,0,1,1,1,1,0,0,1,1,1,1,0,0,1,1,1,1,0,0,0,1,0,
7 1,1,1,1,0,1,1,*,1,1,0,1,1,1,1,1,1,1,1,1,1,1,1,1,1,0,1,1,0,1,0,
8 1,1,1,1,1,0,1,1,*,1,1,0,0,1,1,1,1,0,0,1,1,1,1,1,0,1,1,1,0,1,0,
9 1,1,1,1,1,1,0,1,1,*,1,0,0,1,1,1,1,0,0,1,1,1,1,0,0,1,1,1,0,1,0,
10 0,0,0,0,1,1,1,0,1,1,*,1,1,0,1,1,1,1,1,0,1,1,1,1,1,1,1,1,0,0,0,
11 1,1,1,1,1,1,1,1,0,0,1,*,1,1,0,1,1,1,1,1,0,0,1,1,1,1,0,0,0,1,0,
12 1,1,1,1,1,1,1,1,0,0,1,1,*,1,1,0,1,1,1,1,0,0,1,1,1,1,0,0,0,1,0,
13 1,1,1,1,0,1,1,1,1,1,0,1,1,*,1,1,0,1,1,1,1,1,1,1,1,1,1,1,0,1,0,
14 1,1,1,1,1,0,0,1,1,1,1,0,1,1,*,1,1,0,0,1,1,1,1,0,0,1,1,1,0,1,0,
15 1,1,1,1,1,0,0,1,1,1,1,1,0,1,1,*,1,0,0,1,1,1,1,0,0,1,1,1,0,1,0,
16 0,0,0,0,1,1,1,1,1,1,1,1,1,0,1,1,*,1,1,0,1,1,1,1,1,0,1,1,0,0,0,
17 1,1,1,1,1,1,1,1,0,0,1,1,1,1,0,0,1,*,1,1,0,1,1,1,1,1,0,0,0,1,0,
18 1,1,1,1,1,1,1,1,0,0,1,1,1,1,0,0,1,1,*,1,1,0,1,1,1,1,0,0,0,1,0,
19 1,1,1,1,1,1,1,1,1,1,0,1,1,1,1,1,0,1,1,*,1,1,0,1,1,1,1,1,0,1,0,
20 1,1,1,1,1,0,0,1,1,1,1,0,0,1,1,1,1,0,1,1,*,1,1,0,0,1,1,1,0,1,0,
21 1,1,1,1,1,0,0,1,1,1,1,0,0,1,1,1,1,1,0,1,1,*,1,0,0,1,1,1,0,1,0,
22 1,1,1,1,0,1,1,1,1,1,1,1,1,1,1,1,1,1,1,0,1,1,*,1,1,0,1,1,0,1,0,
23 1,1,1,1,1,1,1,1,1,0,1,1,1,1,0,0,1,1,1,1,0,0,1,*,1,1,0,1,0,1,0,
24 1,1,1,1,1,1,1,1,0,0,1,1,1,1,0,0,1,1,1,1,0,0,1,1,*,1,1,0,0,1,0,
25 1,1,1,1,1,1,1,0,1,1,1,1,1,1,1,1,0,1,1,1,1,1,0,1,1,*,1,1,0,1,0,
26 1,1,1,1,1,1,0,1,1,1,1,0,0,1,1,1,1,0,0,1,1,1,1,0,1,1,*,1,0,1,0,
27 1,1,1,1,1,0,0,1,1,1,1,0,0,1,1,1,1,0,0,1,1,1,1,1,0,1,1,*,0,1,0,
28 0,0,1,1,0,0,0,0,0,0,0,0,0,0,0,0,0,0,0,0,0,0,0,0,0,0,0,0,*,0,0,
29 0,0,1,1,1,1,1,1,1,1,0,1,1,1,1,1,0,1,1,1,1,1,1,1,1,1,1,1,0,*,0,
30 1,1,0,0,0,0,0,0,0,0,0,0,0,0,0,0,0,0,0,0,0,0,0,0,0,0,0,0,0,0,*,
k=34
t=600

  0,1,2,3,4,5,6,7,8,9,10,11,12,13,14,15,16,17,18,19,20,21,22,23,24,25,26,27,28,29,30,
0 *,0,0,0,1,1,1,1,1,1,0,1,1,1,1,1,0,1,1,1,1,1,1,1,1,1,1,1,0,0,1,
1 0,*,0,0,1,1,1,1,1,1,0,1,1,1,1,1,0,1,1,1,1,1,1,1,1,1,1,1,0,0,1,
2 0,0,*,0,1,1,1,1,1,1,0,1,1,1,1,1,0,1,1,1,1,1,1,1,1,1,1,1,1,1,0,
3 0,0,0,*,1,1,1,1,1,1,0,1,1,1,1,1,0,1,1,1,1,1,1,1,1,1,1,1,1,1,0,
4 1,1,1,1,*,1,1,0,1,1,1,1,1,0,1,1,1,1,1,1,1,1,0,1,1,1,1,0,0,1,0,
5 1,1,1,1,1,*,1,1,0,1,1,1,1,1,0,1,1,1,1,1,0,0,1,1,1,1,0,0,0,1,0,
6 1,1,1,1,1,1,*,1,1,0,1,1,1,1,1,0,1,1,1,1,0,0,1,1,1,0,0,1,0,1,0,
7 1,1,1,1,0,1,1,*,1,1,0,1,1,1,1,1,1,1,1,1,1,1,1,1,0,0,1,1,0,1,0,
8 1,1,1,1,1,0,1,1,*,1,1,0,1,1,1,1,1,0,0,1,1,1,1,0,0,1,1,1,0,1,0,
9 1,1,1,1,1,1,0,1,1,*,1,1,0,1,1,1,1,0,0,1,1,1,0,0,1,1,1,1,0,1,0,
10 0,0,0,0,1,1,1,0,1,1,*,1,1,0,1,1,1,1,1,0,1,1,1,1,1,1,1,1,0,0,0,
11 1,1,1,1,1,1,1,1,0,1,1,*,1,1,0,1,1,1,1,1,0,1,1,1,1,1,0,0,0,1,0,
12 1,1,1,1,1,1,1,1,1,0,1,1,*,1,1,0,1,1,1,1,1,0,1,1,1,1,0,0,0,1,0,
13 1,1,1,1,0,1,1,1,1,1,0,1,1,*,1,1,0,1,1,1,1,1,1,1,1,1,1,1,0,1,0,
14 1,1,1,1,1,0,1,1,1,1,1,0,1,1,*,1,1,0,1,1,1,1,1,0,0,1,1,1,0,1,0,
15 1,1,1,1,1,1,0,1,1,1,1,1,0,1,1,*,1,1,0,1,1,1,1,0,0,1,1,1,0,1,0,
16 0,0,0,0,1,1,1,1,1,1,1,1,1,0,1,1,*,1,1,0,1,1,1,1,1,0,1,1,0,0,0,
17 1,1,1,1,1,1,1,1,0,0,1,1,1,1,0,1,1,*,1,1,0,1,1,1,1,1,0,1,0,1,0,
18 1,1,1,1,1,1,1,1,0,0,1,1,1,1,1,0,1,1,*,1,1,0,1,1,1,1,1,0,0,1,0,
19 1,1,1,1,1,1,1,1,1,1,0,1,1,1,1,1,0,1,1,*,1,1,0,1,1,1,1,1,0,1,0,
20 1,1,1,1,1,0,0,1,1,1,1,0,1,1,1,1,1,0,1,1,*,1,1,0,1,1,1,1,0,1,0,
21 1,1,1,1,1,0,0,1,1,1,1,1,0,1,1,1,1,1,0,1,1,*,1,1,0,1,1,1,0,1,0,
22 1,1,1,1,0,1,1,1,1,0,1,1,1,1,1,1,1,1,1,0,1,1,*,1,1,0,1,1,0,1,0,
23 1,1,1,1,1,1,1,1,0,0,1,1,1,1,0,0,1,1,1,1,0,1,1,*,1,1,0,1,0,1,0,
24 1,1,1,1,1,1,1,0,0,1,1,1,1,1,0,0,1,1,1,1,1,0,1,1,*,1,1,0,0,1,0,
25 1,1,1,1,1,1,0,0,1,1,1,1,1,1,1,1,0,1,1,1,1,1,0,1,1,*,1,1,0,1,0,
26 1,1,1,1,1,0,0,1,1,1,1,0,0,1,1,1,1,0,1,1,1,1,1,0,1,1,*,1,0,1,0,
27 1,1,1,1,0,0,1,1,1,1,1,0,0,1,1,1,1,1,0,1,1,1,1,1,0,1,1,*,0,1,0,
28 0,0,1,1,0,0,0,0,0,0,0,0,0,0,0,0,0,0,0,0,0,0,0,0,0,0,0,0,*,0,0,
29 0,0,1,1,1,1,1,1,1,1,0,1,1,1,1,1,0,1,1,1,1,1,1,1,1,1,1,1,0,*,0,
30 1,1,0,0,0,0,0,0,0,0,0,0,0,0,0,0,0,0,0,0,0,0,0,0,0,0,0,0,0,0,*,
k=35
t=600

  0,1,2,3,4,5,6,7,8,9,10,11,12,13,14,15,16,17,18,19,20,21,22,23,24,25,26,27,28,29,30,
0 *,0,0,0,1,1,1,1,1,1,1,1,1,1,1,1,1,1,1,1,1,1,1,1,1,1,1,1,0,0,1,
1 0,*,0,0,1,1,1,1,1,1,1,1,1,1,1,1,1,1,1,1,1,1,1,1,1,1,1,1,0,0,1,
2 0,0,*,0,1,1,1,1,1,1,1,1,1,1,1,1,1,1,1,1,1,1,1,1,1,1,1,1,1,1,0,
3 0,0,0,*,1,1,1,1,1,1,1,1,1,1,1,1,1,1,1,1,1,1,1,1,1,1,1,1,1,1,0,
4 1,1,1,1,*,1,1,0,1,1,1,1,1,0,1,1,1,1,1,1,1,1,1,1,1,1,1,0,0,1,0,
5 1,1,1,1,1,*,1,1,0,1,1,1,1,1,0,1,1,1,1,1,0,0,1,1,1,1,0,0,0,1,0,
6 1,1,1,1,1,1,*,1,1,0,1,1,1,1,1,0,1,1,1,1,0,1,1,1,1,0,0,1,0,1,0,
7 1,1,1,1,0,1,1,*,1,1,0,1,1,1,1,1,1,1,1,1,1,1,1,1,0,1,1,1,0,1,0,
8 1,1,1,1,1,0,1,1,*,1,1,0,1,1,1,1,1,0,0,1,1,1,1,0,0,1,1,1,0,1,0,
9 1,1,1,1,1,1,0,1,1,*,1,1,0,1,1,1,1,0,1,1,1,1,0,0,1,1,1,1,0,1,0,
10 1,1,1,1,1,1,1,0,1,1,*,1,1,0,1,1,1,1,1,0,1,1,1,1,1,1,1,1,0,1,0,
11 1,1,1,1,1,1,1,1,0,1,1,*,1,1,0,1,1,1,1,1,0,1,1,1,1,1,0,0,0,1,0,
12 1,1,1,1,1,1,1,1,1,0,1,1,*,1,1,0,1,1,1,1,1,0,1,1,1,1,0,1,0,1,0,
13 1,1,1,1,0,1,1,1,1,1,0,1,1,*,1,1,0,1,1,1,1,1,1,1,1,1,1,1,0,1,0,
14 1,1,1,1,1,0,1,1,1,1,1,0,1,1,*,1,1,0,1,1,1,1,1,0,0,1,1,1,0,1,0,
15 1,1,1,1,1,1,0,1,1,1,1,1,0,1,1,*,1,1,0,1,1,1,1,0,1,1,1,1,0,1,0,
16 1,1,1,1,1,1,1,1,1,1,1,1,1,0,1,1,*,1,1,0,1,1,1,1,1,0,1,1,0,1,0,
17 1,1,1,1,1,1,1,1,0,0,1,1,1,1,0,1,1,*,1,1,0,1,1,1,1,1,0,1,0,1,0,
18 1,1,1,1,1,1,1,1,0,1,1,1,1,1,1,0,1,1,*,1,1,0,1,1,1,1,1,0,0,1,0,
19 1,1,1,1,1,1,1,1,1,1,0,1,1,1,1,1,0,1,1,*,1,1,0,1,1,1,1,1,0,1,0,
20 1,1,1,1,1,0,0,1,1,1,1,0,1,1,1,1,1,0,1,1,*,1,1,0,1,1,1,1,0,1,0,
21 1,1,1,1,1,0,1,1,1,1,1,1,0,1,1,1,1,1,0,1,1,*,1,1,0,1,1,1,0,1,0,
22 1,1,1,1,1,1,1,1,1,0,1,1,1,1,1,1,1,1,1,0,1,1,*,1,1,0,1,1,0,1,0,
23 1,1,1,1,1,1,1,1,0,0,1,1,1,1,0,0,1,1,1,1,0,1,1,*,1,1,0,1,0,1,0,
24 1,1,1,1,1,1,1,0,0,1,1,1,1,1,0,1,1,1,1,1,1,0,1,1,*,1,1,0,0,1,0,
25 1,1,1,1,1,1,0,1,1,1,1,1,1,1,1,1,0,1,1,1,1,1,0,1,1,*,1,1,0,1,0,
26 1,1,1,1,1,0,0,1,1,1,1,0,0,1,1,1,1,0,1,1,1,1,1,0,1,1,*,1,0,1,0,
27 1,1,1,1,0,0,1,1,1,1,1,0,1,1,1,1,1,1,0,1,1,1,1,1,0,1,1,*,0,1,0,
28 0,0,1,1,0,0,0,0,0,0,0,0,0,0,0,0,0,0,0,0,0,0,0,0,0,0,0,0,*,0,0,
29 0,0,1,1,1,1,1,1,1,1,1,1,1,1,1,1,1,1,1,1,1,1,1,1,1,1,1,1,0,*,0,
30 1,1,0,0,0,0,0,0,0,0,0,0,0,0,0,0,0,0,0,0,0,0,0,0,0,0,0,0,0,0,*,
k=36
t=600

