a contact +1800 +2400 2013 2020 1000
a contact +1800 +2400 2020 2013 1000
a contact +2400 +3000 2010 2021 1000
a contact +2400 +3000 2013 2018 1000
a contact +2400 +3000 2018 2013 1000
a contact +2400 +3000 2021 2010 1000
a contact +5400 +6000 2004 9002 1000
a contact +5400 +6000 9002 2004 1000
a contact +6000 +6600 2004 2021 1000
a contact +6000 +6600 2021 2004 1000
a contact +7200 +7800 1002 2009 1000
a contact +7200 +7800 2009 1002 1000
a contact +7800 +8400 2007 2013 1000
a contact +7800 +8400 2013 2007 1000
a contact +8400 +9000 1002 2010 1000
a contact +8400 +9000 2010 1002 1000
a contact +9000 +9600 2002 2022 1000
a contact +9000 +9600 2022 2002 1000
a contact +9600 +10200 1002 2011 1000
a contact +9600 +10200 2005 2023 1000
a contact +9600 +10200 2006 2016 1000
a contact +9600 +10200 2011 1002 1000
a contact +9600 +10200 2016 2006 1000
a contact +9600 +10200 2023 2005 1000
a contact +10200 +10800 2008 2014 1000
a contact +10200 +10800 2009 9001 1000
a contact +10200 +10800 2014 2008 1000
a contact +10200 +10800 9001 2009 1000
a contact +11400 +12000 2009 9002 1000
a contact +11400 +12000 9002 2009 1000
a contact +12000 +12600 2013 2014 1000
a contact +12000 +12600 2014 2013 1000
a contact +13800 +14400 2012 9002 1000
a contact +13800 +14400 2019 2023 1000
a contact +13800 +14400 2023 2019 1000
a contact +13800 +14400 9002 2012 1000
a contact +15000 +15600 1002 2018 1000
a contact +15000 +15600 2018 1002 1000
a contact +16200 +16800 2007 2008 1000
a contact +16200 +16800 2008 2007 1000
a contact +16200 +16800 2011 2016 1000
a contact +16200 +16800 2016 2011 1000
a contact +16800 +17400 2009 2022 1000
a contact +16800 +17400 2022 2009 1000
a contact +18000 +18600 2009 2021 1000
a contact +18000 +18600 2021 2009 1000
a contact +18600 +19200 2002 9002 1000
a contact +18600 +19200 2014 2018 1000
a contact +18600 +19200 2018 2014 1000
a contact +18600 +19200 9002 2002 1000
a contact +20400 +21000 1002 9001 1000
a contact +20400 +21000 9001 1002 1000

a range +1800 +2400 2013 2020 0.0239
a range +1800 +2400 2020 2013 0.0239
a range +2400 +3000 2010 2021 0.0383
a range +2400 +3000 2013 2018 0.0243
a range +2400 +3000 2018 2013 0.0243
a range +2400 +3000 2021 2010 0.0383
a range +5400 +6000 2004 9002 1102.5486
a range +5400 +6000 9002 2004 1102.5486
a range +6000 +6600 2004 2021 0.045
a range +6000 +6600 2021 2004 0.045
a range +7200 +7800 1002 2009 1102.2802
a range +7200 +7800 2009 1002 1102.2802
a range +7800 +8400 2007 2013 0.0155
a range +7800 +8400 2013 2007 0.0155
a range +8400 +9000 1002 2010 1102.1709
a range +8400 +9000 2010 1002 1102.1709
a range +9000 +9600 2002 2022 0.0456
a range +9000 +9600 2022 2002 0.0456
a range +9600 +10200 1002 2011 1102.2604
a range +9600 +10200 2005 2023 0.0443
a range +9600 +10200 2006 2016 0.0437
a range +9600 +10200 2011 1002 1102.2604
a range +9600 +10200 2016 2006 0.0437
a range +9600 +10200 2023 2005 0.0443
a range +10200 +10800 2008 2014 0.0012
a range +10200 +10800 2009 9001 1102.2478
a range +10200 +10800 2014 2008 0.0012
a range +10200 +10800 9001 2009 1102.2478
a range +11400 +12000 2009 9002 1102.232
a range +11400 +12000 9002 2009 1102.232
a range +12000 +12600 2013 2014 0.0243
a range +12000 +12600 2014 2013 0.0243
a range +13800 +14400 2012 9002 1102.5779
a range +13800 +14400 2019 2023 0.0421
a range +13800 +14400 2023 2019 0.0421
a range +13800 +14400 9002 2012 1102.5779
a range +15000 +15600 1002 2018 1102.551
a range +15000 +15600 2018 1002 1102.551
a range +16200 +16800 2007 2008 0.0243
a range +16200 +16800 2008 2007 0.0243
a range +16200 +16800 2011 2016 0.0239
a range +16200 +16800 2016 2011 0.0239
a range +16800 +17400 2009 2022 0.0383
a range +16800 +17400 2022 2009 0.0383
a range +18000 +18600 2009 2021 0.0308
a range +18000 +18600 2021 2009 0.0308
a range +18600 +19200 2002 9002 1102.557
a range +18600 +19200 2014 2018 0.0421
a range +18600 +19200 2018 2014 0.0421
a range +18600 +19200 9002 2002 1102.557
a range +20400 +21000 1002 9001 0.0614
a range +20400 +21000 9001 1002 0.0614
