a contact +0 +1200 2016 9008 50
a contact +0 +1200 2034 9011 50
a contact +0 +1200 2038 9010 50
a contact +0 +1200 2048 9007 50
a contact +0 +1200 2056 9002 50
a contact +0 +1200 9002 2056 50
a contact +0 +1200 9007 2048 50
a contact +0 +1200 9008 2016 50
a contact +0 +1200 9010 2038 50
a contact +0 +1200 9011 2034 50
a contact +1200 +3000 2020 9002 50
a contact +1200 +3000 2027 9008 50
a contact +1200 +3000 2028 9010 50
a contact +0 +3000 2029 9005 50
a contact +1200 +3000 9002 2020 50
a contact +0 +3000 9005 2029 50
a contact +1200 +3000 9008 2027 50
a contact +1200 +3000 9010 2028 50
a contact +3000 +3600 2002 9008 25
a contact +0 +3600 2004 9004 50
a contact +1200 +3600 2015 9011 50
a contact +1200 +3600 2024 9007 50
a contact +0 +3600 9004 2004 50
a contact +1200 +3600 9007 2024 50
a contact +3000 +3600 9008 2002 25
a contact +1200 +3600 9011 2015 50
a contact +3600 +4800 2013 9007 50
a contact +3000 +4800 2017 9010 50
a contact +3600 +4800 9007 2013 50
a contact +3000 +4800 9010 2017 50
a contact +3600 +5400 2005 9011 50
a contact +3000 +5400 2033 9005 50
a contact +3600 +5400 2049 9004 50
a contact +3600 +5400 9004 2049 50
a contact +3000 +5400 9005 2033 50
a contact +3600 +5400 9011 2005 50
a contact +3000 +6000 2036 9002 50
a contact +0 +6000 2037 9001 50
a contact +0 +6000 9001 2037 50
a contact +3000 +6000 9002 2036 50
a contact +6000 +6600 2002 9002 25
a contact +5400 +6600 2009 9004 50
a contact +4800 +6600 2032 9010 50
a contact +5400 +6600 2033 9011 50
a contact +6000 +6600 9002 2002 25
a contact +5400 +6600 9004 2009 50
a contact +4800 +6600 9010 2032 50
a contact +5400 +6600 9011 2033 50
a contact +5400 +7200 2017 9005 50
a contact +6600 +7200 2033 9010 50
a contact +5400 +7200 9005 2017 50
a contact +6600 +7200 9010 2033 50
a contact +3600 +7800 2008 9008 50
a contact +6000 +7800 2028 9001 50
a contact +7200 +7800 2035 9005 50
a contact +6000 +7800 9001 2028 50
a contact +7200 +7800 9005 2035 50
a contact +3600 +7800 9008 2008 50
a contact +4800 +8400 2039 9007 50
a contact +6600 +8400 2045 9011 50
a contact +4800 +8400 9007 2039 50
a contact +6600 +8400 9011 2045 50
a contact +6600 +9000 2005 9002 50
a contact +7200 +9000 2021 9010 50
a contact +7800 +9000 2051 9008 50
a contact +7800 +9000 2055 9001 50
a contact +7800 +9000 9001 2055 50
a contact +6600 +9000 9002 2005 50
a contact +7800 +9000 9008 2051 50
a contact +7200 +9000 9010 2021 50
a contact +9000 +9600 2003 9008 25
a contact +8400 +9600 2048 9011 50
a contact +9000 +9600 9008 2003 25
a contact +8400 +9600 9011 2048 50
a contact +6600 +10200 2053 9004 50
a contact +6600 +10200 9004 2053 50
a contact +8400 +10800 2006 9007 50
a contact +9000 +10800 2011 9010 50
a contact +7800 +10800 2050 9005 50
a contact +7800 +10800 9005 2050 50
a contact +8400 +10800 9007 2006 50
a contact +9000 +10800 9010 2011 50
a contact +9000 +11400 2021 9001 50
a contact +9000 +11400 9001 2021 50
a contact +10800 +12000 2019 9007 50
a contact +10800 +12000 9007 2019 50
a contact +9600 +12600 2024 9011 50
a contact +10800 +12600 2044 9005 50
a contact +10800 +12600 9005 2044 50
a contact +9600 +12600 9011 2024 50
a contact +12000 +13200 2033 9007 50
a contact +12000 +13200 9007 2033 50
a contact +10800 +13800 2028 9010 50
a contact +10800 +13800 9010 2028 50
a contact +9000 +14400 2040 9002 50
a contact +9000 +14400 9002 2040 50
a contact +13200 +15000 2050 9007 50
a contact +13200 +15000 9007 2050 50
a contact +11400 +15600 2014 9001 50
a contact +13800 +15600 2025 9010 50
a contact +10200 +15600 2026 9004 50
a contact +15000 +15600 2034 9007 50
a contact +11400 +15600 9001 2014 50
a contact +10200 +15600 9004 2026 50
a contact +15000 +15600 9007 2034 50
a contact +13800 +15600 9010 2025 50
a contact +9600 +16200 2038 9008 50
a contact +9600 +16200 9008 2038 50
a contact +12600 +18000 2010 9005 50
a contact +12600 +18000 2022 9011 50
a contact +12600 +18000 9005 2010 50
a contact +12600 +18000 9011 2022 50
a contact +16200 +18600 2012 9008 50
a contact +16200 +18600 9008 2012 50
a contact +14400 +19800 2013 9002 50
a contact +18000 +19800 2021 9005 50
a contact +14400 +19800 9002 2013 50
a contact +18000 +19800 9005 2021 50
a contact +18600 +21000 2032 9008 50
a contact +19800 +21000 2035 9002 50
a contact +19800 +21000 9002 2035 50
a contact +18600 +21000 9008 2032 50
a contact +18000 +21600 2019 9011 50
a contact +18000 +21600 9011 2019 50
a contact +21000 +22200 2027 9002 50
a contact +19800 +22200 2030 9005 50
a contact +21000 +22200 9002 2027 50
a contact +19800 +22200 9005 2030 50
a contact +21600 +22800 2054 9011 50
a contact +21600 +22800 9011 2054 50
a contact +22200 +23400 2004 9005 50
a contact +22200 +23400 2039 9002 50
a contact +21000 +23400 2047 9008 50
a contact +22200 +23400 9002 2039 50
a contact +22200 +23400 9005 2004 50
a contact +21000 +23400 9008 2047 50
a contact +22800 +24000 2056 9011 50
a contact +22800 +24000 9011 2056 50
a contact +23400 +25800 2019 9005 50
a contact +23400 +25800 9005 2019 50
a contact +23400 +26400 2027 9002 50
a contact +23400 +26400 9002 2027 50
a contact +23400 +27000 2031 9008 50
a contact +26400 +27000 2044 9002 50
a contact +24000 +27000 2055 9011 50
a contact +26400 +27000 9002 2044 50
a contact +23400 +27000 9008 2031 50
a contact +24000 +27000 9011 2055 50
a contact +27000 +28200 2043 9008 50
a contact +27000 +28200 9008 2043 50
a contact +25800 +30600 2009 9005 50
a contact +25800 +30600 9005 2009 50
a contact +30000 +31800 2001 9009 25
a contact +30000 +31800 2002 9012 25
a contact +30000 +31800 2003 9003 25
a contact +27000 +31800 2016 9002 50
a contact +28200 +31800 2055 9008 50
a contact +27000 +31800 9002 2016 50
a contact +30000 +31800 9003 2003 25
a contact +28200 +31800 9008 2055 50
a contact +30000 +31800 9009 2001 25
a contact +30000 +31800 9012 2002 25
a contact +31800 +32400 2056 9002 50
a contact +31800 +32400 9002 2056 50
a contact +31800 +33000 2015 9009 50
a contact +31800 +33000 2018 9008 50
a contact +30000 +33000 2035 9006 50
a contact +30000 +33000 9006 2035 50
a contact +31800 +33000 9008 2018 50
a contact +31800 +33000 9009 2015 50
a contact +27000 +33600 2007 9011 50
a contact +31800 +33600 2027 9012 50
a contact +30600 +33600 2043 9005 50
a contact +31800 +33600 2053 9003 50
a contact +31800 +33600 9003 2053 50
a contact +30600 +33600 9005 2043 50
a contact +27000 +33600 9011 2007 50
a contact +31800 +33600 9012 2027 50
a contact +33000 +34200 2005 9006 50
a contact +33000 +34200 9006 2005 50
a contact +33600 +34800 2033 9003 50
a contact +32400 +34800 2047 9002 50
a contact +32400 +34800 9002 2047 50
a contact +33600 +34800 9003 2033 50
a contact +33000 +35400 2021 9009 50
a contact +34200 +35400 2026 9006 50
a contact +33600 +35400 2028 9005 50
a contact +33600 +35400 2045 9011 50
a contact +33600 +35400 9005 2028 50
a contact +34200 +35400 9006 2026 50
a contact +33000 +35400 9009 2021 50
a contact +33600 +35400 9011 2045 50
a contact +33000 +36000 2011 9008 50
a contact +33000 +36000 9008 2011 50
a contact +33600 +36600 2034 9012 50
a contact +34800 +36600 2052 9002 50
a contact +35400 +36600 2054 9005 50
a contact +34800 +36600 9002 2052 50
a contact +35400 +36600 9005 2054 50
a contact +33600 +36600 9012 2034 50
a contact +35400 +37200 2023 9006 50
a contact +35400 +37200 9006 2023 50
a contact +35400 +40200 2053 9009 50
a contact +35400 +40200 9009 2053 50
a contact +36600 +40800 2006 9005 50
a contact +36600 +40800 2010 9002 50
a contact +34800 +40800 2027 9003 50
a contact +35400 +40800 2039 9011 50
a contact +36000 +40800 2051 9008 50
a contact +36600 +40800 9002 2010 50
a contact +34800 +40800 9003 2027 50
a contact +36600 +40800 9005 2006 50
a contact +36000 +40800 9008 2051 50
a contact +35400 +40800 9011 2039 50
a contact +40800 +41400 2015 9002 50
a contact +37200 +41400 2048 9006 50
a contact +40800 +41400 9002 2015 50
a contact +37200 +41400 9006 2048 50
a contact +36600 +42000 2005 9012 50
a contact +36600 +42000 9012 2005 50
a contact +41400 +42600 2011 9002 50
a contact +40800 +42600 2017 9011 50
a contact +40800 +42600 2035 9008 50
a contact +40200 +42600 2044 9009 50
a contact +40800 +42600 2049 9005 50
a contact +41400 +42600 9002 2011 50
a contact +40800 +42600 9005 2049 50
a contact +40800 +42600 9008 2035 50
a contact +40200 +42600 9009 2044 50
a contact +40800 +42600 9011 2017 50
a contact +41400 +43200 2046 9006 50
a contact +41400 +43200 9006 2046 50
a contact +43200 +43800 2015 9006 50
a contact +43200 +43800 9006 2015 50
a contact +40800 +44400 2025 9003 50
a contact +40800 +44400 9003 2025 50
a contact +42600 +45000 2004 9009 50
a contact +42000 +45000 2026 9012 50
a contact +42600 +45000 9009 2004 50
a contact +42000 +45000 9012 2026 50
a contact +43800 +46200 2049 9006 50
a contact +43800 +46200 9006 2049 50
a contact +44400 +46800 2028 9003 50
a contact +44400 +46800 9003 2028 50
a contact +45000 +48000 2012 9009 50
a contact +45000 +48000 2034 9012 50
a contact +45000 +48000 9009 2012 50
a contact +45000 +48000 9012 2034 50
a contact +46200 +49200 2054 9006 50
a contact +46200 +49200 9006 2054 50
a contact +48000 +49800 2031 9012 50
a contact +48000 +49800 9012 2031 50
a contact +46800 +50400 2046 9003 50
a contact +46800 +50400 9003 2046 50
a contact +48000 +51000 2016 9009 50
a contact +48000 +51000 9009 2016 50
a contact +52200 +53400 2001 9004 25
a contact +52200 +53400 2002 9007 25
a contact +52200 +53400 2003 9010 25
a contact +49800 +53400 2007 9012 50
a contact +49200 +53400 2011 9006 50
a contact +52200 +53400 2039 9001 50
a contact +50400 +53400 2044 9003 50
a contact +52200 +53400 9001 2039 50
a contact +50400 +53400 9003 2044 50
a contact +52200 +53400 9004 2001 25
a contact +49200 +53400 9006 2011 50
a contact +52200 +53400 9007 2002 25
a contact +52200 +53400 9010 2003 25
a contact +49800 +53400 9012 2007 50
a contact +53400 +54600 2006 9010 50
a contact +53400 +54600 2047 9001 50
a contact +53400 +54600 2049 9006 50
a contact +53400 +54600 2054 9007 50
a contact +53400 +54600 9001 2047 50
a contact +53400 +54600 9006 2049 50
a contact +53400 +54600 9007 2054 50
a contact +53400 +54600 9010 2006 50
a contact +53400 +55800 2045 9012 50
a contact +53400 +55800 9012 2045 50
a contact +51000 +56400 2030 9009 50
a contact +54600 +56400 2041 9006 50
a contact +54600 +56400 2046 9001 50
a contact +54600 +56400 2053 9007 50
a contact +54600 +56400 9001 2046 50
a contact +54600 +56400 9006 2041 50
a contact +54600 +56400 9007 2053 50
a contact +51000 +56400 9009 2030 50
a contact +53400 +57000 2036 9003 50
a contact +53400 +57000 9003 2036 50
a contact +54600 +57600 2050 9010 50
a contact +54600 +57600 9010 2050 50
a contact +56400 +58800 2012 9006 50
a contact +56400 +58800 9006 2012 50
a contact +53400 +59400 2007 9004 50
a contact +57000 +59400 2011 9003 50
a contact +58800 +59400 2013 9006 50
a contact +56400 +59400 2023 9001 50
a contact +56400 +59400 2026 9009 50
a contact +57600 +59400 2043 9010 50
a contact +56400 +59400 9001 2023 50
a contact +57000 +59400 9003 2011 50
a contact +53400 +59400 9004 2007 50
a contact +58800 +59400 9006 2013 50
a contact +56400 +59400 9009 2026 50
a contact +57600 +59400 9010 2043 50
a contact +59400 +60600 2023 9010 50
a contact +59400 +60600 9010 2023 50
a contact +55800 +62400 2009 9012 50
a contact +59400 +62400 2018 9004 50
a contact +59400 +62400 9004 2018 50
a contact +55800 +62400 9012 2009 50
a contact +59400 +63000 2011 9006 50
a contact +60600 +63000 2017 9010 50
a contact +56400 +63000 2022 9007 50
a contact +59400 +63000 2027 9003 50
a contact +59400 +63000 9003 2027 50
a contact +59400 +63000 9006 2011 50
a contact +56400 +63000 9007 2022 50
a contact +60600 +63000 9010 2017 50
a contact +59400 +63600 2031 9001 50
a contact +59400 +63600 2037 9009 50
a contact +62400 +63600 2048 9004 50
a contact +59400 +63600 9001 2031 50
a contact +62400 +63600 9004 2048 50
a contact +59400 +63600 9009 2037 50
a contact +63000 +64200 2035 9010 50
a contact +63000 +64200 2041 9007 50
a contact +63000 +64200 9007 2041 50
a contact +63000 +64200 9010 2035 50
a contact +63600 +64800 2015 9001 50
a contact +63600 +64800 9001 2015 50
a contact +63000 +65400 2025 9003 50
a contact +62400 +65400 2042 9012 50
a contact +63000 +65400 9003 2025 50
a contact +62400 +65400 9012 2042 50
a contact +63000 +66000 2008 9006 50
a contact +64200 +66000 2023 9007 50
a contact +63000 +66000 9006 2008 50
a contact +64200 +66000 9007 2023 50
a contact +65400 +66600 2013 9003 50
a contact +64200 +66600 2051 9010 50
a contact +65400 +66600 9003 2013 50
a contact +64200 +66600 9010 2051 50
a contact +64800 +67200 2056 9001 50
a contact +64800 +67200 9001 2056 50
a contact +66600 +67800 2005 9010 50
a contact +66600 +67800 9010 2005 50
a contact +66000 +68400 2040 9007 50
a contact +66600 +68400 2044 9003 50
a contact +66600 +68400 9003 2044 50
a contact +66000 +68400 9007 2040 50
a contact +66000 +69000 2014 9006 50
a contact +63600 +69000 2027 9009 50
a contact +66000 +69000 9006 2014 50
a contact +63600 +69000 9009 2027 50
a contact +69000 +72000 2004 9009 50
a contact +69000 +72000 2008 9006 50
a contact +68400 +72000 2011 9007 50
a contact +68400 +72000 2018 9003 50
a contact +65400 +72000 2020 9012 50
a contact +67200 +72000 2022 9001 50
a contact +63600 +72000 2024 9004 50
a contact +67800 +72000 2032 9010 50
a contact +67200 +72000 9001 2022 50
a contact +68400 +72000 9003 2018 50
a contact +63600 +72000 9004 2024 50
a contact +69000 +72000 9006 2008 50
a contact +68400 +72000 9007 2011 50
a contact +69000 +72000 9009 2004 50
a contact +67800 +72000 9010 2032 50
a contact +65400 +72000 9012 2020 50
a contact +72000 +73200 2014 9003 50
a contact +72000 +73200 9003 2014 50
a contact +72000 +73800 2010 9012 50
a contact +72000 +73800 2015 9010 50
a contact +72000 +73800 9010 2015 50
a contact +72000 +73800 9012 2010 50
a contact +73800 +74400 2003 9012 25
a contact +73800 +74400 9012 2003 25
a contact +72000 +75000 2006 9006 50
a contact +72000 +75000 2036 9009 50
a contact +72000 +75000 2040 9007 50
a contact +72000 +75000 2041 9004 50
a contact +72000 +75000 9004 2041 50
a contact +72000 +75000 9006 2006 50
a contact +72000 +75000 9007 2040 50
a contact +72000 +75000 9009 2036 50
a contact +75000 +75600 2001 9004 25
a contact +73200 +75600 2013 9003 50
a contact +73800 +75600 2024 9010 50
a contact +73200 +75600 9003 2013 50
a contact +75000 +75600 9004 2001 25
a contact +73800 +75600 9010 2024 50
a contact +75600 +76200 2011 9003 50
a contact +75000 +76200 2041 9006 50
a contact +75000 +76200 2042 9007 50
a contact +75600 +76200 9003 2011 50
a contact +75000 +76200 9006 2041 50
a contact +75000 +76200 9007 2042 50
a contact +74400 +76800 2053 9012 50
a contact +74400 +76800 9012 2053 50
a contact +76200 +78000 2019 9003 50
a contact +76200 +78000 9003 2019 50
a contact +78000 +78600 2001 9003 25
a contact +76200 +78600 2009 9006 50
a contact +75000 +78600 2016 9009 50
a contact +76800 +78600 2047 9012 50
a contact +78000 +78600 9003 2001 25
a contact +76200 +78600 9006 2009 50
a contact +75000 +78600 9009 2016 50
a contact +76800 +78600 9012 2047 50
a contact +78600 +82200 2001 9005 25
a contact +78600 +82200 2002 9008 25
a contact +78600 +82200 2003 9011 25
a contact +72000 +82200 2029 9001 50
a contact +78600 +82200 2039 9002 50
a contact +76200 +82200 2046 9007 50
a contact +75600 +82200 2052 9010 50
a contact +72000 +82200 9001 2029 50
a contact +78600 +82200 9002 2039 50
a contact +78600 +82200 9005 2001 25
a contact +76200 +82200 9007 2046 50
a contact +78600 +82200 9008 2002 25
a contact +75600 +82200 9010 2052 50
a contact +78600 +82200 9011 2003 25
a contact +75600 +83400 2028 9004 50
a contact +82200 +83400 2031 9002 50
a contact +82200 +83400 2033 9011 50
a contact +82200 +83400 2042 9008 50
a contact +82200 +83400 2054 9001 50
a contact +82200 +83400 9001 2054 50
a contact +82200 +83400 9002 2031 50
a contact +75600 +83400 9004 2028 50
a contact +82200 +83400 9008 2042 50
a contact +82200 +83400 9011 2033 50
a contact +82200 +84000 2038 9007 50
a contact +82200 +84000 2043 9010 50
a contact +82200 +84000 9007 2038 50
a contact +82200 +84000 9010 2043 50
a contact +83400 +84600 2007 9002 50
a contact +83400 +84600 2049 9011 50
a contact +83400 +84600 9002 2007 50
a contact +83400 +84600 9011 2049 50
a contact +84000 +85800 2018 9010 50
a contact +84000 +85800 9010 2018 50
a contact +82200 +86400 2004 9005 50
a contact +83400 +86400 2014 9008 50
a contact +84600 +86400 2030 9011 50
a contact +83400 +86400 2032 9004 50
a contact +85800 +86400 2041 9010 50
a contact +84000 +86400 2042 9007 50
a contact +84600 +86400 2045 9002 50
a contact +83400 +86400 2056 9001 50
a contact +83400 +86400 9001 2056 50
a contact +84600 +86400 9002 2045 50
a contact +83400 +86400 9004 2032 50
a contact +82200 +86400 9005 2004 50
a contact +84000 +86400 9007 2042 50
a contact +83400 +86400 9008 2014 50
a contact +85800 +86400 9010 2041 50
a contact +84600 +86400 9011 2030 50

a range +0 +1200 2016 9008 1103.4077
a range +0 +1200 2034 9011 1103.3751
a range +0 +1200 2038 9010 1101.921
a range +0 +1200 2048 9007 1102.3159
a range +0 +1200 2056 9002 1103.3823
a range +0 +1200 9002 2056 1103.3823
a range +0 +1200 9007 2048 1102.3159
a range +0 +1200 9008 2016 1103.4077
a range +0 +1200 9010 2038 1101.921
a range +0 +1200 9011 2034 1103.3751
a range +1200 +3000 2020 9002 1103.3753
a range +1200 +3000 2027 9008 1103.3895
a range +1200 +3000 2028 9010 1102.3475
a range +0 +3000 2029 9005 1103.3878
a range +1200 +3000 9002 2020 1103.3753
a range +0 +3000 9005 2029 1103.3878
a range +1200 +3000 9008 2027 1103.3895
a range +1200 +3000 9010 2028 1102.3475
a range +3000 +3600 2002 9008 1103.3962
a range +0 +3600 2004 9004 1102.3518
a range +1200 +3600 2015 9011 1103.4111
a range +1200 +3600 2024 9007 1102.3483
a range +0 +3600 9004 2004 1102.3518
a range +1200 +3600 9007 2024 1102.3483
a range +3000 +3600 9008 2002 1103.3962
a range +1200 +3600 9011 2015 1103.4111
a range +3600 +4800 2013 9007 1102.3398
a range +3000 +4800 2017 9010 1102.3698
a range +3600 +4800 9007 2013 1102.3398
a range +3000 +4800 9010 2017 1102.3698
a range +3600 +5400 2005 9011 1103.3779
a range +3000 +5400 2033 9005 1103.3828
a range +3600 +5400 2049 9004 1102.3251
a range +3600 +5400 9004 2049 1102.3251
a range +3000 +5400 9005 2033 1103.3828
a range +3600 +5400 9011 2005 1103.3779
a range +3000 +6000 2036 9002 1102.2169
a range +0 +6000 2037 9001 1102.0883
a range +0 +6000 9001 2037 1102.0883
a range +3000 +6000 9002 2036 1102.2169
a range +6000 +6600 2002 9002 1103.3962
a range +5400 +6600 2009 9004 1102.2246
a range +4800 +6600 2032 9010 1102.3544
a range +5400 +6600 2033 9011 1103.3828
a range +6000 +6600 9002 2002 1103.3962
a range +5400 +6600 9004 2009 1102.2246
a range +4800 +6600 9010 2032 1102.3544
a range +5400 +6600 9011 2033 1103.3828
a range +5400 +7200 2017 9005 1103.3888
a range +6600 +7200 2033 9010 1102.3442
a range +5400 +7200 9005 2017 1103.3888
a range +6600 +7200 9010 2033 1102.3442
a range +3600 +7800 2008 9008 1102.3249
a range +6000 +7800 2028 9001 1102.3475
a range +7200 +7800 2035 9005 1103.3778
a range +6000 +7800 9001 2028 1102.3475
a range +7200 +7800 9005 2035 1103.3778
a range +3600 +7800 9008 2008 1102.3249
a range +4800 +8400 2039 9007 1102.3165
a range +6600 +8400 2045 9011 1103.4167
a range +4800 +8400 9007 2039 1102.3165
a range +6600 +8400 9011 2045 1103.4167
a range +6600 +9000 2005 9002 1103.3779
a range +7200 +9000 2021 9010 1102.324
a range +7800 +9000 2051 9008 1103.3991
a range +7800 +9000 2055 9001 1102.3425
a range +7800 +9000 9001 2055 1102.3425
a range +6600 +9000 9002 2005 1103.3779
a range +7800 +9000 9008 2051 1103.3991
a range +7200 +9000 9010 2021 1102.324
a range +9000 +9600 2003 9008 1103.3889
a range +8400 +9600 2048 9011 1103.3663
a range +9000 +9600 9008 2003 1103.3889
a range +8400 +9600 9011 2048 1103.3663
a range +6600 +10200 2053 9004 1102.3356
a range +6600 +10200 9004 2053 1102.3356
a range +8400 +10800 2006 9007 1102.3526
a range +9000 +10800 2011 9010 1102.3246
a range +7800 +10800 2050 9005 1103.3922
a range +7800 +10800 9005 2050 1103.3922
a range +8400 +10800 9007 2006 1102.3526
a range +9000 +10800 9010 2011 1102.3246
a range +9000 +11400 2021 9001 1102.324
a range +9000 +11400 9001 2021 1102.324
a range +10800 +12000 2019 9007 1102.3409
a range +10800 +12000 9007 2019 1102.3409
a range +9600 +12600 2024 9011 1103.3825
a range +10800 +12600 2044 9005 1103.3994
a range +10800 +12600 9005 2044 1103.3994
a range +9600 +12600 9011 2024 1103.3825
a range +12000 +13200 2033 9007 1102.3442
a range +12000 +13200 9007 2033 1102.3442
a range +10800 +13800 2028 9010 1102.3475
a range +10800 +13800 9010 2028 1102.3475
a range +9000 +14400 2040 9002 1102.7045
a range +9000 +14400 9002 2040 1102.7045
a range +13200 +15000 2050 9007 1102.3574
a range +13200 +15000 9007 2050 1102.3574
a range +11400 +15600 2014 9001 1102.3595
a range +13800 +15600 2025 9010 1102.3401
a range +10200 +15600 2026 9004 1102.3364
a range +15000 +15600 2034 9007 1102.3341
a range +11400 +15600 9001 2014 1102.3595
a range +10200 +15600 9004 2026 1102.3364
a range +15000 +15600 9007 2034 1102.3341
a range +13800 +15600 9010 2025 1102.3401
a range +9600 +16200 2038 9008 1103.0122
a range +9600 +16200 9008 2038 1103.0122
a range +12600 +18000 2010 9005 1102.8626
a range +12600 +18000 2022 9011 1103.3967
a range +12600 +18000 9005 2010 1102.8626
a range +12600 +18000 9011 2022 1103.3967
a range +16200 +18600 2012 9008 1102.6505
a range +16200 +18600 9008 2012 1102.6505
a range +14400 +19800 2013 9002 1102.5333
a range +18000 +19800 2021 9005 1103.3975
a range +14400 +19800 9002 2013 1102.5333
a range +18000 +19800 9005 2021 1103.3975
a range +18600 +21000 2032 9008 1103.3933
a range +19800 +21000 2035 9002 1103.3778
a range +19800 +21000 9002 2035 1103.3778
a range +18600 +21000 9008 2032 1103.3933
a range +18000 +21600 2019 9011 1103.3643
a range +18000 +21600 9011 2019 1103.3643
a range +21000 +22200 2027 9002 1103.3895
a range +19800 +22200 2030 9005 1103.3981
a range +21000 +22200 9002 2027 1103.3895
a range +19800 +22200 9005 2030 1103.3981
a range +21600 +22800 2054 9011 1103.379
a range +21600 +22800 9011 2054 1103.379
a range +22200 +23400 2004 9005 1103.3807
a range +22200 +23400 2039 9002 1102.8459
a range +21000 +23400 2047 9008 1103.391
a range +22200 +23400 9002 2039 1102.8459
a range +22200 +23400 9005 2004 1103.3807
a range +21000 +23400 9008 2047 1103.391
a range +22800 +24000 2056 9011 1103.3823
a range +22800 +24000 9011 2056 1103.3823
a range +23400 +25800 2019 9005 1103.3643
a range +23400 +25800 9005 2019 1103.3643
a range +23400 +26400 2027 9002 1103.3895
a range +23400 +26400 9002 2027 1103.3895
a range +23400 +27000 2031 9008 1103.4006
a range +26400 +27000 2044 9002 1103.3994
a range +24000 +27000 2055 9011 1103.3764
a range +26400 +27000 9002 2044 1103.3994
a range +23400 +27000 9008 2031 1103.4006
a range +24000 +27000 9011 2055 1103.3764
a range +27000 +28200 2043 9008 1103.3721
a range +27000 +28200 9008 2043 1103.3721
a range +25800 +30600 2009 9005 1102.9814
a range +25800 +30600 9005 2009 1102.9814
a range +30000 +31800 2001 9009 1104.7848
a range +30000 +31800 2002 9012 1104.7817
a range +30000 +31800 2003 9003 1104.7737
a range +27000 +31800 2016 9002 1103.4077
a range +28200 +31800 2055 9008 1103.3764
a range +27000 +31800 9002 2016 1103.4077
a range +30000 +31800 9003 2003 1104.7737
a range +28200 +31800 9008 2055 1103.3764
a range +30000 +31800 9009 2001 1104.7848
a range +30000 +31800 9012 2002 1104.7817
a range +31800 +32400 2056 9002 1103.3823
a range +31800 +32400 9002 2056 1103.3823
a range +31800 +33000 2015 9009 1104.7576
a range +31800 +33000 2018 9008 1103.3709
a range +30000 +33000 2035 9006 1104.7877
a range +30000 +33000 9006 2035 1104.7877
a range +31800 +33000 9008 2018 1103.3709
a range +31800 +33000 9009 2015 1104.7576
a range +27000 +33600 2007 9011 1103.391
a range +31800 +33600 2027 9012 1104.7722
a range +30600 +33600 2043 9005 1103.3721
a range +31800 +33600 2053 9003 1104.7677
a range +31800 +33600 9003 2053 1104.7677
a range +30600 +33600 9005 2043 1103.3721
a range +27000 +33600 9011 2007 1103.391
a range +31800 +33600 9012 2027 1104.7722
a range +33000 +34200 2005 9006 1104.7655
a range +33000 +34200 9006 2005 1104.7655
a range +33600 +34800 2033 9003 1104.7715
a range +32400 +34800 2047 9002 1103.391
a range +32400 +34800 9002 2047 1103.391
a range +33600 +34800 9003 2033 1104.7715
a range +33000 +35400 2021 9009 1104.751
a range +34200 +35400 2026 9006 1104.7806
a range +33600 +35400 2028 9005 1103.3961
a range +33600 +35400 2045 9011 1103.4167
a range +33600 +35400 9005 2028 1103.3961
a range +34200 +35400 9006 2026 1104.7806
a range +33000 +35400 9009 2021 1104.751
a range +33600 +35400 9011 2045 1103.4167
a range +33000 +36000 2011 9008 1103.3956
a range +33000 +36000 9008 2011 1103.3956
a range +33600 +36600 2034 9012 1104.7833
a range +34800 +36600 2052 9002 1103.3976
a range +35400 +36600 2054 9005 1103.379
a range +34800 +36600 9002 2052 1103.3976
a range +35400 +36600 9005 2054 1103.379
a range +33600 +36600 9012 2034 1104.7833
a range +35400 +37200 2023 9006 1104.7729
a range +35400 +37200 9006 2023 1104.7729
a range +35400 +40200 2053 9009 1104.7677
a range +35400 +40200 9009 2053 1104.7677
a range +36600 +40800 2006 9005 1103.3824
a range +36600 +40800 2010 9002 1103.3751
a range +34800 +40800 2027 9003 1104.7722
a range +35400 +40800 2039 9011 1103.3581
a range +36000 +40800 2051 9008 1103.3991
a range +36600 +40800 9002 2010 1103.3751
a range +34800 +40800 9003 2027 1104.7722
a range +36600 +40800 9005 2006 1103.3824
a range +36000 +40800 9008 2051 1103.3991
a range +35400 +40800 9011 2039 1103.3581
a range +40800 +41400 2015 9002 1103.4111
a range +37200 +41400 2048 9006 1104.7474
a range +40800 +41400 9002 2015 1103.4111
a range +37200 +41400 9006 2048 1104.7474
a range +36600 +42000 2005 9012 1104.7655
a range +36600 +42000 9012 2005 1104.7655
a range +41400 +42600 2011 9002 1103.3956
a range +40800 +42600 2017 9011 1103.3888
a range +40800 +42600 2035 9008 1103.3778
a range +40200 +42600 2044 9009 1104.8049
a range +40800 +42600 2049 9005 1103.3581
a range +41400 +42600 9002 2011 1103.3956
a range +40800 +42600 9005 2049 1103.3581
a range +40800 +42600 9008 2035 1103.3778
a range +40200 +42600 9009 2044 1104.8049
a range +40800 +42600 9011 2017 1103.3888
a range +41400 +43200 2046 9006 1104.7692
a range +41400 +43200 9006 2046 1104.7692
a range +43200 +43800 2015 9006 1104.7576
a range +43200 +43800 9006 2015 1104.7576
a range +40800 +44400 2025 9003 1104.7844
a range +40800 +44400 9003 2025 1104.7844
a range +42600 +45000 2004 9009 1104.7664
a range +42000 +45000 2026 9012 1104.7806
a range +42600 +45000 9009 2004 1104.7664
a range +42000 +45000 9012 2026 1104.7806
a range +43800 +46200 2049 9006 1104.7673
a range +43800 +46200 9006 2049 1104.7673
a range +44400 +46800 2028 9003 1104.766
a range +44400 +46800 9003 2028 1104.766
a range +45000 +48000 2012 9009 1104.1794
a range +45000 +48000 2034 9012 1104.7833
a range +45000 +48000 9009 2012 1104.1794
a range +45000 +48000 9012 2034 1104.7833
a range +46200 +49200 2054 9006 1104.7629
a range +46200 +49200 9006 2054 1104.7629
a range +48000 +49800 2031 9012 1104.7634
a range +48000 +49800 9012 2031 1104.7634
a range +46800 +50400 2046 9003 1104.7692
a range +46800 +50400 9003 2046 1104.7692
a range +48000 +51000 2016 9009 1104.7762
a range +48000 +51000 9009 2016 1104.7762
a range +52200 +53400 2001 9004 1105.0488
a range +52200 +53400 2002 9007 1105.0485
a range +52200 +53400 2003 9010 1105.055
a range +49800 +53400 2007 9012 1104.7799
a range +49200 +53400 2011 9006 1104.2736
a range +52200 +53400 2039 9001 1103.9433
a range +50400 +53400 2044 9003 1104.8049
a range +52200 +53400 9001 2039 1103.9433
a range +50400 +53400 9003 2044 1104.8049
a range +52200 +53400 9004 2001 1105.0488
a range +49200 +53400 9006 2011 1104.2736
a range +52200 +53400 9007 2002 1105.0485
a range +52200 +53400 9010 2003 1105.055
a range +49800 +53400 9012 2007 1104.7799
a range +53400 +54600 2006 9010 1105.0643
a range +53400 +54600 2047 9001 1105.0449
a range +53400 +54600 2049 9006 1104.7673
a range +53400 +54600 2054 9007 1105.0561
a range +53400 +54600 9001 2047 1105.0449
a range +53400 +54600 9006 2049 1104.7673
a range +53400 +54600 9007 2054 1105.0561
a range +53400 +54600 9010 2006 1105.0643
a range +53400 +55800 2045 9012 1104.7936
a range +53400 +55800 9012 2045 1104.7936
a range +51000 +56400 2030 9009 1104.7719
a range +54600 +56400 2041 9006 1104.709
a range +54600 +56400 2046 9001 1105.0283
a range +54600 +56400 2053 9007 1105.0476
a range +54600 +56400 9001 2046 1105.0283
a range +54600 +56400 9006 2041 1104.709
a range +54600 +56400 9007 2053 1105.0476
a range +51000 +56400 9009 2030 1104.7719
a range +53400 +57000 2036 9003 1104.3991
a range +53400 +57000 9003 2036 1104.3991
a range +54600 +57600 2050 9010 1105.0644
a range +54600 +57600 9010 2050 1105.0644
a range +56400 +58800 2012 9006 1104.1794
a range +56400 +58800 9006 2012 1104.1794
a range +53400 +59400 2007 9004 1105.0561
a range +57000 +59400 2011 9003 1104.2736
a range +58800 +59400 2013 9006 1104.0616
a range +56400 +59400 2023 9001 1105.0668
a range +56400 +59400 2026 9009 1104.7806
a range +57600 +59400 2043 9010 1105.0809
a range +56400 +59400 9001 2023 1105.0668
a range +57000 +59400 9003 2011 1104.2736
a range +53400 +59400 9004 2007 1105.0561
a range +58800 +59400 9006 2013 1104.0616
a range +56400 +59400 9009 2026 1104.7806
a range +57600 +59400 9010 2043 1105.0809
a range +59400 +60600 2023 9010 1105.0668
a range +59400 +60600 9010 2023 1105.0668
a range +55800 +62400 2009 9012 1104.5117
a range +59400 +62400 2018 9004 1105.0382
a range +59400 +62400 9004 2018 1105.0382
a range +55800 +62400 9012 2009 1104.5117
a range +59400 +63000 2011 9006 1104.2736
a range +60600 +63000 2017 9010 1105.0549
a range +56400 +63000 2022 9007 1105.0656
a range +59400 +63000 2027 9003 1104.7722
a range +59400 +63000 9003 2027 1104.7722
a range +59400 +63000 9006 2011 1104.2736
a range +56400 +63000 9007 2022 1105.0656
a range +60600 +63000 9010 2017 1105.0549
a range +59400 +63600 2031 9001 1105.0558
a range +59400 +63600 2037 9009 1104.233
a range +62400 +63600 2048 9004 1105.0713
a range +59400 +63600 9001 2031 1105.0558
a range +62400 +63600 9004 2048 1105.0713
a range +59400 +63600 9009 2037 1104.233
a range +63000 +64200 2035 9010 1105.0534
a range +63000 +64200 2041 9007 1104.69
a range +63000 +64200 9007 2041 1104.69
a range +63000 +64200 9010 2035 1105.0534
a range +63600 +64800 2015 9001 1105.0815
a range +63600 +64800 9001 2015 1105.0815
a range +63000 +65400 2025 9003 1104.7844
a range +62400 +65400 2042 9012 1104.5659
a range +63000 +65400 9003 2025 1104.7844
a range +62400 +65400 9012 2042 1104.5659
a range +63000 +66000 2008 9006 1104.6064
a range +64200 +66000 2023 9007 1105.0668
a range +63000 +66000 9006 2008 1104.6064
a range +64200 +66000 9007 2023 1105.0668
a range +65400 +66600 2013 9003 1104.7953
a range +64200 +66600 2051 9010 1105.0543
a range +65400 +66600 9003 2013 1104.7953
a range +64200 +66600 9010 2051 1105.0543
a range +64800 +67200 2056 9001 1105.0695
a range +64800 +67200 9001 2056 1105.0695
a range +66600 +67800 2005 9010 1105.0676
a range +66600 +67800 9010 2005 1105.0676
a range +66000 +68400 2040 9007 1104.8525
a range +66600 +68400 2044 9003 1104.8049
a range +66600 +68400 9003 2044 1104.8049
a range +66000 +68400 9007 2040 1104.8525
a range +66000 +69000 2014 9006 1104.7262
a range +63600 +69000 2027 9009 1104.7722
a range +66000 +69000 9006 2014 1104.7262
a range +63600 +69000 9009 2027 1104.7722
a range +69000 +72000 2004 9009 1104.7664
a range +69000 +72000 2008 9006 1104.6064
a range +68400 +72000 2011 9007 1105.0336
a range +68400 +72000 2018 9003 1104.7982
a range +65400 +72000 2020 9012 1104.7638
a range +67200 +72000 2022 9001 1105.0656
a range +63600 +72000 2024 9004 1105.061
a range +67800 +72000 2032 9010 1105.0668
a range +67200 +72000 9001 2022 1105.0656
a range +68400 +72000 9003 2018 1104.7982
a range +63600 +72000 9004 2024 1105.061
a range +69000 +72000 9006 2008 1104.6064
a range +68400 +72000 9007 2011 1105.0336
a range +69000 +72000 9009 2004 1104.7664
a range +67800 +72000 9010 2032 1105.0668
a range +65400 +72000 9012 2020 1104.7638
a range +72000 +73200 2014 9003 1104.7262
a range +72000 +73200 9003 2014 1104.7262
a range +72000 +73800 2010 9012 1104.7514
a range +72000 +73800 2015 9010 1105.0815
a range +72000 +73800 9010 2015 1105.0815
a range +72000 +73800 9012 2010 1104.7514
a range +73800 +74400 2003 9012 1104.7737
a range +73800 +74400 9012 2003 1104.7737
a range +72000 +75000 2006 9006 1104.7713
a range +72000 +75000 2036 9009 1104.7566
a range +72000 +75000 2040 9007 1104.8525
a range +72000 +75000 2041 9004 1104.69
a range +72000 +75000 9004 2041 1104.69
a range +72000 +75000 9006 2006 1104.7713
a range +72000 +75000 9007 2040 1104.8525
a range +72000 +75000 9009 2036 1104.7566
a range +75000 +75600 2001 9004 1105.0488
a range +73200 +75600 2013 9003 1104.7953
a range +73800 +75600 2024 9010 1105.061
a range +73200 +75600 9003 2013 1104.7953
a range +75000 +75600 9004 2001 1105.0488
a range +73800 +75600 9010 2024 1105.061
a range +75600 +76200 2011 9003 1104.7595
a range +75000 +76200 2041 9006 1104.709
a range +75000 +76200 2042 9007 1105.028
a range +75600 +76200 9003 2011 1104.7595
a range +75000 +76200 9006 2041 1104.709
a range +75000 +76200 9007 2042 1105.028
a range +74400 +76800 2053 9012 1104.7677
a range +74400 +76800 9012 2053 1104.7677
a range +76200 +78000 2019 9003 1104.7832
a range +76200 +78000 9003 2019 1104.7832
a range +78000 +78600 2001 9003 1104.7848
a range +76200 +78600 2009 9006 1104.762
a range +75000 +78600 2016 9009 1104.7762
a range +76800 +78600 2047 9012 1104.7482
a range +78000 +78600 9003 2001 1104.7848
a range +76200 +78600 9006 2009 1104.762
a range +75000 +78600 9009 2016 1104.7762
a range +76800 +78600 9012 2047 1104.7482
a range +78600 +82200 2001 9005 1105.0561
a range +78600 +82200 2002 9008 1105.0558
a range +78600 +82200 2003 9011 1105.0622
a range +72000 +82200 2029 9001 1105.0456
a range +78600 +82200 2039 9002 1105.0274
a range +76200 +82200 2046 9007 1105.0283
a range +75600 +82200 2052 9010 1105.0464
a range +72000 +82200 9001 2029 1105.0456
a range +78600 +82200 9002 2039 1105.0274
a range +78600 +82200 9005 2001 1105.0561
a range +76200 +82200 9007 2046 1105.0283
a range +78600 +82200 9008 2002 1105.0558
a range +75600 +82200 9010 2052 1105.0464
a range +78600 +82200 9011 2003 1105.0622
a range +75600 +83400 2028 9004 1105.0585
a range +82200 +83400 2031 9002 1105.063
a range +82200 +83400 2033 9011 1105.0776
a range +82200 +83400 2042 9008 1105.0352
a range +82200 +83400 2054 9001 1105.0561
a range +82200 +83400 9001 2054 1105.0561
a range +82200 +83400 9002 2031 1105.063
a range +75600 +83400 9004 2028 1105.0585
a range +82200 +83400 9008 2042 1105.0352
a range +82200 +83400 9011 2033 1105.0776
a range +82200 +84000 2038 9007 1105.0835
a range +82200 +84000 2043 9010 1105.0809
a range +82200 +84000 9007 2038 1105.0835
a range +82200 +84000 9010 2043 1105.0809
a range +83400 +84600 2007 9002 1105.0633
a range +83400 +84600 2049 9011 1105.0943
a range +83400 +84600 9002 2007 1105.0633
a range +83400 +84600 9011 2049 1105.0943
a range +84000 +85800 2018 9010 1105.0382
a range +84000 +85800 9010 2018 1105.0382
a range +82200 +86400 2004 9005 1105.0707
a range +83400 +86400 2014 9008 1105.0423
a range +84600 +86400 2030 9011 1105.0539
a range +83400 +86400 2032 9004 1105.0668
a range +85800 +86400 2041 9010 1105.0406
a range +84000 +86400 2042 9007 1105.028
a range +84600 +86400 2045 9002 1105.0404
a range +83400 +86400 2056 9001 1105.0695
a range +83400 +86400 9001 2056 1105.0695
a range +84600 +86400 9002 2045 1105.0404
a range +83400 +86400 9004 2032 1105.0668
a range +82200 +86400 9005 2004 1105.0707
a range +84000 +86400 9007 2042 1105.028
a range +83400 +86400 9008 2014 1105.0423
a range +85800 +86400 9010 2041 1105.0406
a range +84600 +86400 9011 2030 1105.0539
