a contact +0 +200 2004 9001 50
a contact +0 +200 2005 9002 50
a contact +200 +400 2004 9002 50
a contact +200 +400 2005 9001 50
a contact +400 +500 2006 9001 50
a contact +400 +500 2008 9002 50
a contact +500 +600 2006 9002 50
a contact +500 +600 2008 9001 50
a contact +600 +800 2009 9001 50
a contact +600 +800 2010 9002 50
a contact +800 +1000 2009 9002 50
a contact +800 +1000 2010 9001 50
a contact +1000 +1500 2011 9001 50
a contact +1000 +1500 2012 9002 50
a contact +1500 +1600 2011 9002 50
a contact +1500 +1600 2012 9001 50
a contact +1600 +1900 2013 9001 50
a contact +1600 +1900 2014 9002 50
a contact +1900 +2100 2013 9002 50
a contact +1900 +2100 2014 9001 50
a contact +2100 +2400 2007 9001 50
a contact +2100 +2400 2015 9002 50
a contact +2400 +2500 2007 9002 50
a contact +2400 +2500 2015 9001 50
a contact +2500 +2700 2016 9001 50
a contact +2500 +2700 2017 9002 50
a contact +2700 +2800 2016 9002 50
a contact +2700 +2800 2017 9001 50
a contact +2800 +3100 2018 9001 50
a contact +2800 +3100 2019 9002 50
a contact +3100 +3300 2018 9002 50
a contact +3100 +3300 2019 9001 50
a contact +3300 +3600 2020 9001 50
a contact +3300 +3600 2021 9002 50
a contact +3600 +3700 2020 9002 50
a contact +3600 +3700 2021 9001 50
a contact +3700 +4200 2022 9001 50
a contact +3700 +4200 2023 9002 50
a contact +4200 +4600 2022 9002 50
a contact +4200 +4600 2023 9001 50
a contact +4600 +4700 2006 9002 50
a contact +4600 +4700 2024 9001 50
a contact +4700 +4800 2006 9001 50
a contact +4700 +4800 2024 9002 50
a contact +4800 +5100 2007 9002 50
a contact +4800 +5100 2008 9001 50
a contact +5100 +5300 2008 9002 50
a contact +5100 +5300 2015 9001 50
a contact +5300 +5500 2011 9002 50
a contact +5300 +5500 2012 9001 50
a contact +5500 +5600 2016 9002 50
a contact +5500 +5600 2017 9001 50
a contact +5600 +5900 2020 9002 50
a contact +5600 +5900 2021 9001 50
a contact +5900 +6000 2002 9002 25
a contact +5900 +6000 2024 9001 50
a contact +6000 +6300 2001 9001 25
a contact +6000 +6300 2024 9002 50
a contact +6300 +6400 2001 9002 25
a contact +6300 +6400 2002 9001 25
a contact +6400 +6700 2003 9001 25
a contact +6400 +6700 2004 9002 50
a contact +6700 +6800 2003 9002 25
a contact +6700 +6800 2004 9001 50
a contact +6800 +6900 2005 9001 50
a contact +6800 +6900 2006 9002 50
a contact +6900 +7200 2005 9002 50
a contact +6900 +7200 2006 9001 50
a contact +7200 +7300 2009 9001 50
a contact +7200 +7300 2010 9002 50
a contact +7300 +7800 2009 9002 50
a contact +7300 +7800 2010 9001 50
a contact +7800 +7900 2013 9002 50
a contact +7800 +7900 2014 9001 50
a contact +7900 +8200 2016 9001 50
a contact +7900 +8200 2017 9002 50
a contact +8200 +8400 2016 9002 50
a contact +8200 +8400 2017 9001 50
a contact +8400 +8500 2018 9002 50
a contact +8400 +8500 2019 9001 50
a contact +8500 +8600 2006 9002 50
a contact +8500 +8600 2024 9001 50
a contact +8600 +8800 2004 9001 50
a contact +8600 +8800 2008 9002 50
a contact +8800 +9000 2005 9001 50
a contact +8800 +9000 2010 9002 50
a contact +9000 +9100 2007 9001 50
a contact +9000 +9100 2011 9002 50
a contact +9100 +9400 2009 9001 50
a contact +9100 +9400 2013 9002 50
a contact +9400 +9600 2012 9001 50
a contact +9400 +9600 2014 9002 50
a contact +9600 +9900 2013 9001 50
a contact +9600 +9900 2015 9002 50
a contact +9900 +10000 2014 9001 50
a contact +9900 +10000 2018 9002 50
a contact +10000 +10400 2015 9001 50
a contact +10000 +10400 2019 9002 50
a contact +10400 +10500 2018 9001 50
a contact +10400 +10500 2021 9002 50
a contact +10500 +10900 2001 9002 25
a contact +10500 +10900 2019 9001 50
a contact +10900 +11000 2002 9002 25
a contact +10900 +11000 2020 9001 50
a contact +11000 +11300 2003 9002 25
a contact +11000 +11300 2024 9001 50
a contact +11300 +11500 2002 9001 25
a contact +11300 +11500 2006 9002 50
a contact +11500 +11600 2007 9001 50
a contact +11500 +11600 2011 9002 50
a contact +11600 +11800 2007 9002 50
a contact +11600 +11800 2008 9001 50
a contact +11800 +11900 2014 9001 50
a contact +11800 +11900 2016 9002 50
a contact +11900 +12000 2017 9001 50
a contact +11900 +12000 2018 9002 50
a contact +12000 +12200 2018 9001 50
a contact +12000 +12200 2020 9002 50
a contact +12200 +12300 2020 9001 50
a contact +12200 +12300 2021 9002 50
a contact +12300 +12600 2021 9001 50
a contact +12300 +12600 2022 9002 50
a contact +12600 +12700 2023 9001 50
a contact +12600 +12700 2024 9002 50
a contact +12700 +13000 2002 9002 25
a contact +12700 +13000 2004 9001 50
a contact +13000 +13100 2004 9002 50
a contact +13000 +13100 2005 9001 50
a contact +13100 +13400 2005 9002 50
a contact +13100 +13400 2006 9001 50
a contact +13400 +13600 2007 9001 50
a contact +13400 +13600 2008 9002 50
a contact +13600 +14100 2010 9002 50
a contact +13600 +14100 2011 9001 50
a contact +14100 +14200 2011 9002 50
a contact +14100 +14200 2012 9001 50
a contact +14200 +14500 2012 9002 50
a contact +14200 +14500 2014 9001 50
a contact +14500 +14700 2014 9002 50
a contact +14500 +14700 2016 9001 50
a contact +14700 +14900 2016 9002 50
a contact +14700 +14900 2017 9001 50
a contact +14900 +15000 2017 9002 50
a contact +14900 +15000 2020 9001 50
a contact +15000 +15300 2018 9002 50
a contact +15000 +15300 2022 9001 50
a contact +15300 +15400 2021 9002 50
a contact +15400 +15700 2023 9002 50
a contact +15700 +15900 2024 9002 50
a contact +15900 +16200 2004 9002 50
a contact +16200 +16300 2006 9002 50
a contact +16300 +16400 2007 9002 50
a contact +16400 +16700 2011 9002 50
a contact +16700 +16800 2013 9002 50
a contact +16800 +17200 2015 9002 50
a contact +17200 +17300 2017 9002 50
a contact +17300 +17600 2020 9002 50
a contact +17600 +17700 2021 9002 50
a contact +17700 +17800 2006 9002 50
a contact +17800 +18100 2007 9002 50
a contact +18100 +18200 2008 9002 50
a contact +18200 +18500 2009 9002 50
a contact +18500 +18600 2013 9002 50
a contact +18600 +18800 2014 9002 50
a contact +18800 +19000 2016 9002 50
a contact +19000 +19200 2017 9002 50
a contact +19200 +19300 2019 9002 50
a contact +19300 +19400 2021 9002 50
a contact +19400 +19900 2022 9002 50
a contact +19900 +20400 2024 9002 50
a contact +20400 +20500 2003 9002 25
a contact +20500 +20800 2005 9002 50
a contact +20800 +21000 2006 9002 50
a contact +21000 +21200 2008 9002 50
a contact +21200 +21300 2012 9002 50
a contact +21300 +21600 2013 9002 50
a contact +21600 +21700 2018 9002 50
a contact +21700 +22000 2019 9002 50
a contact +22000 +22200 2021 9002 50
a contact +22200 +22400 2023 9002 50
a contact +22400 +22500 2001 9002 25
a contact +22500 +22600 2002 9002 25
a contact +22600 +23000 2003 9002 25
a contact +23000 +23200 2004 9002 50
a contact +23200 +23500 2011 9002 50
a contact +23500 +23600 2014 9002 50
a contact +23600 +23900 2016 9002 50
a contact +23900 +24100 2017 9002 50
a contact +24100 +24400 2012 9002 50
a contact +24400 +24500 2018 9002 50
a contact +24500 +24700 2020 9002 50
a contact +24700 +24800 2001 9002 25
a contact +24800 +25100 2002 9002 25
a contact +25100 +25300 2006 9002 50
a contact +25300 +25600 2007 9002 50
a contact +25600 +25700 2008 9002 50
a contact +25700 +26000 2009 9002 50
a contact +26000 +26200 2010 9002 50
a contact +26200 +26600 2014 9002 50
a contact +26600 +26700 2015 9002 50
a contact +26700 +26800 2018 9002 50
a contact +26800 +27000 2021 9002 50
a contact +27000 +27300 2023 9002 50
a contact +27300 +27500 2004 9002 50
a contact +27500 +27600 2005 9002 50
a contact +27600 +27900 2008 9002 50
a contact +27900 +28000 2013 9002 50
a contact +28000 +28300 2015 9002 50
a contact +28300 +28400 2017 9002 50
a contact +28400 +28700 2018 9002 50
a contact +28700 +28800 2019 9002 50
a contact +28800 +28900 2020 9002 50
a contact +28900 +29300 2001 9002 25
a contact +29300 +29800 2005 9002 50
a contact +29800 +29900 2004 9003 50
a contact +29800 +29900 2006 9002 50
a contact +29900 +30200 2005 9003 50
a contact +29900 +30200 2011 9002 50
a contact +30200 +30400 2006 9003 50
a contact +30200 +30400 2012 9002 50
a contact +30400 +30500 2007 9003 50
a contact +30400 +30500 2010 9002 50
a contact +30500 +30600 2008 9003 50
a contact +30500 +30600 2013 9002 50
a contact +30600 +30700 2009 9003 50
a contact +30600 +30700 2016 9002 50
a contact +30700 +31000 2010 9003 50
a contact +30700 +31000 2017 9002 50
a contact +31000 +31100 2011 9003 50
a contact +31000 +31100 2019 9002 50
a contact +31100 +31400 2012 9003 50
a contact +31100 +31400 2020 9002 50
a contact +31400 +31600 2013 9003 50
a contact +31400 +31600 2021 9002 50
a contact +31600 +31800 2014 9003 50
a contact +31600 +31800 2022 9002 50
a contact +31800 +31900 2015 9003 50
a contact +31800 +31900 2024 9002 50
a contact +31900 +32000 2004 9002 50
a contact +31900 +32000 2016 9003 50
a contact +32000 +32400 2006 9002 50
a contact +32000 +32400 2017 9003 50
a contact +32400 +32500 2007 9002 50
a contact +32400 +32500 2018 9003 50
a contact +32500 +32900 2010 9002 50
a contact +32500 +32900 2019 9003 50
a contact +32900 +33000 2013 9002 50
a contact +32900 +33000 2020 9003 50
a contact +33000 +33100 2016 9002 50
a contact +33000 +33100 2021 9003 50
a contact +33100 +33300 2019 9002 50
a contact +33100 +33300 2022 9003 50
a contact +33300 +33500 2023 9002 50
a contact +33300 +33500 2024 9003 50
a contact +33500 +33800 2009 9002 50
a contact +33500 +33800 2023 9003 50
a contact +33800 +33900 2004 9003 50
a contact +33800 +33900 2024 9002 50
a contact +33900 +34200 2004 9002 50
a contact +33900 +34200 2007 9003 50
a contact +34200 +34300 2007 9002 50
a contact +34200 +34300 2008 9003 50
a contact +34300 +34600 2008 9002 50
a contact +34300 +34600 2009 9003 50
a contact +34600 +34700 2011 9003 50
a contact +34600 +34700 2012 9002 50
a contact +34700 +34900 2013 9002 50
a contact +34700 +34900 2015 9003 50
a contact +34900 +35000 2014 9002 50
a contact +34900 +35000 2016 9003 50
a contact +35000 +35100 2015 9002 50
a contact +35000 +35100 2018 9003 50
a contact +35100 +35600 2016 9002 50
a contact +35100 +35600 2020 9003 50
a contact +35600 +36100 2018 9002 50
a contact +35600 +36100 2021 9003 50
a contact +36100 +36200 2004 9003 50
a contact +36100 +36200 2021 9002 50
a contact +36200 +36500 2006 9003 50
a contact +36200 +36500 2022 9002 50
a contact +36500 +36700 2011 9003 50
a contact +36500 +36700 2024 9002 50
a contact +36700 +36900 2007 9002 50
a contact +36700 +36900 2008 9003 50
a contact +36900 +37000 2011 9002 50
a contact +36900 +37000 2013 9003 50
a contact +37000 +37300 2012 9002 50
a contact +37000 +37300 2014 9003 50
a contact +37300 +37400 2014 9002 50
a contact +37300 +37400 2016 9003 50
a contact +37400 +37700 2015 9002 50
a contact +37400 +37700 2018 9003 50
a contact +37700 +37900 2017 9002 50
a contact +37700 +37900 2022 9003 50
a contact +37900 +38200 2019 9002 50
a contact +37900 +38200 2024 9003 50
a contact +38200 +38300 2004 9003 50
a contact +38200 +38300 2020 9002 50
a contact +38300 +38700 2005 9003 50
a contact +38300 +38700 2021 9002 50
a contact +38700 +38800 2010 9003 50
a contact +38700 +38800 2023 9002 50
a contact +38800 +39200 2002 9002 25
a contact +38800 +39200 2012 9003 50
a contact +39200 +39300 2003 9002 25
a contact +39200 +39300 2015 9003 50
a contact +39300 +39600 2009 9002 50
a contact +39300 +39600 2013 9003 50
a contact +39600 +39700 2011 9002 50
a contact +39600 +39700 2016 9003 50
a contact +39700 +39800 2013 9002 50
a contact +39700 +39800 2023 9003 50
a contact +39800 +40100 2004 9003 50
a contact +39800 +40100 2014 9002 50
a contact +40100 +40200 2007 9003 50
a contact +40100 +40200 2020 9002 50
a contact +40200 +40500 2008 9003 50
a contact +40200 +40500 2023 9002 50
a contact +40500 +40600 2009 9003 50
a contact +40500 +40600 2024 9002 50
a contact +40600 +40800 2003 9002 25
a contact +40600 +40800 2010 9003 50
a contact +40800 +41000 2004 9002 50
a contact +40800 +41000 2011 9003 50
a contact +41000 +41100 2005 9002 50
a contact +41000 +41100 2015 9003 50
a contact +41100 +41300 2006 9002 50
a contact +41100 +41300 2016 9003 50
a contact +41300 +41400 2007 9002 50
a contact +41300 +41400 2017 9003 50
a contact +41400 +41900 2008 9002 50
a contact +41400 +41900 2019 9003 50
a contact +41900 +42200 2010 9002 50
a contact +41900 +42200 2022 9003 50
a contact +42200 +42300 2023 9003 50
a contact +42300 +42400 2006 9003 50
a contact +42400 +42500 2007 9003 50
a contact +42500 +42800 2009 9003 50
a contact +42800 +43000 2014 9003 50
a contact +43000 +43200 2015 9003 50
a contact +43200 +43300 2017 9003 50
a contact +43300 +43600 2018 9003 50
a contact +43600 +43700 2023 9003 50
a contact +43700 +44000 2024 9003 50
a contact +44000 +44100 2006 9003 50
a contact +44100 +44200 2007 9003 50
a contact +44200 +44400 2010 9003 50
a contact +44400 +44500 2013 9003 50
a contact +44500 +44600 2016 9003 50
a contact +44600 +45000 2020 9003 50
a contact +45000 +45400 2021 9003 50
a contact +45400 +45500 2023 9003 50
a contact +45500 +45600 2004 9003 50
a contact +45600 +45900 2017 9003 50
a contact +45900 +46100 2005 9003 50
a contact +46100 +46400 2011 9003 50
a contact +46400 +46500 2006 9003 50
a contact +46500 +46700 2007 9003 50
a contact +46700 +46800 2008 9003 50
a contact +46800 +46900 2012 9003 50
a contact +46900 +47100 2013 9003 50
a contact +47100 +47300 2014 9003 50
a contact +47300 +47600 2015 9003 50
a contact +47600 +47700 2022 9003 50
a contact +47700 +48200 2023 9003 50
a contact +48200 +48600 2001 9003 25
a contact +48600 +48700 2002 9003 25
a contact +48700 +48800 2003 9003 25
a contact +48800 +48900 2016 9003 50
a contact +48900 +49000 2004 9003 50
a contact +49000 +49300 2006 9003 50
a contact +49300 +49500 2008 9003 50
a contact +49500 +49600 2009 9003 50
a contact +49600 +49900 2010 9003 50
a contact +49900 +50000 2012 9003 50
a contact +50000 +50300 2016 9003 50
a contact +50300 +50400 2018 9003 50
a contact +50400 +50700 2022 9003 50
a contact +50700 +50800 2024 9003 50
a contact +50800 +50900 2002 9003 25
a contact +50900 +51300 2003 9003 25
a contact +51300 +51800 2004 9003 50
a contact +51800 +51900 2005 9003 50
a contact +51900 +52200 2007 9003 50
a contact +51900 +52200 2023 9001 50
a contact +52200 +52400 2005 9001 50
a contact +52200 +52400 2011 9003 50
a contact +52400 +52600 2008 9001 50
a contact +52400 +52600 2009 9003 50
a contact +52600 +52700 2009 9001 50
a contact +52600 +52700 2012 9003 50
a contact +52700 +53000 2012 9001 50
a contact +52700 +53000 2013 9003 50
a contact +53000 +53100 2013 9001 50
a contact +53000 +53100 2014 9003 50
a contact +53100 +53300 2017 9003 50
a contact +53100 +53300 2018 9001 50
a contact +53300 +53400 2018 9003 50
a contact +53300 +53400 2020 9001 50
a contact +53400 +53600 2019 9003 50
a contact +53400 +53600 2024 9001 50
a contact +53600 +53900 2007 9001 50
a contact +53600 +53900 2024 9003 50
a contact +53900 +54000 2002 9003 25
a contact +53900 +54000 2009 9001 50
a contact +54000 +54400 2005 9003 50
a contact +54000 +54400 2010 9001 50
a contact +54400 +54500 2012 9003 50
a contact +54400 +54500 2013 9001 50
a contact +54500 +54600 2015 9001 50
a contact +54500 +54600 2018 9003 50
a contact +54600 +54700 2015 9003 50
a contact +54600 +54700 2016 9001 50
a contact +54700 +54900 2017 9001 50
a contact +54700 +54900 2020 9003 50
a contact +54900 +55000 2019 9001 50
a contact +54900 +55000 2021 9003 50
a contact +55000 +55100 2002 9003 25
a contact +55000 +55100 2020 9001 50
a contact +55100 +55300 2014 9003 50
a contact +55100 +55300 2021 9001 50
a contact +55300 +55500 2004 9001 50
a contact +55300 +55500 2006 9003 50
a contact +55500 +55800 2005 9001 50
a contact +55500 +55800 2008 9003 50
a contact +55800 +55900 2006 9001 50
a contact +55800 +55900 2009 9003 50
a contact +55900 +56100 2008 9001 50
a contact +55900 +56100 2010 9003 50
a contact +56100 +56200 2009 9001 50
a contact +56100 +56200 2011 9003 50
a contact +56200 +56300 2012 9003 50
a contact +56200 +56300 2013 9001 50
a contact +56300 +56600 2014 9001 50
a contact +56300 +56600 2015 9003 50
a contact +56600 +56700 2015 9001 50
a contact +56600 +56700 2016 9003 50
a contact +56700 +57000 2016 9001 50
a contact +56700 +57000 2017 9003 50
a contact +57000 +57100 2018 9001 50
a contact +57000 +57100 2019 9003 50
a contact +57100 +57600 2018 9003 50
a contact +57100 +57600 2019 9001 50
a contact +57600 +58100 2020 9001 50
a contact +57600 +58100 2021 9003 50
a contact +58100 +58200 2022 9003 50
a contact +58100 +58200 2023 9001 50
a contact +58200 +58500 2001 9003 25
a contact +58200 +58500 2022 9001 50
a contact +58500 +58700 2002 9003 25
a contact +58500 +58700 2024 9001 50
a contact +58700 +58900 2006 9001 50
a contact +58700 +58900 2007 9003 50
a contact +58900 +59000 2009 9001 50
a contact +58900 +59000 2011 9003 50
a contact +59000 +59300 2009 9003 50
a contact +59000 +59300 2012 9001 50
a contact +59300 +59400 2012 9003 50
a contact +59300 +59400 2013 9001 50
a contact +59400 +59500 2013 9003 50
a contact +59400 +59500 2015 9001 50
a contact +59500 +59700 2014 9003 50
a contact +59500 +59700 2017 9001 50
a contact +59700 +59900 2016 9003 50
a contact +59700 +59900 2018 9001 50
a contact +59900 +60200 2019 9003 50
a contact +59900 +60200 2021 9001 50
a contact +60200 +60300 2020 9003 50
a contact +60200 +60300 2023 9001 50
a contact +60300 +60700 2004 9001 50
a contact +60300 +60700 2022 9003 50
a contact +60700 +60800 2007 9001 50
a contact +60700 +60800 2023 9003 50
a contact +60800 +61200 2008 9001 50
a contact +60800 +61200 2024 9003 50
a contact +61200 +61300 2003 9003 25
a contact +61200 +61300 2009 9001 50
a contact +61300 +61400 2006 9003 50
a contact +61300 +61400 2011 9001 50
a contact +61400 +61600 2008 9003 50
a contact +61400 +61600 2013 9001 50
a contact +61600 +61800 2010 9003 50
a contact +61600 +61800 2015 9001 50
a contact +61800 +62100 2011 9003 50
a contact +61800 +62100 2023 9001 50
a contact +62100 +62200 2012 9003 50
a contact +62100 +62200 2024 9001 50
a contact +62200 +62400 2001 9001 25
a contact +62200 +62400 2013 9003 50
a contact +62400 +62500 2002 9001 25
a contact +62400 +62500 2020 9003 50
a contact +62500 +62600 2003 9001 25
a contact +62500 +62600 2023 9003 50
a contact +62600 +62900 2002 9003 25
a contact +62600 +62900 2005 9001 50
a contact +62900 +63000 2003 9003 25
a contact +62900 +63000 2006 9001 50
a contact +63000 +63300 2004 9003 50
a contact +63000 +63300 2007 9001 50
a contact +63300 +63400 2005 9003 50
a contact +63300 +63400 2009 9001 50
a contact +63400 +63900 2006 9003 50
a contact +63400 +63900 2010 9001 50
a contact +63900 +64300 2007 9003 50
a contact +63900 +64300 2014 9001 50
a contact +64300 +64400 2012 9003 50
a contact +64300 +64400 2016 9001 50
a contact +64400 +64500 2014 9003 50
a contact +64400 +64500 2018 9001 50
a contact +64500 +64800 2015 9003 50
a contact +64500 +64800 2017 9001 50
a contact +64800 +65000 2016 9003 50
a contact +64800 +65000 2022 9001 50
a contact +65000 +65200 2011 9001 50
a contact +65000 +65200 2017 9003 50
a contact +65200 +65300 2020 9003 50
a contact +65200 +65300 2024 9001 50
a contact +65300 +65600 2002 9001 25
a contact +65300 +65600 2023 9003 50
a contact +65600 +65700 2001 9003 25
a contact +65600 +65700 2003 9001 25
a contact +65700 +66000 2003 9003 25
a contact +65700 +66000 2006 9001 50
a contact +66000 +66200 2005 9003 50
a contact +66000 +66200 2009 9001 50
a contact +66200 +66400 2008 9003 50
a contact +66200 +66400 2012 9001 50
a contact +66400 +66500 2009 9003 50
a contact +66400 +66500 2013 9001 50
a contact +66500 +66600 2012 9003 50
a contact +66500 +66600 2015 9001 50
a contact +66600 +67000 2013 9003 50
a contact +66600 +67000 2018 9001 50
a contact +67000 +67400 2014 9003 50
a contact +67000 +67400 2021 9001 50
a contact +67400 +67500 2019 9003 50
a contact +67400 +67500 2024 9001 50
a contact +67500 +67600 2001 9001 25
a contact +67500 +67600 2020 9003 50
a contact +67600 +67700 2001 9003 25
a contact +67600 +67700 2003 9001 25
a contact +67700 +67900 2009 9003 50
a contact +67700 +67900 2016 9001 50
a contact +67900 +68100 2011 9001 50
a contact +67900 +68100 2012 9003 50
a contact +68100 +68400 2010 9003 50
a contact +68100 +68400 2013 9001 50
a contact +68400 +68500 2011 9003 50
a contact +68400 +68500 2015 9001 50
a contact +68500 +68700 2016 9003 50
a contact +68500 +68700 2019 9001 50
a contact +68700 +68800 2017 9003 50
a contact +68700 +68800 2020 9001 50
a contact +68800 +69100 2018 9003 50
a contact +68800 +69100 2022 9001 50
a contact +69100 +69300 2019 9003 50
a contact +69100 +69300 2023 9001 50
a contact +69300 +69600 2020 9003 50
a contact +69300 +69600 2024 9001 50
a contact +69600 +69700 2001 9001 25
a contact +69600 +69700 2021 9003 50
a contact +69700 +70200 2003 9001 25
a contact +69700 +70200 2022 9003 50
a contact +70200 +70300 2004 9001 50
a contact +70200 +70300 2024 9003 50
a contact +70300 +70600 2001 9003 25
a contact +70300 +70600 2005 9001 50
a contact +70600 +70700 2002 9003 25
a contact +70600 +70700 2007 9001 50
a contact +70700 +70800 2004 9003 50
a contact +70700 +70800 2008 9001 50
a contact +70800 +71000 2005 9003 50
a contact +70800 +71000 2012 9001 50
a contact +71000 +71200 2008 9003 50
a contact +71000 +71200 2015 9001 50
a contact +71200 +71500 2009 9001 50
a contact +71200 +71500 2011 9003 50
a contact +71500 +71600 2015 9003 50
a contact +71500 +71600 2016 9001 50
a contact +71600 +71800 2017 9001 50
a contact +71600 +71800 2021 9003 50
a contact +71800 +71900 2017 9003 50
a contact +71800 +71900 2020 9001 50
a contact +71900 +72000 2001 9001 25
a contact +71900 +72000 2023 9003 50
a contact +72000 +72300 2002 9001 25
a contact +72000 +72300 2024 9003 50
a contact +72300 +72400 2002 9003 25
a contact +72300 +72400 2004 9001 50
a contact +72400 +72700 2003 9003 25
a contact +72400 +72700 2006 9001 50
a contact +72700 +72800 2004 9003 50
a contact +72700 +72800 2007 9001 50
a contact +72800 +73000 2007 9003 50
a contact +72800 +73000 2011 9001 50
a contact +73000 +73100 2009 9003 50
a contact +73000 +73100 2016 9001 50
a contact +73100 +73300 2010 9003 50
a contact +73100 +73300 2019 9001 50
a contact +73300 +73800 2012 9003 50
a contact +73300 +73800 2020 9001 50
a contact +73800 +73900 2015 9003 50
a contact +73800 +73900 2023 9001 50
a contact +73900 +74200 2014 9001 50
a contact +73900 +74200 2016 9003 50
a contact +74200 +74400 2001 9001 25
a contact +74200 +74400 2017 9003 50
a contact +74400 +74600 2008 9001 50
a contact +74400 +74600 2019 9003 50
a contact +74600 +74700 2004 9001 50
a contact +74600 +74700 2023 9003 50
a contact +74700 +75000 2002 9003 25
a contact +74700 +75000 2007 9001 50
a contact +75000 +75100 2004 9003 50
a contact +75000 +75100 2010 9001 50
a contact +75100 +75400 2005 9003 50
a contact +75100 +75400 2012 9001 50
a contact +75400 +75600 2006 9003 50
a contact +75400 +75600 2013 9001 50
a contact +75600 +75900 2008 9003 50
a contact +75600 +75900 2015 9001 50
a contact +75900 +76000 2009 9003 50
a contact +75900 +76000 2016 9001 50
a contact +76000 +76400 2014 9003 50
a contact +76000 +76400 2017 9001 50
a contact +76400 +76500 2015 9003 50
a contact +76400 +76500 2018 9001 50
a contact +76500 +76600 2018 9003 50
a contact +76500 +76600 2021 9001 50
a contact +76600 +76900 2020 9003 50
a contact +76600 +76900 2022 9001 50
a contact +76900 +77000 2021 9003 50
a contact +76900 +77000 2023 9001 50
a contact +77000 +77100 2023 9003 50
a contact +77000 +77100 2024 9001 50
a contact +77100 +77300 2004 9001 50
a contact +77100 +77300 2013 9003 50
a contact +77300 +77500 2001 9003 25
a contact +77300 +77500 2005 9001 50
a contact +77500 +77800 2004 9003 50
a contact +77500 +77800 2008 9001 50
a contact +77800 +77900 2007 9003 50
a contact +77800 +77900 2009 9001 50
a contact +77900 +78000 2009 9003 50
a contact +77900 +78000 2010 9001 50
a contact +78000 +78200 2010 9003 50
a contact +78000 +78200 2011 9001 50
a contact +78200 +78300 2016 9001 50
a contact +78300 +78400 2018 9001 50
a contact +78400 +78600 2011 9002 50
a contact +78400 +78600 2019 9001 50
a contact +78600 +78700 2013 9002 50
a contact +78600 +78700 2021 9001 50
a contact +78700 +79000 2017 9002 50
a contact +78700 +79000 2023 9001 50
a contact +79000 +79100 2020 9002 50
a contact +79000 +79100 2024 9001 50
a contact +79100 +79600 2001 9001 25
a contact +79100 +79600 2022 9002 50
a contact +79600 +80100 2002 9001 25
a contact +79600 +80100 2024 9002 50
a contact +80100 +80200 2005 9002 50
a contact +80100 +80200 2006 9001 50
a contact +80200 +80500 2007 9002 50
a contact +80200 +80500 2009 9001 50
a contact +80500 +80700 2010 9001 50
a contact +80500 +80700 2013 9002 50
a contact +80700 +80900 2012 9002 50
a contact +80700 +80900 2013 9001 50
a contact +80900 +81000 2014 9001 50
a contact +80900 +81000 2015 9002 50
a contact +81000 +81300 2016 9001 50
a contact +81000 +81300 2019 9002 50
a contact +81300 +81400 2018 9001 50
a contact +81300 +81400 2020 9002 50
a contact +81400 +81700 2001 9002 25
a contact +81400 +81700 2021 9001 50
a contact +81700 +81900 2004 9002 50
a contact +81700 +81900 2024 9001 50
a contact +81900 +82000 2003 9001 25
a contact +81900 +82000 2005 9002 50
a contact +82000 +82100 2004 9001 50
a contact +82000 +82100 2006 9002 50
a contact +82100 +82200 2005 9001 50
a contact +82100 +82200 2009 9002 50
a contact +82200 +82300 2006 9001 50
a contact +82200 +82300 2014 9002 50
a contact +82300 +82400 2007 9001 50
a contact +82300 +82400 2015 9002 50
a contact +82400 +82700 2012 9001 50
a contact +82400 +82700 2016 9002 50
a contact +82700 +82800 2014 9001 50
a contact +82700 +82800 2018 9002 50
a contact +82800 +83200 2015 9001 50
a contact +82800 +83200 2020 9002 50
a contact +83200 +83300 2018 9001 50
a contact +83200 +83300 2021 9002 50
a contact +83300 +83400 2019 9001 50
a contact +83300 +83400 2023 9002 50
a contact +83400 +83600 2003 9002 25
a contact +83400 +83600 2022 9001 50
a contact +83600 +83800 2003 9001 25
a contact +83600 +83800 2005 9002 50
a contact +83800 +84100 2004 9001 50
a contact +83800 +84100 2011 9002 50
a contact +84100 +84200 2006 9002 50
a contact +84100 +84200 2011 9001 50
a contact +84200 +84400 2005 9001 50
a contact +84200 +84400 2009 9002 50
a contact +84400 +84600 2006 9001 50
a contact +84400 +84600 2010 9002 50
a contact +84600 +84800 2007 9001 50
a contact +84600 +84800 2012 9002 50
a contact +84800 +84900 2008 9001 50
a contact +84800 +84900 2013 9002 50
a contact +84900 +85000 2011 9001 50
a contact +84900 +85000 2014 9002 50
a contact +85000 +85300 2013 9001 50
a contact +85000 +85300 2015 9002 50
a contact +85300 +85400 2014 9001 50
a contact +85300 +85400 2017 9002 50
a contact +85400 +85800 2017 9001 50
a contact +85400 +85800 2018 9002 50
a contact +85800 +85900 2018 9001 50
a contact +85800 +85900 2021 9002 50
a contact +85900 +86300 2019 9001 50
a contact +85900 +86300 2023 9002 50
a contact +86300 +86400 2002 9002 25
a contact +86300 +86400 2020 9001 50

a range +0 +200 2004 9001 1102.3334
a range +0 +200 2005 9002 1103.3782
a range +200 +400 2004 9002 1103.3677
a range +200 +400 2005 9001 1102.3245
a range +400 +500 2006 9001 1102.3249
a range +400 +500 2008 9002 1102.3507
a range +500 +600 2006 9002 1103.3824
a range +500 +600 2008 9001 1102.3542
a range +600 +800 2009 9001 1102.2478
a range +600 +800 2010 9002 1102.11
a range +800 +1000 2009 9002 1102.232
a range +800 +1000 2010 9001 1102.1199
a range +1000 +1500 2011 9001 1101.9964
a range +1000 +1500 2012 9002 1101.8721
a range +1500 +1600 2011 9002 1101.9928
a range +1500 +1600 2012 9001 1101.8691
a range +1600 +1900 2013 9001 1102.3349
a range +1600 +1900 2014 9002 1102.3698
a range +1900 +2100 2013 9002 1102.4935
a range +1900 +2100 2014 9001 1102.3533
a range +2100 +2400 2007 9001 1102.335
a range +2100 +2400 2015 9002 1102.2509
a range +2400 +2500 2007 9002 1102.4702
a range +2400 +2500 2015 9001 1102.2676
a range +2500 +2700 2016 9001 1102.1398
a range +2500 +2700 2017 9002 1102.0115
a range +2700 +2800 2016 9002 1102.1289
a range +2700 +2800 2017 9001 1102.0162
a range +2800 +3100 2018 9001 1101.8929
a range +2800 +3100 2019 9002 1103.3753
a range +3100 +3300 2018 9002 1101.8947
a range +3100 +3300 2019 9001 1102.3341
a range +3300 +3600 2020 9001 1102.3409
a range +3300 +3600 2021 9002 1103.364
a range +3600 +3700 2020 9002 1103.3673
a range +3600 +3700 2021 9001 1102.3406
a range +3700 +4200 2022 9001 1102.3335
a range +3700 +4200 2023 9002 1103.3767
a range +4200 +4600 2022 9002 1103.3687
a range +4200 +4600 2023 9001 1102.3268
a range +4600 +4700 2006 9002 1103.3824
a range +4600 +4700 2024 9001 1102.3271
a range +4700 +4800 2006 9001 1102.3249
a range +4700 +4800 2024 9002 1103.38
a range +4800 +5100 2007 9002 1102.4702
a range +4800 +5100 2008 9001 1102.3542
a range +5100 +5300 2008 9002 1102.3507
a range +5100 +5300 2015 9001 1102.2676
a range +5300 +5500 2011 9002 1101.9928
a range +5300 +5500 2012 9001 1102.3146
a range +5500 +5600 2016 9002 1102.1289
a range +5500 +5600 2017 9001 1102.0162
a range +5600 +5900 2020 9002 1103.3673
a range +5600 +5900 2021 9001 1102.3406
a range +5900 +6000 2002 9002 1103.3658
a range +5900 +6000 2024 9001 1102.3271
a range +6000 +6300 2001 9001 1102.3343
a range +6000 +6300 2024 9002 1103.38
a range +6300 +6400 2001 9002 1103.3763
a range +6300 +6400 2002 9001 1102.3432
a range +6400 +6700 2003 9001 1102.3428
a range +6400 +6700 2004 9002 1103.3677
a range +6700 +6800 2003 9002 1103.3616
a range +6700 +6800 2004 9001 1102.3334
a range +6800 +6900 2005 9001 1102.3245
a range +6800 +6900 2006 9002 1103.3824
a range +6900 +7200 2005 9002 1103.3782
a range +6900 +7200 2006 9001 1102.3249
a range +7200 +7300 2009 9001 1102.2478
a range +7200 +7300 2010 9002 1102.11
a range +7300 +7800 2009 9002 1102.232
a range +7300 +7800 2010 9001 1102.1199
a range +7800 +7900 2013 9002 1102.4935
a range +7800 +7900 2014 9001 1102.3533
a range +7900 +8200 2016 9001 1102.1398
a range +7900 +8200 2017 9002 1102.7354
a range +8200 +8400 2016 9002 1102.1289
a range +8200 +8400 2017 9001 1102.3144
a range +8400 +8500 2018 9002 1102.6141
a range +8400 +8500 2019 9001 1102.3341
a range +8500 +8600 2006 9002 1103.3824
a range +8500 +8600 2024 9001 1102.3271
a range +8600 +8800 2004 9001 1102.3334
a range +8600 +8800 2008 9002 1102.3507
a range +8800 +9000 2005 9001 1102.3245
a range +8800 +9000 2010 9002 1102.11
a range +9000 +9100 2007 9001 1102.335
a range +9000 +9100 2011 9002 1102.7159
a range +9100 +9400 2009 9001 1102.2478
a range +9100 +9400 2013 9002 1102.4935
a range +9400 +9600 2012 9001 1102.3146
a range +9400 +9600 2014 9002 1102.3698
a range +9600 +9900 2013 9001 1102.3349
a range +9600 +9900 2015 9002 1102.2509
a range +9900 +10000 2014 9001 1102.3533
a range +9900 +10000 2018 9002 1102.6141
a range +10000 +10400 2015 9001 1102.2676
a range +10000 +10400 2019 9002 1103.3753
a range +10400 +10500 2018 9001 1102.3155
a range +10400 +10500 2021 9002 1103.364
a range +10500 +10900 2001 9002 1103.3763
a range +10500 +10900 2019 9001 1102.3341
a range +10900 +11000 2002 9002 1103.3658
a range +10900 +11000 2020 9001 1102.3409
a range +11000 +11300 2003 9002 1103.3616
a range +11000 +11300 2024 9001 1102.3271
a range +11300 +11500 2002 9001 1102.3432
a range +11300 +11500 2006 9002 1103.3824
a range +11500 +11600 2007 9001 1102.335
a range +11500 +11600 2011 9002 1102.7159
a range +11600 +11800 2007 9002 1102.4702
a range +11600 +11800 2008 9001 1102.3542
a range +11800 +11900 2014 9001 1102.3533
a range +11800 +11900 2016 9002 1102.8615
a range +11900 +12000 2017 9001 1102.3144
a range +11900 +12000 2018 9002 1102.6141
a range +12000 +12200 2018 9001 1102.3155
a range +12000 +12200 2020 9002 1103.3673
a range +12200 +12300 2020 9001 1102.3409
a range +12200 +12300 2021 9002 1103.364
a range +12300 +12600 2021 9001 1102.3406
a range +12300 +12600 2022 9002 1103.3687
a range +12600 +12700 2023 9001 1102.3268
a range +12600 +12700 2024 9002 1103.38
a range +12700 +13000 2002 9002 1103.3658
a range +12700 +13000 2004 9001 1102.3334
a range +13000 +13100 2004 9002 1103.3677
a range +13000 +13100 2005 9001 1102.3245
a range +13100 +13400 2005 9002 1103.3782
a range +13100 +13400 2006 9001 1102.3249
a range +13400 +13600 2007 9001 1102.335
a range +13400 +13600 2008 9002 1102.3507
a range +13600 +14100 2010 9002 1102.8419
a range +13600 +14100 2011 9001 1102.3134
a range +14100 +14200 2011 9002 1102.7159
a range +14100 +14200 2012 9001 1102.3146
a range +14200 +14500 2012 9002 1102.5947
a range +14200 +14500 2014 9001 1102.3533
a range +14500 +14700 2014 9002 1102.3698
a range +14500 +14700 2016 9001 1102.3327
a range +14700 +14900 2016 9002 1102.8615
a range +14700 +14900 2017 9001 1102.3144
a range +14900 +15000 2017 9002 1102.7354
a range +14900 +15000 2020 9001 1102.3409
a range +15000 +15300 2018 9002 1102.6141
a range +15000 +15300 2022 9001 1102.3335
a range +15300 +15400 2021 9002 1103.364
a range +15400 +15700 2023 9002 1103.3767
a range +15700 +15900 2024 9002 1103.38
a range +15900 +16200 2004 9002 1103.3677
a range +16200 +16300 2006 9002 1103.3824
a range +16300 +16400 2007 9002 1102.4702
a range +16400 +16700 2011 9002 1102.7159
a range +16700 +16800 2013 9002 1102.4935
a range +16800 +17200 2015 9002 1102.9842
a range +17200 +17300 2017 9002 1102.7354
a range +17300 +17600 2020 9002 1103.3673
a range +17600 +17700 2021 9002 1103.364
a range +17700 +17800 2006 9002 1103.3824
a range +17800 +18100 2007 9002 1102.4702
a range +18100 +18200 2008 9002 1103.0915
a range +18200 +18500 2009 9002 1102.9644
a range +18500 +18600 2013 9002 1102.4935
a range +18600 +18800 2014 9002 1103.1113
a range +18800 +19000 2016 9002 1102.8615
a range +19000 +19200 2017 9002 1102.7354
a range +19200 +19300 2019 9002 1103.3753
a range +19300 +19400 2021 9002 1103.364
a range +19400 +19900 2022 9002 1103.3687
a range +19900 +20400 2024 9002 1103.38
a range +20400 +20500 2003 9002 1103.3616
a range +20500 +20800 2005 9002 1103.3782
a range +20800 +21000 2006 9002 1103.3824
a range +21000 +21200 2008 9002 1103.0915
a range +21200 +21300 2012 9002 1102.5947
a range +21300 +21600 2013 9002 1103.2345
a range +21600 +21700 2018 9002 1102.6141
a range +21700 +22000 2019 9002 1103.3753
a range +22000 +22200 2021 9002 1103.364
a range +22200 +22400 2023 9002 1103.3767
a range +22400 +22500 2001 9002 1103.3763
a range +22500 +22600 2002 9002 1103.3658
a range +22600 +23000 2003 9002 1103.3616
a range +23000 +23200 2004 9002 1103.3677
a range +23200 +23500 2011 9002 1102.7159
a range +23500 +23600 2014 9002 1103.1113
a range +23600 +23900 2016 9002 1102.8615
a range +23900 +24100 2017 9002 1102.7354
a range +24100 +24400 2012 9002 1103.3378
a range +24400 +24500 2018 9002 1103.3577
a range +24500 +24700 2020 9002 1103.3673
a range +24700 +24800 2001 9002 1103.3763
a range +24800 +25100 2002 9002 1103.3658
a range +25100 +25300 2006 9002 1103.3824
a range +25300 +25600 2007 9002 1103.2146
a range +25600 +25700 2008 9002 1103.0915
a range +25700 +26000 2009 9002 1102.9644
a range +26000 +26200 2010 9002 1102.8419
a range +26200 +26600 2014 9002 1103.1113
a range +26600 +26700 2015 9002 1102.9842
a range +26700 +26800 2018 9002 1103.3577
a range +26800 +27000 2021 9002 1103.364
a range +27000 +27300 2023 9002 1103.3767
a range +27300 +27500 2004 9002 1103.3677
a range +27500 +27600 2005 9002 1103.3782
a range +27600 +27900 2008 9002 1103.0915
a range +27900 +28000 2013 9002 1103.2345
a range +28000 +28300 2015 9002 1102.9842
a range +28300 +28400 2017 9002 1103.385
a range +28400 +28700 2018 9002 1103.3577
a range +28700 +28800 2019 9002 1103.3753
a range +28800 +28900 2020 9002 1103.3673
a range +28900 +29300 2001 9002 1103.3763
a range +29300 +29800 2005 9002 1103.3782
a range +29800 +29900 2004 9003 1104.7503
a range +29800 +29900 2006 9002 1103.3824
a range +29900 +30200 2005 9003 1104.7596
a range +29900 +30200 2011 9002 1103.3856
a range +30200 +30400 2006 9003 1104.7682
a range +30200 +30400 2012 9002 1103.3378
a range +30400 +30500 2007 9003 1103.2098
a range +30400 +30500 2010 9002 1103.3629
a range +30500 +30600 2008 9003 1103.0942
a range +30500 +30600 2013 9002 1103.2345
a range +30600 +30700 2009 9003 1102.9747
a range +30600 +30700 2016 9002 1103.3633
a range +30700 +31000 2010 9003 1103.5633
a range +30700 +31000 2017 9002 1103.385
a range +31000 +31100 2011 9003 1103.4462
a range +31000 +31100 2019 9002 1103.3753
a range +31100 +31400 2012 9003 1103.3258
a range +31100 +31400 2020 9002 1103.3673
a range +31400 +31600 2013 9003 1103.2285
a range +31400 +31600 2021 9002 1103.364
a range +31600 +31800 2014 9003 1103.1128
a range +31600 +31800 2022 9002 1103.3687
a range +31800 +31900 2015 9003 1102.9934
a range +31800 +31900 2024 9002 1103.38
a range +31900 +32000 2004 9002 1103.3677
a range +31900 +32000 2016 9003 1103.5823
a range +32000 +32400 2006 9002 1103.3824
a range +32000 +32400 2017 9003 1103.465
a range +32400 +32500 2007 9002 1103.2146
a range +32400 +32500 2018 9003 1103.3446
a range +32500 +32900 2010 9002 1103.3629
a range +32500 +32900 2019 9003 1104.7658
a range +32900 +33000 2013 9002 1103.2345
a range +32900 +33000 2020 9003 1104.7585
a range +33000 +33100 2016 9002 1103.3633
a range +33000 +33100 2021 9003 1104.7517
a range +33100 +33300 2019 9002 1103.3753
a range +33100 +33300 2022 9003 1104.7521
a range +33300 +33500 2023 9002 1103.3767
a range +33300 +33500 2024 9003 1104.7662
a range +33500 +33800 2009 9002 1103.3492
a range +33500 +33800 2023 9003 1104.7594
a range +33800 +33900 2004 9003 1104.7503
a range +33800 +33900 2024 9002 1103.38
a range +33900 +34200 2004 9002 1103.3677
a range +33900 +34200 2007 9003 1103.2098
a range +34200 +34300 2007 9002 1103.2146
a range +34200 +34300 2008 9003 1103.0942
a range +34300 +34600 2008 9002 1103.0915
a range +34300 +34600 2009 9003 1103.6853
a range +34600 +34700 2011 9003 1103.4462
a range +34600 +34700 2012 9002 1103.3378
a range +34700 +34900 2013 9002 1103.2345
a range +34700 +34900 2015 9003 1103.7004
a range +34900 +35000 2014 9002 1103.1113
a range +34900 +35000 2016 9003 1103.5823
a range +35000 +35100 2015 9002 1103.3502
a range +35000 +35100 2018 9003 1103.3446
a range +35100 +35600 2016 9002 1103.3633
a range +35100 +35600 2020 9003 1104.7585
a range +35600 +36100 2018 9002 1103.3577
a range +35600 +36100 2021 9003 1104.7517
a range +36100 +36200 2004 9003 1104.7503
a range +36100 +36200 2021 9002 1103.364
a range +36200 +36500 2006 9003 1104.7682
a range +36200 +36500 2022 9002 1103.3687
a range +36500 +36700 2011 9003 1103.4462
a range +36500 +36700 2024 9002 1103.38
a range +36700 +36900 2007 9002 1103.2146
a range +36700 +36900 2008 9003 1103.804
a range +36900 +37000 2011 9002 1103.3856
a range +36900 +37000 2013 9003 1103.2285
a range +37000 +37300 2012 9002 1103.3378
a range +37000 +37300 2014 9003 1103.8233
a range +37300 +37400 2014 9002 1103.359
a range +37300 +37400 2016 9003 1103.5823
a range +37400 +37700 2015 9002 1103.3502
a range +37400 +37700 2018 9003 1103.3446
a range +37700 +37900 2017 9002 1103.385
a range +37700 +37900 2022 9003 1104.7521
a range +37900 +38200 2019 9002 1103.3753
a range +37900 +38200 2024 9003 1104.7662
a range +38200 +38300 2004 9003 1104.7503
a range +38200 +38300 2020 9002 1103.3673
a range +38300 +38700 2005 9003 1104.7596
a range +38300 +38700 2021 9002 1103.364
a range +38700 +38800 2010 9003 1103.5633
a range +38700 +38800 2023 9002 1103.3767
a range +38800 +39200 2002 9002 1103.3658
a range +38800 +39200 2012 9003 1103.3258
a range +39200 +39300 2003 9002 1103.3616
a range +39200 +39300 2015 9003 1103.7004
a range +39300 +39600 2009 9002 1103.3492
a range +39300 +39600 2013 9003 1103.9432
a range +39600 +39700 2011 9002 1103.3856
a range +39600 +39700 2016 9003 1103.5823
a range +39700 +39800 2013 9002 1103.3807
a range +39700 +39800 2023 9003 1104.7594
a range +39800 +40100 2004 9003 1104.7503
a range +39800 +40100 2014 9002 1103.359
a range +40100 +40200 2007 9003 1103.9278
a range +40100 +40200 2020 9002 1103.3673
a range +40200 +40500 2008 9003 1103.804
a range +40200 +40500 2023 9002 1103.3767
a range +40500 +40600 2009 9003 1103.6853
a range +40500 +40600 2024 9002 1103.38
a range +40600 +40800 2003 9002 1103.3616
a range +40600 +40800 2010 9003 1103.5633
a range +40800 +41000 2004 9002 1103.3677
a range +40800 +41000 2011 9003 1103.4462
a range +41000 +41100 2005 9002 1103.3782
a range +41000 +41100 2015 9003 1103.7004
a range +41100 +41300 2006 9002 1103.3824
a range +41100 +41300 2016 9003 1103.5823
a range +41300 +41400 2007 9002 1103.3811
a range +41300 +41400 2017 9003 1103.465
a range +41400 +41900 2008 9002 1103.3584
a range +41400 +41900 2019 9003 1104.7658
a range +41900 +42200 2010 9002 1103.3629
a range +41900 +42200 2022 9003 1104.7521
a range +42200 +42300 2023 9003 1104.7594
a range +42300 +42400 2006 9003 1104.7682
a range +42400 +42500 2007 9003 1103.9278
a range +42500 +42800 2009 9003 1103.6853
a range +42800 +43000 2014 9003 1103.8233
a range +43000 +43200 2015 9003 1103.7004
a range +43200 +43300 2017 9003 1103.465
a range +43300 +43600 2018 9003 1104.0679
a range +43600 +43700 2023 9003 1104.7594
a range +43700 +44000 2024 9003 1104.7662
a range +44000 +44100 2006 9003 1104.7682
a range +44100 +44200 2007 9003 1103.9278
a range +44200 +44400 2010 9003 1103.5633
a range +44400 +44500 2013 9003 1103.9432
a range +44500 +44600 2016 9003 1103.5823
a range +44600 +45000 2020 9003 1104.7585
a range +45000 +45400 2021 9003 1104.7517
a range +45400 +45500 2023 9003 1104.7594
a range +45500 +45600 2004 9003 1104.7503
a range +45600 +45900 2017 9003 1104.1895
a range +45900 +46100 2005 9003 1104.7596
a range +46100 +46400 2011 9003 1104.1739
a range +46400 +46500 2006 9003 1104.7682
a range +46500 +46700 2007 9003 1103.9278
a range +46700 +46800 2008 9003 1103.804
a range +46800 +46900 2012 9003 1104.0484
a range +46900 +47100 2013 9003 1103.9432
a range +47100 +47300 2014 9003 1103.8233
a range +47300 +47600 2015 9003 1103.7004
a range +47600 +47700 2022 9003 1104.7521
a range +47700 +48200 2023 9003 1104.7594
a range +48200 +48600 2001 9003 1104.7676
a range +48600 +48700 2002 9003 1104.7583
a range +48700 +48800 2003 9003 1104.7497
a range +48800 +48900 2016 9003 1104.3117
a range +48900 +49000 2004 9003 1104.7503
a range +49000 +49300 2006 9003 1104.7682
a range +49300 +49500 2008 9003 1103.804
a range +49500 +49600 2009 9003 1103.6853
a range +49600 +49900 2010 9003 1104.296
a range +49900 +50000 2012 9003 1104.0484
a range +50000 +50300 2016 9003 1104.3117
a range +50300 +50400 2018 9003 1104.0679
a range +50400 +50700 2022 9003 1104.7521
a range +50700 +50800 2024 9003 1104.7662
a range +50800 +50900 2002 9003 1104.7583
a range +50900 +51300 2003 9003 1104.7497
a range +51300 +51800 2004 9003 1104.7503
a range +51800 +51900 2005 9003 1104.7596
a range +51900 +52200 2007 9003 1103.9278
a range +51900 +52200 2023 9001 1105.0604
a range +52200 +52400 2005 9001 1105.0611
a range +52200 +52400 2011 9003 1104.1739
a range +52400 +52600 2008 9001 1103.8234
a range +52400 +52600 2009 9003 1104.4187
a range +52600 +52700 2009 9001 1104.411
a range +52600 +52700 2012 9003 1104.0484
a range +52700 +53000 2012 9001 1104.0582
a range +52700 +53000 2013 9003 1103.9432
a range +53000 +53100 2013 9001 1103.9574
a range +53000 +53100 2014 9003 1103.8233
a range +53100 +53300 2017 9003 1104.1895
a range +53100 +53300 2018 9001 1104.0768
a range +53300 +53400 2018 9003 1104.0679
a range +53300 +53400 2020 9001 1105.0547
a range +53400 +53600 2019 9003 1104.7658
a range +53400 +53600 2024 9001 1105.0524
a range +53600 +53900 2007 9001 1103.9427
a range +53600 +53900 2024 9003 1104.7662
a range +53900 +54000 2002 9003 1104.7583
a range +53900 +54000 2009 9001 1104.411
a range +54000 +54400 2005 9003 1104.7596
a range +54000 +54400 2010 9001 1104.2941
a range +54400 +54500 2012 9003 1104.0484
a range +54400 +54500 2013 9001 1103.9574
a range +54500 +54600 2015 9001 1104.43
a range +54500 +54600 2018 9003 1104.0679
a range +54600 +54700 2015 9003 1104.4386
a range +54600 +54700 2016 9001 1104.3091
a range +54700 +54900 2017 9001 1104.1927
a range +54700 +54900 2020 9003 1104.7585
a range +54900 +55000 2019 9001 1105.0495
a range +54900 +55000 2021 9003 1104.7517
a range +55000 +55100 2002 9003 1104.7583
a range +55000 +55100 2020 9001 1105.0547
a range +55100 +55300 2014 9003 1104.5617
a range +55100 +55300 2021 9001 1105.0628
a range +55300 +55500 2004 9001 1105.0678
a range +55300 +55500 2006 9003 1104.7682
a range +55500 +55800 2005 9001 1105.0611
a range +55500 +55800 2008 9003 1104.5459
a range +55800 +55900 2006 9001 1105.0509
a range +55800 +55900 2009 9003 1104.4187
a range +55900 +56100 2008 9001 1104.5327
a range +55900 +56100 2010 9003 1104.296
a range +56100 +56200 2009 9001 1104.411
a range +56100 +56200 2011 9003 1104.1739
a range +56200 +56300 2012 9003 1104.0484
a range +56200 +56300 2013 9001 1103.9574
a range +56300 +56600 2014 9001 1104.5478
a range +56300 +56600 2015 9003 1104.4386
a range +56600 +56700 2015 9001 1104.43
a range +56600 +56700 2016 9003 1104.3117
a range +56700 +57000 2016 9001 1104.3091
a range +56700 +57000 2017 9003 1104.1895
a range +57000 +57100 2018 9001 1104.0768
a range +57000 +57100 2019 9003 1104.7658
a range +57100 +57600 2018 9003 1104.0679
a range +57100 +57600 2019 9001 1105.0495
a range +57600 +58100 2020 9001 1105.0547
a range +57600 +58100 2021 9003 1104.7517
a range +58100 +58200 2022 9003 1104.7521
a range +58100 +58200 2023 9001 1105.0604
a range +58200 +58500 2001 9003 1104.7676
a range +58200 +58500 2022 9001 1105.0657
a range +58500 +58700 2002 9003 1104.7583
a range +58500 +58700 2024 9001 1105.0524
a range +58700 +58900 2006 9001 1105.0509
a range +58700 +58900 2007 9003 1104.6691
a range +58900 +59000 2009 9001 1104.411
a range +58900 +59000 2011 9003 1104.1739
a range +59000 +59300 2009 9003 1104.4187
a range +59000 +59300 2012 9001 1104.0582
a range +59300 +59400 2012 9003 1104.0484
a range +59300 +59400 2013 9001 1104.6705
a range +59400 +59500 2013 9003 1104.6891
a range +59400 +59500 2015 9001 1104.43
a range +59500 +59700 2014 9003 1104.5617
a range +59500 +59700 2017 9001 1104.1927
a range +59700 +59900 2016 9003 1104.3117
a range +59700 +59900 2018 9001 1104.0768
a range +59900 +60200 2019 9003 1104.7658
a range +59900 +60200 2021 9001 1105.0628
a range +60200 +60300 2020 9003 1104.7585
a range +60200 +60300 2023 9001 1105.0604
a range +60300 +60700 2004 9001 1105.0678
a range +60300 +60700 2022 9003 1104.7521
a range +60700 +60800 2007 9001 1104.6512
a range +60700 +60800 2023 9003 1104.7594
a range +60800 +61200 2008 9001 1104.5327
a range +60800 +61200 2024 9003 1104.7662
a range +61200 +61300 2003 9003 1104.7497
a range +61200 +61300 2009 9001 1104.411
a range +61300 +61400 2006 9003 1104.7682
a range +61300 +61400 2011 9001 1104.1779
a range +61400 +61600 2008 9003 1104.5459
a range +61400 +61600 2013 9001 1104.6705
a range +61600 +61800 2010 9003 1104.296
a range +61600 +61800 2015 9001 1104.43
a range +61800 +62100 2011 9003 1104.1739
a range +61800 +62100 2023 9001 1105.0604
a range +62100 +62200 2012 9003 1104.7795
a range +62100 +62200 2024 9001 1105.0524
a range +62200 +62400 2001 9001 1105.0474
a range +62200 +62400 2013 9003 1104.6891
a range +62400 +62500 2002 9001 1105.054
a range +62400 +62500 2020 9003 1104.7585
a range +62500 +62600 2003 9001 1105.0642
a range +62500 +62600 2023 9003 1104.7594
a range +62600 +62900 2002 9003 1104.7583
a range +62600 +62900 2005 9001 1105.0611
a range +62900 +63000 2003 9003 1104.7497
a range +62900 +63000 2006 9001 1105.0509
a range +63000 +63300 2004 9003 1104.7503
a range +63000 +63300 2007 9001 1104.6512
a range +63300 +63400 2005 9003 1104.7596
a range +63300 +63400 2009 9001 1104.411
a range +63400 +63900 2006 9003 1104.7682
a range +63400 +63900 2010 9001 1104.2941
a range +63900 +64300 2007 9003 1104.6691
a range +63900 +64300 2014 9001 1104.5478
a range +64300 +64400 2012 9003 1104.7795
a range +64300 +64400 2016 9001 1104.3091
a range +64400 +64500 2014 9003 1104.5617
a range +64400 +64500 2018 9001 1104.7901
a range +64500 +64800 2015 9003 1104.4386
a range +64500 +64800 2017 9001 1104.9106
a range +64800 +65000 2016 9003 1104.3117
a range +64800 +65000 2022 9001 1105.0657
a range +65000 +65200 2011 9001 1104.8951
a range +65000 +65200 2017 9003 1104.7604
a range +65200 +65300 2020 9003 1104.7585
a range +65200 +65300 2024 9001 1105.0524
a range +65300 +65600 2002 9001 1105.054
a range +65300 +65600 2023 9003 1104.7594
a range +65600 +65700 2001 9003 1104.7676
a range +65600 +65700 2003 9001 1105.0642
a range +65700 +66000 2003 9003 1104.7497
a range +65700 +66000 2006 9001 1105.0509
a range +66000 +66200 2005 9003 1104.7596
a range +66000 +66200 2009 9001 1104.411
a range +66200 +66400 2008 9003 1104.5459
a range +66200 +66400 2012 9001 1104.7748
a range +66400 +66500 2009 9003 1104.4187
a range +66400 +66500 2013 9001 1104.6705
a range +66500 +66600 2012 9003 1104.7795
a range +66500 +66600 2015 9001 1104.43
a range +66600 +67000 2013 9003 1104.6891
a range +66600 +67000 2018 9001 1104.7901
a range +67000 +67400 2014 9003 1104.5617
a range +67000 +67400 2021 9001 1105.0628
a range +67400 +67500 2019 9003 1104.7658
a range +67400 +67500 2024 9001 1105.0524
a range +67500 +67600 2001 9001 1105.0474
a range +67500 +67600 2020 9003 1104.7585
a range +67600 +67700 2001 9003 1104.7676
a range +67600 +67700 2003 9001 1105.0642
a range +67700 +67900 2009 9003 1104.4187
a range +67700 +67900 2016 9001 1105.0359
a range +67900 +68100 2011 9001 1104.8951
a range +67900 +68100 2012 9003 1104.7795
a range +68100 +68400 2010 9003 1104.74
a range +68100 +68400 2013 9001 1104.6705
a range +68400 +68500 2011 9003 1104.7605
a range +68400 +68500 2015 9001 1104.43
a range +68500 +68700 2016 9003 1104.7407
a range +68500 +68700 2019 9001 1105.0495
a range +68700 +68800 2017 9003 1104.7604
a range +68700 +68800 2020 9001 1105.0547
a range +68800 +69100 2018 9003 1104.7786
a range +68800 +69100 2022 9001 1105.0657
a range +69100 +69300 2019 9003 1104.7658
a range +69100 +69300 2023 9001 1105.0604
a range +69300 +69600 2020 9003 1104.7585
a range +69300 +69600 2024 9001 1105.0524
a range +69600 +69700 2001 9001 1105.0474
a range +69600 +69700 2021 9003 1104.7517
a range +69700 +70200 2003 9001 1105.0642
a range +69700 +70200 2022 9003 1104.7521
a range +70200 +70300 2004 9001 1105.0678
a range +70200 +70300 2024 9003 1104.7662
a range +70300 +70600 2001 9003 1104.7676
a range +70300 +70600 2005 9001 1105.0611
a range +70600 +70700 2002 9003 1104.7583
a range +70600 +70700 2007 9001 1104.6512
a range +70700 +70800 2004 9003 1104.7503
a range +70700 +70800 2008 9001 1104.5327
a range +70800 +71000 2005 9003 1104.7596
a range +70800 +71000 2012 9001 1104.7748
a range +71000 +71200 2008 9003 1104.5459
a range +71000 +71200 2015 9001 1105.0718
a range +71200 +71500 2009 9001 1105.0724
a range +71200 +71500 2011 9003 1104.7605
a range +71500 +71600 2015 9003 1104.7392
a range +71500 +71600 2016 9001 1105.0359
a range +71600 +71800 2017 9001 1104.9106
a range +71600 +71800 2021 9003 1104.7517
a range +71800 +71900 2017 9003 1104.7604
a range +71800 +71900 2020 9001 1105.0547
a range +71900 +72000 2001 9001 1105.0474
a range +71900 +72000 2023 9003 1104.7594
a range +72000 +72300 2002 9001 1105.054
a range +72000 +72300 2024 9003 1104.7662
a range +72300 +72400 2002 9003 1104.7583
a range +72300 +72400 2004 9001 1105.0678
a range +72400 +72700 2003 9003 1104.7497
a range +72400 +72700 2006 9001 1105.0509
a range +72700 +72800 2004 9003 1104.7503
a range +72700 +72800 2007 9001 1104.6512
a range +72800 +73000 2007 9003 1104.6691
a range +72800 +73000 2011 9001 1104.8951
a range +73000 +73100 2009 9003 1104.7384
a range +73000 +73100 2016 9001 1105.0359
a range +73100 +73300 2010 9003 1104.74
a range +73100 +73300 2019 9001 1105.0495
a range +73300 +73800 2012 9003 1104.7795
a range +73300 +73800 2020 9001 1105.0547
a range +73800 +73900 2015 9003 1104.7392
a range +73800 +73900 2023 9001 1105.0604
a range +73900 +74200 2014 9001 1105.0502
a range +73900 +74200 2016 9003 1104.7407
a range +74200 +74400 2001 9001 1105.0474
a range +74200 +74400 2017 9003 1104.7604
a range +74400 +74600 2008 9001 1105.05
a range +74400 +74600 2019 9003 1104.7658
a range +74600 +74700 2004 9001 1105.0678
a range +74600 +74700 2023 9003 1104.7594
a range +74700 +75000 2002 9003 1104.7583
a range +74700 +75000 2007 9001 1104.6512
a range +75000 +75100 2004 9003 1104.7503
a range +75000 +75100 2010 9001 1105.0204
a range +75100 +75400 2005 9003 1104.7596
a range +75100 +75400 2012 9001 1104.7748
a range +75400 +75600 2006 9003 1104.7682
a range +75400 +75600 2013 9001 1104.6705
a range +75600 +75900 2008 9003 1104.7574
a range +75600 +75900 2015 9001 1105.0718
a range +75900 +76000 2009 9003 1104.7384
a range +75900 +76000 2016 9001 1105.0359
a range +76000 +76400 2014 9003 1104.7575
a range +76000 +76400 2017 9001 1104.9106
a range +76400 +76500 2015 9003 1104.7392
a range +76400 +76500 2018 9001 1104.7901
a range +76500 +76600 2018 9003 1104.7786
a range +76500 +76600 2021 9001 1105.0628
a range +76600 +76900 2020 9003 1104.7585
a range +76600 +76900 2022 9001 1105.0657
a range +76900 +77000 2021 9003 1104.7517
a range +76900 +77000 2023 9001 1105.0604
a range +77000 +77100 2023 9003 1104.7594
a range +77000 +77100 2024 9001 1105.0524
a range +77100 +77300 2004 9001 1105.0678
a range +77100 +77300 2013 9003 1104.7772
a range +77300 +77500 2001 9003 1104.7676
a range +77300 +77500 2005 9001 1105.0611
a range +77500 +77800 2004 9003 1104.7503
a range +77500 +77800 2008 9001 1105.05
a range +77800 +77900 2007 9003 1104.7779
a range +77800 +77900 2009 9001 1105.0724
a range +77900 +78000 2009 9003 1104.7384
a range +77900 +78000 2010 9001 1105.0204
a range +78000 +78200 2010 9003 1104.74
a range +78000 +78200 2011 9001 1104.8951
a range +78200 +78300 2016 9001 1105.0359
a range +78300 +78400 2018 9001 1104.7901
a range +78400 +78600 2011 9002 1104.9112
a range +78400 +78600 2019 9001 1105.0495
a range +78600 +78700 2013 9002 1105.0432
a range +78600 +78700 2021 9001 1105.0628
a range +78700 +79000 2017 9002 1104.926
a range +78700 +79000 2023 9001 1105.0604
a range +79000 +79100 2020 9002 1105.062
a range +79000 +79100 2024 9001 1105.0524
a range +79100 +79600 2001 9001 1105.0474
a range +79100 +79600 2022 9002 1105.0729
a range +79600 +80100 2002 9001 1105.054
a range +79600 +80100 2024 9002 1105.0596
a range +80100 +80200 2005 9002 1105.0684
a range +80100 +80200 2006 9001 1105.0509
a range +80200 +80500 2007 9002 1105.0424
a range +80200 +80500 2009 9001 1105.0724
a range +80500 +80700 2010 9001 1105.0204
a range +80500 +80700 2013 9002 1105.0432
a range +80700 +80900 2012 9002 1105.05
a range +80700 +80900 2013 9001 1105.036
a range +80900 +81000 2014 9001 1105.0502
a range +80900 +81000 2015 9002 1105.0791
a range +81000 +81300 2016 9001 1105.0359
a range +81000 +81300 2019 9002 1105.0567
a range +81300 +81400 2018 9001 1105.0434
a range +81300 +81400 2020 9002 1105.062
a range +81400 +81700 2001 9002 1105.0546
a range +81400 +81700 2021 9001 1105.0628
a range +81700 +81900 2004 9002 1105.075
a range +81700 +81900 2024 9001 1105.0524
a range +81900 +82000 2003 9001 1105.0642
a range +81900 +82000 2005 9002 1105.0684
a range +82000 +82100 2004 9001 1105.0678
a range +82000 +82100 2006 9002 1105.0582
a range +82100 +82200 2005 9001 1105.0611
a range +82100 +82200 2009 9002 1105.0797
a range +82200 +82300 2006 9001 1105.0509
a range +82200 +82300 2014 9002 1105.0575
a range +82300 +82400 2007 9001 1105.0351
a range +82300 +82400 2015 9002 1105.0791
a range +82400 +82700 2012 9001 1105.0428
a range +82400 +82700 2016 9002 1105.0454
a range +82700 +82800 2014 9001 1105.0502
a range +82700 +82800 2018 9002 1105.0506
a range +82800 +83200 2015 9001 1105.0718
a range +82800 +83200 2020 9002 1105.062
a range +83200 +83300 2018 9001 1105.0434
a range +83200 +83300 2021 9002 1105.0701
a range +83300 +83400 2019 9001 1105.0495
a range +83300 +83400 2023 9002 1105.0677
a range +83400 +83600 2003 9002 1105.0715
a range +83400 +83600 2022 9001 1105.0657
a range +83600 +83800 2003 9001 1105.0642
a range +83600 +83800 2005 9002 1105.0684
a range +83800 +84100 2004 9001 1105.0678
a range +83800 +84100 2011 9002 1105.0725
a range +84100 +84200 2006 9002 1105.0582
a range +84100 +84200 2011 9001 1105.0652
a range +84200 +84400 2005 9001 1105.0611
a range +84200 +84400 2009 9002 1105.0797
a range +84400 +84600 2006 9001 1105.0509
a range +84400 +84600 2010 9002 1105.0306
a range +84600 +84800 2007 9001 1105.0351
a range +84600 +84800 2012 9002 1105.05
a range +84800 +84900 2008 9001 1105.05
a range +84800 +84900 2013 9002 1105.0432
a range +84900 +85000 2011 9001 1105.0652
a range +84900 +85000 2014 9002 1105.0575
a range +85000 +85300 2013 9001 1105.036
a range +85000 +85300 2015 9002 1105.0791
a range +85300 +85400 2014 9001 1105.0502
a range +85300 +85400 2017 9002 1105.0722
a range +85400 +85800 2017 9001 1105.0649
a range +85400 +85800 2018 9002 1105.0506
a range +85800 +85900 2018 9001 1105.0434
a range +85800 +85900 2021 9002 1105.0701
a range +85900 +86300 2019 9001 1105.0495
a range +85900 +86300 2023 9002 1105.0677
a range +86300 +86400 2002 9002 1105.0613
a range +86300 +86400 2020 9001 1105.0547
