a contact +2400 +3000 1001 2002 1000
a contact +2400 +3000 2002 1001 1000
a contact +0 +3000 2002 9001 1000
a contact +0 +3000 2002 9002 1000
a contact +0 +3000 9001 2002 1000
a contact +0 +3000 9002 2002 1000
a contact +0 +3600 2001 2004 1000
a contact +0 +3600 2004 2001 1000
a contact +0 +7200 1001 9003 1000
a contact +0 +7200 9003 1001 1000
a contact +4200 +12000 1001 9001 1000
a contact +4200 +12000 9001 1001 1000
a contact +4800 +13800 2001 2004 1000
a contact +4800 +13800 2004 2001 1000
a contact +0 +15600 2001 9001 1000
a contact +5400 +15600 2002 9001 1000
a contact +0 +15600 2003 9001 1000
a contact +0 +15600 2004 9001 1000
a contact +0 +15600 9001 2001 1000
a contact +5400 +15600 9001 2002 1000
a contact +0 +15600 9001 2003 1000
a contact +0 +15600 9001 2004 1000
a contact +10200 +18000 1001 9002 1000
a contact +10200 +18000 9002 1001 1000
a contact +2400 +23400 1001 2001 1000
a contact +5400 +23400 1001 2002 1000
a contact +2400 +23400 1001 2003 1000
a contact +2400 +23400 1001 2004 1000
a contact +2400 +23400 2001 1001 1000
a contact +5400 +23400 2002 1001 1000
a contact +2400 +23400 2003 1001 1000
a contact +2400 +23400 2004 1001 1000
a contact +15600 +24000 2001 2004 1000
a contact +5400 +24000 2002 9002 1000
a contact +15600 +24000 2004 2001 1000
a contact +5400 +24000 9002 2002 1000
a contact +0 +24600 2003 9002 1000
a contact +0 +24600 9002 2003 1000
a contact +18000 +25800 1001 9003 1000
a contact +18000 +25800 9003 1001 1000
a contact +22800 +30600 1001 9001 1000
a contact +22800 +30600 9001 1001 1000
a contact +25800 +34800 2001 2004 1000
a contact +25800 +34800 2004 2001 1000
a contact +28800 +36600 1001 9002 1000
a contact +28800 +36600 9002 1001 1000
a contact +0 +42600 2001 9002 1000
a contact +25800 +42600 2002 9002 1000
a contact +25200 +42600 2003 9002 1000
a contact +0 +42600 2004 9002 1000
a contact +0 +42600 9002 2001 1000
a contact +25800 +42600 9002 2002 1000
a contact +25200 +42600 9002 2003 1000
a contact +0 +42600 9002 2004 1000
a contact +36600 +44400 1001 9003 1000
a contact +36600 +44400 9003 1001 1000
a contact +26400 +45000 1001 2002 1000
a contact +36000 +45000 2001 2004 1000
a contact +26400 +45000 2002 1001 1000
a contact +30000 +45000 2002 9003 1000
a contact +36000 +45000 2004 2001 1000
a contact +30000 +45000 9003 2002 1000
a contact +26400 +45600 1001 2003 1000
a contact +26400 +45600 2003 1001 1000
a contact +30000 +45600 2003 9003 1000
a contact +30000 +45600 9003 2003 1000
a contact +26400 +46800 1001 2001 1000
a contact +46200 +46800 1001 2003 1000
a contact +26400 +46800 1001 2004 1000
a contact +26400 +46800 2001 1001 1000
a contact +46200 +46800 2003 1001 1000
a contact +26400 +46800 2004 1001 1000
a contact +41400 +49200 1001 9001 1000
a contact +41400 +49200 9001 1001 1000
a contact +47400 +54600 1001 9002 1000
a contact +47400 +54600 9002 1001 1000
a contact +46800 +55200 2001 2004 1000
a contact +46800 +55200 2004 2001 1000
a contact +55200 +63000 1001 9003 1000
a contact +55200 +63000 9003 1001 1000
a contact +49800 +65400 1001 2002 1000
a contact +49800 +65400 2002 1001 1000
a contact +52200 +65400 2002 9001 1000
a contact +46800 +65400 2002 9003 1000
a contact +52200 +65400 9001 2002 1000
a contact +46800 +65400 9003 2002 1000
a contact +57000 +66000 2001 2004 1000
a contact +57000 +66000 2004 2001 1000
a contact +49800 +66600 1001 2003 1000
a contact +49800 +66600 2003 1001 1000
a contact +52200 +66600 2003 9001 1000
a contact +46200 +66600 2003 9003 1000
a contact +52200 +66600 9001 2003 1000
a contact +46200 +66600 9003 2003 1000
a contact +60000 +67800 1001 9001 1000
a contact +60000 +67800 9001 1001 1000
a contact +49800 +70800 1001 2001 1000
a contact +67800 +70800 1001 2002 1000
a contact +67200 +70800 1001 2003 1000
a contact +49800 +70800 1001 2004 1000
a contact +49800 +70800 2001 1001 1000
a contact +67800 +70800 2002 1001 1000
a contact +67200 +70800 2003 1001 1000
a contact +49800 +70800 2004 1001 1000
a contact +65400 +73200 1001 9002 1000
a contact +65400 +73200 9002 1001 1000
a contact +67200 +76200 2001 2004 1000
a contact +67200 +76200 2004 2001 1000
a contact +30000 +78600 2001 9003 1000
a contact +67800 +78600 2002 9003 1000
a contact +67200 +78600 2003 9003 1000
a contact +30000 +78600 2004 9003 1000
a contact +30000 +78600 9003 2001 1000
a contact +67800 +78600 9003 2002 1000
a contact +67200 +78600 9003 2003 1000
a contact +30000 +78600 9003 2004 1000
a contact +73200 +81000 1001 9003 1000
a contact +73200 +81000 9003 1001 1000
a contact +78000 +85800 1001 9001 1000
a contact +78000 +85800 9001 1001 1000
a contact +73200 +86400 1001 2001 1000
a contact +73200 +86400 1001 2002 1000
a contact +73200 +86400 1001 2003 1000
a contact +73200 +86400 1001 2004 1000
a contact +84000 +86400 1001 9002 1000
a contact +73200 +86400 2001 1001 1000
a contact +0 +86400 2001 2002 1000
a contact +0 +86400 2001 2003 1000
a contact +78000 +86400 2001 2004 1000
a contact +52200 +86400 2001 9001 1000
a contact +78600 +86400 2001 9002 1000
a contact +73200 +86400 2002 1001 1000
a contact +0 +86400 2002 2001 1000
a contact +0 +86400 2002 2003 1000
a contact +0 +86400 2002 2004 1000
a contact +67800 +86400 2002 9001 1000
a contact +78600 +86400 2002 9002 1000
a contact +73200 +86400 2003 1001 1000
a contact +0 +86400 2003 2001 1000
a contact +0 +86400 2003 2002 1000
a contact +0 +86400 2003 2004 1000
a contact +67200 +86400 2003 9001 1000
a contact +78600 +86400 2003 9002 1000
a contact +73200 +86400 2004 1001 1000
a contact +78000 +86400 2004 2001 1000
a contact +0 +86400 2004 2002 1000
a contact +0 +86400 2004 2003 1000
a contact +52200 +86400 2004 9001 1000
a contact +78600 +86400 2004 9002 1000
a contact +52200 +86400 9001 2001 1000
a contact +67800 +86400 9001 2002 1000
a contact +67200 +86400 9001 2003 1000
a contact +52200 +86400 9001 2004 1000
a contact +84000 +86400 9002 1001 1000
a contact +78600 +86400 9002 2001 1000
a contact +78600 +86400 9002 2002 1000
a contact +78600 +86400 9002 2003 1000
a contact +78600 +86400 9002 2004 1000

a range +2400 +3000 1001 2002 1101.9294
a range +2400 +3000 2002 1001 1101.9294
a range +0 +3000 2002 9001 1101.8672
a range +0 +3000 2002 9002 1101.8704
a range +0 +3000 9001 2002 1101.8672
a range +0 +3000 9002 2002 1101.8704
a range +0 +3600 2001 2004 0.0478
a range +0 +3600 2004 2001 0.0478
a range +0 +7200 1001 9003 0.0593
a range +0 +7200 9003 1001 0.0593
a range +4200 +12000 1001 9001 0.0592
a range +4200 +12000 9001 1001 0.0592
a range +4800 +13800 2001 2004 0.0475
a range +4800 +13800 2004 2001 0.0475
a range +0 +15600 2001 9001 1102.3352
a range +5400 +15600 2002 9001 1102.3231
a range +0 +15600 2003 9001 1102.3244
a range +0 +15600 2004 9001 1102.3380
a range +0 +15600 9001 2001 1102.3352
a range +5400 +15600 9001 2002 1102.3231
a range +0 +15600 9001 2003 1102.3244
a range +0 +15600 9001 2004 1102.3380
a range +10200 +18000 1001 9002 0.0607
a range +10200 +18000 9002 1001 0.0607
a range +2400 +23400 1001 2001 1102.7095
a range +5400 +23400 1001 2002 1102.7218
a range +2400 +23400 1001 2003 1102.7209
a range +2400 +23400 1001 2004 1102.7071
a range +2400 +23400 2001 1001 1102.7095
a range +5400 +23400 2002 1001 1102.7218
a range +2400 +23400 2003 1001 1102.7209
a range +2400 +23400 2004 1001 1102.7071
a range +15600 +24000 2001 2004 0.0470
a range +5400 +24000 2002 9002 1102.6751
a range +15600 +24000 2004 2001 0.0470
a range +5400 +24000 9002 2002 1102.6751
a range +0 +24600 2003 9002 1102.6981
a range +0 +24600 9002 2003 1102.6981
a range +18000 +25800 1001 9003 0.0602
a range +18000 +25800 9003 1001 0.0602
a range +22800 +30600 1001 9001 0.0601
a range +22800 +30600 9001 1001 0.0601
a range +25800 +34800 2001 2004 0.0478
a range +25800 +34800 2004 2001 0.0478
a range +28800 +36600 1001 9002 0.0615
a range +28800 +36600 9002 1001 0.0615
a range +0 +42600 2001 9002 1103.3947
a range +25800 +42600 2002 9002 1103.4033
a range +25200 +42600 2003 9002 1103.4029
a range +0 +42600 2004 9002 1103.3935
a range +0 +42600 9002 2001 1103.3947
a range +25800 +42600 9002 2002 1103.4033
a range +25200 +42600 9002 2003 1103.4029
a range +0 +42600 9002 2004 1103.3935
a range +36600 +44400 1001 9003 0.0611
a range +36600 +44400 9003 1001 0.0611
a range +26400 +45000 1001 2002 1103.5406
a range +36000 +45000 2001 2004 0.0474
a range +26400 +45000 2002 1001 1103.5406
a range +30000 +45000 2002 9003 1103.4865
a range +36000 +45000 2004 2001 0.0474
a range +30000 +45000 9003 2002 1103.4865
a range +26400 +45600 1001 2003 1103.5694
a range +26400 +45600 2003 1001 1103.5694
a range +30000 +45600 2003 9003 1103.5084
a range +30000 +45600 9003 2003 1103.5084
a range +26400 +46800 1001 2001 1103.6119
a range +46200 +46800 1001 2003 1103.6230
a range +26400 +46800 1001 2004 1103.6093
a range +26400 +46800 2001 1001 1103.6119
a range +46200 +46800 2003 1001 1103.6230
a range +26400 +46800 2004 1001 1103.6093
a range +41400 +49200 1001 9001 0.0610
a range +41400 +49200 9001 1001 0.0610
a range +47400 +54600 1001 9002 0.0591
a range +47400 +54600 9002 1001 0.0591
a range +46800 +55200 2001 2004 0.0468
a range +46800 +55200 2004 2001 0.0468
a range +55200 +63000 1001 9003 0.0620
a range +55200 +63000 9003 1001 0.0620
a range +49800 +65400 1001 2002 1104.2806
a range +49800 +65400 2002 1001 1104.2806
a range +52200 +65400 2002 9001 1104.2733
a range +46800 +65400 2002 9003 1104.2741
a range +52200 +65400 9001 2002 1104.2733
a range +46800 +65400 9003 2002 1104.2741
a range +57000 +66000 2001 2004 0.0477
a range +57000 +66000 2004 2001 0.0477
a range +49800 +66600 1001 2003 1104.3456
a range +49800 +66600 2003 1001 1104.3456
a range +52200 +66600 2003 9001 1104.3184
a range +46200 +66600 2003 9003 1104.3215
a range +52200 +66600 9001 2003 1104.3184
a range +46200 +66600 9003 2003 1104.3215
a range +60000 +67800 1001 9001 0.0619
a range +60000 +67800 9001 1001 0.0619
a range +49800 +70800 1001 2001 1104.5310
a range +67800 +70800 1001 2002 1104.5338
a range +67200 +70800 1001 2003 1104.5332
a range +49800 +70800 1001 2004 1104.5299
a range +49800 +70800 2001 1001 1104.5310
a range +67800 +70800 2002 1001 1104.5338
a range +67200 +70800 2003 1001 1104.5332
a range +49800 +70800 2004 1001 1104.5299
a range +65400 +73200 1001 9002 0.0599
a range +65400 +73200 9002 1001 0.0599
a range +67200 +76200 2001 2004 0.0473
a range +67200 +76200 2004 2001 0.0473
a range +30000 +78600 2001 9003 1104.7652
a range +67800 +78600 2002 9003 1104.7539
a range +67200 +78600 2003 9003 1104.7550
a range +30000 +78600 2004 9003 1104.7675
a range +30000 +78600 9003 2001 1104.7652
a range +67800 +78600 9003 2002 1104.7539
a range +67200 +78600 9003 2003 1104.7550
a range +30000 +78600 9003 2004 1104.7675
a range +73200 +81000 1001 9003 0.0594
a range +73200 +81000 9003 1001 0.0594
a range +78000 +85800 1001 9001 0.0593
a range +78000 +85800 9001 1001 0.0593
a range +73200 +86400 1001 2001 1105.0404
a range +73200 +86400 1001 2002 1105.0534
a range +73200 +86400 1001 2003 1105.0526
a range +73200 +86400 1001 2004 1105.0383
a range +84000 +86400 1001 9002 0.0467
a range +73200 +86400 2001 1001 1105.0404
a range +0 +86400 2001 2002 0.0193
a range +0 +86400 2001 2003 0.0357
a range +78000 +86400 2001 2004 0.0467
a range +52200 +86400 2001 9001 1105.0683
a range +78600 +86400 2001 9002 1105.0755
a range +73200 +86400 2002 1001 1105.0534
a range +0 +86400 2002 2001 0.0193
a range +0 +86400 2002 2003 0.0193
a range +0 +86400 2002 2004 0.0358
a range +67800 +86400 2002 9001 1105.0813
a range +78600 +86400 2002 9002 1105.0885
a range +73200 +86400 2003 1001 1105.0526
a range +0 +86400 2003 2001 0.0357
a range +0 +86400 2003 2002 0.0193
a range +0 +86400 2003 2004 0.0194
a range +67200 +86400 2003 9001 1105.0805
a range +78600 +86400 2003 9002 1105.0877
a range +73200 +86400 2004 1001 1105.0383
a range +78000 +86400 2004 2001 0.0467
a range +0 +86400 2004 2002 0.0358
a range +0 +86400 2004 2003 0.0194
a range +52200 +86400 2004 9001 1105.0661
a range +78600 +86400 2004 9002 1105.0734
a range +52200 +86400 9001 2001 1105.0683
a range +67800 +86400 9001 2002 1105.0813
a range +67200 +86400 9001 2003 1105.0805
a range +52200 +86400 9001 2004 1105.0661
a range +84000 +86400 9002 1001 0.0467
a range +78600 +86400 9002 2001 1105.0755
a range +78600 +86400 9002 2002 1105.0885
a range +78600 +86400 9002 2003 1105.0877
a range +78600 +86400 9002 2004 1105.0734

a position +2400 +3000 1001 2002 -136144058.063213 0 -63168560.0864388 8215379.22133548 2397428.1599272 233960717.513873
a position +2400 +3000 2002 1001 8215379.22133548 2397428.1599272 233960717.513873 -136144058.063213 0 -63168560.0864388
a position +0 +3000 2002 9001 8215379.22133548 2397428.1599272 233960717.513873 -136140302.531251 3750.98291015625 -63149691.2572478
a position +0 +3000 2002 9002 8215379.22133548 2397428.1599272 233960717.513873 -136148307.666749 4196.68310546875 -63146866.2279509
a position +0 +3000 9001 2002 -136140302.531251 3750.98291015625 -63149691.2572478 8215379.22133548 2397428.1599272 233960717.513873
a position +0 +3000 9002 2002 -136148307.666749 4196.68310546875 -63146866.2279509 8215379.22133548 2397428.1599272 233960717.513873
a position +0 +3600 2001 2004 8203832.25914407 2398261.92705196 233957158.928017 8190595.58930509 2398668.14212735 233962653.818188
a position +0 +3600 2004 2001 8190595.58930509 2398668.14212735 233962653.818188 8203832.25914407 2398261.92705196 233957158.928017
a position +0 +7200 1001 9003 -136078247.560553 0 -63271243.2004694 -136095597.31772 -3748.65649414063 -63270027.7525483
a position +0 +7200 9003 1001 -136095597.31772 -3748.65649414063 -63270027.7525483 -136078247.560553 0 -63271243.2004694
a position +4200 +12000 1001 9001 -136025909.724736 0 -63380958.7155533 -136031994.068677 3750.98291015625 -63397207.5196607
a position +4200 +12000 9001 1001 -136031994.068677 3750.98291015625 -63397207.5196607 -136025909.724736 0 -63380958.7155533
a position +4800 +13800 2001 2004 7950834.52329336 2393201.05049464 233986863.182224 7963977.84160265 2392797.58127239 233981396.075718
a position +4800 +13800 2004 2001 7963977.84160265 2392797.58127239 233981396.075718 7950834.52329336 2393201.05049464 233986863.182224
a position +0 +15600 2001 9001 7909360.51239695 2387803.85913296 233992078.977685 -135989153.766107 3750.98291015625 -63495968.3965652
a position +5400 +15600 2002 9001 7911512.62746845 2387678.2315462 233987007.60343 -135989153.766107 3750.98291015625 -63495968.3965652
a position +0 +15600 2003 9001 7916584.00172336 2387553.52159689 233984960.639171 -135989153.766107 3750.98291015625 -63495968.3965652
a position +0 +15600 2004 9001 7921577.94510552 2387429.76727247 233987085.034303 -135989153.766107 3750.98291015625 -63495968.3965652
a position +0 +15600 9001 2001 -135989153.766107 3750.98291015625 -63495968.3965652 7909360.51239695 2387803.85913296 233992078.977685
a position +5400 +15600 9001 2002 -135989153.766107 3750.98291015625 -63495968.3965652 7911512.62746845 2387678.2315462 233987007.60343
a position +0 +15600 9001 2003 -135989153.766107 3750.98291015625 -63495968.3965652 7916584.00172336 2387553.52159689 233984960.639171
a position +0 +15600 9001 2004 -135989153.766107 3750.98291015625 -63495968.3965652 7921577.94510552 2387429.76727247 233987085.034303
a position +10200 +18000 1001 9002 -135978458.425487 0 -63547204.4255341 -135961812.84251 4196.68310546875 -63553246.5887415
a position +10200 +18000 9002 1001 -135961812.84251 4196.68310546875 -63553246.5887415 -135978458.425487 0 -63547204.4255341
a position +2400 +23400 1001 2001 -135910670.7603 0 -63716822.839966 7742037.03676514 2382182.66317453 234014590.176606
a position +5400 +23400 1001 2002 -135910670.7603 0 -63716822.839966 7739983.56580304 2382307.71954857 234019675.298449
a position +2400 +23400 1001 2003 -135910670.7603 0 -63716822.839966 7734898.44395946 2382433.67933089 234021832.28977
a position +2400 +23400 1001 2004 -135910670.7603 0 -63716822.839966 7729743.23103574 2382560.50415333 234019745.389529
a position +2400 +23400 2001 1001 7742037.03676514 2382182.66317453 234014590.176606 -135910670.7603 0 -63716822.839966
a position +5400 +23400 2002 1001 7739983.56580304 2382307.71954857 234019675.298449 -135910670.7603 0 -63716822.839966
a position +2400 +23400 2003 1001 7734898.44395946 2382433.67933089 234021832.28977 -135910670.7603 0 -63716822.839966
a position +2400 +23400 2004 1001 7729743.23103574 2382560.50415333 234019745.389529 -135910670.7603 0 -63716822.839966
a position +15600 +24000 2001 2004 7728500.77065337 2383101.29628734 234016315.710768 7715506.11204699 2383500.32182452 234021732.027573
a position +5400 +24000 2002 9002 7726301.97298319 2383233.82395098 234021695.2549 -135887290.874587 4196.68310546875 -63717175.4450915
a position +15600 +24000 2004 2001 7715506.11204699 2383500.32182452 234021732.027573 7728500.77065337 2383101.29628734 234016315.710768
a position +5400 +24000 9002 2002 -135887290.874587 4196.68310546875 -63717175.4450915 7726301.97298319 2383233.82395098 234021695.2549
a position +0 +24600 2003 9002 7706946.38501322 2384348.6718824 234025818.838403 -135879865.252118 4196.68310546875 -63733600.2208125
a position +0 +24600 9002 2003 -135879865.252118 4196.68310546875 -63733600.2208125 7706946.38501322 2384348.6718824 234025818.838403
a position +18000 +25800 1001 9003 -135871331.37608 0 -63786524.668048 -135874581.956806 -3748.65649414063 -63769160.2801776
a position +18000 +25800 9003 1001 -135874581.956806 -3748.65649414063 -63769160.2801776 -135871331.37608 0 -63786524.668048
a position +22800 +30600 1001 9001 -135794503.454478 0 -63905791.3320175 -135812034.204462 3750.98291015625 -63903976.2057921
a position +22800 +30600 9001 1001 -135812034.204462 3750.98291015625 -63903976.2057921 -135794503.454478 0 -63905791.3320175
a position +25800 +34800 2001 2004 7461618.61930368 2378219.07122922 234047226.410249 7474840.25406131 2377813.29249317 234041735.450528
a position +25800 +34800 2004 2001 7474840.25406131 2377813.29249317 234041735.450528 7461618.61930368 2378219.07122922 234047226.410249
a position +28800 +36600 1001 9002 -135731128.422644 0 -64044653.6384389 -135732809.733517 4196.68310546875 -64062537.0526338
a position +28800 +36600 9002 1001 -135732809.733517 4196.68310546875 -64062537.0526338 -135731128.422644 0 -64044653.6384389
a position +0 +42600 2001 9002 7292485.42446016 2365837.29740528 234069375.344397 -135660364.297881 4196.68310546875 -64226690.0348886
a position +25800 +42600 2002 9002 7291144.43577179 2365922.58115265 234072867.811231 -135660364.297881 4196.68310546875 -64226690.0348886
a position +25200 +42600 2003 9002 7287651.96893854 2366009.69555574 234074418.572303 -135660364.297881 4196.68310546875 -64226690.0348886
a position +0 +42600 2004 9002 7284013.320738 2366098.61407894 234073013.992598 -135660364.297881 4196.68310546875 -64226690.0348886
a position +0 +42600 9002 2001 -135660364.297881 4196.68310546875 -64226690.0348886 7292485.42446016 2365837.29740528 234069375.344397
a position +25800 +42600 9002 2002 -135660364.297881 4196.68310546875 -64226690.0348886 7291144.43577179 2365922.58115265 234072867.811231
a position +25200 +42600 9002 2003 -135660364.297881 4196.68310546875 -64226690.0348886 7287651.96893854 2366009.69555574 234074418.572303
a position +0 +42600 9002 2004 -135660364.297881 4196.68310546875 -64226690.0348886 7284013.320738 2366098.61407894 234073013.992598
a position +36600 +44400 1001 9003 -135659559.632302 0 -64274637.6778755 -135643325.033094 -3748.65649414063 -64267008.3837158
a position +36600 +44400 9003 1001 -135643325.033094 -3748.65649414063 -64267008.3837158 -135659559.632302 0 -64274637.6778755
a position +26400 +45000 1001 2002 -135651568.150111 0 -64293626.5479446 7237175.41539058 2369032.8726693 234081592.040777
a position +36000 +45000 2001 2004 7239402.45122542 2368899.00936015 234076160.797967 7226285.85327736 2369301.68357416 234081619.117269
a position +26400 +45000 2002 1001 7237175.41539058 2369032.8726693 234081592.040777 -135651568.150111 0 -64293626.5479446
a position +30000 +45000 2002 9003 7237175.41539058 2369032.8726693 234081592.040777 -135635735.374445 -3748.65649414063 -64283173.1469379
a position +36000 +45000 2004 2001 7226285.85327736 2369301.68357416 234081619.117269 7239402.45122542 2368899.00936015 234076160.797967
a position +30000 +45000 9003 2002 -135635735.374445 -3748.65649414063 -64283173.1469379 7237175.41539058 2369032.8726693 234081592.040777
a position +26400 +45600 1001 2003 -135643140.59147 0 -64312478.7522344 7217767.15611759 2370154.13880582 234085627.921389
a position +26400 +45600 2003 1001 7217767.15611759 2370154.13880582 234085627.921389 -135643140.59147 0 -64312478.7522344
a position +30000 +45600 2003 9003 7217767.15611759 2370154.13880582 234085627.921389 -135628141.657561 -3748.65649414063 -64299347.0189424
a position +30000 +45600 9003 2003 -135628141.657561 -3748.65649414063 -64299347.0189424 7217767.15611759 2370154.13880582 234085627.921389
a position +26400 +46800 1001 2001 -135625096.61368 0 -64349508.1544222 7197075.2924772 2371800.78605993 234081240.746552
a position +46200 +46800 1001 2003 -135625096.61368 0 -64349508.1544222 7189813.04270513 2372052.53658851 234088401.274906
a position +26400 +46800 1001 2004 -135625096.61368 0 -64349508.1544222 7184788.06757291 2372177.04208124 234086265.721684
a position +26400 +46800 2001 1001 7197075.2924772 2371800.78605993 234081240.746552 -135625096.61368 0 -64349508.1544222
a position +46200 +46800 2003 1001 7189813.04270513 2372052.53658851 234088401.274906 -135625096.61368 0 -64349508.1544222
a position +26400 +46800 2004 1001 7184788.06757291 2372177.04208124 234086265.721684 -135625096.61368 0 -64349508.1544222
a position +41400 +49200 1001 9001 -135585612.434762 0 -64419388.1194791 -135588308.02599 3750.98291015625 -64401695.6985587
a position +41400 +49200 9001 1001 -135588308.02599 3750.98291015625 -64401695.6985587 -135585612.434762 0 -64419388.1194791
a position +47400 +54600 1001 9002 -135499478.007239 0 -64552498.071336 -135516695.548295 4196.68310546875 -64552623.9541933
a position +47400 +54600 9002 1001 -135516695.548295 4196.68310546875 -64552623.9541933 -135499478.007239 0 -64552498.071336
a position +46800 +55200 2001 2004 6986577.62176261 2365031.2179342 234104843.575028 6999533.98716929 2364633.34272871 234099440.865204
a position +46800 +55200 2004 2001 6999533.98716929 2364633.34272871 234099440.865204 6986577.62176261 2365031.2179342 234104843.575028
a position +55200 +63000 1001 9003 -135419741.334141 0 -64758111.2902294 -135408111.539441 -3748.65649414063 -64772120.3243758
a position +55200 +63000 9003 1001 -135408111.539441 -3748.65649414063 -64772120.3243758 -135419741.334141 0 -64758111.2902294
a position +49800 +65400 1001 2002 -135398444.707335 0 -64830239.6088801 6761783.78675012 2353863.32466076 234138547.700164
a position +49800 +65400 2002 1001 6761783.78675012 2353863.32466076 234138547.700164 -135398444.707335 0 -64830239.6088801
a position +52200 +65400 2002 9001 6761783.78675012 2353863.32466076 234138547.700164 -135384968.621862 3750.98291015625 -64834265.8622863
a position +46800 +65400 2002 9003 6761783.78675012 2353863.32466076 234138547.700164 -135378072.46903 -3748.65649414063 -64837740.4797179
a position +52200 +65400 9001 2002 -135384968.621862 3750.98291015625 -64834265.8622863 6761783.78675012 2353863.32466076 234138547.700164
a position +46800 +65400 9003 2002 -135378072.46903 -3748.65649414063 -64837740.4797179 6761783.78675012 2353863.32466076 234138547.700164
a position +57000 +66000 2001 2004 6750251.09412885 2354689.50360888 234134939.369678 6737046.96162905 2355094.77028667 234140425.374327
a position +57000 +66000 2004 2001 6737046.96162905 2355094.77028667 234140425.374327 6750251.09412885 2354689.50360888 234134939.369678
a position +49800 +66600 1001 2003 -135385629.07401 0 -64867891.9850716 6728555.04140702 2355948.00275382 234144350.109968
a position +49800 +66600 2003 1001 6728555.04140702 2355948.00275382 234144350.109968 -135385629.07401 0 -64867891.9850716
a position +52200 +66600 2003 9001 6728555.04140702 2355948.00275382 234144350.109968 -135369663.375483 3750.98291015625 -64866495.6758802
a position +46200 +66600 2003 9003 6728555.04140702 2355948.00275382 234144350.109968 -135363099.881098 -3748.65649414063 -64870563.8979871
a position +52200 +66600 9001 2003 -135369663.375483 3750.98291015625 -64866495.6758802 6728555.04140702 2355948.00275382 234144350.109968
a position +46200 +66600 9003 2003 -135363099.881098 -3748.65649414063 -64870563.8979871 6728555.04140702 2355948.00275382 234144350.109968
a position +60000 +67800 1001 9001 -135371037.441231 0 -64905916.7676908 -135354339.701451 3750.98291015625 -64898761.3245524
a position +60000 +67800 9001 1001 -135354339.701451 3750.98291015625 -64898761.3245524 -135371037.441231 0 -64905916.7676908
a position +49800 +70800 1001 2001 -135327048.964195 0 -64998889.6097227 6632619.21635072 2359862.11994013 234148224.758986
a position +67800 +70800 1001 2002 -135327048.964195 0 -64998889.6097227 6631966.42442547 2359894.3115854 234149482.313535
a position +67200 +70800 1001 2003 -135327048.964195 0 -64998889.6097227 6630708.86987591 2359924.19642899 234149870.772177
a position +49800 +70800 1001 2004 -135327048.964195 0 -64998889.6097227 6629638.96478454 2359951.7653678 234149294.664077
a position +49800 +70800 2001 1001 6632619.21635072 2359862.11994013 234148224.758986 -135327048.964195 0 -64998889.6097227
a position +67800 +70800 2002 1001 6631966.42442547 2359894.3115854 234149482.313535 -135327048.964195 0 -64998889.6097227
a position +67200 +70800 2003 1001 6630708.86987591 2359924.19642899 234149870.772177 -135327048.964195 0 -64998889.6097227
a position +49800 +70800 2004 1001 6629638.96478454 2359951.7653678 234149294.664077 -135327048.964195 0 -64998889.6097227
a position +65400 +73200 1001 9002 -135286696.541666 0 -65067301.1918246 -135291241.859107 4196.68310546875 -65050427.9711443
a position +65400 +73200 9002 1001 -135291241.859107 4196.68310546875 -65050427.9711443 -135286696.541666 0 -65067301.1918246
a position +67200 +76200 2001 2004 6497265.96094886 2350033.4379417 234163104.244945 6510353.3909592 2349631.63387555 234157655.731376
a position +67200 +76200 2004 2001 6510353.3909592 2349631.63387555 234157655.731376 6497265.96094886 2350033.4379417 234163104.244945
a position +30000 +78600 2001 9003 6442294.8453471 2342935.10179362 234169694.723764 -135215148.854473 -3748.65649414063 -65198444.2041454
a position +67800 +78600 2002 9003 6444305.78097401 2342818.83437466 234165009.143692 -135215148.854473 -3748.65649414063 -65198444.2041454
a position +67200 +78600 2003 9003 6448991.36104591 2342703.80816169 234163140.436161 -135215148.854473 -3748.65649414063 -65198444.2041454
a position +30000 +78600 2004 9003 6453573.53165531 2342590.05819241 234165112.553154 -135215148.854473 -3748.65649414063 -65198444.2041454
a position +30000 +78600 9003 2001 -135215148.854473 -3748.65649414063 -65198444.2041454 6442294.8453471 2342935.10179362 234169694.723764
a position +67800 +78600 9003 2002 -135215148.854473 -3748.65649414063 -65198444.2041454 6444305.78097401 2342818.83437466 234165009.143692
a position +67200 +78600 9003 2003 -135215148.854473 -3748.65649414063 -65198444.2041454 6448991.36104591 2342703.80816169 234163140.436161
a position +30000 +78600 9003 2004 -135215148.854473 -3748.65649414063 -65198444.2041454 6453573.53165531 2342590.05819241 234165112.553154
a position +73200 +81000 1001 9003 -135173720.391126 0 -65251315.1672571 -135185897.416723 -3748.65649414063 -65263766.5251595
a position +73200 +81000 9003 1001 -135185897.416723 -3748.65649414063 -65263766.5251595 -135173720.391126 0 -65251315.1672571
a position +78000 +85800 1001 9001 -135133085.152245 0 -65371669.7326367 -135124630.710198 3750.98291015625 -65386848.2854662
a position +78000 +85800 9001 1001 -135124630.710198 3750.98291015625 -65386848.2854662 -135133085.152245 0 -65371669.7326367
a position +73200 +86400 1001 2001 -135128313.943497 0 -65388630.6738039 6274797.36199516 2339502.53561879 234191017.626751
a position +73200 +86400 1001 2002 -135128313.943497 0 -65388630.6738039 6272615.99016962 2339634.20844526 234196363.814764
a position +73200 +86400 1001 2003 -135128313.943497 0 -65388630.6738039 6267269.802156 2339766.43874789 234198609.067055
a position +73200 +86400 1001 2004 -135128313.943497 0 -65388630.6738039 6261881.70746492 2339899.18624848 234196405.721442
a position +84000 +86400 1001 9002 -135128313.943497 0 -65388630.6738039 -135125392.026805 4196.68310546875 -65401677.5151614
a position +73200 +86400 2001 1001 6274797.36199516 2339502.53561879 234191017.626751 -135128313.943497 0 -65388630.6738039
a position +0 +86400 2001 2002 6274797.36199516 2339502.53561879 234191017.626751 6272615.99016962 2339634.20844526 234196363.814764
a position +0 +86400 2001 2003 6274797.36199516 2339502.53561879 234191017.626751 6267269.802156 2339766.43874789 234198609.067055
a position +78000 +86400 2001 2004 6274797.36199516 2339502.53561879 234191017.626751 6261881.70746492 2339899.18624848 234196405.721442
a position +52200 +86400 2001 9001 6274797.36199516 2339502.53561879 234191017.626751 -135117043.787059 3750.98291015625 -65403216.9563235
a position +78600 +86400 2001 9002 6274797.36199516 2339502.53561879 234191017.626751 -135125392.026805 4196.68310546875 -65401677.5151614
a position +73200 +86400 2002 1001 6272615.99016962 2339634.20844526 234196363.814764 -135128313.943497 0 -65388630.6738039
a position +0 +86400 2002 2001 6272615.99016962 2339634.20844526 234196363.814764 6274797.36199516 2339502.53561879 234191017.626751
a position +0 +86400 2002 2003 6272615.99016962 2339634.20844526 234196363.814764 6267269.802156 2339766.43874789 234198609.067055
a position +0 +86400 2002 2004 6272615.99016962 2339634.20844526 234196363.814764 6261881.70746492 2339899.18624848 234196405.721442
a position +67800 +86400 2002 9001 6272615.99016962 2339634.20844526 234196363.814764 -135117043.787059 3750.98291015625 -65403216.9563235
a position +78600 +86400 2002 9002 6272615.99016962 2339634.20844526 234196363.814764 -135125392.026805 4196.68310546875 -65401677.5151614
a position +73200 +86400 2003 1001 6267269.802156 2339766.43874789 234198609.067055 -135128313.943497 0 -65388630.6738039
a position +0 +86400 2003 2001 6267269.802156 2339766.43874789 234198609.067055 6274797.36199516 2339502.53561879 234191017.626751
a position +0 +86400 2003 2002 6267269.802156 2339766.43874789 234198609.067055 6272615.99016962 2339634.20844526 234196363.814764
a position +0 +86400 2003 2004 6267269.802156 2339766.43874789 234198609.067055 6261881.70746492 2339899.18624848 234196405.721442
a position +67200 +86400 2003 9001 6267269.802156 2339766.43874789 234198609.067055 -135117043.787059 3750.98291015625 -65403216.9563235
a position +78600 +86400 2003 9002 6267269.802156 2339766.43874789 234198609.067055 -135125392.026805 4196.68310546875 -65401677.5151614
a position +73200 +86400 2004 1001 6261881.70746492 2339899.18624848 234196405.721442 -135128313.943497 0 -65388630.6738039
a position +78000 +86400 2004 2001 6261881.70746492 2339899.18624848 234196405.721442 6274797.36199516 2339502.53561879 234191017.626751
a position +0 +86400 2004 2002 6261881.70746492 2339899.18624848 234196405.721442 6272615.99016962 2339634.20844526 234196363.814764
a position +0 +86400 2004 2003 6261881.70746492 2339899.18624848 234196405.721442 6267269.802156 2339766.43874789 234198609.067055
a position +52200 +86400 2004 9001 6261881.70746492 2339899.18624848 234196405.721442 -135117043.787059 3750.98291015625 -65403216.9563235
a position +78600 +86400 2004 9002 6261881.70746492 2339899.18624848 234196405.721442 -135125392.026805 4196.68310546875 -65401677.5151614
a position +52200 +86400 9001 2001 -135117043.787059 3750.98291015625 -65403216.9563235 6274797.36199516 2339502.53561879 234191017.626751
a position +67800 +86400 9001 2002 -135117043.787059 3750.98291015625 -65403216.9563235 6272615.99016962 2339634.20844526 234196363.814764
a position +67200 +86400 9001 2003 -135117043.787059 3750.98291015625 -65403216.9563235 6267269.802156 2339766.43874789 234198609.067055
a position +52200 +86400 9001 2004 -135117043.787059 3750.98291015625 -65403216.9563235 6261881.70746492 2339899.18624848 234196405.721442
a position +84000 +86400 9002 1001 -135125392.026805 4196.68310546875 -65401677.5151614 -135128313.943497 0 -65388630.6738039
a position +78600 +86400 9002 2001 -135125392.026805 4196.68310546875 -65401677.5151614 6274797.36199516 2339502.53561879 234191017.626751
a position +78600 +86400 9002 2002 -135125392.026805 4196.68310546875 -65401677.5151614 6272615.99016962 2339634.20844526 234196363.814764
a position +78600 +86400 9002 2003 -135125392.026805 4196.68310546875 -65401677.5151614 6267269.802156 2339766.43874789 234198609.067055
a position +78600 +86400 9002 2004 -135125392.026805 4196.68310546875 -65401677.5151614 6261881.70746492 2339899.18624848 234196405.721442

