a contact +0 +1200 1001 9003 1200
a contact +0 +1200 9003 1001 1200
a contact +1200 +1800 1001 9003 1200
a contact +0 +1800 2002 9002 50
a contact +0 +1800 9002 2002 50
a contact +1200 +1800 9003 1001 1200
a contact +1800 +2400 1001 9003 1200
a contact +1800 +2400 9003 1001 1200
a contact +2400 +3000 1001 2002 50
a contact +2400 +3000 2002 1001 50
a contact +4800 +5400 1001 9003 1200
a contact +4800 +5400 9003 1001 1200
a contact +2400 +15600 1001 2004 50
a contact +1800 +15600 2001 9002 50
a contact +0 +15600 2003 9001 50
a contact +2400 +15600 2004 1001 50
a contact +0 +15600 9001 2003 50
a contact +1800 +15600 9002 2001 50
a contact +15600 +23400 1001 2001 50
a contact +5400 +23400 1001 2002 50
a contact +15600 +23400 2001 1001 50
a contact +5400 +23400 2002 1001 50
a contact +23400 +25800 1001 9001 1200
a contact +23400 +25800 1001 9003 1200
a contact +23400 +25800 9001 1001 1200
a contact +23400 +25800 9003 1001 1200
a contact +25800 +26400 1001 9001 1200
a contact +15600 +26400 2004 9002 50
a contact +25800 +26400 9001 1001 1200
a contact +15600 +26400 9002 2004 50
a contact +26400 +42600 2002 9002 50
a contact +26400 +42600 9002 2002 50
a contact +26400 +45600 1001 2003 50
a contact +26400 +45600 2003 1001 50
a contact +26400 +46800 1001 2004 50
a contact +46200 +46800 1001 2003 50
a contact +46200 +46800 2003 1001 50
a contact +26400 +46800 2004 1001 50
a contact +46800 +47400 1001 9001 1200
a contact +46800 +47400 9001 1001 1200
a contact +47400 +48000 1001 9002 1200
a contact +47400 +48000 9002 1001 1200
a contact +49200 +49800 1001 9002 1200
a contact +49200 +49800 9002 1001 1200
a contact +52200 +65400 2002 9001 50
a contact +52200 +65400 9001 2002 50
a contact +49800 +66600 1001 2004 50
a contact +49800 +66600 1001 2003 50
a contact +49800 +66600 2003 1001 50
a contact +49800 +66600 2004 1001 50
a contact +66600 +67200 1001 2004 50
a contact +66600 +67200 2004 1001 50
a contact +67200 +70800 1001 2004 50
a contact +67200 +70800 1001 2003 50
a contact +67200 +70800 2003 1001 50
a contact +67200 +70800 2004 1001 50
a contact +70800 +73200 1001 9002 1200
a contact +70800 +73200 9002 1001 1200
a contact +30000 +78600 2001 9003 50
a contact +67800 +78600 2002 9001 50
a contact +67800 +78600 9001 2002 50
a contact +30000 +78600 9003 2001 50
a contact +73200 +86400 1001 2004 50
a contact +73200 +86400 1001 2003 50
a contact +78600 +86400 2001 9001 50
a contact +78600 +86400 2002 9002 50
a contact +73200 +86400 2003 1001 50
a contact +73200 +86400 2004 1001 50
a contact +78600 +86400 9001 2001 50
a contact +78600 +86400 9002 2002 50

a range +0 +1200 1001 9003 0.0593
a range +0 +1200 9003 1001 0.0593
a range +1200 +1800 1001 9003 0.0593
a range +0 +1800 2002 9002 1101.8704
a range +0 +1800 9002 2002 1101.8704
a range +1200 +1800 9003 1001 0.0593
a range +1800 +2400 1001 9003 0.0593
a range +1800 +2400 9003 1001 0.0593
a range +2400 +3000 1001 2002 1101.9294
a range +2400 +3000 2002 1001 1101.9294
a range +4800 +5400 1001 9003 0.0593
a range +4800 +5400 9003 1001 0.0593
a range +2400 +15600 1001 2004 1102.7071
a range +1800 +15600 2001 9002 1103.3947
a range +0 +15600 2003 9001 1102.3244
a range +2400 +15600 2004 1001 1102.7071
a range +0 +15600 9001 2003 1102.3244
a range +1800 +15600 9002 2001 1103.3947
a range +15600 +23400 1001 2001 1102.7095
a range +5400 +23400 1001 2002 1102.7218
a range +15600 +23400 2001 1001 1102.7095
a range +5400 +23400 2002 1001 1102.7218
a range +23400 +25800 1001 9001 0.0601
a range +23400 +25800 1001 9003 0.0602
a range +23400 +25800 9001 1001 0.0601
a range +23400 +25800 9003 1001 0.0602
a range +25800 +26400 1001 9001 0.0601
a range +15600 +26400 2004 9002 1103.3935
a range +25800 +26400 9001 1001 0.0601
a range +15600 +26400 9002 2004 1103.3935
a range +26400 +42600 2002 9002 1103.4033
a range +26400 +42600 9002 2002 1103.4033
a range +26400 +45600 1001 2003 1103.5694
a range +26400 +45600 2003 1001 1103.5694
a range +26400 +46800 1001 2004 1103.6093
a range +46200 +46800 1001 2003 1103.623
a range +46200 +46800 2003 1001 1103.623
a range +26400 +46800 2004 1001 1103.6093
a range +46800 +47400 1001 9001 0.061
a range +46800 +47400 9001 1001 0.061
a range +47400 +48000 1001 9002 0.0591
a range +47400 +48000 9002 1001 0.0591
a range +49200 +49800 1001 9002 0.0591
a range +49200 +49800 9002 1001 0.0591
a range +52200 +65400 2002 9001 1104.2733
a range +52200 +65400 9001 2002 1104.2733
a range +49800 +66600 1001 2004 1104.5299
a range +49800 +66600 1001 2003 1104.3456
a range +49800 +66600 2003 1001 1104.3456
a range +49800 +66600 2004 1001 1104.5299
a range +66600 +67200 1001 2004 1104.5299
a range +66600 +67200 2004 1001 1104.5299
a range +67200 +70800 1001 2004 1104.5299
a range +67200 +70800 1001 2003 1104.5332
a range +67200 +70800 2003 1001 1104.5332
a range +67200 +70800 2004 1001 1104.5299
a range +70800 +73200 1001 9002 0.0599
a range +70800 +73200 9002 1001 0.0599
a range +30000 +78600 2001 9003 1104.7652
a range +67800 +78600 2002 9001 1105.0813
a range +67800 +78600 9001 2002 1105.0813
a range +30000 +78600 9003 2001 1104.7652
a range +73200 +86400 1001 2004 1105.0383
a range +73200 +86400 1001 2003 1105.0526
a range +78600 +86400 2001 9001 1105.0683
a range +78600 +86400 2002 9002 1105.0885
a range +73200 +86400 2003 1001 1105.0526
a range +73200 +86400 2004 1001 1105.0383
a range +78600 +86400 9001 2001 1105.0683
a range +78600 +86400 9002 2002 1105.0885
