a contact +500 +600 2011 2031 1000
a contact +500 +600 2031 2011 1000
a contact +600 +800 2007 2035 1000
a contact +600 +800 2035 2007 1000
a contact +1000 +1100 1003 2004 1000
a contact +1000 +1100 2004 1003 1000
a contact +1100 +1200 2020 2030 1000
a contact +1100 +1200 2030 2020 1000
a contact +1500 +1600 2023 2030 1000
a contact +1500 +1600 2030 2023 1000
a contact +2200 +2300 2004 2021 1000
a contact +2200 +2300 2021 2004 1000
a contact +2300 +2400 2022 2023 1000
a contact +2300 +2400 2023 2022 1000
a contact +2400 +2500 2013 2035 1000
a contact +2400 +2500 2035 2013 1000
a contact +2500 +2600 1002 2005 1000
a contact +2500 +2600 2005 1002 1000
a contact +2600 +2700 2022 2028 1000
a contact +2600 +2700 2028 2022 1000
a contact +2800 +3000 2022 2032 1000
a contact +2800 +3000 2032 2022 1000
a contact +3000 +3100 1003 2024 1000
a contact +3000 +3100 2024 1003 1000
a contact +3100 +3200 2018 2019 1000
a contact +3100 +3200 2019 2018 1000
a contact +3700 +3800 2014 2015 1000
a contact +3700 +3800 2015 2014 1000
a contact +4200 +4300 1003 2028 1000
a contact +4200 +4300 2028 1003 1000
a contact +4400 +4500 2008 9001 1000
a contact +4400 +4500 9001 2008 1000
a contact +4600 +4700 2022 2024 1000
a contact +4600 +4700 2024 2022 1000
a contact +5100 +5200 2024 2036 1000
a contact +5100 +5200 2036 2024 1000
a contact +5200 +5300 2009 2036 1000
a contact +5200 +5300 2036 2009 1000
a contact +5300 +5400 1003 2027 1000
a contact +5300 +5400 2001 2016 1000
a contact +5300 +5400 2016 2001 1000
a contact +5300 +5400 2027 1003 1000
a contact +5400 +5500 2007 2030 1000
a contact +5400 +5500 2030 2007 1000
a contact +5600 +5700 2015 9001 1000
a contact +5600 +5700 9001 2015 1000
a contact +6200 +6300 1001 2022 1000
a contact +6200 +6300 2022 1001 1000
a contact +6200 +6300 2032 2033 1000
a contact +6200 +6300 2033 2032 1000
a contact +6200 +6300 2035 2036 1000
a contact +6200 +6300 2036 2035 1000
a contact +6300 +6400 2003 2020 1000
a contact +6300 +6400 2020 2003 1000
a contact +6400 +6600 2002 2014 1000
a contact +6400 +6600 2014 2002 1000
a contact +7300 +7400 2005 2021 1000
a contact +7300 +7400 2007 2025 1000
a contact +7300 +7400 2021 2005 1000
a contact +7300 +7400 2025 2007 1000
a contact +7400 +7500 1003 2034 1000
a contact +7400 +7500 2034 1003 1000
a contact +7500 +7600 2007 2032 1000
a contact +7500 +7600 2032 2007 1000
a contact +7700 +7800 2004 2013 1000
a contact +7700 +7800 2011 2032 1000
a contact +7700 +7800 2013 2004 1000
a contact +7700 +7800 2032 2011 1000
a contact +7800 +7900 1002 2033 1000
a contact +7800 +7900 2013 2019 1000
a contact +7800 +7900 2019 2013 1000
a contact +7800 +7900 2033 1002 1000
a contact +7900 +8000 1002 9002 1000
a contact +7900 +8000 2012 2029 1000
a contact +7900 +8000 2029 2012 1000
a contact +7900 +8000 9002 1002 1000
a contact +8000 +8100 2004 2005 1000
a contact +8000 +8100 2005 2004 1000
a contact +8000 +8100 2022 2028 1000
a contact +8000 +8100 2028 2022 1000
a contact +8200 +8300 2005 2031 1000
a contact +8200 +8300 2031 2005 1000
a contact +8400 +8500 2019 2030 1000
a contact +8400 +8500 2022 2033 1000
a contact +8400 +8500 2030 2019 1000
a contact +8400 +8500 2033 2022 1000
a contact +8800 +8900 2010 2026 1000
a contact +8800 +8900 2011 2036 1000
a contact +8800 +8900 2026 2010 1000
a contact +8800 +8900 2036 2011 1000
a contact +9200 +9300 2025 2034 1000
a contact +9200 +9300 2034 2025 1000
a contact +9500 +9600 2010 2020 1000
a contact +9500 +9600 2020 2010 1000
a contact +9600 +9700 1003 9003 1000
a contact +9600 +9700 2026 2034 1000
a contact +9600 +9700 2034 2026 1000
a contact +9600 +9700 9003 1003 1000
a contact +10100 +10200 2005 2026 1000
a contact +10100 +10200 2024 2035 1000
a contact +10100 +10200 2026 2005 1000
a contact +10100 +10200 2035 2024 1000
a contact +10800 +11000 1003 2028 1000
a contact +10900 +11000 2017 2023 1000
a contact +10900 +11000 2023 2017 1000
a contact +10800 +11000 2028 1003 1000
a contact +11000 +11100 2028 9002 1000
a contact +11000 +11100 9002 2028 1000
a contact +11400 +11500 2004 2010 1000
a contact +11400 +11500 2010 2004 1000
a contact +11500 +11600 1003 2016 1000
a contact +11500 +11600 2016 1003 1000
a contact +12000 +12100 2003 2035 1000
a contact +12000 +12100 2014 2015 1000
a contact +12000 +12100 2015 2014 1000
a contact +12000 +12100 2035 2003 1000
a contact +12200 +12300 2009 2031 1000
a contact +12200 +12300 2031 2009 1000
a contact +12300 +12400 2005 2016 1000
a contact +12300 +12400 2016 2005 1000
a contact +12600 +12700 2019 2026 1000
a contact +12600 +12700 2026 2019 1000
a contact +12700 +12800 1003 2024 1000
a contact +12700 +12800 2005 2012 1000
a contact +12700 +12800 2012 2005 1000
a contact +12700 +12800 2024 1003 1000
a contact +12800 +12900 2007 2023 1000
a contact +12800 +12900 2023 2007 1000
a contact +13300 +13400 2016 2036 1000
a contact +13300 +13400 2036 2016 1000
a contact +14100 +14200 2015 2033 1000
a contact +14100 +14200 2033 2015 1000
a contact +14200 +14300 2032 2033 1000
a contact +14200 +14300 2033 2032 1000
a contact +14300 +14400 2004 2010 1000
a contact +14300 +14400 2010 2004 1000
a contact +14400 +14500 2008 2024 1000
a contact +14400 +14500 2024 2008 1000
a contact +14500 +14600 1003 2009 1000
a contact +14500 +14600 2009 1003 1000
a contact +14500 +14600 2013 2032 1000
a contact +14500 +14600 2032 2013 1000
a contact +14600 +14700 2022 2033 1000
a contact +14600 +14700 2033 2022 1000
a contact +14900 +15000 2012 2020 1000
a contact +14900 +15000 2020 2012 1000
a contact +15000 +15100 1003 2006 1000
a contact +15000 +15100 2006 1003 1000
a contact +15500 +15600 2019 2027 1000
a contact +15500 +15600 2027 2019 1000
a contact +15700 +15800 2010 2035 1000
a contact +15700 +15800 2035 2010 1000
a contact +15800 +15900 2020 2028 1000
a contact +15800 +15900 2028 2020 1000
a contact +16100 +16200 2011 9002 1000
a contact +16100 +16200 9002 2011 1000
a contact +16300 +16400 1001 2023 1000
a contact +16300 +16400 2023 1001 1000
a contact +16400 +16500 2014 9002 1000
a contact +16400 +16500 9002 2014 1000
a contact +16900 +17000 2028 2036 1000
a contact +16900 +17000 2036 2028 1000
a contact +17300 +17400 2002 2008 1000
a contact +17300 +17400 2008 2002 1000
a contact +17300 +17400 2009 2016 1000
a contact +17300 +17400 2016 2009 1000
a contact +17400 +17500 2003 2015 1000
a contact +17400 +17500 2015 2003 1000
a contact +17500 +17600 2005 2028 1000
a contact +17500 +17600 2028 2005 1000
a contact +17900 +18000 1002 9001 1000
a contact +17900 +18000 9001 1002 1000
a contact +18400 +18500 2033 2034 1000
a contact +18400 +18500 2034 2033 1000
a contact +18500 +18600 2003 2029 1000
a contact +18500 +18600 2029 2003 1000
a contact +18700 +18800 1002 2024 1000
a contact +18700 +18800 2024 1002 1000
a contact +18900 +19000 2018 2032 1000
a contact +18900 +19000 2032 2018 1000
a contact +19100 +19200 2017 9002 1000
a contact +19100 +19200 9002 2017 1000
a contact +19400 +19500 2014 2033 1000
a contact +19400 +19500 2033 2014 1000
a contact +19500 +19600 2001 2016 1000
a contact +19500 +19600 2016 2001 1000
a contact +19700 +19800 2003 2031 1000
a contact +19700 +19800 2031 2003 1000
a contact +19900 +20000 2017 2033 1000
a contact +19900 +20000 2027 2029 1000
a contact +19900 +20000 2029 2027 1000
a contact +19900 +20000 2033 2017 1000
a contact +20200 +20300 2013 2023 1000
a contact +20200 +20300 2023 2013 1000
a contact +20400 +20500 1002 2015 1000
a contact +20400 +20500 2015 1002 1000
a contact +21300 +21400 2022 2024 1000
a contact +21300 +21400 2024 2022 1000
a contact +21500 +21600 2017 2018 1000
a contact +21500 +21600 2018 2017 1000
a contact +21600 +21700 2016 2023 1000
a contact +21600 +21700 2023 2016 1000
a contact +22600 +22700 2013 2033 1000
a contact +22600 +22700 2033 2013 1000
a contact +22900 +23000 2003 2018 1000
a contact +22900 +23000 2018 2003 1000
a contact +23000 +23100 2014 2032 1000
a contact +23000 +23100 2032 2014 1000
a contact +23700 +23800 2016 9002 1000
a contact +23700 +23800 9002 2016 1000
a contact +24500 +24600 2002 2022 1000
a contact +24500 +24600 2022 2002 1000
a contact +25000 +25100 2003 2021 1000
a contact +25000 +25100 2021 2003 1000
a contact +25100 +25200 2033 2034 1000
a contact +25100 +25200 2034 2033 1000
a contact +25200 +25300 2031 2033 1000
a contact +25200 +25300 2033 2031 1000
a contact +25300 +25400 2032 2034 1000
a contact +25300 +25400 2034 2032 1000
a contact +25500 +25600 2012 2013 1000
a contact +25500 +25600 2013 2012 1000
a contact +25600 +25700 2001 2033 1000
a contact +25600 +25700 2033 2001 1000
a contact +25700 +25800 2007 2014 1000
a contact +25700 +25800 2014 2007 1000
a contact +25800 +25900 2001 2029 1000
a contact +25800 +25900 2009 2016 1000
a contact +25800 +25900 2012 2019 1000
a contact +25800 +25900 2016 2009 1000
a contact +25800 +25900 2019 2012 1000
a contact +25800 +25900 2029 2001 1000
a contact +26000 +26100 1003 2030 1000
a contact +26000 +26100 2018 2034 1000
a contact +26000 +26100 2030 1003 1000
a contact +26000 +26100 2034 2018 1000
a contact +26200 +26300 2006 2012 1000
a contact +26200 +26300 2012 2006 1000
a contact +26500 +26600 2015 2036 1000
a contact +26500 +26600 2036 2015 1000
a contact +26800 +26900 2011 2032 1000
a contact +26800 +26900 2032 2011 1000
a contact +26900 +27000 2003 2033 1000
a contact +26900 +27000 2033 2003 1000
a contact +27000 +27100 2002 2033 1000
a contact +27000 +27100 2033 2002 1000
a contact +27200 +27300 1002 2013 1000
a contact +27200 +27300 2013 1002 1000
a contact +27400 +27500 2002 2027 1000
a contact +27400 +27500 2006 2035 1000
a contact +27400 +27500 2027 2002 1000
a contact +27400 +27500 2035 2006 1000
a contact +27500 +27600 1003 2024 1000
a contact +27500 +27600 2024 1003 1000
a contact +27600 +27700 2019 2036 1000
a contact +27600 +27700 2036 2019 1000
a contact +28100 +28200 2001 2013 1000
a contact +28100 +28200 2013 2001 1000
a contact +28200 +28300 1002 2019 1000
a contact +28200 +28300 2019 1002 1000
a contact +28800 +28900 1003 2036 1000
a contact +28800 +28900 2036 1003 1000
a contact +29200 +29300 1001 2036 1000
a contact +29200 +29300 2002 2028 1000
a contact +29200 +29300 2028 2002 1000
a contact +29200 +29300 2036 1001 1000
a contact +29300 +29400 2004 2027 1000
a contact +29300 +29400 2027 2004 1000
a contact +29600 +29700 1003 2036 1000
a contact +29600 +29700 2036 1003 1000
a contact +29800 +29900 2004 2036 1000
a contact +29800 +29900 2014 2022 1000
a contact +29800 +29900 2018 2030 1000
a contact +29800 +29900 2022 2014 1000
a contact +29800 +29900 2030 2018 1000
a contact +29800 +29900 2036 2004 1000
a contact +30100 +30200 1001 2032 1000
a contact +30100 +30200 1002 2035 1000
a contact +30100 +30200 2032 1001 1000
a contact +30100 +30200 2035 1002 1000
a contact +30400 +30500 1002 2036 1000
a contact +30400 +30500 1003 9001 1000
a contact +30400 +30500 2036 1002 1000
a contact +30400 +30500 9001 1003 1000
a contact +30500 +30600 1002 2034 1000
a contact +30500 +30600 2006 2026 1000
a contact +30500 +30600 2009 2029 1000
a contact +30500 +30600 2026 2006 1000
a contact +30500 +30600 2029 2009 1000
a contact +30500 +30600 2034 1002 1000
a contact +30600 +30700 2019 2026 1000
a contact +30600 +30700 2026 2019 1000
a contact +30700 +30800 2017 2019 1000
a contact +30700 +30800 2019 2017 1000
a contact +31500 +31600 2025 2027 1000
a contact +31500 +31600 2027 2025 1000
a contact +31700 +31800 2019 2034 1000
a contact +31700 +31800 2023 2030 1000
a contact +31700 +31800 2030 2023 1000
a contact +31700 +31800 2034 2019 1000
a contact +32100 +32200 2005 9002 1000
a contact +32100 +32200 2007 2024 1000
a contact +32100 +32200 2024 2007 1000
a contact +32100 +32200 9002 2005 1000
a contact +32400 +32500 2014 2023 1000
a contact +32400 +32500 2023 2014 1000
a contact +32600 +32700 2033 2034 1000
a contact +32600 +32700 2034 2033 1000
a contact +32700 +32800 2007 2025 1000
a contact +32700 +32800 2025 2007 1000
a contact +33000 +33100 2009 2016 1000
a contact +33000 +33100 2016 2009 1000
a contact +33100 +33200 2004 2019 1000
a contact +33100 +33200 2019 2004 1000
a contact +33100 +33200 2034 2035 1000
a contact +33100 +33200 2035 2034 1000
a contact +33200 +33300 1002 2008 1000
a contact +33200 +33300 2008 1002 1000
a contact +33300 +33400 2021 2027 1000
a contact +33300 +33400 2027 2021 1000
a contact +33400 +33500 2006 2030 1000
a contact +33400 +33500 2013 2014 1000
a contact +33400 +33500 2014 2013 1000
a contact +33400 +33500 2030 2006 1000
a contact +33800 +33900 2017 2033 1000
a contact +33800 +33900 2033 2017 1000
a contact +33900 +34000 1001 2008 1000
a contact +33900 +34000 2008 1001 1000
a contact +34000 +34100 2003 9003 1000
a contact +34000 +34100 9003 2003 1000
a contact +34100 +34200 2026 2033 1000
a contact +34100 +34200 2033 2026 1000
a contact +34400 +34500 2019 2030 1000
a contact +34400 +34500 2030 2019 1000
a contact +34700 +34800 1002 2008 1000
a contact +34700 +34800 2008 1002 1000
a contact +35000 +35100 2009 2021 1000
a contact +35000 +35100 2021 2009 1000
a contact +35200 +35300 1001 2008 1000
a contact +35200 +35300 2002 2018 1000
a contact +35200 +35300 2008 1001 1000
a contact +35200 +35300 2018 2002 1000
a contact +35300 +35400 1003 2008 1000
a contact +35300 +35400 2008 1003 1000
a contact +35500 +35600 2016 2017 1000
a contact +35500 +35600 2017 2016 1000
a contact +35500 +35600 2025 2026 1000
a contact +35500 +35600 2026 2025 1000
a contact +35800 +35900 2029 9002 1000
a contact +35800 +35900 9002 2029 1000
a contact +35900 +36000 2023 2035 1000
a contact +35900 +36000 2035 2023 1000
a contact +36000 +36100 2028 9002 1000
a contact +36000 +36100 9002 2028 1000
a contact +36600 +36700 2003 9003 1000
a contact +36600 +36700 9003 2003 1000
a contact +36700 +36800 2022 2033 1000
a contact +36700 +36800 2033 2022 1000
a contact +37000 +37100 2019 2020 1000
a contact +37000 +37100 2020 2019 1000
a contact +37200 +37300 2017 2019 1000
a contact +37200 +37300 2019 2017 1000
a contact +38200 +38300 2003 9003 1000
a contact +38200 +38300 2007 2016 1000
a contact +38200 +38300 2014 2023 1000
a contact +38200 +38300 2016 2007 1000
a contact +38200 +38300 2023 2014 1000
a contact +38200 +38300 9003 2003 1000
a contact +38500 +38600 2021 2027 1000
a contact +38500 +38600 2027 2021 1000
a contact +38700 +38800 1001 2008 1000
a contact +38700 +38800 2008 1001 1000
a contact +38800 +38900 2025 2033 1000
a contact +38800 +38900 2033 2025 1000
a contact +38900 +39000 2002 2018 1000
a contact +38900 +39000 2018 2002 1000
a contact +39100 +39200 1002 9001 1000
a contact +39100 +39200 9001 1002 1000
a contact +39800 +39900 1002 9001 1000
a contact +39800 +39900 2003 9003 1000
a contact +39800 +39900 9001 1002 1000
a contact +39800 +39900 9003 2003 1000
a contact +40100 +40200 1002 9001 1000
a contact +40100 +40200 2036 9002 1000
a contact +40100 +40200 9001 1002 1000
a contact +40100 +40200 9002 2036 1000
a contact +40500 +40600 1002 9001 1000
a contact +40500 +40600 9001 1002 1000
a contact +40700 +40800 2009 2025 1000
a contact +40700 +40800 2025 2009 1000
a contact +40800 +40900 2016 2027 1000
a contact +40800 +40900 2027 2016 1000
a contact +41400 +41500 2024 2030 1000
a contact +41400 +41500 2030 2024 1000
a contact +41500 +41600 1002 9001 1000
a contact +41500 +41600 9001 1002 1000
a contact +41700 +41800 2013 2025 1000
a contact +41700 +41800 2025 2013 1000
a contact +41800 +41900 2002 2031 1000
a contact +41800 +41900 2031 2002 1000
a contact +42400 +42500 2002 2008 1000
a contact +42400 +42500 2008 2002 1000
a contact +42700 +42800 2018 2026 1000
a contact +42700 +42800 2025 2035 1000
a contact +42700 +42800 2026 2018 1000
a contact +42700 +42800 2035 2025 1000
a contact +42800 +42900 2002 2017 1000
a contact +42800 +42900 2017 2002 1000
a contact +43000 +43100 2004 2005 1000
a contact +43000 +43100 2005 2004 1000
a contact +43300 +43400 1002 2014 1000
a contact +43300 +43400 2009 2027 1000
a contact +43300 +43400 2014 1002 1000
a contact +43300 +43400 2027 2009 1000
a contact +43500 +43600 1003 2022 1000
a contact +43500 +43600 2022 1003 1000
a contact +43600 +43700 1003 2014 1000
a contact +43600 +43700 2006 2035 1000
a contact +43600 +43700 2014 1003 1000
a contact +43600 +43700 2035 2006 1000
a contact +43800 +43900 1002 2023 1000
a contact +43800 +43900 2023 1002 1000
a contact +43900 +44000 1002 2025 1000
a contact +43900 +44000 2001 2028 1000
a contact +43900 +44000 2025 1002 1000
a contact +43900 +44000 2028 2001 1000
a contact +44100 +44200 2007 2033 1000
a contact +44100 +44200 2033 2007 1000
a contact +44300 +44400 1002 2027 1000
a contact +44300 +44400 2027 1002 1000
a contact +44500 +44600 1002 2021 1000
a contact +44500 +44600 2021 1002 1000
a contact +44600 +44700 1002 2012 1000
a contact +44600 +44700 2012 1002 1000
a contact +44700 +44900 2010 2011 1000
a contact +44700 +44900 2011 2010 1000
a contact +44900 +45000 1002 2012 1000
a contact +44900 +45000 2012 1002 1000
a contact +45100 +45200 1002 2009 1000
a contact +45100 +45200 2003 2023 1000
a contact +45100 +45200 2009 1002 1000
a contact +45100 +45200 2023 2003 1000
a contact +45200 +45300 1003 2009 1000
a contact +45200 +45300 2009 1003 1000
a contact +45500 +45600 1002 2009 1000
a contact +45500 +45600 2009 1002 1000
a contact +45600 +45700 2023 9003 1000
a contact +45600 +45700 9003 2023 1000
a contact +45800 +45900 1002 2026 1000
a contact +45800 +45900 2026 1002 1000
a contact +45900 +46000 1003 2026 1000
a contact +45900 +46000 2026 1003 1000
a contact +46000 +46100 2003 2012 1000
a contact +46000 +46100 2012 2003 1000
a contact +46200 +46400 2006 2025 1000
a contact +46200 +46400 2025 2006 1000
a contact +47000 +47100 2001 2019 1000
a contact +47000 +47100 2019 2001 1000
a contact +47500 +47600 2017 9003 1000
a contact +47500 +47600 9003 2017 1000
a contact +48100 +48200 2009 2022 1000
a contact +48100 +48200 2022 2009 1000
a contact +48300 +48500 1003 2027 1000
a contact +48300 +48500 2005 2034 1000
a contact +48300 +48500 2027 1003 1000
a contact +48300 +48500 2034 2005 1000
a contact +48900 +49000 2006 2016 1000
a contact +48900 +49000 2016 2006 1000
a contact +49000 +49100 1003 2022 1000
a contact +49000 +49100 2011 2018 1000
a contact +49000 +49100 2018 2011 1000
a contact +49000 +49100 2022 1003 1000
a contact +49400 +49500 2003 2014 1000
a contact +49400 +49500 2007 2026 1000
a contact +49400 +49500 2014 2003 1000
a contact +49400 +49500 2026 2007 1000
a contact +49500 +49700 1003 2020 1000
a contact +49500 +49700 2020 1003 1000
a contact +49700 +49800 2007 2034 1000
a contact +49700 +49800 2016 2018 1000
a contact +49700 +49800 2018 2016 1000
a contact +49700 +49800 2034 2007 1000
a contact +49900 +50000 2002 2023 1000
a contact +49900 +50000 2023 2002 1000
a contact +50300 +50400 2015 2032 1000
a contact +50300 +50400 2032 2015 1000
a contact +51800 +51900 2008 2020 1000
a contact +51800 +51900 2014 2015 1000
a contact +51800 +51900 2015 2014 1000
a contact +51800 +51900 2020 2008 1000
a contact +52100 +52200 2003 2004 1000
a contact +52100 +52200 2004 2003 1000
a contact +52100 +52200 2016 2022 1000
a contact +52100 +52200 2022 2016 1000
a contact +52200 +52300 1003 2033 1000
a contact +52200 +52300 2003 2036 1000
a contact +52200 +52300 2033 1003 1000
a contact +52200 +52300 2036 2003 1000
a contact +52600 +52700 2014 2032 1000
a contact +52600 +52700 2032 2014 1000
a contact +52700 +52800 2003 2028 1000
a contact +52700 +52800 2028 2003 1000
a contact +52800 +53000 1002 2033 1000
a contact +52900 +53000 2013 2032 1000
a contact +52900 +53000 2032 2013 1000
a contact +52800 +53000 2033 1002 1000
a contact +53000 +53100 2014 2020 1000
a contact +53000 +53100 2020 2014 1000
a contact +53100 +53200 2008 2027 1000
a contact +53100 +53200 2027 2008 1000
a contact +54100 +54200 2002 2028 1000
a contact +54100 +54200 2028 2002 1000
a contact +54200 +54300 2015 2017 1000
a contact +54200 +54300 2017 2015 1000
a contact +54400 +54500 2011 2013 1000
a contact +54400 +54500 2013 2011 1000
a contact +54500 +54600 2035 9001 1000
a contact +54500 +54600 9001 2035 1000
a contact +54600 +54700 2001 2010 1000
a contact +54600 +54700 2010 2001 1000
a contact +55100 +55200 1003 9002 1000
a contact +55100 +55200 2015 2031 1000
a contact +55100 +55200 2031 2015 1000
a contact +55100 +55200 9002 1003 1000
a contact +55600 +55700 1003 9002 1000
a contact +55600 +55700 9002 1003 1000
a contact +56000 +56100 1002 2033 1000
a contact +56000 +56100 2033 1002 1000
a contact +56300 +56400 1003 9002 1000
a contact +56300 +56400 9002 1003 1000
a contact +56400 +56500 1001 2033 1000
a contact +56400 +56500 2033 1001 1000
a contact +56500 +56600 1002 2033 1000
a contact +56500 +56600 2015 2024 1000
a contact +56500 +56600 2024 2015 1000
a contact +56500 +56600 2033 1002 1000
a contact +56700 +56800 2016 2017 1000
a contact +56700 +56800 2017 2016 1000
a contact +56800 +56900 1003 9002 1000
a contact +56800 +56900 9002 1003 1000
a contact +56900 +57000 2005 2020 1000
a contact +56900 +57000 2020 2005 1000
a contact +57100 +57200 2008 2018 1000
a contact +57100 +57200 2018 2008 1000
a contact +57300 +57400 1002 2033 1000
a contact +57300 +57400 2016 2034 1000
a contact +57300 +57400 2033 1002 1000
a contact +57300 +57400 2034 2016 1000
a contact +57400 +57500 2015 2034 1000
a contact +57400 +57500 2025 2027 1000
a contact +57400 +57500 2027 2025 1000
a contact +57400 +57500 2034 2015 1000
a contact +57500 +57600 2008 2017 1000
a contact +57500 +57600 2017 2008 1000
a contact +57700 +57800 2020 2022 1000
a contact +57700 +57800 2022 2020 1000
a contact +58000 +58100 2008 2019 1000
a contact +58000 +58100 2019 2008 1000
a contact +58200 +58300 1001 2009 1000
a contact +58200 +58300 2009 1001 1000
a contact +60000 +60100 2015 2022 1000
a contact +60000 +60100 2022 2015 1000
a contact +60200 +60300 2022 2031 1000
a contact +60200 +60300 2031 2022 1000
a contact +60300 +60400 1002 2033 1000
a contact +60300 +60400 1003 2009 1000
a contact +60300 +60400 2009 1003 1000
a contact +60300 +60400 2033 1002 1000
a contact +60500 +60600 1003 2033 1000
a contact +60500 +60600 2033 1003 1000
a contact +60600 +60700 2018 2028 1000
a contact +60600 +60700 2028 2018 1000
a contact +60800 +60900 2008 2015 1000
a contact +60800 +60900 2015 2008 1000
a contact +61000 +61100 2021 9001 1000
a contact +61000 +61100 9001 2021 1000
a contact +61100 +61200 1002 2033 1000
a contact +61100 +61200 2033 1002 1000
a contact +61200 +61300 1003 2009 1000
a contact +61200 +61300 2009 1003 1000
a contact +61400 +61500 2004 2013 1000
a contact +61400 +61500 2013 2004 1000
a contact +61600 +61700 2008 2034 1000
a contact +61600 +61700 2034 2008 1000
a contact +62100 +62200 2007 9003 1000
a contact +62100 +62200 9003 2007 1000
a contact +62200 +62300 2006 9003 1000
a contact +62200 +62300 9003 2006 1000
a contact +62400 +62500 1002 9002 1000
a contact +62400 +62500 9002 1002 1000
a contact +62700 +62800 2016 2017 1000
a contact +62700 +62800 2017 2016 1000
a contact +63000 +63100 2002 2024 1000
a contact +63000 +63100 2024 2002 1000
a contact +63100 +63200 2004 2015 1000
a contact +63100 +63200 2013 2031 1000
a contact +63100 +63200 2015 2004 1000
a contact +63100 +63200 2031 2013 1000
a contact +63500 +63600 1002 9002 1000
a contact +63500 +63600 9002 1002 1000
a contact +63600 +63700 1002 9002 1000
a contact +63600 +63700 2020 2027 1000
a contact +63600 +63700 2027 2020 1000
a contact +63600 +63700 9002 1002 1000
a contact +63800 +63900 2006 2028 1000
a contact +63800 +63900 2028 2006 1000
a contact +64100 +64200 2008 2027 1000
a contact +64100 +64200 2011 2030 1000
a contact +64100 +64200 2027 2008 1000
a contact +64100 +64200 2030 2011 1000
a contact +64300 +64400 2016 2032 1000
a contact +64300 +64400 2032 2016 1000
a contact +64600 +64800 1002 9002 1000
a contact +64600 +64800 2011 2020 1000
a contact +64600 +64800 2020 2011 1000
a contact +64600 +64800 9002 1002 1000
a contact +65200 +65300 2020 2032 1000
a contact +65200 +65300 2032 2020 1000
a contact +65500 +65600 2008 2020 1000
a contact +65500 +65600 2020 2008 1000
a contact +65700 +65800 2001 2012 1000
a contact +65700 +65800 2012 2001 1000
a contact +66300 +66400 2001 2012 1000
a contact +66300 +66400 2012 2001 1000
a contact +66700 +66900 2018 2027 1000
a contact +66700 +66900 2027 2018 1000
a contact +67000 +67100 2003 2028 1000
a contact +67000 +67100 2015 2022 1000
a contact +67000 +67100 2022 2015 1000
a contact +67000 +67100 2028 2003 1000
a contact +67200 +67300 2011 2019 1000
a contact +67200 +67300 2019 2011 1000
a contact +68600 +68700 2007 9001 1000
a contact +68600 +68700 9001 2007 1000
a contact +68900 +69000 2003 2012 1000
a contact +68900 +69000 2012 2003 1000
a contact +69200 +69300 2008 2027 1000
a contact +69200 +69300 2015 2017 1000
a contact +69200 +69300 2017 2015 1000
a contact +69200 +69300 2027 2008 1000
a contact +69700 +69800 2011 2020 1000
a contact +69700 +69800 2020 2011 1000
a contact +70200 +70300 2006 2022 1000
a contact +70200 +70300 2022 2006 1000
a contact +70400 +70600 2001 2012 1000
a contact +70400 +70600 2012 2001 1000
a contact +70700 +70800 2007 2022 1000
a contact +70700 +70800 2022 2007 1000
a contact +70700 +70800 2026 2034 1000
a contact +70700 +70800 2034 2026 1000
a contact +71200 +71300 2017 2026 1000
a contact +71200 +71300 2026 2017 1000
a contact +71400 +71500 2014 2022 1000
a contact +71400 +71500 2022 2014 1000
a contact +71500 +71600 2015 2026 1000
a contact +71500 +71600 2026 2015 1000
a contact +72900 +73000 2017 2034 1000
a contact +72900 +73000 2034 2017 1000
a contact +73000 +73100 1001 2032 1000
a contact +73000 +73100 2008 9001 1000
a contact +73000 +73100 2032 1001 1000
a contact +73000 +73100 9001 2008 1000
a contact +73100 +73200 2015 2031 1000
a contact +73100 +73200 2031 2015 1000
a contact +73800 +73900 2012 2019 1000
a contact +73800 +73900 2019 2012 1000
a contact +74000 +74100 2016 2022 1000
a contact +74000 +74100 2022 2016 1000
a contact +74100 +74200 2015 2017 1000
a contact +74100 +74200 2017 2015 1000
a contact +74200 +74300 2007 2034 1000
a contact +74200 +74300 2034 2007 1000
a contact +74400 +74500 1003 2032 1000
a contact +74400 +74500 2032 1003 1000
a contact +74500 +74600 2003 2035 1000
a contact +74500 +74600 2035 2003 1000
a contact +74900 +75000 2006 2017 1000
a contact +74900 +75000 2017 2006 1000
a contact +75000 +75100 2007 2015 1000
a contact +75000 +75100 2015 2007 1000
a contact +75100 +75200 2029 9001 1000
a contact +75100 +75200 9001 2029 1000
a contact +76000 +76100 1002 2032 1000
a contact +76000 +76100 2023 2034 1000
a contact +76000 +76100 2032 1002 1000
a contact +76000 +76100 2034 2023 1000
a contact +76100 +76200 2002 2019 1000
a contact +76100 +76200 2019 2002 1000
a contact +76300 +76400 1003 2032 1000
a contact +76300 +76400 2032 1003 1000
a contact +76600 +76700 2008 9001 1000
a contact +76600 +76700 9001 2008 1000
a contact +76700 +76800 2026 2033 1000
a contact +76700 +76800 2033 2026 1000
a contact +76900 +77000 2002 2030 1000
a contact +76900 +77000 2006 2023 1000
a contact +76900 +77000 2023 2006 1000
a contact +76900 +77000 2030 2002 1000
a contact +77200 +77300 1001 2032 1000
a contact +77200 +77300 2032 1001 1000
a contact +77300 +77400 2002 2021 1000
a contact +77300 +77400 2013 2015 1000
a contact +77300 +77400 2015 2013 1000
a contact +77300 +77400 2021 2002 1000
a contact +77400 +77500 1003 2032 1000
a contact +77400 +77500 2003 2004 1000
a contact +77400 +77500 2004 2003 1000
a contact +77400 +77500 2013 2033 1000
a contact +77400 +77500 2032 1003 1000
a contact +77400 +77500 2033 2013 1000
a contact +77800 +77900 1002 2032 1000
a contact +77800 +77900 2032 1002 1000
a contact +78100 +78200 2007 2022 1000
a contact +78100 +78200 2012 2027 1000
a contact +78100 +78200 2022 2007 1000
a contact +78100 +78200 2027 2012 1000
a contact +78300 +78400 2033 2034 1000
a contact +78300 +78400 2034 2033 1000
a contact +78400 +78500 2028 2034 1000
a contact +78400 +78500 2034 2028 1000
a contact +78600 +78700 2024 2025 1000
a contact +78600 +78700 2025 2024 1000
a contact +78600 +78700 2027 2028 1000
a contact +78600 +78700 2028 2027 1000
a contact +78700 +78800 2009 2010 1000
a contact +78700 +78800 2010 2009 1000
a contact +79000 +79100 1002 2020 1000
a contact +79000 +79100 2020 1002 1000
a contact +79300 +79400 2007 2027 1000
a contact +79300 +79400 2009 2026 1000
a contact +79300 +79400 2010 2030 1000
a contact +79300 +79400 2026 2009 1000
a contact +79300 +79400 2027 2007 1000
a contact +79300 +79400 2030 2010 1000
a contact +79400 +79500 1002 2020 1000
a contact +79400 +79500 2020 1002 1000
a contact +79500 +79600 2007 2031 1000
a contact +79500 +79600 2031 2007 1000
a contact +79600 +79700 2009 2036 1000
a contact +79600 +79700 2036 2009 1000
a contact +79800 +79900 2011 2022 1000
a contact +79800 +79900 2017 2029 1000
a contact +79800 +79900 2022 2011 1000
a contact +79800 +79900 2029 2017 1000
a contact +79800 +80000 2032 9002 1000
a contact +79800 +80000 9002 2032 1000
a contact +80300 +80400 2013 2034 1000
a contact +80300 +80400 2034 2013 1000
a contact +80400 +80500 2006 2030 1000
a contact +80400 +80500 2007 2008 1000
a contact +80400 +80500 2008 2007 1000
a contact +80400 +80500 2013 2025 1000
a contact +80400 +80500 2025 2013 1000
a contact +80400 +80500 2030 2006 1000
a contact +80700 +80800 2010 2025 1000
a contact +80700 +80800 2011 2029 1000
a contact +80700 +80800 2025 2010 1000
a contact +80700 +80800 2029 2011 1000
a contact +80900 +81000 2025 2026 1000
a contact +80900 +81000 2026 2025 1000
a contact +81100 +81300 2021 2022 1000
a contact +81100 +81300 2022 2021 1000
a contact +81400 +81500 2003 2005 1000
a contact +81400 +81500 2005 2003 1000
a contact +81400 +81500 2009 2025 1000
a contact +81400 +81500 2012 2028 1000
a contact +81400 +81500 2025 2009 1000
a contact +81400 +81500 2028 2012 1000
a contact +81900 +82000 1002 2004 1000
a contact +81900 +82000 2004 1002 1000
a contact +81900 +82000 2013 2022 1000
a contact +81900 +82000 2022 2013 1000
a contact +82300 +82400 2011 2026 1000
a contact +82300 +82400 2026 2011 1000
a contact +82400 +82500 2009 2036 1000
a contact +82400 +82500 2036 2009 1000
a contact +83200 +83300 2022 2028 1000
a contact +83200 +83300 2026 2036 1000
a contact +83200 +83300 2028 2022 1000
a contact +83200 +83300 2036 2026 1000
a contact +83300 +83400 2011 2021 1000
a contact +83300 +83400 2019 2036 1000
a contact +83300 +83400 2021 2011 1000
a contact +83300 +83400 2036 2019 1000
a contact +83400 +83500 2001 2007 1000
a contact +83400 +83500 2007 2001 1000
a contact +84300 +84600 1002 2005 1000
a contact +84300 +84600 2005 1002 1000
a contact +84400 +84600 2011 2030 1000
a contact +84400 +84600 2030 2011 1000
a contact +84600 +84700 2015 2033 1000
a contact +84600 +84700 2016 2035 1000
a contact +84600 +84700 2021 2027 1000
a contact +84600 +84700 2027 2021 1000
a contact +84600 +84700 2033 2015 1000
a contact +84600 +84700 2035 2016 1000
a contact +86300 +86400 2002 9001 1000
a contact +86300 +86400 9001 2002 1000

a range +500 +600 2011 2031 0.0221
a range +500 +600 2031 2011 0.0221
a range +600 +800 2007 2035 0.0432
a range +600 +800 2035 2007 0.0432
a range +1000 +1100 1003 2004 1102.0792
a range +1000 +1100 2004 1003 1102.0792
a range +1100 +1200 2020 2030 0.0165
a range +1100 +1200 2030 2020 0.0165
a range +1500 +1600 2023 2030 0.0313
a range +1500 +1600 2030 2023 0.0313
a range +2200 +2300 2004 2021 0.017
a range +2200 +2300 2021 2004 0.017
a range +2300 +2400 2022 2023 0.0166
a range +2300 +2400 2023 2022 0.0166
a range +2400 +2500 2013 2035 0.043
a range +2400 +2500 2035 2013 0.043
a range +2500 +2600 1002 2005 1102.3923
a range +2500 +2600 2005 1002 1102.3923
a range +2600 +2700 2022 2028 0.043
a range +2600 +2700 2028 2022 0.043
a range +2800 +3000 2022 2032 0.0223
a range +2800 +3000 2032 2022 0.0223
a range +3000 +3100 1003 2024 1102.1016
a range +3000 +3100 2024 1003 1102.1016
a range +3100 +3200 2018 2019 0.0239
a range +3100 +3200 2019 2018 0.0239
a range +3700 +3800 2014 2015 0.0166
a range +3700 +3800 2015 2014 0.0166
a range +4200 +4300 1003 2028 1102.0796
a range +4200 +4300 2028 1003 1102.0796
a range +4400 +4500 2008 9001 1102.3235
a range +4400 +4500 9001 2008 1102.3235
a range +4600 +4700 2022 2024 0.0312
a range +4600 +4700 2024 2022 0.0312
a range +5100 +5200 2024 2036 0.043
a range +5100 +5200 2036 2024 0.043
a range +5200 +5300 2009 2036 0.0433
a range +5200 +5300 2036 2009 0.0433
a range +5300 +5400 1003 2027 1102.0863
a range +5300 +5400 2001 2016 0.043
a range +5300 +5400 2016 2001 0.043
a range +5300 +5400 2027 1003 1102.0863
a range +5400 +5500 2007 2030 0.043
a range +5400 +5500 2030 2007 0.043
a range +5600 +5700 2015 9001 1102.0801
a range +5600 +5700 9001 2015 1102.0801
a range +6200 +6300 1001 2022 1102.2076
a range +6200 +6300 2022 1001 1102.2076
a range +6200 +6300 2032 2033 0.0166
a range +6200 +6300 2033 2032 0.0166
a range +6200 +6300 2035 2036 0.0166
a range +6200 +6300 2036 2035 0.0166
a range +6300 +6400 2003 2020 0.0163
a range +6300 +6400 2020 2003 0.0163
a range +6400 +6600 2002 2014 0.043
a range +6400 +6600 2014 2002 0.043
a range +7300 +7400 2005 2021 0.0315
a range +7300 +7400 2007 2025 0.0112
a range +7300 +7400 2021 2005 0.0315
a range +7300 +7400 2025 2007 0.0112
a range +7400 +7500 1003 2034 1102.0919
a range +7400 +7500 2034 1003 1102.0919
a range +7500 +7600 2007 2032 0.0432
a range +7500 +7600 2032 2007 0.0432
a range +7700 +7800 2004 2013 0.0122
a range +7700 +7800 2011 2032 0.0431
a range +7700 +7800 2013 2004 0.0122
a range +7700 +7800 2032 2011 0.0431
a range +7800 +7900 1002 2033 1102.3862
a range +7800 +7900 2013 2019 0.043
a range +7800 +7900 2019 2013 0.043
a range +7800 +7900 2033 1002 1102.3862
a range +7900 +8000 1002 9002 0.0593
a range +7900 +8000 2012 2029 0.0163
a range +7900 +8000 2029 2012 0.0163
a range +7900 +8000 9002 1002 0.0593
a range +8000 +8100 2004 2005 0.0166
a range +8000 +8100 2005 2004 0.0166
a range +8000 +8100 2022 2028 0.043
a range +8000 +8100 2028 2022 0.043
a range +8200 +8300 2005 2031 0.0433
a range +8200 +8300 2031 2005 0.0433
a range +8400 +8500 2019 2030 0.0311
a range +8400 +8500 2022 2033 0.0342
a range +8400 +8500 2030 2019 0.0311
a range +8400 +8500 2033 2022 0.0342
a range +8800 +8900 2010 2026 0.0331
a range +8800 +8900 2011 2036 0.0403
a range +8800 +8900 2026 2010 0.0331
a range +8800 +8900 2036 2011 0.0403
a range +9200 +9300 2025 2034 0.0061
a range +9200 +9300 2034 2025 0.0061
a range +9500 +9600 2010 2020 0.0221
a range +9500 +9600 2020 2010 0.0221
a range +9600 +9700 1003 9003 0.0591
a range +9600 +9700 2026 2034 0.0153
a range +9600 +9700 2034 2026 0.0153
a range +9600 +9700 9003 1003 0.0591
a range +10100 +10200 2005 2026 0.0433
a range +10100 +10200 2024 2035 0.0295
a range +10100 +10200 2026 2005 0.0433
a range +10100 +10200 2035 2024 0.0295
a range +10800 +11000 1003 2028 1102.989
a range +10900 +11000 2017 2023 0.043
a range +10900 +11000 2023 2017 0.043
a range +10800 +11000 2028 1003 1102.989
a range +11000 +11100 2028 9002 1103.3753
a range +11000 +11100 9002 2028 1103.3753
a range +11400 +11500 2004 2010 0.043
a range +11400 +11500 2010 2004 0.043
a range +11500 +11600 1003 2016 1102.7082
a range +11500 +11600 2016 1003 1102.7082
a range +12000 +12100 2003 2035 0.0432
a range +12000 +12100 2014 2015 0.0166
a range +12000 +12100 2015 2014 0.0166
a range +12000 +12100 2035 2003 0.0432
a range +12200 +12300 2009 2031 0.0431
a range +12200 +12300 2031 2009 0.0431
a range +12300 +12400 2005 2016 0.033
a range +12300 +12400 2016 2005 0.033
a range +12600 +12700 2019 2026 0.0312
a range +12600 +12700 2026 2019 0.0312
a range +12700 +12800 1003 2024 1102.8488
a range +12700 +12800 2005 2012 0.0313
a range +12700 +12800 2012 2005 0.0313
a range +12700 +12800 2024 1003 1102.8488
a range +12800 +12900 2007 2023 0.0368
a range +12800 +12900 2023 2007 0.0368
a range +13300 +13400 2016 2036 0.0252
a range +13300 +13400 2036 2016 0.0252
a range +14100 +14200 2015 2033 0.0295
a range +14100 +14200 2033 2015 0.0295
a range +14200 +14300 2032 2033 0.0166
a range +14200 +14300 2033 2032 0.0166
a range +14300 +14400 2004 2010 0.043
a range +14300 +14400 2010 2004 0.043
a range +14400 +14500 2008 2024 0.0248
a range +14400 +14500 2024 2008 0.0248
a range +14500 +14600 1003 2009 1102.9852
a range +14500 +14600 2009 1003 1102.9852
a range +14500 +14600 2013 2032 0.0322
a range +14500 +14600 2032 2013 0.0322
a range +14600 +14700 2022 2033 0.0342
a range +14600 +14700 2033 2022 0.0342
a range +14900 +15000 2012 2020 0.0165
a range +14900 +15000 2020 2012 0.0165
a range +15000 +15100 1003 2006 1103.0019
a range +15000 +15100 2006 1003 1103.0019
a range +15500 +15600 2019 2027 0.0166
a range +15500 +15600 2027 2019 0.0166
a range +15700 +15800 2010 2035 0.0372
a range +15700 +15800 2035 2010 0.0372
a range +15800 +15900 2020 2028 0.0221
a range +15800 +15900 2028 2020 0.0221
a range +16100 +16200 2011 9002 1102.389
a range +16100 +16200 9002 2011 1102.389
a range +16300 +16400 1001 2023 1102.6746
a range +16300 +16400 2023 1001 1102.6746
a range +16400 +16500 2014 9002 1102.8813
a range +16400 +16500 9002 2014 1102.8813
a range +16900 +17000 2028 2036 0.0166
a range +16900 +17000 2036 2028 0.0166
a range +17300 +17400 2002 2008 0.0421
a range +17300 +17400 2008 2002 0.0421
a range +17300 +17400 2009 2016 0.0296
a range +17300 +17400 2016 2009 0.0296
a range +17400 +17500 2003 2015 0.043
a range +17400 +17500 2015 2003 0.043
a range +17500 +17600 2005 2028 0.0436
a range +17500 +17600 2028 2005 0.0436
a range +17900 +18000 1002 9001 0.0592
a range +17900 +18000 9001 1002 0.0592
a range +18400 +18500 2033 2034 0.0166
a range +18400 +18500 2034 2033 0.0166
a range +18500 +18600 2003 2029 0.0432
a range +18500 +18600 2029 2003 0.0432
a range +18700 +18800 1002 2024 1102.7723
a range +18700 +18800 2024 1002 1102.7723
a range +18900 +19000 2018 2032 0.0432
a range +18900 +19000 2032 2018 0.0432
a range +19100 +19200 2017 9002 1102.6336
a range +19100 +19200 9002 2017 1102.6336
a range +19400 +19500 2014 2033 0.0357
a range +19400 +19500 2033 2014 0.0357
a range +19500 +19600 2001 2016 0.043
a range +19500 +19600 2016 2001 0.043
a range +19700 +19800 2003 2031 0.0432
a range +19700 +19800 2031 2003 0.0432
a range +19900 +20000 2017 2033 0.0248
a range +19900 +20000 2027 2029 0.0341
a range +19900 +20000 2029 2027 0.0341
a range +19900 +20000 2033 2017 0.0248
a range +20200 +20300 2013 2023 0.0223
a range +20200 +20300 2023 2013 0.0223
a range +20400 +20500 1002 2015 1102.7552
a range +20400 +20500 2015 1002 1102.7552
a range +21300 +21400 2022 2024 0.0312
a range +21300 +21400 2024 2022 0.0312
a range +21500 +21600 2017 2018 0.0166
a range +21500 +21600 2018 2017 0.0166
a range +21600 +21700 2016 2023 0.033
a range +21600 +21700 2023 2016 0.033
a range +22600 +22700 2013 2033 0.0405
a range +22600 +22700 2033 2013 0.0405
a range +22900 +23000 2003 2018 0.043
a range +22900 +23000 2018 2003 0.043
a range +23000 +23100 2014 2032 0.0339
a range +23000 +23100 2032 2014 0.0339
a range +23700 +23800 2016 9002 1102.7159
a range +23700 +23800 9002 2016 1102.7159
a range +24500 +24600 2002 2022 0.0221
a range +24500 +24600 2022 2002 0.0221
a range +25000 +25100 2003 2021 0.0005
a range +25000 +25100 2021 2003 0.0005
a range +25100 +25200 2033 2034 0.0166
a range +25100 +25200 2034 2033 0.0166
a range +25200 +25300 2031 2033 0.0312
a range +25200 +25300 2033 2031 0.0312
a range +25300 +25400 2032 2034 0.0312
a range +25300 +25400 2034 2032 0.0312
a range +25500 +25600 2012 2013 0.0166
a range +25500 +25600 2013 2012 0.0166
a range +25600 +25700 2001 2033 0.0431
a range +25600 +25700 2033 2001 0.0431
a range +25700 +25800 2007 2014 0.033
a range +25700 +25800 2014 2007 0.033
a range +25800 +25900 2001 2029 0.0432
a range +25800 +25900 2009 2016 0.0296
a range +25800 +25900 2012 2019 0.0311
a range +25800 +25900 2016 2009 0.0296
a range +25800 +25900 2019 2012 0.0311
a range +25800 +25900 2029 2001 0.0432
a range +26000 +26100 1003 2030 1102.9989
a range +26000 +26100 2018 2034 0.0252
a range +26000 +26100 2030 1003 1102.9989
a range +26000 +26100 2034 2018 0.0252
a range +26200 +26300 2006 2012 0.043
a range +26200 +26300 2012 2006 0.043
a range +26500 +26600 2015 2036 0.0431
a range +26500 +26600 2036 2015 0.0431
a range +26800 +26900 2011 2032 0.0432
a range +26800 +26900 2032 2011 0.0432
a range +26900 +27000 2003 2033 0.0434
a range +26900 +27000 2033 2003 0.0434
a range +27000 +27100 2002 2033 0.0434
a range +27000 +27100 2033 2002 0.0434
a range +27200 +27300 1002 2013 1102.9312
a range +27200 +27300 2013 1002 1102.9312
a range +27400 +27500 2002 2027 0.0403
a range +27400 +27500 2006 2035 0.0433
a range +27400 +27500 2027 2002 0.0403
a range +27400 +27500 2035 2006 0.0433
a range +27500 +27600 1003 2024 1102.8488
a range +27500 +27600 2024 1003 1102.8488
a range +27600 +27700 2019 2036 0.0239
a range +27600 +27700 2036 2019 0.0239
a range +28100 +28200 2001 2013 0.043
a range +28100 +28200 2013 2001 0.043
a range +28200 +28300 1002 2019 1103.2862
a range +28200 +28300 2019 1002 1103.2862
a range +28800 +28900 1003 2036 1102.9877
a range +28800 +28900 2036 1003 1102.9877
a range +29200 +29300 1001 2036 1103.594
a range +29200 +29300 2002 2028 0.0431
a range +29200 +29300 2028 2002 0.0431
a range +29200 +29300 2036 1001 1103.594
a range +29300 +29400 2004 2027 0.0433
a range +29300 +29400 2027 2004 0.0433
a range +29600 +29700 1003 2036 1102.9877
a range +29600 +29700 2036 1003 1102.9877
a range +29800 +29900 2004 2036 0.0434
a range +29800 +29900 2014 2022 0.0223
a range +29800 +29900 2018 2030 0.0433
a range +29800 +29900 2022 2014 0.0223
a range +29800 +29900 2030 2018 0.0433
a range +29800 +29900 2036 2004 0.0434
a range +30100 +30200 1001 2032 1103.6069
a range +30100 +30200 1002 2035 1103.2982
a range +30100 +30200 2032 1001 1103.6069
a range +30100 +30200 2035 1002 1103.2982
a range +30400 +30500 1002 2036 1103.3028
a range +30400 +30500 1003 9001 0.0592
a range +30400 +30500 2036 1002 1103.3028
a range +30400 +30500 9001 1003 0.0592
a range +30500 +30600 1002 2034 1103.2927
a range +30500 +30600 2006 2026 0.0248
a range +30500 +30600 2009 2029 0.0431
a range +30500 +30600 2026 2006 0.0248
a range +30500 +30600 2029 2009 0.0431
a range +30500 +30600 2034 1002 1103.2927
a range +30600 +30700 2019 2026 0.0312
a range +30600 +30700 2026 2019 0.0312
a range +30700 +30800 2017 2019 0.0331
a range +30700 +30800 2019 2017 0.0331
a range +31500 +31600 2025 2027 0.0312
a range +31500 +31600 2027 2025 0.0312
a range +31700 +31800 2019 2034 0.043
a range +31700 +31800 2023 2030 0.0313
a range +31700 +31800 2030 2023 0.0313
a range +31700 +31800 2034 2019 0.043
a range +32100 +32200 2005 9002 1103.3647
a range +32100 +32200 2007 2024 0.0246
a range +32100 +32200 2024 2007 0.0246
a range +32100 +32200 9002 2005 1103.3647
a range +32400 +32500 2014 2023 0.0183
a range +32400 +32500 2023 2014 0.0183
a range +32600 +32700 2033 2034 0.0166
a range +32600 +32700 2034 2033 0.0166
a range +32700 +32800 2007 2025 0.0112
a range +32700 +32800 2025 2007 0.0112
a range +33000 +33100 2009 2016 0.0296
a range +33000 +33100 2016 2009 0.0296
a range +33100 +33200 2004 2019 0.0432
a range +33100 +33200 2019 2004 0.0432
a range +33100 +33200 2034 2035 0.0166
a range +33100 +33200 2035 2034 0.0166
a range +33200 +33300 1002 2008 1103.2987
a range +33200 +33300 2008 1002 1103.2987
a range +33300 +33400 2021 2027 0.0421
a range +33300 +33400 2027 2021 0.0421
a range +33400 +33500 2006 2030 0.0433
a range +33400 +33500 2013 2014 0.0166
a range +33400 +33500 2014 2013 0.0166
a range +33400 +33500 2030 2006 0.0433
a range +33800 +33900 2017 2033 0.0248
a range +33800 +33900 2033 2017 0.0248
a range +33900 +34000 1001 2008 1103.6002
a range +33900 +34000 2008 1001 1103.6002
a range +34000 +34100 2003 9003 1104.7548
a range +34000 +34100 9003 2003 1104.7548
a range +34100 +34200 2026 2033 0.0295
a range +34100 +34200 2033 2026 0.0295
a range +34400 +34500 2019 2030 0.0311
a range +34400 +34500 2030 2019 0.0311
a range +34700 +34800 1002 2008 1103.2987
a range +34700 +34800 2008 1002 1103.2987
a range +35000 +35100 2009 2021 0.0433
a range +35000 +35100 2021 2009 0.0433
a range +35200 +35300 1001 2008 1103.6002
a range +35200 +35300 2002 2018 0.0341
a range +35200 +35300 2008 1001 1103.6002
a range +35200 +35300 2018 2002 0.0341
a range +35300 +35400 1003 2008 1103.8941
a range +35300 +35400 2008 1003 1103.8941
a range +35500 +35600 2016 2017 0.0166
a range +35500 +35600 2017 2016 0.0166
a range +35500 +35600 2025 2026 0.0166
a range +35500 +35600 2026 2025 0.0166
a range +35800 +35900 2029 9002 1103.3698
a range +35800 +35900 9002 2029 1103.3698
a range +35900 +36000 2023 2035 0.043
a range +35900 +36000 2035 2023 0.043
a range +36000 +36100 2028 9002 1103.3753
a range +36000 +36100 9002 2028 1103.3753
a range +36600 +36700 2003 9003 1104.7548
a range +36600 +36700 9003 2003 1104.7548
a range +36700 +36800 2022 2033 0.0342
a range +36700 +36800 2033 2022 0.0342
a range +37000 +37100 2019 2020 0.0166
a range +37000 +37100 2020 2019 0.0166
a range +37200 +37300 2017 2019 0.0331
a range +37200 +37300 2019 2017 0.0331
a range +38200 +38300 2003 9003 1104.7548
a range +38200 +38300 2007 2016 0.0061
a range +38200 +38300 2014 2023 0.0183
a range +38200 +38300 2016 2007 0.0061
a range +38200 +38300 2023 2014 0.0183
a range +38200 +38300 9003 2003 1104.7548
a range +38500 +38600 2021 2027 0.0421
a range +38500 +38600 2027 2021 0.0421
a range +38700 +38800 1001 2008 1103.6002
a range +38700 +38800 2008 1001 1103.6002
a range +38800 +38900 2025 2033 0.0193
a range +38800 +38900 2033 2025 0.0193
a range +38900 +39000 2002 2018 0.0341
a range +38900 +39000 2018 2002 0.0341
a range +39100 +39200 1002 9001 0.0595
a range +39100 +39200 9001 1002 0.0595
a range +39800 +39900 1002 9001 0.0595
a range +39800 +39900 2003 9003 1104.7548
a range +39800 +39900 9001 1002 0.0595
a range +39800 +39900 9003 2003 1104.7548
a range +40100 +40200 1002 9001 0.0595
a range +40100 +40200 2036 9002 1103.3793
a range +40100 +40200 9001 1002 0.0595
a range +40100 +40200 9002 2036 1103.3793
a range +40500 +40600 1002 9001 0.0595
a range +40500 +40600 9001 1002 0.0595
a range +40700 +40800 2009 2025 0.0252
a range +40700 +40800 2025 2009 0.0252
a range +40800 +40900 2016 2027 0.0296
a range +40800 +40900 2027 2016 0.0296
a range +41400 +41500 2024 2030 0.043
a range +41400 +41500 2030 2024 0.043
a range +41500 +41600 1002 9001 0.0595
a range +41500 +41600 9001 1002 0.0595
a range +41700 +41800 2013 2025 0.043
a range +41700 +41800 2025 2013 0.043
a range +41800 +41900 2002 2031 0.0434
a range +41800 +41900 2031 2002 0.0434
a range +42400 +42500 2002 2008 0.0421
a range +42400 +42500 2008 2002 0.0421
a range +42700 +42800 2018 2026 0.0196
a range +42700 +42800 2025 2035 0.0153
a range +42700 +42800 2026 2018 0.0196
a range +42700 +42800 2035 2025 0.0153
a range +42800 +42900 2002 2017 0.043
a range +42800 +42900 2017 2002 0.043
a range +43000 +43100 2004 2005 0.0166
a range +43000 +43100 2005 2004 0.0166
a range +43300 +43400 1002 2014 1103.5899
a range +43300 +43400 2009 2027 0.03
a range +43300 +43400 2014 1002 1103.5899
a range +43300 +43400 2027 2009 0.03
a range +43500 +43600 1003 2022 1103.7278
a range +43500 +43600 2022 1003 1103.7278
a range +43600 +43700 1003 2014 1103.5933
a range +43600 +43700 2006 2035 0.0431
a range +43600 +43700 2014 1003 1103.5933
a range +43600 +43700 2035 2006 0.0431
a range +43800 +43900 1002 2023 1103.6027
a range +43800 +43900 2023 1002 1103.6027
a range +43900 +44000 1002 2025 1103.5032
a range +43900 +44000 2001 2028 0.0432
a range +43900 +44000 2025 1002 1103.5032
a range +43900 +44000 2028 2001 0.0432
a range +44100 +44200 2007 2033 0.0432
a range +44100 +44200 2033 2007 0.0432
a range +44300 +44400 1002 2027 1104.0601
a range +44300 +44400 2027 1002 1104.0601
a range +44500 +44600 1002 2021 1103.7405
a range +44500 +44600 2021 1002 1103.7405
a range +44600 +44700 1002 2012 1103.7243
a range +44600 +44700 2012 1002 1103.7243
a range +44700 +44900 2010 2011 0.0166
a range +44700 +44900 2011 2010 0.0166
a range +44900 +45000 1002 2012 1103.7243
a range +44900 +45000 2012 1002 1103.7243
a range +45100 +45200 1002 2009 1104.2085
a range +45100 +45200 2003 2023 0.0315
a range +45100 +45200 2009 1002 1104.2085
a range +45100 +45200 2023 2003 0.0315
a range +45200 +45300 1003 2009 1103.9005
a range +45200 +45300 2009 1003 1103.9005
a range +45500 +45600 1002 2009 1104.2085
a range +45500 +45600 2009 1002 1104.2085
a range +45600 +45700 2023 9003 1103.6242
a range +45600 +45700 9003 2023 1103.6242
a range +45800 +45900 1002 2026 1104.1679
a range +45800 +45900 2026 1002 1104.1679
a range +45900 +46000 1003 2026 1103.8858
a range +45900 +46000 2026 1003 1103.8858
a range +46000 +46100 2003 2012 0.0003
a range +46000 +46100 2012 2003 0.0003
a range +46200 +46400 2006 2025 0.0246
a range +46200 +46400 2025 2006 0.0246
a range +47000 +47100 2001 2019 0.0337
a range +47000 +47100 2019 2001 0.0337
a range +47500 +47600 2017 9003 1104.0915
a range +47500 +47600 9003 2017 1104.0915
a range +48100 +48200 2009 2022 0.043
a range +48100 +48200 2022 2009 0.043
a range +48300 +48500 1003 2027 1103.8992
a range +48300 +48500 2005 2034 0.043
a range +48300 +48500 2027 1003 1103.8992
a range +48300 +48500 2034 2005 0.043
a range +48900 +49000 2006 2016 0.0193
a range +48900 +49000 2016 2006 0.0193
a range +49000 +49100 1003 2022 1103.7278
a range +49000 +49100 2011 2018 0.0312
a range +49000 +49100 2018 2011 0.0312
a range +49000 +49100 2022 1003 1103.7278
a range +49400 +49500 2003 2014 0.0313
a range +49400 +49500 2007 2026 0.0118
a range +49400 +49500 2014 2003 0.0313
a range +49400 +49500 2026 2007 0.0118
a range +49500 +49700 1003 2020 1103.9228
a range +49500 +49700 2020 1003 1103.9228
a range +49700 +49800 2007 2034 0.0433
a range +49700 +49800 2016 2018 0.0312
a range +49700 +49800 2018 2016 0.0312
a range +49700 +49800 2034 2007 0.0433
a range +49900 +50000 2002 2023 0.043
a range +49900 +50000 2023 2002 0.043
a range +50300 +50400 2015 2032 0.0357
a range +50300 +50400 2032 2015 0.0357
a range +51800 +51900 2008 2020 0.0431
a range +51800 +51900 2014 2015 0.0166
a range +51800 +51900 2015 2014 0.0166
a range +51800 +51900 2020 2008 0.0431
a range +52100 +52200 2003 2004 0.0166
a range +52100 +52200 2004 2003 0.0166
a range +52100 +52200 2016 2022 0.043
a range +52100 +52200 2022 2016 0.043
a range +52200 +52300 1003 2033 1103.8953
a range +52200 +52300 2003 2036 0.0432
a range +52200 +52300 2033 1003 1103.8953
a range +52200 +52300 2036 2003 0.0432
a range +52600 +52700 2014 2032 0.0339
a range +52600 +52700 2032 2014 0.0339
a range +52700 +52800 2003 2028 0.0433
a range +52700 +52800 2028 2003 0.0433
a range +52800 +53000 1002 2033 1104.205
a range +52900 +53000 2013 2032 0.0322
a range +52900 +53000 2032 2013 0.0322
a range +52800 +53000 2033 1002 1104.205
a range +53000 +53100 2014 2020 0.043
a range +53000 +53100 2020 2014 0.043
a range +53100 +53200 2008 2027 0.0254
a range +53100 +53200 2027 2008 0.0254
a range +54100 +54200 2002 2028 0.0433
a range +54100 +54200 2028 2002 0.0433
a range +54200 +54300 2015 2017 0.0312
a range +54200 +54300 2017 2015 0.0312
a range +54400 +54500 2011 2013 0.0312
a range +54400 +54500 2013 2011 0.0312
a range +54500 +54600 2035 9001 1105.0548
a range +54500 +54600 9001 2035 1105.0548
a range +54600 +54700 2001 2010 0.0182
a range +54600 +54700 2010 2001 0.0182
a range +55100 +55200 1003 9002 0.0594
a range +55100 +55200 2015 2031 0.0405
a range +55100 +55200 2031 2015 0.0405
a range +55100 +55200 9002 1003 0.0594
a range +55600 +55700 1003 9002 0.0594
a range +55600 +55700 9002 1003 0.0594
a range +56000 +56100 1002 2033 1104.205
a range +56000 +56100 2033 1002 1104.205
a range +56300 +56400 1003 9002 0.0594
a range +56300 +56400 9002 1003 0.0594
a range +56400 +56500 1001 2033 1104.5077
a range +56400 +56500 2033 1001 1104.5077
a range +56500 +56600 1002 2033 1104.205
a range +56500 +56600 2015 2024 0.0159
a range +56500 +56600 2024 2015 0.0159
a range +56500 +56600 2033 1002 1104.205
a range +56700 +56800 2016 2017 0.0166
a range +56700 +56800 2017 2016 0.0166
a range +56800 +56900 1003 9002 0.0594
a range +56800 +56900 9002 1003 0.0594
a range +56900 +57000 2005 2020 0.0433
a range +56900 +57000 2020 2005 0.0433
a range +57100 +57200 2008 2018 0.0196
a range +57100 +57200 2018 2008 0.0196
a range +57300 +57400 1002 2033 1104.205
a range +57300 +57400 2016 2034 0.0112
a range +57300 +57400 2033 1002 1104.205
a range +57300 +57400 2034 2016 0.0112
a range +57400 +57500 2015 2034 0.0246
a range +57400 +57500 2025 2027 0.0312
a range +57400 +57500 2027 2025 0.0312
a range +57400 +57500 2034 2015 0.0246
a range +57500 +57600 2008 2017 0.0066
a range +57500 +57600 2017 2008 0.0066
a range +57700 +57800 2020 2022 0.0312
a range +57700 +57800 2022 2020 0.0312
a range +58000 +58100 2008 2019 0.0372
a range +58000 +58100 2019 2008 0.0372
a range +58200 +58300 1001 2009 1104.497
a range +58200 +58300 2009 1001 1104.497
a range +60000 +60100 2015 2022 0.0342
a range +60000 +60100 2022 2015 0.0342
a range +60200 +60300 2022 2031 0.0122
a range +60200 +60300 2031 2022 0.0122
a range +60300 +60400 1002 2033 1104.205
a range +60300 +60400 1003 2009 1104.8169
a range +60300 +60400 2009 1003 1104.8169
a range +60300 +60400 2033 1002 1104.205
a range +60500 +60600 1003 2033 1104.8015
a range +60500 +60600 2033 1003 1104.8015
a range +60600 +60700 2018 2028 0.0359
a range +60600 +60700 2028 2018 0.0359
a range +60800 +60900 2008 2015 0.0295
a range +60800 +60900 2015 2008 0.0295
a range +61000 +61100 2021 9001 1104.5098
a range +61000 +61100 9001 2021 1104.5098
a range +61100 +61200 1002 2033 1104.205
a range +61100 +61200 2033 1002 1104.205
a range +61200 +61300 1003 2009 1104.8169
a range +61200 +61300 2009 1003 1104.8169
a range +61400 +61500 2004 2013 0.0122
a range +61400 +61500 2013 2004 0.0122
a range +61600 +61700 2008 2034 0.0434
a range +61600 +61700 2034 2008 0.0434
a range +62100 +62200 2007 9003 1104.7596
a range +62100 +62200 9003 2007 1104.7596
a range +62200 +62300 2006 9003 1104.7527
a range +62200 +62300 9003 2006 1104.7527
a range +62400 +62500 1002 9002 0.0591
a range +62400 +62500 9002 1002 0.0591
a range +62700 +62800 2016 2017 0.0166
a range +62700 +62800 2017 2016 0.0166
a range +63000 +63100 2002 2024 0.0432
a range +63000 +63100 2024 2002 0.0432
a range +63100 +63200 2004 2015 0.0342
a range +63100 +63200 2013 2031 0.0225
a range +63100 +63200 2015 2004 0.0342
a range +63100 +63200 2031 2013 0.0225
a range +63500 +63600 1002 9002 0.0591
a range +63500 +63600 9002 1002 0.0591
a range +63600 +63700 1002 9002 0.0591
a range +63600 +63700 2020 2027 0.0312
a range +63600 +63700 2027 2020 0.0312
a range +63600 +63700 9002 1002 0.0591
a range +63800 +63900 2006 2028 0.043
a range +63800 +63900 2028 2006 0.043
a range +64100 +64200 2008 2027 0.0254
a range +64100 +64200 2011 2030 0.0163
a range +64100 +64200 2027 2008 0.0254
a range +64100 +64200 2030 2011 0.0163
a range +64300 +64400 2016 2032 0.0368
a range +64300 +64400 2032 2016 0.0368
a range +64600 +64800 1002 9002 0.0591
a range +64600 +64800 2011 2020 0.0117
a range +64600 +64800 2020 2011 0.0117
a range +64600 +64800 9002 1002 0.0591
a range +65200 +65300 2020 2032 0.043
a range +65200 +65300 2032 2020 0.043
a range +65500 +65600 2008 2020 0.043
a range +65500 +65600 2020 2008 0.043
a range +65700 +65800 2001 2012 0.0311
a range +65700 +65800 2012 2001 0.0311
a range +66300 +66400 2001 2012 0.0311
a range +66300 +66400 2012 2001 0.0311
a range +66700 +66900 2018 2027 0.0162
a range +66700 +66900 2027 2018 0.0162
a range +67000 +67100 2003 2028 0.043
a range +67000 +67100 2015 2022 0.0342
a range +67000 +67100 2022 2015 0.0342
a range +67000 +67100 2028 2003 0.043
a range +67200 +67300 2011 2019 0.0221
a range +67200 +67300 2019 2011 0.0221
a range +68600 +68700 2007 9001 1105.0611
a range +68600 +68700 9001 2007 1105.0611
a range +68900 +69000 2003 2012 0.0003
a range +68900 +69000 2012 2003 0.0003
a range +69200 +69300 2008 2027 0.0254
a range +69200 +69300 2015 2017 0.0312
a range +69200 +69300 2017 2015 0.0312
a range +69200 +69300 2027 2008 0.0254
a range +69700 +69800 2011 2020 0.0117
a range +69700 +69800 2020 2011 0.0117
a range +70200 +70300 2006 2022 0.0405
a range +70200 +70300 2022 2006 0.0405
a range +70400 +70600 2001 2012 0.0311
a range +70400 +70600 2012 2001 0.0311
a range +70700 +70800 2007 2022 0.0431
a range +70700 +70800 2022 2007 0.0431
a range +70700 +70800 2026 2034 0.0153
a range +70700 +70800 2034 2026 0.0153
a range +71200 +71300 2017 2026 0.0066
a range +71200 +71300 2026 2017 0.0066
a range +71400 +71500 2014 2022 0.0223
a range +71400 +71500 2022 2014 0.0223
a range +71500 +71600 2015 2026 0.0295
a range +71500 +71600 2026 2015 0.0295
a range +72900 +73000 2017 2034 0.0118
a range +72900 +73000 2034 2017 0.0118
a range +73000 +73100 1001 2032 1105.0378
a range +73000 +73100 2008 9001 1105.0541
a range +73000 +73100 2032 1001 1105.0378
a range +73000 +73100 9001 2008 1105.0541
a range +73100 +73200 2015 2031 0.0405
a range +73100 +73200 2031 2015 0.0405
a range +73800 +73900 2012 2019 0.0311
a range +73800 +73900 2019 2012 0.0311
a range +74000 +74100 2016 2022 0.043
a range +74000 +74100 2022 2016 0.043
a range +74100 +74200 2015 2017 0.0312
a range +74100 +74200 2017 2015 0.0312
a range +74200 +74300 2007 2034 0.0433
a range +74200 +74300 2034 2007 0.0433
a range +74400 +74500 1003 2032 1104.7986
a range +74400 +74500 2032 1003 1104.7986
a range +74500 +74600 2003 2035 0.0434
a range +74500 +74600 2035 2003 0.0434
a range +74900 +75000 2006 2017 0.0295
a range +74900 +75000 2017 2006 0.0295
a range +75000 +75100 2007 2015 0.0193
a range +75000 +75100 2015 2007 0.0193
a range +75100 +75200 2029 9001 1105.0523
a range +75100 +75200 9001 2029 1105.0523
a range +76000 +76100 1002 2032 1105.1187
a range +76000 +76100 2023 2034 0.033
a range +76000 +76100 2032 1002 1105.1187
a range +76000 +76100 2034 2023 0.033
a range +76100 +76200 2002 2019 0.0317
a range +76100 +76200 2019 2002 0.0317
a range +76300 +76400 1003 2032 1104.7986
a range +76300 +76400 2032 1003 1104.7986
a range +76600 +76700 2008 9001 1105.0541
a range +76600 +76700 9001 2008 1105.0541
a range +76700 +76800 2026 2033 0.0295
a range +76700 +76800 2033 2026 0.0295
a range +76900 +77000 2002 2030 0.0434
a range +76900 +77000 2006 2023 0.0357
a range +76900 +77000 2023 2006 0.0357
a range +76900 +77000 2030 2002 0.0434
a range +77200 +77300 1001 2032 1105.0378
a range +77200 +77300 2032 1001 1105.0378
a range +77300 +77400 2002 2021 0.0163
a range +77300 +77400 2013 2015 0.0312
a range +77300 +77400 2015 2013 0.0312
a range +77300 +77400 2021 2002 0.0163
a range +77400 +77500 1003 2032 1104.7986
a range +77400 +77500 2003 2004 0.0166
a range +77400 +77500 2004 2003 0.0166
a range +77400 +77500 2013 2033 0.0405
a range +77400 +77500 2032 1003 1104.7986
a range +77400 +77500 2033 2013 0.0405
a range +77800 +77900 1002 2032 1105.1187
a range +77800 +77900 2032 1002 1105.1187
a range +78100 +78200 2007 2022 0.0433
a range +78100 +78200 2012 2027 0.043
a range +78100 +78200 2022 2007 0.0433
a range +78100 +78200 2027 2012 0.043
a range +78300 +78400 2033 2034 0.0166
a range +78300 +78400 2034 2033 0.0166
a range +78400 +78500 2028 2034 0.0421
a range +78400 +78500 2034 2028 0.0421
a range +78600 +78700 2024 2025 0.0166
a range +78600 +78700 2025 2024 0.0166
a range +78600 +78700 2027 2028 0.0239
a range +78600 +78700 2028 2027 0.0239
a range +78700 +78800 2009 2010 0.0239
a range +78700 +78800 2010 2009 0.0239
a range +79000 +79100 1002 2020 1105.0948
a range +79000 +79100 2020 1002 1105.0948
a range +79300 +79400 2007 2027 0.0252
a range +79300 +79400 2009 2026 0.0254
a range +79300 +79400 2010 2030 0.0309
a range +79300 +79400 2026 2009 0.0254
a range +79300 +79400 2027 2007 0.0252
a range +79300 +79400 2030 2010 0.0309
a range +79400 +79500 1002 2020 1105.0948
a range +79400 +79500 2020 1002 1105.0948
a range +79500 +79600 2007 2031 0.043
a range +79500 +79600 2031 2007 0.043
a range +79600 +79700 2009 2036 0.0392
a range +79600 +79700 2036 2009 0.0392
a range +79800 +79900 2011 2022 0.0288
a range +79800 +79900 2017 2029 0.0432
a range +79800 +79900 2022 2011 0.0288
a range +79800 +79900 2029 2017 0.0432
a range +79800 +80000 2032 9002 1105.0729
a range +79800 +80000 9002 2032 1105.0729
a range +80300 +80400 2013 2034 0.0433
a range +80300 +80400 2034 2013 0.0433
a range +80400 +80500 2006 2030 0.0424
a range +80400 +80500 2007 2008 0.0166
a range +80400 +80500 2008 2007 0.0166
a range +80400 +80500 2013 2025 0.043
a range +80400 +80500 2025 2013 0.043
a range +80400 +80500 2030 2006 0.0424
a range +80700 +80800 2010 2025 0.0407
a range +80700 +80800 2011 2029 0.0217
a range +80700 +80800 2025 2010 0.0407
a range +80700 +80800 2029 2011 0.0217
a range +80900 +81000 2025 2026 0.0166
a range +80900 +81000 2026 2025 0.0166
a range +81100 +81300 2021 2022 0.0166
a range +81100 +81300 2022 2021 0.0166
a range +81400 +81500 2003 2005 0.0312
a range +81400 +81500 2005 2003 0.0312
a range +81400 +81500 2009 2025 0.0252
a range +81400 +81500 2012 2028 0.0309
a range +81400 +81500 2025 2009 0.0252
a range +81400 +81500 2028 2012 0.0309
a range +81900 +82000 1002 2004 1105.1164
a range +81900 +82000 2004 1002 1105.1164
a range +81900 +82000 2013 2022 0.0122
a range +81900 +82000 2022 2013 0.0122
a range +82300 +82400 2011 2026 0.043
a range +82300 +82400 2026 2011 0.043
a range +82400 +82500 2009 2036 0.0392
a range +82400 +82500 2036 2009 0.0392
a range +83200 +83300 2022 2028 0.0393
a range +83200 +83300 2026 2036 0.0196
a range +83200 +83300 2028 2022 0.0393
a range +83200 +83300 2036 2026 0.0196
a range +83300 +83400 2011 2021 0.0165
a range +83300 +83400 2019 2036 0.0239
a range +83300 +83400 2021 2011 0.0165
a range +83300 +83400 2036 2019 0.0239
a range +83400 +83500 2001 2007 0.0421
a range +83400 +83500 2007 2001 0.0421
a range +84300 +84600 1002 2005 1105.1208
a range +84300 +84600 2005 1002 1105.1208
a range +84400 +84600 2011 2030 0.0163
a range +84400 +84600 2030 2011 0.0163
a range +84600 +84700 2015 2033 0.0295
a range +84600 +84700 2016 2035 0.0118
a range +84600 +84700 2021 2027 0.0421
a range +84600 +84700 2027 2021 0.0421
a range +84600 +84700 2033 2015 0.0295
a range +84600 +84700 2035 2016 0.0118
a range +86300 +86400 2002 9001 1105.0509
a range +86300 +86400 9001 2002 1105.0509
