a contact +0 +600 1001 2007 50
a contact +0 +600 1004 2056 50
a contact +0 +600 1005 9005 50
a contact +0 +600 1007 2041 50
a contact +0 +600 1008 2044 50
a contact +0 +600 1012 2034 50
a contact +0 +600 2007 1001 50
a contact +0 +600 2034 1012 50
a contact +0 +600 2041 1007 50
a contact +0 +600 2044 1008 50
a contact +0 +600 2056 1004 50
a contact +0 +600 9005 1005 50
a contact +0 +1200 1003 9007 50
a contact +0 +1200 1009 2008 50
a contact +0 +1200 2008 1009 50
a contact +0 +1200 9007 1003 50
a contact +600 +1800 1004 2028 50
a contact +600 +1800 1008 2034 50
a contact +0 +1800 1011 2042 50
a contact +600 +1800 1012 2013 50
a contact +600 +1800 2013 1012 50
a contact +600 +1800 2028 1004 50
a contact +600 +1800 2034 1008 50
a contact +0 +1800 2042 1011 50
a contact +600 +2400 1001 2061 50
a contact +0 +2400 1002 9004 50
a contact +1200 +2400 1003 9010 50
a contact +600 +2400 1007 9011 50
a contact +0 +2400 1010 9002 50
a contact +1800 +2400 1011 9007 50
a contact +600 +2400 2061 1001 50
a contact +0 +2400 9002 1010 50
a contact +0 +2400 9004 1002 50
a contact +1800 +2400 9007 1011 50
a contact +1200 +2400 9010 1003 50
a contact +600 +2400 9011 1007 50
a contact +2400 +3000 1001 9004 50
a contact +1800 +3000 1008 2039 50
a contact +1800 +3000 2039 1008 50
a contact +2400 +3000 9004 1001 50
a contact +2400 +3600 1011 2006 50
a contact +2400 +3600 2006 1011 50
a contact +1800 +4200 1004 2056 50
a contact +0 +4200 1006 9008 50
a contact +2400 +4200 1007 2009 50
a contact +3000 +4200 1008 9002 50
a contact +2400 +4200 2009 1007 50
a contact +1800 +4200 2056 1004 50
a contact +3000 +4200 9002 1008 50
a contact +0 +4200 9008 1006 50
a contact +3000 +4800 1001 9010 50
a contact +2400 +4800 1002 9011 50
a contact +2400 +4800 1003 2014 50
a contact +1200 +4800 1009 9005 50
a contact +1800 +4800 1012 2040 50
a contact +2400 +4800 2014 1003 50
a contact +1800 +4800 2040 1012 50
a contact +1200 +4800 9005 1009 50
a contact +3000 +4800 9010 1001 50
a contact +2400 +4800 9011 1002 50
a contact +4200 +5400 1007 2049 50
a contact +2400 +5400 1010 9007 50
a contact +3600 +5400 1011 2035 50
a contact +3600 +5400 2035 1011 50
a contact +4200 +5400 2049 1007 50
a contact +2400 +5400 9007 1010 50
a contact +4200 +6000 1006 2039 50
a contact +4800 +6000 1009 9002 50
a contact +4200 +6000 2039 1006 50
a contact +4800 +6000 9002 1009 50
a contact +4200 +6600 1004 2021 50
a contact +6000 +6600 1006 9002 50
a contact +4200 +6600 2021 1004 50
a contact +6000 +6600 9002 1006 50
a contact +4800 +7200 1001 9005 50
a contact +6600 +7200 1004 9002 50
a contact +5400 +7200 1007 9004 50
a contact +4200 +7200 1008 9008 50
a contact +5400 +7200 1011 2001 50
a contact +5400 +7200 2001 1011 50
a contact +6600 +7200 9002 1004 50
a contact +5400 +7200 9004 1007 50
a contact +4800 +7200 9005 1001 50
a contact +4200 +7200 9008 1008 50
a contact +4800 +7800 1003 9010 50
a contact +600 +7800 1005 9001 50
a contact +7200 +7800 1008 9005 50
a contact +5400 +7800 1010 2031 50
a contact +4800 +7800 1012 9011 50
a contact +5400 +7800 2031 1010 50
a contact +600 +7800 9001 1005 50
a contact +7200 +7800 9005 1008 50
a contact +4800 +7800 9010 1003 50
a contact +4800 +7800 9011 1012 50
a contact +7200 +8400 1001 9002 50
a contact +4800 +8400 1002 2026 50
a contact +7800 +8400 1005 9004 50
a contact +7200 +8400 1007 2034 50
a contact +6000 +8400 1009 2044 50
a contact +7200 +8400 1011 9008 50
a contact +7800 +8400 1012 9001 50
a contact +4800 +8400 2026 1002 50
a contact +7200 +8400 2034 1007 50
a contact +6000 +8400 2044 1009 50
a contact +7800 +8400 9001 1012 50
a contact +7200 +8400 9002 1001 50
a contact +7800 +8400 9004 1005 50
a contact +7200 +8400 9008 1011 50
a contact +7800 +9000 1003 2059 50
a contact +7200 +9000 1004 2027 50
a contact +8400 +9000 1005 9007 50
a contact +7800 +9000 1010 2030 50
a contact +7200 +9000 2027 1004 50
a contact +7800 +9000 2030 1010 50
a contact +7800 +9000 2059 1003 50
a contact +8400 +9000 9007 1005 50
a contact +9000 +9600 1005 9002 50
a contact +7800 +9600 1008 2017 50
a contact +7800 +9600 2017 1008 50
a contact +9000 +9600 9002 1005 50
a contact +9000 +10200 1003 9007 50
a contact +6600 +10200 1006 2009 50
a contact +8400 +10200 1007 9005 50
a contact +6600 +10200 2009 1006 50
a contact +8400 +10200 9005 1007 50
a contact +9000 +10200 9007 1003 50
a contact +8400 +10800 1001 9011 50
a contact +9600 +10800 1005 2008 50
a contact +8400 +10800 1012 2057 50
a contact +9600 +10800 2008 1005 50
a contact +8400 +10800 2057 1012 50
a contact +8400 +10800 9011 1001 50
a contact +10200 +11400 1003 9005 50
a contact +10200 +11400 9005 1003 50
a contact +10800 +12000 1001 2058 50
a contact +10200 +12000 1007 9007 50
a contact +9600 +12000 1008 2040 50
a contact +8400 +12000 1009 2016 50
a contact +8400 +12000 2016 1009 50
a contact +9600 +12000 2040 1008 50
a contact +10800 +12000 2058 1001 50
a contact +10200 +12000 9007 1007 50
a contact +8400 +12600 1002 9001 50
a contact +10800 +12600 1005 9011 50
a contact +8400 +12600 1011 9004 50
a contact +8400 +12600 9001 1002 50
a contact +8400 +12600 9004 1011 50
a contact +10800 +12600 9011 1005 50
a contact +12000 +13200 1001 9007 50
a contact +11400 +13200 1003 2046 50
a contact +10200 +13200 1006 9002 50
a contact +12000 +13200 1007 2027 50
a contact +12600 +13200 1011 9001 50
a contact +10800 +13200 1012 2052 50
a contact +12000 +13200 2027 1007 50
a contact +11400 +13200 2046 1003 50
a contact +10800 +13200 2052 1012 50
a contact +12600 +13200 9001 1011 50
a contact +10200 +13200 9002 1006 50
a contact +12000 +13200 9007 1001 50
a contact +13200 +13800 1007 2051 50
a contact +12000 +13800 1009 9005 50
a contact +9000 +13800 1010 9010 50
a contact +13200 +13800 2051 1007 50
a contact +12000 +13800 9005 1009 50
a contact +9000 +13800 9010 1010 50
a contact +13200 +14400 1003 9004 50
a contact +12000 +14400 1008 2031 50
a contact +13800 +14400 1009 9010 50
a contact +12000 +14400 2031 1008 50
a contact +13200 +14400 9004 1003 50
a contact +13800 +14400 9010 1009 50
a contact +12600 +15000 1002 2036 50
a contact +12600 +15000 1005 2054 50
a contact +13800 +15000 1007 2002 50
a contact +13800 +15000 2002 1007 50
a contact +12600 +15000 2036 1002 50
a contact +12600 +15000 2054 1005 50
a contact +15000 +15600 1005 9005 50
a contact +13200 +15600 1006 2030 50
a contact +13800 +15600 1010 9007 50
a contact +13200 +15600 2030 1006 50
a contact +15000 +15600 9005 1005 50
a contact +13800 +15600 9007 1010 50
a contact +13200 +16200 1001 9002 50
a contact +14400 +16200 1009 2028 50
a contact +14400 +16200 2028 1009 50
a contact +13200 +16200 9002 1001 50
a contact +15000 +16800 1002 2013 50
a contact +15600 +16800 1005 2023 50
a contact +15600 +16800 1006 2041 50
a contact +15000 +16800 1007 2053 50
a contact +15600 +16800 1010 2052 50
a contact +15000 +16800 2013 1002 50
a contact +15600 +16800 2023 1005 50
a contact +15600 +16800 2041 1006 50
a contact +15600 +16800 2052 1010 50
a contact +15000 +16800 2053 1007 50
a contact +16200 +17400 1001 2040 50
a contact +16800 +17400 1007 9005 50
a contact +14400 +17400 1008 2001 50
a contact +13200 +17400 1012 9011 50
a contact +14400 +17400 2001 1008 50
a contact +16200 +17400 2040 1001 50
a contact +16800 +17400 9005 1007 50
a contact +13200 +17400 9011 1012 50
a contact +9000 +18000 1004 9008 50
a contact +17400 +18000 1008 9011 50
a contact +9000 +18000 9008 1004 50
a contact +17400 +18000 9011 1008 50
a contact +17400 +18600 1001 2042 50
a contact +16800 +18600 1002 2003 50
a contact +14400 +18600 1003 2048 50
a contact +16200 +18600 1009 9002 50
a contact +13200 +18600 1011 2018 50
a contact +16800 +18600 2003 1002 50
a contact +13200 +18600 2018 1011 50
a contact +17400 +18600 2042 1001 50
a contact +14400 +18600 2048 1003 50
a contact +16200 +18600 9002 1009 50
a contact +18600 +19200 1002 9011 50
a contact +18000 +19200 1004 2034 50
a contact +16800 +19200 1006 2019 50
a contact +16800 +19200 1010 2062 50
a contact +16800 +19200 2019 1006 50
a contact +18000 +19200 2034 1004 50
a contact +16800 +19200 2062 1010 50
a contact +18600 +19200 9011 1002 50
a contact +18600 +19800 1009 2041 50
a contact +18600 +19800 2041 1009 50
a contact +18600 +20400 1001 2029 50
a contact +18600 +20400 1003 2046 50
a contact +17400 +20400 1007 2036 50
a contact +17400 +20400 1012 2047 50
a contact +18600 +20400 2029 1001 50
a contact +17400 +20400 2036 1007 50
a contact +18600 +20400 2046 1003 50
a contact +17400 +20400 2047 1012 50
a contact +19200 +21000 1002 2006 50
a contact +16800 +21000 1005 2022 50
a contact +19200 +21000 1006 9008 50
a contact +18000 +21000 1008 9005 50
a contact +19200 +21000 1010 9011 50
a contact +18600 +21000 1011 2035 50
a contact +19200 +21000 2006 1002 50
a contact +16800 +21000 2022 1005 50
a contact +18600 +21000 2035 1011 50
a contact +18000 +21000 9005 1008 50
a contact +19200 +21000 9008 1006 50
a contact +19200 +21000 9011 1010 50
a contact +20400 +21600 1001 2041 50
a contact +21000 +21600 1005 2004 50
a contact +19800 +21600 1009 2053 50
a contact +21000 +21600 2004 1005 50
a contact +20400 +21600 2041 1001 50
a contact +19800 +21600 2053 1009 50
a contact +21000 +22200 1002 9008 50
a contact +21000 +22200 1006 2023 50
a contact +21000 +22200 1008 2036 50
a contact +21600 +22200 1009 2056 50
a contact +21000 +22200 1011 9011 50
a contact +20400 +22200 1012 2049 50
a contact +21000 +22200 2023 1006 50
a contact +21000 +22200 2036 1008 50
a contact +20400 +22200 2049 1012 50
a contact +21600 +22200 2056 1009 50
a contact +21000 +22200 9008 1002 50
a contact +21000 +22200 9011 1011 50
a contact +21600 +22800 1001 2060 50
a contact +20400 +22800 1003 2021 50
a contact +19200 +22800 1004 2007 50
a contact +21600 +22800 1005 2044 50
a contact +19200 +22800 2007 1004 50
a contact +20400 +22800 2021 1003 50
a contact +21600 +22800 2044 1005 50
a contact +21600 +22800 2060 1001 50
a contact +22200 +23400 1002 2051 50
a contact +22200 +23400 1006 2015 50
a contact +22200 +23400 1008 9011 50
a contact +22200 +23400 1009 2008 50
a contact +22200 +23400 2008 1009 50
a contact +22200 +23400 2015 1006 50
a contact +22200 +23400 2051 1002 50
a contact +22200 +23400 9011 1008 50
a contact +22800 +24000 1001 2054 50
a contact +22800 +24000 1004 2059 50
a contact +23400 +24000 1008 2021 50
a contact +21000 +24000 1010 9005 50
a contact +22200 +24000 1011 2027 50
a contact +23400 +24000 2021 1008 50
a contact +22200 +24000 2027 1011 50
a contact +22800 +24000 2054 1001 50
a contact +22800 +24000 2059 1004 50
a contact +21000 +24000 9005 1010 50
a contact +24000 +24600 1001 9011 50
a contact +22800 +24600 1003 2012 50
a contact +24000 +24600 1004 9005 50
a contact +23400 +24600 1009 2025 50
a contact +22200 +24600 1012 9008 50
a contact +22800 +24600 2012 1003 50
a contact +23400 +24600 2025 1009 50
a contact +24000 +24600 9005 1004 50
a contact +22200 +24600 9008 1012 50
a contact +24000 +24600 9011 1001 50
a contact +24600 +25200 1001 9008 50
a contact +20400 +25200 1007 9002 50
a contact +24000 +25200 1008 2061 50
a contact +24000 +25200 1011 2056 50
a contact +24600 +25200 1012 2032 50
a contact +24600 +25200 2032 1012 50
a contact +24000 +25200 2056 1011 50
a contact +24000 +25200 2061 1008 50
a contact +20400 +25200 9002 1007 50
a contact +24600 +25200 9008 1001 50
a contact +23400 +25800 1006 2045 50
a contact +24000 +25800 1010 2060 50
a contact +25200 +25800 1012 9008 50
a contact +23400 +25800 2045 1006 50
a contact +24000 +25800 2060 1010 50
a contact +25200 +25800 9008 1012 50
a contact +23400 +26400 1002 2040 50
a contact +24600 +26400 1004 2016 50
a contact +24600 +26400 1009 9005 50
a contact +25800 +26400 1010 9008 50
a contact +25200 +26400 1011 2011 50
a contact +25200 +26400 2011 1011 50
a contact +24600 +26400 2016 1004 50
a contact +23400 +26400 2040 1002 50
a contact +24600 +26400 9005 1009 50
a contact +25800 +26400 9008 1010 50
a contact +25200 +27000 1001 2017 50
a contact +24600 +27000 1003 2059 50
a contact +25200 +27000 1007 2034 50
a contact +25200 +27000 2017 1001 50
a contact +25200 +27000 2034 1007 50
a contact +24600 +27000 2059 1003 50
a contact +26400 +27600 1004 2006 50
a contact +25800 +27600 1006 2007 50
a contact +26400 +27600 1009 2004 50
a contact +26400 +27600 1011 9008 50
a contact +25800 +27600 1012 9002 50
a contact +26400 +27600 2004 1009 50
a contact +26400 +27600 2006 1004 50
a contact +25800 +27600 2007 1006 50
a contact +25800 +27600 9002 1012 50
a contact +26400 +27600 9008 1011 50
a contact +27000 +28200 1003 2039 50
a contact +22800 +28200 1005 2020 50
a contact +25200 +28200 1008 9011 50
a contact +26400 +28200 1010 2063 50
a contact +22800 +28200 2020 1005 50
a contact +27000 +28200 2039 1003 50
a contact +26400 +28200 2063 1010 50
a contact +25200 +28200 9011 1008 50
a contact +27000 +28800 1001 2064 50
a contact +27600 +28800 1004 9002 50
a contact +28200 +28800 1005 9011 50
a contact +27600 +28800 1012 9008 50
a contact +27000 +28800 2064 1001 50
a contact +27600 +28800 9002 1004 50
a contact +27600 +28800 9008 1012 50
a contact +28200 +28800 9011 1005 50
a contact +26400 +29400 1002 2053 50
a contact +28200 +29400 1003 2019 50
a contact +28800 +29400 1005 9008 50
a contact +27600 +29400 1006 2056 50
a contact +27000 +29400 1007 9005 50
a contact +28200 +29400 1010 2058 50
a contact +28200 +29400 2019 1003 50
a contact +26400 +29400 2053 1002 50
a contact +27600 +29400 2056 1006 50
a contact +28200 +29400 2058 1010 50
a contact +27000 +29400 9005 1007 50
a contact +28800 +29400 9008 1005 50
a contact +27600 +30000 1009 2016 50
a contact +27600 +30000 2016 1009 50
a contact +28800 +30600 1001 2037 50
a contact +29400 +30600 1002 9005 50
a contact +29400 +30600 1003 9008 50
a contact +29400 +30600 1005 2003 50
a contact +29400 +30600 1006 9002 50
a contact +29400 +30600 1007 9011 50
a contact +28200 +30600 1008 2038 50
a contact +29400 +30600 1010 2017 50
a contact +27600 +30600 1011 2042 50
a contact +29400 +30600 2003 1005 50
a contact +29400 +30600 2017 1010 50
a contact +28800 +30600 2037 1001 50
a contact +28200 +30600 2038 1008 50
a contact +27600 +30600 2042 1011 50
a contact +29400 +30600 9002 1006 50
a contact +29400 +30600 9005 1002 50
a contact +29400 +30600 9008 1003 50
a contact +29400 +30600 9011 1007 50
a contact +30600 +31200 1011 9002 50
a contact +28800 +31200 1012 2041 50
a contact +28800 +31200 2041 1012 50
a contact +30600 +31200 9002 1011 50
a contact +28800 +31800 1004 2033 50
a contact +30600 +31800 1005 9003 50
a contact +31200 +31800 1011 9011 50
a contact +31200 +31800 1012 2044 50
a contact +28800 +31800 2033 1004 50
a contact +31200 +31800 2044 1012 50
a contact +30600 +31800 9003 1005 50
a contact +31200 +31800 9011 1011 50
a contact +30600 +32400 1001 2043 50
a contact +31800 +32400 1005 9002 50
a contact +30600 +32400 1008 9012 50
a contact +30600 +32400 2043 1001 50
a contact +31800 +32400 9002 1005 50
a contact +30600 +32400 9012 1008 50
a contact +30600 +33000 1002 9008 50
a contact +31800 +33000 1004 9003 50
a contact +30000 +33000 1009 9009 50
a contact +31800 +33000 1011 2062 50
a contact +31800 +33000 1012 2033 50
a contact +31800 +33000 2033 1012 50
a contact +31800 +33000 2062 1011 50
a contact +31800 +33000 9003 1004 50
a contact +30600 +33000 9008 1002 50
a contact +30000 +33000 9009 1009 50
a contact +30600 +33600 1007 2064 50
a contact +30600 +33600 2064 1007 50
a contact +33000 +34200 1002 9009 50
a contact +33000 +34200 1004 9008 50
a contact +30600 +34200 1006 9006 50
a contact +30600 +34200 1010 2032 50
a contact +33000 +34200 1011 2034 50
a contact +30600 +34200 2032 1010 50
a contact +33000 +34200 2034 1011 50
a contact +30600 +34200 9006 1006 50
a contact +33000 +34200 9008 1004 50
a contact +33000 +34200 9009 1002 50
a contact +30600 +34800 1003 9005 50
a contact +32400 +34800 1005 2011 50
a contact +33000 +34800 1009 2029 50
a contact +32400 +34800 2011 1005 50
a contact +33000 +34800 2029 1009 50
a contact +30600 +34800 9005 1003 50
a contact +34200 +36000 1002 2061 50
a contact +32400 +36000 1008 9002 50
a contact +34200 +36000 2061 1002 50
a contact +32400 +36000 9002 1008 50
a contact +32400 +36600 1001 9012 50
a contact +34800 +36600 1005 9005 50
a contact +33600 +36600 1007 9011 50
a contact +34800 +36600 1009 9009 50
a contact +34200 +36600 1011 2026 50
a contact +33000 +36600 1012 9003 50
a contact +34200 +36600 2026 1011 50
a contact +33000 +36600 9003 1012 50
a contact +34800 +36600 9005 1005 50
a contact +34800 +36600 9009 1009 50
a contact +33600 +36600 9011 1007 50
a contact +32400 +36600 9012 1001 50
a contact +34200 +37200 1006 2044 50
a contact +34200 +37200 2044 1006 50
a contact +36600 +37800 1009 2024 50
a contact +34200 +37800 1010 2038 50
a contact +36600 +37800 2024 1009 50
a contact +34200 +37800 2038 1010 50
a contact +36600 +38400 1001 2004 50
a contact +36000 +38400 1002 9002 50
a contact +36600 +38400 1007 2053 50
a contact +36000 +38400 1008 2050 50
a contact +36600 +38400 1012 9005 50
a contact +36600 +38400 2004 1001 50
a contact +36000 +38400 2050 1008 50
a contact +36600 +38400 2053 1007 50
a contact +36000 +38400 9002 1002 50
a contact +36600 +38400 9005 1012 50
a contact +37800 +39000 1010 9009 50
a contact +36600 +39000 1011 2025 50
a contact +36600 +39000 2025 1011 50
a contact +37800 +39000 9009 1010 50
a contact +37200 +39600 1006 9011 50
a contact +37200 +39600 9011 1006 50
a contact +38400 +40800 1002 2029 50
a contact +36600 +40800 1005 9012 50
a contact +39600 +40800 1006 9009 50
a contact +38400 +40800 1008 2006 50
a contact +37800 +40800 1009 2049 50
a contact +39000 +40800 1011 9002 50
a contact +38400 +40800 2006 1008 50
a contact +38400 +40800 2029 1002 50
a contact +37800 +40800 2049 1009 50
a contact +39000 +40800 9002 1011 50
a contact +39600 +40800 9009 1006 50
a contact +36600 +40800 9012 1005 50
a contact +38400 +41400 1001 9005 50
a contact +34200 +41400 1004 9006 50
a contact +40800 +41400 1006 2051 50
a contact +39000 +41400 1010 2059 50
a contact +40800 +41400 1011 2052 50
a contact +40800 +41400 2051 1006 50
a contact +40800 +41400 2052 1011 50
a contact +39000 +41400 2059 1010 50
a contact +38400 +41400 9005 1001 50
a contact +34200 +41400 9006 1004 50
a contact +34800 +42000 1003 9008 50
a contact +41400 +42000 1004 9005 50
a contact +38400 +42000 1007 2048 50
a contact +40800 +42000 1008 2045 50
a contact +40800 +42000 1009 9011 50
a contact +41400 +42000 1011 9002 50
a contact +38400 +42000 1012 2010 50
a contact +38400 +42000 2010 1012 50
a contact +40800 +42000 2045 1008 50
a contact +38400 +42000 2048 1007 50
a contact +41400 +42000 9002 1011 50
a contact +41400 +42000 9005 1004 50
a contact +34800 +42000 9008 1003 50
a contact +40800 +42000 9011 1009 50
a contact +40800 +42600 1002 9012 50
a contact +42000 +42600 1004 9008 50
a contact +41400 +42600 1010 9009 50
a contact +42000 +42600 1012 9011 50
a contact +42000 +42600 9008 1004 50
a contact +41400 +42600 9009 1010 50
a contact +42000 +42600 9011 1012 50
a contact +40800 +42600 9012 1002 50
a contact +41400 +43200 1001 2015 50
a contact +42600 +43200 1004 9012 50
a contact +40800 +43200 1005 9003 50
a contact +41400 +43200 1006 9006 50
a contact +42000 +43200 1008 2005 50
a contact +42000 +43200 2005 1008 50
a contact +41400 +43200 2015 1001 50
a contact +40800 +43200 9003 1005 50
a contact +41400 +43200 9006 1006 50
a contact +42600 +43200 9012 1004 50
a contact +42000 +43800 1003 2057 50
a contact +43200 +43800 1004 9006 50
a contact +43200 +43800 1008 2059 50
a contact +42600 +43800 1010 2063 50
a contact +42600 +43800 1012 2030 50
a contact +42600 +43800 2030 1012 50
a contact +42000 +43800 2057 1003 50
a contact +43200 +43800 2059 1008 50
a contact +42600 +43800 2063 1010 50
a contact +43200 +43800 9006 1004 50
a contact +42600 +44400 1002 9009 50
a contact +42000 +44400 1009 2022 50
a contact +42000 +44400 2022 1009 50
a contact +42600 +44400 9009 1002 50
a contact +43800 +45000 1004 9012 50
a contact +43200 +45000 1005 2002 50
a contact +43800 +45000 1012 9006 50
a contact +43200 +45000 2002 1005 50
a contact +43800 +45000 9006 1012 50
a contact +43800 +45000 9012 1004 50
a contact +43200 +45600 1001 9003 50
a contact +44400 +45600 1002 2013 50
a contact +43800 +45600 1003 2021 50
a contact +45000 +45600 1005 2025 50
a contact +43800 +45600 1010 2037 50
a contact +42000 +45600 1011 2023 50
a contact +44400 +45600 2013 1002 50
a contact +43800 +45600 2021 1003 50
a contact +42000 +45600 2023 1011 50
a contact +45000 +45600 2025 1005 50
a contact +43800 +45600 2037 1010 50
a contact +43200 +45600 9003 1001 50
a contact +45600 +46200 1003 2041 50
a contact +45000 +46200 1004 9006 50
a contact +42000 +46200 1007 2058 50
a contact +43800 +46200 1008 2018 50
a contact +45000 +46200 1012 9012 50
a contact +43800 +46200 2018 1008 50
a contact +45600 +46200 2041 1003 50
a contact +42000 +46200 2058 1007 50
a contact +45000 +46200 9006 1004 50
a contact +45000 +46200 9012 1012 50
a contact +45600 +46800 1002 2027 50
a contact +46200 +46800 1003 2021 50
a contact +46200 +46800 1004 2062 50
a contact +44400 +46800 1009 9009 50
a contact +45600 +46800 1011 2013 50
a contact +45600 +46800 2013 1011 50
a contact +46200 +46800 2021 1003 50
a contact +45600 +46800 2027 1002 50
a contact +46200 +46800 2062 1004 50
a contact +44400 +46800 9009 1009 50
a contact +45600 +47400 1005 2047 50
a contact +43200 +47400 1006 2008 50
a contact +45600 +47400 1010 9003 50
a contact +46200 +47400 1012 2046 50
a contact +43200 +47400 2008 1006 50
a contact +46200 +47400 2046 1012 50
a contact +45600 +47400 2047 1005 50
a contact +45600 +47400 9003 1010 50
a contact +45600 +48000 1001 2037 50
a contact +46800 +48000 1002 9012 50
a contact +47400 +48000 1006 2051 50
a contact +46200 +48000 1007 9006 50
a contact +46200 +48000 1008 2002 50
a contact +46200 +48000 2002 1008 50
a contact +45600 +48000 2037 1001 50
a contact +47400 +48000 2051 1006 50
a contact +46200 +48000 9006 1007 50
a contact +46800 +48000 9012 1002 50
a contact +48000 +48600 1001 9006 50
a contact +48000 +48600 1006 9003 50
a contact +48000 +48600 1007 2061 50
a contact +46800 +48600 1011 2028 50
a contact +46800 +48600 2028 1011 50
a contact +48000 +48600 2061 1007 50
a contact +48000 +48600 9003 1006 50
a contact +48000 +48600 9006 1001 50
a contact +48600 +49200 1001 9003 50
a contact +48000 +49200 1002 2026 50
a contact +47400 +49200 1005 2009 50
a contact +48600 +49200 1007 2027 50
a contact +47400 +49200 2009 1005 50
a contact +48000 +49200 2026 1002 50
a contact +48600 +49200 2027 1007 50
a contact +48600 +49200 9003 1001 50
a contact +46800 +49800 1009 2064 50
a contact +46800 +49800 2064 1009 50
a contact +47400 +50400 1010 2055 50
a contact +47400 +50400 2055 1010 50
a contact +46800 +51000 1003 9009 50
a contact +49200 +51000 1005 2010 50
a contact +48600 +51000 1006 9006 50
a contact +49800 +51000 1009 9003 50
a contact +48600 +51000 1011 2014 50
a contact +47400 +51000 1012 2015 50
a contact +49200 +51000 2010 1005 50
a contact +48600 +51000 2014 1011 50
a contact +47400 +51000 2015 1012 50
a contact +49800 +51000 9003 1009 50
a contact +48600 +51000 9006 1006 50
a contact +46800 +51000 9009 1003 50
a contact +49200 +51600 1002 2019 50
a contact +51000 +51600 1005 2001 50
a contact +51000 +51600 1006 9003 50
a contact +51000 +51600 1012 9009 50
a contact +51000 +51600 2001 1005 50
a contact +49200 +51600 2019 1002 50
a contact +51000 +51600 9003 1006 50
a contact +51000 +51600 9009 1012 50
a contact +49200 +52200 1001 2061 50
a contact +51000 +52200 1003 2015 50
a contact +48000 +52200 1008 2062 50
a contact +51000 +52200 2015 1003 50
a contact +49200 +52200 2061 1001 50
a contact +48000 +52200 2062 1008 50
a contact +49200 +52800 1007 2057 50
a contact +51000 +52800 1011 2060 50
a contact +51600 +52800 1012 2054 50
a contact +51600 +52800 2054 1012 50
a contact +49200 +52800 2057 1007 50
a contact +51000 +52800 2060 1011 50
a contact +51600 +53400 1002 9009 50
a contact +52200 +53400 1003 2010 50
a contact +46800 +53400 1004 2050 50
a contact +52200 +53400 1008 2040 50
a contact +52200 +53400 2010 1003 50
a contact +52200 +53400 2040 1008 50
a contact +46800 +53400 2050 1004 50
a contact +51600 +53400 9009 1002 50
a contact +52800 +54000 1007 9003 50
a contact +52800 +54000 9003 1007 50
a contact +53400 +54600 1003 2024 50
a contact +53400 +54600 1004 2010 50
a contact +51600 +54600 1005 2012 50
a contact +50400 +54600 1010 9012 50
a contact +53400 +54600 2010 1004 50
a contact +51600 +54600 2012 1005 50
a contact +53400 +54600 2024 1003 50
a contact +50400 +54600 9012 1010 50
a contact +52200 +55200 1001 9010 50
a contact +53400 +55200 1002 2031 50
a contact +54600 +55200 1003 2042 50
a contact +51600 +55200 1006 2043 50
a contact +53400 +55200 2031 1002 50
a contact +54600 +55200 2042 1003 50
a contact +51600 +55200 2043 1006 50
a contact +52200 +55200 9010 1001 50
a contact +55200 +55800 1003 2041 50
a contact +55200 +55800 2041 1003 50
a contact +55200 +56400 1002 2004 50
a contact +55800 +56400 1003 9010 50
a contact +54600 +56400 1005 9009 50
a contact +54000 +56400 1007 2022 50
a contact +53400 +56400 1008 9004 50
a contact +51000 +56400 1009 9006 50
a contact +55200 +56400 2004 1002 50
a contact +54000 +56400 2022 1007 50
a contact +53400 +56400 9004 1008 50
a contact +51000 +56400 9006 1009 50
a contact +54600 +56400 9009 1005 50
a contact +55800 +56400 9010 1003 50
a contact +56400 +57000 1002 2013 50
a contact +54600 +57000 1004 9003 50
a contact +56400 +57000 1008 2035 50
a contact +56400 +57000 1009 9010 50
a contact +54600 +57000 1010 2063 50
a contact +56400 +57000 2013 1002 50
a contact +56400 +57000 2035 1008 50
a contact +54600 +57000 2063 1010 50
a contact +54600 +57000 9003 1004 50
a contact +56400 +57000 9010 1009 50
a contact +57000 +57600 1002 2049 50
a contact +56400 +57600 1005 2017 50
a contact +56400 +57600 2017 1005 50
a contact +57000 +57600 2049 1002 50
a contact +55200 +58200 1001 2030 50
a contact +57000 +58200 1010 9009 50
a contact +52800 +58200 1011 9007 50
a contact +52800 +58200 1012 9001 50
a contact +55200 +58200 2030 1001 50
a contact +52800 +58200 9001 1012 50
a contact +52800 +58200 9007 1011 50
a contact +57000 +58200 9009 1010 50
a contact +57600 +58800 1002 2001 50
a contact +57000 +58800 1004 9010 50
a contact +56400 +58800 1007 9006 50
a contact +57600 +58800 2001 1002 50
a contact +56400 +58800 9006 1007 50
a contact +57000 +58800 9010 1004 50
a contact +58200 +60600 1001 2025 50
a contact +58800 +60600 1002 9010 50
a contact +56400 +60600 1003 9004 50
a contact +58800 +60600 1004 9006 50
a contact +55200 +60600 1006 9012 50
a contact +58800 +60600 1007 9009 50
a contact +57000 +60600 1009 2002 50
a contact +58200 +60600 1010 2054 50
a contact +58200 +60600 1011 9001 50
a contact +57000 +60600 2002 1009 50
a contact +58200 +60600 2025 1001 50
a contact +58200 +60600 2054 1010 50
a contact +58200 +60600 9001 1011 50
a contact +56400 +60600 9004 1003 50
a contact +58800 +60600 9006 1004 50
a contact +58800 +60600 9009 1007 50
a contact +58800 +60600 9010 1002 50
a contact +55200 +60600 9012 1006 50
a contact +60600 +61200 1004 9009 50
a contact +57600 +61200 1005 2024 50
a contact +57000 +61200 1008 9003 50
a contact +60600 +61200 1009 9001 50
a contact +58200 +61200 1012 2050 50
a contact +57600 +61200 2024 1005 50
a contact +58200 +61200 2050 1012 50
a contact +60600 +61200 9001 1009 50
a contact +57000 +61200 9003 1008 50
a contact +60600 +61200 9009 1004 50
a contact +60600 +62400 1002 2028 50
a contact +61200 +62400 1004 2016 50
a contact +61200 +62400 1009 2009 50
a contact +61200 +62400 1012 2047 50
a contact +61200 +62400 2009 1009 50
a contact +61200 +62400 2016 1004 50
a contact +60600 +62400 2028 1002 50
a contact +61200 +62400 2047 1012 50
a contact +60600 +63600 1003 2014 50
a contact +61200 +63600 1005 9003 50
a contact +60600 +63600 1010 9006 50
a contact +60600 +63600 2014 1003 50
a contact +61200 +63600 9003 1005 50
a contact +60600 +63600 9006 1010 50
a contact +62400 +64200 1002 9012 50
a contact +63600 +64200 1003 9006 50
a contact +62400 +64200 1004 2033 50
a contact +63600 +64200 1010 9003 50
a contact +62400 +64200 2033 1004 50
a contact +63600 +64200 9003 1010 50
a contact +63600 +64200 9006 1003 50
a contact +62400 +64200 9012 1002 50
a contact +64200 +64800 1004 9012 50
a contact +63600 +64800 1005 2035 50
a contact +60600 +64800 1011 2031 50
a contact +60600 +64800 2031 1011 50
a contact +63600 +64800 2035 1005 50
a contact +64200 +64800 9012 1004 50
a contact +64200 +65400 1002 9006 50
a contact +64200 +65400 1003 9003 50
a contact +60600 +65400 1007 9007 50
a contact +62400 +65400 1009 9001 50
a contact +64800 +65400 1011 9012 50
a contact +62400 +65400 9001 1009 50
a contact +64200 +65400 9003 1003 50
a contact +64200 +65400 9006 1002 50
a contact +60600 +65400 9007 1007 50
a contact +64800 +65400 9012 1011 50
a contact +64200 +66000 1010 2048 50
a contact +64200 +66000 2048 1010 50
a contact +60600 +66600 1006 9010 50
a contact +65400 +66600 1009 9012 50
a contact +62400 +66600 1012 2011 50
a contact +62400 +66600 2011 1012 50
a contact +60600 +66600 9010 1006 50
a contact +65400 +66600 9012 1009 50
a contact +60600 +67200 1001 9004 50
a contact +64800 +67200 1004 2005 50
a contact +64800 +67200 1005 2043 50
a contact +65400 +67200 1007 2019 50
a contact +64800 +67200 2005 1004 50
a contact +65400 +67200 2019 1007 50
a contact +64800 +67200 2043 1005 50
a contact +60600 +67200 9004 1001 50
a contact +67200 +67800 1001 9010 50
a contact +67200 +67800 1007 9007 50
a contact +61200 +67800 1008 9009 50
a contact +66000 +67800 1010 2060 50
a contact +65400 +67800 1011 9003 50
a contact +66000 +67800 2060 1010 50
a contact +65400 +67800 9003 1011 50
a contact +67200 +67800 9007 1007 50
a contact +61200 +67800 9009 1008 50
a contact +67200 +67800 9010 1001 50
a contact +67800 +68400 1001 9003 50
a contact +67800 +68400 9003 1001 50
a contact +65400 +69600 1003 9006 50
a contact +65400 +69600 9006 1003 50
a contact +67200 +70200 1004 9012 50
a contact +67200 +70200 1005 9004 50
a contact +67800 +70200 1008 2051 50
a contact +66600 +70200 1009 2007 50
a contact +66600 +70200 1012 2012 50
a contact +66600 +70200 2007 1009 50
a contact +66600 +70200 2012 1012 50
a contact +67800 +70200 2051 1008 50
a contact +67200 +70200 9004 1005 50
a contact +67200 +70200 9012 1004 50
a contact +68400 +70800 1001 2032 50
a contact +70200 +70800 1009 9006 50
a contact +68400 +70800 2032 1001 50
a contact +70200 +70800 9006 1009 50
a contact +65400 +71400 1002 9001 50
a contact +70200 +71400 1004 9010 50
a contact +70200 +71400 1005 9012 50
a contact +66600 +71400 1006 2038 50
a contact +70200 +71400 1008 2016 50
a contact +67800 +71400 1010 2029 50
a contact +67800 +71400 1011 9009 50
a contact +70200 +71400 2016 1008 50
a contact +67800 +71400 2029 1010 50
a contact +66600 +71400 2038 1006 50
a contact +65400 +71400 9001 1002 50
a contact +67800 +71400 9009 1011 50
a contact +70200 +71400 9010 1004 50
a contact +70200 +71400 9012 1005 50
a contact +70800 +72000 1001 2056 50
a contact +69600 +72000 1003 2002 50
a contact +69600 +72000 2002 1003 50
a contact +70800 +72000 2056 1001 50
a contact +71400 +72600 1008 2042 50
a contact +71400 +72600 2042 1008 50
a contact +72000 +73200 1001 9003 50
a contact +71400 +73200 1004 9006 50
a contact +71400 +73200 1006 2036 50
a contact +72600 +73200 1008 2032 50
a contact +70800 +73200 1009 9007 50
a contact +71400 +73200 1010 9009 50
a contact +71400 +73200 1011 9001 50
a contact +72600 +73200 2032 1008 50
a contact +71400 +73200 2036 1006 50
a contact +71400 +73200 9001 1011 50
a contact +72000 +73200 9003 1001 50
a contact +71400 +73200 9006 1004 50
a contact +70800 +73200 9007 1009 50
a contact +71400 +73200 9009 1010 50
a contact +72000 +73800 1003 2037 50
a contact +71400 +73800 1005 9010 50
a contact +67800 +73800 1007 2031 50
a contact +67800 +73800 2031 1007 50
a contact +72000 +73800 2037 1003 50
a contact +71400 +73800 9010 1005 50
a contact +73200 +74400 1006 2054 50
a contact +73200 +74400 1009 2025 50
a contact +73200 +74400 2025 1009 50
a contact +73200 +74400 2054 1006 50
a contact +73200 +75000 1001 2060 50
a contact +73800 +75000 1007 2001 50
a contact +73200 +75000 1011 9006 50
a contact +73800 +75000 2001 1007 50
a contact +73200 +75000 2060 1001 50
a contact +73200 +75000 9006 1011 50
a contact +73200 +75600 1004 9001 50
a contact +73800 +75600 1005 2055 50
a contact +74400 +75600 1006 2023 50
a contact +73200 +75600 1008 9007 50
a contact +74400 +75600 1009 9010 50
a contact +75000 +75600 1011 2032 50
a contact +74400 +75600 2023 1006 50
a contact +75000 +75600 2032 1011 50
a contact +73800 +75600 2055 1005 50
a contact +73200 +75600 9001 1004 50
a contact +73200 +75600 9007 1008 50
a contact +74400 +75600 9010 1009 50
a contact +71400 +76200 1002 9012 50
a contact +75600 +76200 1004 2045 50
a contact +75600 +76200 1005 9007 50
a contact +75600 +76200 1009 9001 50
a contact +75600 +76200 2045 1004 50
a contact +75600 +76200 9001 1009 50
a contact +75600 +76200 9007 1005 50
a contact +71400 +76200 9012 1002 50
a contact +73800 +76800 1003 9009 50
a contact +75000 +76800 1007 2004 50
a contact +75000 +76800 2004 1007 50
a contact +73800 +76800 9009 1003 50
a contact +75600 +77400 1006 2047 50
a contact +75600 +77400 2047 1006 50
a contact +75000 +78000 1001 9006 50
a contact +76200 +78000 1004 2058 50
a contact +76200 +78000 1005 2045 50
a contact +73200 +78000 1010 9003 50
a contact +70200 +78000 1012 9004 50
a contact +76200 +78000 2045 1005 50
a contact +76200 +78000 2058 1004 50
a contact +73200 +78000 9003 1010 50
a contact +70200 +78000 9004 1012 50
a contact +75000 +78000 9006 1001 50
a contact +78000 +79200 1001 9004 50
a contact +76800 +79200 1007 9001 50
a contact +76800 +79200 9001 1007 50
a contact +78000 +79200 9004 1001 50
a contact +79200 +79800 1001 9001 50
a contact +76200 +79800 1002 2055 50
a contact +78000 +79800 1005 2024 50
a contact +77400 +79800 1006 2051 50
a contact +75600 +79800 1008 2005 50
a contact +76200 +79800 1009 2003 50
a contact +75600 +79800 1011 9010 50
a contact +78000 +79800 1012 2006 50
a contact +76200 +79800 2003 1009 50
a contact +75600 +79800 2005 1008 50
a contact +78000 +79800 2006 1012 50
a contact +78000 +79800 2024 1005 50
a contact +77400 +79800 2051 1006 50
a contact +76200 +79800 2055 1002 50
a contact +79200 +79800 9001 1001 50
a contact +75600 +79800 9010 1011 50
a contact +76800 +80400 1003 2052 50
a contact +78000 +80400 1004 2045 50
a contact +78000 +80400 1010 2020 50
a contact +78000 +80400 2020 1010 50
a contact +78000 +80400 2045 1004 50
a contact +76800 +80400 2052 1003 50
a contact +80400 +81000 1004 2026 50
a contact +79200 +81000 1007 9004 50
a contact +79800 +81000 1009 9002 50
a contact +79800 +81000 1012 2004 50
a contact +79800 +81000 2004 1012 50
a contact +80400 +81000 2026 1004 50
a contact +79800 +81000 9002 1009 50
a contact +79200 +81000 9004 1007 50
a contact +79800 +81600 1002 2017 50
a contact +80400 +81600 1003 2027 50
a contact +79800 +81600 1006 9008 50
a contact +79800 +81600 1008 9007 50
a contact +79800 +81600 2017 1002 50
a contact +80400 +81600 2027 1003 50
a contact +79800 +81600 9007 1008 50
a contact +79800 +81600 9008 1006 50
a contact +79800 +82200 1001 2033 50
a contact +81600 +82200 1002 9008 50
a contact +81000 +82200 1009 2023 50
a contact +81000 +82200 2023 1009 50
a contact +79800 +82200 2033 1001 50
a contact +81600 +82200 9008 1002 50
a contact +82200 +84000 1001 2049 50
a contact +81000 +84000 1004 2046 50
a contact +81000 +84000 2046 1004 50
a contact +82200 +84000 2049 1001 50
a contact +82200 +84600 1002 2063 50
a contact +79800 +84600 1005 9001 50
a contact +81600 +84600 1008 9010 50
a contact +80400 +84600 1010 9011 50
a contact +82200 +84600 2063 1002 50
a contact +79800 +84600 9001 1005 50
a contact +81600 +84600 9010 1008 50
a contact +80400 +84600 9011 1010 50
a contact +81600 +85200 1003 2039 50
a contact +84600 +85200 1008 9011 50
a contact +81600 +85200 2039 1003 50
a contact +84600 +85200 9011 1008 50
a contact +82200 +85800 1009 9008 50
a contact +82200 +85800 9008 1009 50
a contact +84000 +86400 1001 2028 50
a contact +84600 +86400 1002 2013 50
a contact +85200 +86400 1003 9011 50
a contact +84000 +86400 1004 2003 50
a contact +84600 +86400 1005 9010 50
a contact +81600 +86400 1006 9007 50
a contact +81000 +86400 1007 9002 50
a contact +85200 +86400 1008 9001 50
a contact +85800 +86400 1009 2034 50
a contact +84600 +86400 1010 2035 50
a contact +79800 +86400 1011 9005 50
a contact +81000 +86400 1012 9004 50
a contact +84000 +86400 2003 1004 50
a contact +84600 +86400 2013 1002 50
a contact +84000 +86400 2028 1001 50
a contact +85800 +86400 2034 1009 50
a contact +84600 +86400 2035 1010 50
a contact +85200 +86400 9001 1008 50
a contact +81000 +86400 9002 1007 50
a contact +81000 +86400 9004 1012 50
a contact +79800 +86400 9005 1011 50
a contact +81600 +86400 9007 1006 50
a contact +84600 +86400 9010 1005 50
a contact +85200 +86400 9011 1003 50

a range +0 +600 1001 2007 0.0544
a range +0 +600 1004 2056 0.055
a range +0 +600 1005 9005 1102.4258
a range +0 +600 1007 2041 0.0545
a range +0 +600 1008 2044 0.0546
a range +0 +600 1012 2034 0.0556
a range +0 +600 2007 1001 0.0544
a range +0 +600 2034 1012 0.0556
a range +0 +600 2041 1007 0.0545
a range +0 +600 2044 1008 0.0546
a range +0 +600 2056 1004 0.055
a range +0 +600 9005 1005 1102.4258
a range +0 +1200 1003 9007 1102.3407
a range +0 +1200 1009 2008 0.0553
a range +0 +1200 2008 1009 0.0553
a range +0 +1200 9007 1003 1102.3407
a range +600 +1800 1004 2028 0.0542
a range +600 +1800 1008 2034 0.055
a range +0 +1800 1011 2042 0.0554
a range +600 +1800 1012 2013 0.0543
a range +600 +1800 2013 1012 0.0543
a range +600 +1800 2028 1004 0.0542
a range +600 +1800 2034 1008 0.055
a range +0 +1800 2042 1011 0.0554
a range +600 +2400 1001 2061 0.054
a range +0 +2400 1002 9004 1102.3253
a range +1200 +2400 1003 9010 1102.3407
a range +600 +2400 1007 9011 1102.2416
a range +0 +2400 1010 9002 1101.9688
a range +1800 +2400 1011 9007 1101.8753
a range +600 +2400 2061 1001 0.054
a range +0 +2400 9002 1010 1101.9688
a range +0 +2400 9004 1002 1102.3253
a range +1800 +2400 9007 1011 1101.8753
a range +1200 +2400 9010 1003 1102.3407
a range +600 +2400 9011 1007 1102.2416
a range +2400 +3000 1001 9004 1102.3154
a range +1800 +3000 1008 2039 0.0553
a range +1800 +3000 2039 1008 0.0553
a range +2400 +3000 9004 1001 1102.3154
a range +2400 +3600 1011 2006 0.0545
a range +2400 +3600 2006 1011 0.0545
a range +1800 +4200 1004 2056 0.055
a range +0 +4200 1006 9008 1102.3335
a range +2400 +4200 1007 2009 0.054
a range +3000 +4200 1008 9002 1102.1503
a range +2400 +4200 2009 1007 0.054
a range +1800 +4200 2056 1004 0.055
a range +3000 +4200 9002 1008 1102.1503
a range +0 +4200 9008 1006 1102.3335
a range +3000 +4800 1001 9010 1102.3154
a range +2400 +4800 1002 9011 1102.7056
a range +2400 +4800 1003 2014 0.0547
a range +1200 +4800 1009 9005 1102.0593
a range +1800 +4800 1012 2040 0.0542
a range +2400 +4800 2014 1003 0.0547
a range +1800 +4800 2040 1012 0.0542
a range +1200 +4800 9005 1009 1102.0593
a range +3000 +4800 9010 1001 1102.3154
a range +2400 +4800 9011 1002 1102.7056
a range +4200 +5400 1007 2049 0.0542
a range +2400 +5400 1010 9007 1101.9706
a range +3600 +5400 1011 2035 0.0541
a range +3600 +5400 2035 1011 0.0541
a range +4200 +5400 2049 1007 0.0542
a range +2400 +5400 9007 1010 1101.9706
a range +4200 +6000 1006 2039 0.0558
a range +4800 +6000 1009 9002 1102.0593
a range +4200 +6000 2039 1006 0.0558
a range +4800 +6000 9002 1009 1102.0593
a range +4200 +6600 1004 2021 0.0545
a range +6000 +6600 1006 9002 1102.3335
a range +4200 +6600 2021 1004 0.0545
a range +6000 +6600 9002 1006 1102.3335
a range +4800 +7200 1001 9005 1102.7998
a range +6600 +7200 1004 9002 1102.5186
a range +5400 +7200 1007 9004 1102.2575
a range +4200 +7200 1008 9008 1102.1503
a range +5400 +7200 1011 2001 0.0548
a range +5400 +7200 2001 1011 0.0548
a range +6600 +7200 9002 1004 1102.5186
a range +5400 +7200 9004 1007 1102.2575
a range +4800 +7200 9005 1001 1102.7998
a range +4200 +7200 9008 1008 1102.1503
a range +4800 +7800 1003 9010 1102.3407
a range +600 +7800 1005 9001 1102.3712
a range +7200 +7800 1008 9005 1102.1503
a range +5400 +7800 1010 2031 0.0545
a range +4800 +7800 1012 9011 1102.8944
a range +5400 +7800 2031 1010 0.0545
a range +600 +7800 9001 1005 1102.3712
a range +7200 +7800 9005 1008 1102.1503
a range +4800 +7800 9010 1003 1102.3407
a range +4800 +7800 9011 1012 1102.8944
a range +7200 +8400 1001 9002 1102.7998
a range +4800 +8400 1002 2026 0.0557
a range +7800 +8400 1005 9004 1102.3712
a range +7200 +8400 1007 2034 0.0549
a range +6000 +8400 1009 2044 0.0556
a range +7200 +8400 1011 9008 1103.0142
a range +7800 +8400 1012 9001 1102.3136
a range +4800 +8400 2026 1002 0.0557
a range +7200 +8400 2034 1007 0.0549
a range +6000 +8400 2044 1009 0.0556
a range +7800 +8400 9001 1012 1102.3136
a range +7200 +8400 9002 1001 1102.7998
a range +7800 +8400 9004 1005 1102.3712
a range +7200 +8400 9008 1011 1103.0142
a range +7800 +9000 1003 2059 0.0542
a range +7200 +9000 1004 2027 0.0554
a range +8400 +9000 1005 9007 1102.3712
a range +7800 +9000 1010 2030 0.0544
a range +7200 +9000 2027 1004 0.0554
a range +7800 +9000 2030 1010 0.0544
a range +7800 +9000 2059 1003 0.0542
a range +8400 +9000 9007 1005 1102.3712
a range +9000 +9600 1005 9002 1102.4258
a range +7800 +9600 1008 2017 0.0547
a range +7800 +9600 2017 1008 0.0547
a range +9000 +9600 9002 1005 1102.4258
a range +9000 +10200 1003 9007 1102.3407
a range +6600 +10200 1006 2009 0.0557
a range +8400 +10200 1007 9005 1102.2416
a range +6600 +10200 2009 1006 0.0557
a range +8400 +10200 9005 1007 1102.2416
a range +9000 +10200 9007 1003 1102.3407
a range +8400 +10800 1001 9011 1102.7998
a range +9600 +10800 1005 2008 0.0548
a range +8400 +10800 1012 2057 0.0542
a range +9600 +10800 2008 1005 0.0548
a range +8400 +10800 2057 1012 0.0542
a range +8400 +10800 9011 1001 1102.7998
a range +10200 +11400 1003 9005 1102.6119
a range +10200 +11400 9005 1003 1102.6119
a range +10800 +12000 1001 2058 0.0544
a range +10200 +12000 1007 9007 1102.2575
a range +9600 +12000 1008 2040 0.0552
a range +8400 +12000 1009 2016 0.0548
a range +8400 +12000 2016 1009 0.0548
a range +9600 +12000 2040 1008 0.0552
a range +10800 +12000 2058 1001 0.0544
a range +10200 +12000 9007 1007 1102.2575
a range +8400 +12600 1002 9001 1102.3253
a range +10800 +12600 1005 9011 1102.4258
a range +8400 +12600 1011 9004 1102.3204
a range +8400 +12600 9001 1002 1102.3253
a range +8400 +12600 9004 1011 1102.3204
a range +10800 +12600 9011 1005 1102.4258
a range +12000 +13200 1001 9007 1102.3154
a range +11400 +13200 1003 2046 0.0541
a range +10200 +13200 1006 9002 1102.3335
a range +12000 +13200 1007 2027 0.0544
a range +12600 +13200 1011 9001 1102.3204
a range +10800 +13200 1012 2052 0.0543
a range +12000 +13200 2027 1007 0.0544
a range +11400 +13200 2046 1003 0.0541
a range +10800 +13200 2052 1012 0.0543
a range +12600 +13200 9001 1011 1102.3204
a range +10200 +13200 9002 1006 1102.3335
a range +12000 +13200 9007 1001 1102.3154
a range +13200 +13800 1007 2051 0.0548
a range +12000 +13800 1009 9005 1103.2048
a range +9000 +13800 1010 9010 1102.3341
a range +13200 +13800 2051 1007 0.0548
a range +12000 +13800 9005 1009 1103.2048
a range +9000 +13800 9010 1010 1102.3341
a range +13200 +14400 1003 9004 1102.3407
a range +12000 +14400 1008 2031 0.0543
a range +13800 +14400 1009 9010 1102.3509
a range +12000 +14400 2031 1008 0.0543
a range +13200 +14400 9004 1003 1102.3407
a range +13800 +14400 9010 1009 1102.3509
a range +12600 +15000 1002 2036 0.0544
a range +12600 +15000 1005 2054 0.0545
a range +13800 +15000 1007 2002 0.0556
a range +13800 +15000 2002 1007 0.0556
a range +12600 +15000 2036 1002 0.0544
a range +12600 +15000 2054 1005 0.0545
a range +15000 +15600 1005 9005 1102.4258
a range +13200 +15600 1006 2030 0.0548
a range +13800 +15600 1010 9007 1102.3341
a range +13200 +15600 2030 1006 0.0548
a range +15000 +15600 9005 1005 1102.4258
a range +13800 +15600 9007 1010 1102.3341
a range +13200 +16200 1001 9002 1102.7998
a range +14400 +16200 1009 2028 0.0558
a range +14400 +16200 2028 1009 0.0558
a range +13200 +16200 9002 1001 1102.7998
a range +15000 +16800 1002 2013 0.0547
a range +15600 +16800 1005 2023 0.0551
a range +15600 +16800 1006 2041 0.0541
a range +15000 +16800 1007 2053 0.054
a range +15600 +16800 1010 2052 0.0541
a range +15000 +16800 2013 1002 0.0547
a range +15600 +16800 2023 1005 0.0551
a range +15600 +16800 2041 1006 0.0541
a range +15600 +16800 2052 1010 0.0541
a range +15000 +16800 2053 1007 0.054
a range +16200 +17400 1001 2040 0.054
a range +16800 +17400 1007 9005 1103.3955
a range +14400 +17400 1008 2001 0.0548
a range +13200 +17400 1012 9011 1102.8944
a range +14400 +17400 2001 1008 0.0548
a range +16200 +17400 2040 1001 0.054
a range +16800 +17400 9005 1007 1103.3955
a range +13200 +17400 9011 1012 1102.8944
a range +9000 +18000 1004 9008 1102.5186
a range +17400 +18000 1008 9011 1103.3002
a range +9000 +18000 9008 1004 1102.5186
a range +17400 +18000 9011 1008 1103.3002
a range +17400 +18600 1001 2042 0.0549
a range +16800 +18600 1002 2003 0.0546
a range +14400 +18600 1003 2048 0.0551
a range +16200 +18600 1009 9002 1103.2048
a range +13200 +18600 1011 2018 0.0548
a range +16800 +18600 2003 1002 0.0546
a range +13200 +18600 2018 1011 0.0548
a range +17400 +18600 2042 1001 0.0549
a range +14400 +18600 2048 1003 0.0551
a range +16200 +18600 9002 1009 1103.2048
a range +18600 +19200 1002 9011 1102.7056
a range +18000 +19200 1004 2034 0.0542
a range +16800 +19200 1006 2019 0.0541
a range +16800 +19200 1010 2062 0.0549
a range +16800 +19200 2019 1006 0.0541
a range +18000 +19200 2034 1004 0.0542
a range +16800 +19200 2062 1010 0.0549
a range +18600 +19200 9011 1002 1102.7056
a range +18600 +19800 1009 2041 0.054
a range +18600 +19800 2041 1009 0.054
a range +18600 +20400 1001 2029 0.0547
a range +18600 +20400 1003 2046 0.0541
a range +17400 +20400 1007 2036 0.0552
a range +17400 +20400 1012 2047 0.0558
a range +18600 +20400 2029 1001 0.0547
a range +17400 +20400 2036 1007 0.0552
a range +18600 +20400 2046 1003 0.0541
a range +17400 +20400 2047 1012 0.0558
a range +19200 +21000 1002 2006 0.0542
a range +16800 +21000 1005 2022 0.0544
a range +19200 +21000 1006 9008 1103.4136
a range +18000 +21000 1008 9005 1103.3002
a range +19200 +21000 1010 9011 1103.1094
a range +18600 +21000 1011 2035 0.0557
a range +19200 +21000 2006 1002 0.0542
a range +16800 +21000 2022 1005 0.0544
a range +18600 +21000 2035 1011 0.0557
a range +18000 +21000 9005 1008 1103.3002
a range +19200 +21000 9008 1006 1103.4136
a range +19200 +21000 9011 1010 1103.1094
a range +20400 +21600 1001 2041 0.0543
a range +21000 +21600 1005 2004 0.0552
a range +19800 +21600 1009 2053 0.0543
a range +21000 +21600 2004 1005 0.0552
a range +20400 +21600 2041 1001 0.0543
a range +19800 +21600 2053 1009 0.0543
a range +21000 +22200 1002 9008 1102.7056
a range +21000 +22200 1006 2023 0.054
a range +21000 +22200 1008 2036 0.0555
a range +21600 +22200 1009 2056 0.0555
a range +21000 +22200 1011 9011 1103.0142
a range +20400 +22200 1012 2049 0.0548
a range +21000 +22200 2023 1006 0.054
a range +21000 +22200 2036 1008 0.0555
a range +20400 +22200 2049 1012 0.0548
a range +21600 +22200 2056 1009 0.0555
a range +21000 +22200 9008 1002 1102.7056
a range +21000 +22200 9011 1011 1103.0142
a range +21600 +22800 1001 2060 0.0544
a range +20400 +22800 1003 2021 0.054
a range +19200 +22800 1004 2007 0.0542
a range +21600 +22800 1005 2044 0.0555
a range +19200 +22800 2007 1004 0.0542
a range +20400 +22800 2021 1003 0.054
a range +21600 +22800 2044 1005 0.0555
a range +21600 +22800 2060 1001 0.0544
a range +22200 +23400 1002 2051 0.0558
a range +22200 +23400 1006 2015 0.0555
a range +22200 +23400 1008 9011 1103.3002
a range +22200 +23400 1009 2008 0.054
a range +22200 +23400 2008 1009 0.054
a range +22200 +23400 2015 1006 0.0555
a range +22200 +23400 2051 1002 0.0558
a range +22200 +23400 9011 1008 1103.3002
a range +22800 +24000 1001 2054 0.0548
a range +22800 +24000 1004 2059 0.0548
a range +23400 +24000 1008 2021 0.0544
a range +21000 +24000 1010 9005 1103.1094
a range +22200 +24000 1011 2027 0.0548
a range +23400 +24000 2021 1008 0.0544
a range +22200 +24000 2027 1011 0.0548
a range +22800 +24000 2054 1001 0.0548
a range +22800 +24000 2059 1004 0.0548
a range +21000 +24000 9005 1010 1103.1094
a range +24000 +24600 1001 9011 1102.7998
a range +22800 +24600 1003 2012 0.0547
a range +24000 +24600 1004 9005 1103.3833
a range +23400 +24600 1009 2025 0.0558
a range +22200 +24600 1012 9008 1102.8944
a range +22800 +24600 2012 1003 0.0547
a range +23400 +24600 2025 1009 0.0558
a range +24000 +24600 9005 1004 1103.3833
a range +22200 +24600 9008 1012 1102.8944
a range +24000 +24600 9011 1001 1102.7998
a range +24600 +25200 1001 9008 1102.7998
a range +20400 +25200 1007 9002 1103.3955
a range +24000 +25200 1008 2061 0.0548
a range +24000 +25200 1011 2056 0.0553
a range +24600 +25200 1012 2032 0.0549
a range +24600 +25200 2032 1012 0.0549
a range +24000 +25200 2056 1011 0.0553
a range +24000 +25200 2061 1008 0.0548
a range +20400 +25200 9002 1007 1103.3955
a range +24600 +25200 9008 1001 1102.7998
a range +23400 +25800 1006 2045 0.0544
a range +24000 +25800 1010 2060 0.0553
a range +25200 +25800 1012 9008 1102.8944
a range +23400 +25800 2045 1006 0.0544
a range +24000 +25800 2060 1010 0.0553
a range +25200 +25800 9008 1012 1102.8944
a range +23400 +26400 1002 2040 0.0553
a range +24600 +26400 1004 2016 0.054
a range +24600 +26400 1009 9005 1103.2048
a range +25800 +26400 1010 9008 1103.1094
a range +25200 +26400 1011 2011 0.0553
a range +25200 +26400 2011 1011 0.0553
a range +24600 +26400 2016 1004 0.054
a range +23400 +26400 2040 1002 0.0553
a range +24600 +26400 9005 1009 1103.2048
a range +25800 +26400 9008 1010 1103.1094
a range +25200 +27000 1001 2017 0.0543
a range +24600 +27000 1003 2059 0.0542
a range +25200 +27000 1007 2034 0.0549
a range +25200 +27000 2017 1001 0.0543
a range +25200 +27000 2034 1007 0.0549
a range +24600 +27000 2059 1003 0.0542
a range +26400 +27600 1004 2006 0.0543
a range +25800 +27600 1006 2007 0.0548
a range +26400 +27600 1009 2004 0.0547
a range +26400 +27600 1011 9008 1103.0142
a range +25800 +27600 1012 9002 1102.8944
a range +26400 +27600 2004 1009 0.0547
a range +26400 +27600 2006 1004 0.0543
a range +25800 +27600 2007 1006 0.0548
a range +25800 +27600 9002 1012 1102.8944
a range +26400 +27600 9008 1011 1103.0142
a range +27000 +28200 1003 2039 0.0545
a range +22800 +28200 1005 2020 0.0553
a range +25200 +28200 1008 9011 1103.3002
a range +26400 +28200 1010 2063 0.0552
a range +22800 +28200 2020 1005 0.0553
a range +27000 +28200 2039 1003 0.0545
a range +26400 +28200 2063 1010 0.0552
a range +25200 +28200 9011 1008 1103.3002
a range +27000 +28800 1001 2064 0.0546
a range +27600 +28800 1004 9002 1103.3833
a range +28200 +28800 1005 9011 1103.4001
a range +27600 +28800 1012 9008 1102.8944
a range +27000 +28800 2064 1001 0.0546
a range +27600 +28800 9002 1004 1103.3833
a range +27600 +28800 9008 1012 1102.8944
a range +28200 +28800 9011 1005 1103.4001
a range +26400 +29400 1002 2053 0.0548
a range +28200 +29400 1003 2019 0.0556
a range +28800 +29400 1005 9008 1103.4001
a range +27600 +29400 1006 2056 0.0545
a range +27000 +29400 1007 9005 1103.3955
a range +28200 +29400 1010 2058 0.0544
a range +28200 +29400 2019 1003 0.0556
a range +26400 +29400 2053 1002 0.0548
a range +27600 +29400 2056 1006 0.0545
a range +28200 +29400 2058 1010 0.0544
a range +27000 +29400 9005 1007 1103.3955
a range +28800 +29400 9008 1005 1103.4001
a range +27600 +30000 1009 2016 0.0548
a range +27600 +30000 2016 1009 0.0548
a range +28800 +30600 1001 2037 0.0546
a range +29400 +30600 1002 9005 1103.3576
a range +29400 +30600 1003 9008 1103.3678
a range +29400 +30600 1005 2003 0.0553
a range +29400 +30600 1006 9002 1103.4136
a range +29400 +30600 1007 9011 1103.3955
a range +28200 +30600 1008 2038 0.0545
a range +29400 +30600 1010 2017 0.0552
a range +27600 +30600 1011 2042 0.0554
a range +29400 +30600 2003 1005 0.0553
a range +29400 +30600 2017 1010 0.0552
a range +28800 +30600 2037 1001 0.0546
a range +28200 +30600 2038 1008 0.0545
a range +27600 +30600 2042 1011 0.0554
a range +29400 +30600 9002 1006 1103.4136
a range +29400 +30600 9005 1002 1103.3576
a range +29400 +30600 9008 1003 1103.3678
a range +29400 +30600 9011 1007 1103.3955
a range +30600 +31200 1011 9002 1103.0142
a range +28800 +31200 1012 2041 0.054
a range +28800 +31200 2041 1012 0.054
a range +30600 +31200 9002 1011 1103.0142
a range +28800 +31800 1004 2033 0.0541
a range +30600 +31800 1005 9003 1103.5617
a range +31200 +31800 1011 9011 1103.0142
a range +31200 +31800 1012 2044 0.0559
a range +28800 +31800 2033 1004 0.0541
a range +31200 +31800 2044 1012 0.0559
a range +30600 +31800 9003 1005 1103.5617
a range +31200 +31800 9011 1011 1103.0142
a range +30600 +32400 1001 2043 0.0546
a range +31800 +32400 1005 9002 1103.4001
a range +30600 +32400 1008 9012 1103.2908
a range +30600 +32400 2043 1001 0.0546
a range +31800 +32400 9002 1005 1103.4001
a range +30600 +32400 9012 1008 1103.2908
a range +30600 +33000 1002 9008 1103.3576
a range +31800 +33000 1004 9003 1103.6528
a range +30000 +33000 1009 9009 1103.2012
a range +31800 +33000 1011 2062 0.0559
a range +31800 +33000 1012 2033 0.0544
a range +31800 +33000 2033 1012 0.0544
a range +31800 +33000 2062 1011 0.0559
a range +31800 +33000 9003 1004 1103.6528
a range +30600 +33000 9008 1002 1103.3576
a range +30000 +33000 9009 1009 1103.2012
a range +30600 +33600 1007 2064 0.0549
a range +30600 +33600 2064 1007 0.0549
a range +33000 +34200 1002 9009 1103.8366
a range +33000 +34200 1004 9008 1103.3833
a range +30600 +34200 1006 9006 1103.471
a range +30600 +34200 1010 2032 0.054
a range +33000 +34200 1011 2034 0.055
a range +30600 +34200 2032 1010 0.054
a range +33000 +34200 2034 1011 0.055
a range +30600 +34200 9006 1006 1103.471
a range +33000 +34200 9008 1004 1103.3833
a range +33000 +34200 9009 1002 1103.8366
a range +30600 +34800 1003 9005 1103.3678
a range +32400 +34800 1005 2011 0.0545
a range +33000 +34800 1009 2029 0.0551
a range +32400 +34800 2011 1005 0.0545
a range +33000 +34800 2029 1009 0.0551
a range +30600 +34800 9005 1003 1103.3678
a range +34200 +36000 1002 2061 0.0549
a range +32400 +36000 1008 9002 1103.3002
a range +34200 +36000 2061 1002 0.0549
a range +32400 +36000 9002 1008 1103.3002
a range +32400 +36600 1001 9012 1103.9292
a range +34800 +36600 1005 9005 1103.4001
a range +33600 +36600 1007 9011 1103.3955
a range +34800 +36600 1009 9009 1103.2012
a range +34200 +36600 1011 2026 0.0542
a range +33000 +36600 1012 9003 1104.0224
a range +34200 +36600 2026 1011 0.0542
a range +33000 +36600 9003 1012 1104.0224
a range +34800 +36600 9005 1005 1103.4001
a range +34800 +36600 9009 1009 1103.2012
a range +33600 +36600 9011 1007 1103.3955
a range +32400 +36600 9012 1001 1103.9292
a range +34200 +37200 1006 2044 0.0541
a range +34200 +37200 2044 1006 0.0541
a range +36600 +37800 1009 2024 0.054
a range +34200 +37800 1010 2038 0.0546
a range +36600 +37800 2024 1009 0.054
a range +34200 +37800 2038 1010 0.0546
a range +36600 +38400 1001 2004 0.0549
a range +36000 +38400 1002 9002 1103.3576
a range +36600 +38400 1007 2053 0.0389
a range +36000 +38400 1008 2050 0.0555
a range +36600 +38400 1012 9005 1103.3622
a range +36600 +38400 2004 1001 0.0549
a range +36000 +38400 2050 1008 0.0555
a range +36600 +38400 2053 1007 0.0389
a range +36000 +38400 9002 1002 1103.3576
a range +36600 +38400 9005 1012 1103.3622
a range +37800 +39000 1010 9009 1104.2351
a range +36600 +39000 1011 2025 0.0555
a range +36600 +39000 2025 1011 0.0555
a range +37800 +39000 9009 1010 1104.2351
a range +37200 +39600 1006 9011 1103.4136
a range +37200 +39600 9011 1006 1103.4136
a range +38400 +40800 1002 2029 0.0544
a range +36600 +40800 1005 9012 1103.5617
a range +39600 +40800 1006 9009 1103.471
a range +38400 +40800 1008 2006 0.0554
a range +37800 +40800 1009 2049 0.0542
a range +39000 +40800 1011 9002 1103.3757
a range +38400 +40800 2006 1008 0.0554
a range +38400 +40800 2029 1002 0.0544
a range +37800 +40800 2049 1009 0.0542
a range +39000 +40800 9002 1011 1103.3757
a range +39600 +40800 9009 1006 1103.471
a range +36600 +40800 9012 1005 1103.5617
a range +38400 +41400 1001 9005 1103.3556
a range +34200 +41400 1004 9006 1103.6528
a range +40800 +41400 1006 2051 0.0349
a range +39000 +41400 1010 2059 0.0552
a range +40800 +41400 1011 2052 0.0556
a range +40800 +41400 2051 1006 0.0349
a range +40800 +41400 2052 1011 0.0556
a range +39000 +41400 2059 1010 0.0552
a range +38400 +41400 9005 1001 1103.3556
a range +34200 +41400 9006 1004 1103.6528
a range +34800 +42000 1003 9008 1103.3678
a range +41400 +42000 1004 9005 1103.3833
a range +38400 +42000 1007 2048 0.054
a range +40800 +42000 1008 2045 0.0556
a range +40800 +42000 1009 9011 1103.408
a range +41400 +42000 1011 9002 1103.3757
a range +38400 +42000 1012 2010 0.0542
a range +38400 +42000 2010 1012 0.0542
a range +40800 +42000 2045 1008 0.0556
a range +38400 +42000 2048 1007 0.054
a range +41400 +42000 9002 1011 1103.3757
a range +41400 +42000 9005 1004 1103.3833
a range +34800 +42000 9008 1003 1103.3678
a range +40800 +42000 9011 1009 1103.408
a range +40800 +42600 1002 9012 1103.8366
a range +42000 +42600 1004 9008 1103.3833
a range +41400 +42600 1010 9009 1104.2351
a range +42000 +42600 1012 9011 1103.3622
a range +42000 +42600 9008 1004 1103.3833
a range +41400 +42600 9009 1010 1104.2351
a range +42000 +42600 9011 1012 1103.3622
a range +40800 +42600 9012 1002 1103.8366
a range +41400 +43200 1001 2015 0.0547
a range +42600 +43200 1004 9012 1103.6528
a range +40800 +43200 1005 9003 1103.5617
a range +41400 +43200 1006 9006 1103.471
a range +42000 +43200 1008 2005 0.0553
a range +42000 +43200 2005 1008 0.0553
a range +41400 +43200 2015 1001 0.0547
a range +40800 +43200 9003 1005 1103.5617
a range +41400 +43200 9006 1006 1103.471
a range +42600 +43200 9012 1004 1103.6528
a range +42000 +43800 1003 2057 0.0542
a range +43200 +43800 1004 9006 1103.6528
a range +43200 +43800 1008 2059 0.0558
a range +42600 +43800 1010 2063 0.0552
a range +42600 +43800 1012 2030 0.0559
a range +42600 +43800 2030 1012 0.0559
a range +42000 +43800 2057 1003 0.0542
a range +43200 +43800 2059 1008 0.0558
a range +42600 +43800 2063 1010 0.0552
a range +43200 +43800 9006 1004 1103.6528
a range +42600 +44400 1002 9009 1103.8366
a range +42000 +44400 1009 2022 0.0558
a range +42000 +44400 2022 1009 0.0558
a range +42600 +44400 9009 1002 1103.8366
a range +43800 +45000 1004 9012 1103.6528
a range +43200 +45000 1005 2002 0.0547
a range +43800 +45000 1012 9006 1104.0224
a range +43200 +45000 2002 1005 0.0547
a range +43800 +45000 9006 1012 1104.0224
a range +43800 +45000 9012 1004 1103.6528
a range +43200 +45600 1001 9003 1103.9292
a range +44400 +45600 1002 2013 0.0553
a range +43800 +45600 1003 2021 0.054
a range +45000 +45600 1005 2025 0.0437
a range +43800 +45600 1010 2037 0.0549
a range +42000 +45600 1011 2023 0.054
a range +44400 +45600 2013 1002 0.0553
a range +43800 +45600 2021 1003 0.054
a range +42000 +45600 2023 1011 0.054
a range +45000 +45600 2025 1005 0.0437
a range +43800 +45600 2037 1010 0.0549
a range +43200 +45600 9003 1001 1103.9292
a range +45600 +46200 1003 2041 0.0547
a range +45000 +46200 1004 9006 1103.6528
a range +42000 +46200 1007 2058 0.0551
a range +43800 +46200 1008 2018 0.0549
a range +45000 +46200 1012 9012 1104.0224
a range +43800 +46200 2018 1008 0.0549
a range +45600 +46200 2041 1003 0.0547
a range +42000 +46200 2058 1007 0.0551
a range +45000 +46200 9006 1004 1103.6528
a range +45000 +46200 9012 1012 1104.0224
a range +45600 +46800 1002 2027 0.0555
a range +46200 +46800 1003 2021 0.054
a range +46200 +46800 1004 2062 0.0546
a range +44400 +46800 1009 9009 1104.3298
a range +45600 +46800 1011 2013 0.0543
a range +45600 +46800 2013 1011 0.0543
a range +46200 +46800 2021 1003 0.054
a range +45600 +46800 2027 1002 0.0555
a range +46200 +46800 2062 1004 0.0546
a range +44400 +46800 9009 1009 1104.3298
a range +45600 +47400 1005 2047 0.0555
a range +43200 +47400 1006 2008 0.0557
a range +45600 +47400 1010 9003 1104.2351
a range +46200 +47400 1012 2046 0.0444
a range +43200 +47400 2008 1006 0.0557
a range +46200 +47400 2046 1012 0.0444
a range +45600 +47400 2047 1005 0.0555
a range +45600 +47400 9003 1010 1104.2351
a range +45600 +48000 1001 2037 0.0546
a range +46800 +48000 1002 9012 1103.8366
a range +47400 +48000 1006 2051 0.0349
a range +46200 +48000 1007 9006 1104.52
a range +46200 +48000 1008 2002 0.0441
a range +46200 +48000 2002 1008 0.0441
a range +45600 +48000 2037 1001 0.0546
a range +47400 +48000 2051 1006 0.0349
a range +46200 +48000 9006 1007 1104.52
a range +46800 +48000 9012 1002 1103.8366
a range +48000 +48600 1001 9006 1103.9292
a range +48000 +48600 1006 9003 1104.6153
a range +48000 +48600 1007 2061 0.055
a range +46800 +48600 1011 2028 0.0553
a range +46800 +48600 2028 1011 0.0553
a range +48000 +48600 2061 1007 0.055
a range +48000 +48600 9003 1006 1104.6153
a range +48000 +48600 9006 1001 1103.9292
a range +48600 +49200 1001 9003 1103.9292
a range +48000 +49200 1002 2026 0.0549
a range +47400 +49200 1005 2009 0.0548
a range +48600 +49200 1007 2027 0.0246
a range +47400 +49200 2009 1005 0.0548
a range +48000 +49200 2026 1002 0.0549
a range +48600 +49200 2027 1007 0.0246
a range +48600 +49200 9003 1001 1103.9292
a range +46800 +49800 1009 2064 0.0544
a range +46800 +49800 2064 1009 0.0544
a range +47400 +50400 1010 2055 0.0473
a range +47400 +50400 2055 1010 0.0473
a range +46800 +51000 1003 9009 1103.7444
a range +49200 +51000 1005 2010 0.0543
a range +48600 +51000 1006 9006 1104.6153
a range +49800 +51000 1009 9003 1104.3298
a range +48600 +51000 1011 2014 0.0551
a range +47400 +51000 1012 2015 0.0548
a range +49200 +51000 2010 1005 0.0543
a range +48600 +51000 2014 1011 0.0551
a range +47400 +51000 2015 1012 0.0548
a range +49800 +51000 9003 1009 1104.3298
a range +48600 +51000 9006 1006 1104.6153
a range +46800 +51000 9009 1003 1103.7444
a range +49200 +51600 1002 2019 0.054
a range +51000 +51600 1005 2001 0.054
a range +51000 +51600 1006 9003 1104.6153
a range +51000 +51600 1012 9009 1104.0224
a range +51000 +51600 2001 1005 0.054
a range +49200 +51600 2019 1002 0.054
a range +51000 +51600 9003 1006 1104.6153
a range +51000 +51600 9009 1012 1104.0224
a range +49200 +52200 1001 2061 0.0389
a range +51000 +52200 1003 2015 0.0541
a range +48000 +52200 1008 2062 0.0556
a range +51000 +52200 2015 1003 0.0541
a range +49200 +52200 2061 1001 0.0389
a range +48000 +52200 2062 1008 0.0556
a range +49200 +52800 1007 2057 0.0553
a range +51000 +52800 1011 2060 0.0548
a range +51600 +52800 1012 2054 0.0555
a range +51600 +52800 2054 1012 0.0555
a range +49200 +52800 2057 1007 0.0553
a range +51000 +52800 2060 1011 0.0548
a range +51600 +53400 1002 9009 1103.8366
a range +52200 +53400 1003 2010 0.0329
a range +46800 +53400 1004 2050 0.0543
a range +52200 +53400 1008 2040 0.043
a range +52200 +53400 2010 1003 0.0329
a range +52200 +53400 2040 1008 0.043
a range +46800 +53400 2050 1004 0.0543
a range +51600 +53400 9009 1002 1103.8366
a range +52800 +54000 1007 9003 1104.52
a range +52800 +54000 9003 1007 1104.52
a range +53400 +54600 1003 2024 0.0545
a range +53400 +54600 1004 2010 0.02
a range +51600 +54600 1005 2012 0.027
a range +50400 +54600 1010 9012 1104.2351
a range +53400 +54600 2010 1004 0.02
a range +51600 +54600 2012 1005 0.027
a range +53400 +54600 2024 1003 0.0545
a range +50400 +54600 9012 1010 1104.2351
a range +52200 +55200 1001 9010 1103.9444
a range +53400 +55200 1002 2031 0.0553
a range +54600 +55200 1003 2042 0.0542
a range +51600 +55200 1006 2043 0.0541
a range +53400 +55200 2031 1002 0.0553
a range +54600 +55200 2042 1003 0.0542
a range +51600 +55200 2043 1006 0.0541
a range +52200 +55200 9010 1001 1103.9444
a range +55200 +55800 1003 2041 0.0547
a range +55200 +55800 2041 1003 0.0547
a range +55200 +56400 1002 2004 0.0552
a range +55800 +56400 1003 9010 1104.8773
a range +54600 +56400 1005 9009 1104.7107
a range +54000 +56400 1007 2022 0.0559
a range +53400 +56400 1008 9004 1104.4173
a range +51000 +56400 1009 9006 1104.3298
a range +55200 +56400 2004 1002 0.0552
a range +54000 +56400 2022 1007 0.0559
a range +53400 +56400 9004 1008 1104.4173
a range +51000 +56400 9006 1009 1104.3298
a range +54600 +56400 9009 1005 1104.7107
a range +55800 +56400 9010 1003 1104.8773
a range +56400 +57000 1002 2013 0.0553
a range +54600 +57000 1004 9003 1104.806
a range +56400 +57000 1008 2035 0.0557
a range +56400 +57000 1009 9010 1104.3267
a range +54600 +57000 1010 2063 0.0552
a range +56400 +57000 2013 1002 0.0553
a range +56400 +57000 2035 1008 0.0557
a range +54600 +57000 2063 1010 0.0552
a range +54600 +57000 9003 1004 1104.806
a range +56400 +57000 9010 1009 1104.3267
a range +57000 +57600 1002 2049 0.0543
a range +56400 +57600 1005 2017 0.0555
a range +56400 +57600 2017 1005 0.0555
a range +57000 +57600 2049 1002 0.0543
a range +55200 +58200 1001 2030 0.0559
a range +57000 +58200 1010 9009 1104.2351
a range +52800 +58200 1011 9007 1104.1232
a range +52800 +58200 1012 9001 1104.0337
a range +55200 +58200 2030 1001 0.0559
a range +52800 +58200 9001 1012 1104.0337
a range +52800 +58200 9007 1011 1104.1232
a range +57000 +58200 9009 1010 1104.2351
a range +57600 +58800 1002 2001 0.0553
a range +57000 +58800 1004 9010 1104.7843
a range +56400 +58800 1007 9006 1104.52
a range +57600 +58800 2001 1002 0.0553
a range +56400 +58800 9006 1007 1104.52
a range +57000 +58800 9010 1004 1104.7843
a range +58200 +60600 1001 2025 0.0549
a range +58800 +60600 1002 9010 1104.9709
a range +56400 +60600 1003 9004 1104.8773
a range +58800 +60600 1004 9006 1104.806
a range +55200 +60600 1006 9012 1104.6153
a range +58800 +60600 1007 9009 1104.52
a range +57000 +60600 1009 2002 0.0329
a range +58200 +60600 1010 2054 0.0431
a range +58200 +60600 1011 9001 1104.1232
a range +57000 +60600 2002 1009 0.0329
a range +58200 +60600 2025 1001 0.0549
a range +58200 +60600 2054 1010 0.0431
a range +58200 +60600 9001 1011 1104.1232
a range +56400 +60600 9004 1003 1104.8773
a range +58800 +60600 9006 1004 1104.806
a range +58800 +60600 9009 1007 1104.52
a range +58800 +60600 9010 1002 1104.9709
a range +55200 +60600 9012 1006 1104.6153
a range +60600 +61200 1004 9009 1104.806
a range +57600 +61200 1005 2024 0.0429
a range +57000 +61200 1008 9003 1104.4248
a range +60600 +61200 1009 9001 1104.3267
a range +58200 +61200 1012 2050 0.0544
a range +57600 +61200 2024 1005 0.0429
a range +58200 +61200 2050 1012 0.0544
a range +60600 +61200 9001 1009 1104.3267
a range +57000 +61200 9003 1008 1104.4248
a range +60600 +61200 9009 1004 1104.806
a range +60600 +62400 1002 2028 0.0553
a range +61200 +62400 1004 2016 0.0541
a range +61200 +62400 1009 2009 0.0544
a range +61200 +62400 1012 2047 0.0504
a range +61200 +62400 2009 1009 0.0544
a range +61200 +62400 2016 1004 0.0541
a range +60600 +62400 2028 1002 0.0553
a range +61200 +62400 2047 1012 0.0504
a range +60600 +63600 1003 2014 0.0549
a range +61200 +63600 1005 9003 1104.7107
a range +60600 +63600 1010 9006 1104.2351
a range +60600 +63600 2014 1003 0.0549
a range +61200 +63600 9003 1005 1104.7107
a range +60600 +63600 9006 1010 1104.2351
a range +62400 +64200 1002 9012 1104.7822
a range +63600 +64200 1003 9006 1104.7971
a range +62400 +64200 1004 2033 0.02
a range +63600 +64200 1010 9003 1104.2351
a range +62400 +64200 2033 1004 0.02
a range +63600 +64200 9003 1010 1104.2351
a range +63600 +64200 9006 1003 1104.7971
a range +62400 +64200 9012 1002 1104.7822
a range +64200 +64800 1004 9012 1104.806
a range +63600 +64800 1005 2035 0.018
a range +60600 +64800 1011 2031 0.042
a range +60600 +64800 2031 1011 0.042
a range +63600 +64800 2035 1005 0.018
a range +64200 +64800 9012 1004 1104.806
a range +64200 +65400 1002 9006 1104.7822
a range +64200 +65400 1003 9003 1104.7971
a range +60600 +65400 1007 9007 1104.5083
a range +62400 +65400 1009 9001 1104.3267
a range +64800 +65400 1011 9012 1104.7431
a range +62400 +65400 9001 1009 1104.3267
a range +64200 +65400 9003 1003 1104.7971
a range +64200 +65400 9006 1002 1104.7822
a range +60600 +65400 9007 1007 1104.5083
a range +64800 +65400 9012 1011 1104.7431
a range +64200 +66000 1010 2048 0.0545
a range +64200 +66000 2048 1010 0.0545
a range +60600 +66600 1006 9010 1104.5997
a range +65400 +66600 1009 9012 1104.3298
a range +62400 +66600 1012 2011 0.0543
a range +62400 +66600 2011 1012 0.0543
a range +60600 +66600 9010 1006 1104.5997
a range +65400 +66600 9012 1009 1104.3298
a range +60600 +67200 1001 9004 1105.0649
a range +64800 +67200 1004 2005 0.055
a range +64800 +67200 1005 2043 0.0557
a range +65400 +67200 1007 2019 0.0558
a range +64800 +67200 2005 1004 0.055
a range +65400 +67200 2019 1007 0.0558
a range +64800 +67200 2043 1005 0.0557
a range +60600 +67200 9004 1001 1105.0649
a range +67200 +67800 1001 9010 1105.0649
a range +67200 +67800 1007 9007 1104.5083
a range +61200 +67800 1008 9009 1104.4248
a range +66000 +67800 1010 2060 0.0553
a range +65400 +67800 1011 9003 1104.7431
a range +66000 +67800 2060 1010 0.0553
a range +65400 +67800 9003 1011 1104.7431
a range +67200 +67800 9007 1007 1104.5083
a range +61200 +67800 9009 1008 1104.4248
a range +67200 +67800 9010 1001 1105.0649
a range +67800 +68400 1001 9003 1104.7653
a range +67800 +68400 9003 1001 1104.7653
a range +65400 +69600 1003 9006 1104.7971
a range +65400 +69600 9006 1003 1104.7971
a range +67200 +70200 1004 9012 1104.806
a range +67200 +70200 1005 9004 1104.6917
a range +67800 +70200 1008 2051 0.0184
a range +66600 +70200 1009 2007 0.0541
a range +66600 +70200 1012 2012 0.0553
a range +66600 +70200 2007 1009 0.0541
a range +66600 +70200 2012 1012 0.0553
a range +67800 +70200 2051 1008 0.0184
a range +67200 +70200 9004 1005 1104.6917
a range +67200 +70200 9012 1004 1104.806
a range +68400 +70800 1001 2032 0.0247
a range +70200 +70800 1009 9006 1104.7526
a range +68400 +70800 2032 1001 0.0247
a range +70200 +70800 9006 1009 1104.7526
a range +65400 +71400 1002 9001 1104.9709
a range +70200 +71400 1004 9010 1104.7843
a range +70200 +71400 1005 9012 1104.7107
a range +66600 +71400 1006 2038 0.0444
a range +70200 +71400 1008 2016 0.0429
a range +67800 +71400 1010 2029 0.0378
a range +67800 +71400 1011 9009 1104.7431
a range +70200 +71400 2016 1008 0.0429
a range +67800 +71400 2029 1010 0.0378
a range +66600 +71400 2038 1006 0.0444
a range +65400 +71400 9001 1002 1104.9709
a range +67800 +71400 9009 1011 1104.7431
a range +70200 +71400 9010 1004 1104.7843
a range +70200 +71400 9012 1005 1104.7107
a range +70800 +72000 1001 2056 0.0241
a range +69600 +72000 1003 2002 0.0555
a range +69600 +72000 2002 1003 0.0555
a range +70800 +72000 2056 1001 0.0241
a range +71400 +72600 1008 2042 0.0441
a range +71400 +72600 2042 1008 0.0441
a range +72000 +73200 1001 9003 1104.7653
a range +71400 +73200 1004 9006 1104.806
a range +71400 +73200 1006 2036 0.0285
a range +72600 +73200 1008 2032 0.0557
a range +70800 +73200 1009 9007 1105.0361
a range +71400 +73200 1010 9009 1104.7436
a range +71400 +73200 1011 9001 1105.068
a range +72600 +73200 2032 1008 0.0557
a range +71400 +73200 2036 1006 0.0285
a range +71400 +73200 9001 1011 1105.068
a range +72000 +73200 9003 1001 1104.7653
a range +71400 +73200 9006 1004 1104.806
a range +70800 +73200 9007 1009 1105.0361
a range +71400 +73200 9009 1010 1104.7436
a range +72000 +73800 1003 2037 0.0409
a range +71400 +73800 1005 9010 1104.6917
a range +67800 +73800 1007 2031 0.0499
a range +67800 +73800 2031 1007 0.0499
a range +72000 +73800 2037 1003 0.0409
a range +71400 +73800 9010 1005 1104.6917
a range +73200 +74400 1006 2054 0.054
a range +73200 +74400 1009 2025 0.0153
a range +73200 +74400 2025 1009 0.0153
a range +73200 +74400 2054 1006 0.054
a range +73200 +75000 1001 2060 0.0319
a range +73800 +75000 1007 2001 0.0519
a range +73200 +75000 1011 9006 1104.7431
a range +73800 +75000 2001 1007 0.0519
a range +73200 +75000 2060 1001 0.0319
a range +73200 +75000 9006 1011 1104.7431
a range +73200 +75600 1004 9001 1104.7843
a range +73800 +75600 1005 2055 0.0551
a range +74400 +75600 1006 2023 0.0363
a range +73200 +75600 1008 9007 1105.0267
a range +74400 +75600 1009 9010 1105.0361
a range +75000 +75600 1011 2032 0.0429
a range +74400 +75600 2023 1006 0.0363
a range +75000 +75600 2032 1011 0.0429
a range +73800 +75600 2055 1005 0.0551
a range +73200 +75600 9001 1004 1104.7843
a range +73200 +75600 9007 1008 1105.0267
a range +74400 +75600 9010 1009 1105.0361
a range +71400 +76200 1002 9012 1104.7822
a range +75600 +76200 1004 2045 0.0445
a range +75600 +76200 1005 9007 1104.6917
a range +75600 +76200 1009 9001 1105.0361
a range +75600 +76200 2045 1004 0.0445
a range +75600 +76200 9001 1009 1105.0361
a range +75600 +76200 9007 1005 1104.6917
a range +71400 +76200 9012 1002 1104.7822
a range +73800 +76800 1003 9009 1104.7971
a range +75000 +76800 1007 2004 0.0548
a range +75000 +76800 2004 1007 0.0548
a range +73800 +76800 9009 1003 1104.7971
a range +75600 +77400 1006 2047 0.0306
a range +75600 +77400 2047 1006 0.0306
a range +75000 +78000 1001 9006 1104.7653
a range +76200 +78000 1004 2058 0.0271
a range +76200 +78000 1005 2045 0.0458
a range +73200 +78000 1010 9003 1104.7436
a range +70200 +78000 1012 9004 1105.0821
a range +76200 +78000 2045 1005 0.0458
a range +76200 +78000 2058 1004 0.0271
a range +73200 +78000 9003 1010 1104.7436
a range +70200 +78000 9004 1012 1105.0821
a range +75000 +78000 9006 1001 1104.7653
a range +78000 +79200 1001 9004 1105.0649
a range +76800 +79200 1007 9001 1105.0256
a range +76800 +79200 9001 1007 1105.0256
a range +78000 +79200 9004 1001 1105.0649
a range +79200 +79800 1001 9001 1105.0649
a range +76200 +79800 1002 2055 0.0283
a range +78000 +79800 1005 2024 0.0429
a range +77400 +79800 1006 2051 0.0349
a range +75600 +79800 1008 2005 0.0553
a range +76200 +79800 1009 2003 0.0346
a range +75600 +79800 1011 9010 1105.068
a range +78000 +79800 1012 2006 0.0438
a range +76200 +79800 2003 1009 0.0346
a range +75600 +79800 2005 1008 0.0553
a range +78000 +79800 2006 1012 0.0438
a range +78000 +79800 2024 1005 0.0429
a range +77400 +79800 2051 1006 0.0349
a range +76200 +79800 2055 1002 0.0283
a range +79200 +79800 9001 1001 1105.0649
a range +75600 +79800 9010 1011 1105.068
a range +76800 +80400 1003 2052 0.0547
a range +78000 +80400 1004 2045 0.0445
a range +78000 +80400 1010 2020 0.055
a range +78000 +80400 2020 1010 0.055
a range +78000 +80400 2045 1004 0.0445
a range +76800 +80400 2052 1003 0.0547
a range +80400 +81000 1004 2026 0.055
a range +79200 +81000 1007 9004 1105.0256
a range +79800 +81000 1009 9002 1105.0433
a range +79800 +81000 1012 2004 0.0278
a range +79800 +81000 2004 1012 0.0278
a range +80400 +81000 2026 1004 0.055
a range +79800 +81000 9002 1009 1105.0433
a range +79200 +81000 9004 1007 1105.0256
a range +79800 +81600 1002 2017 0.01
a range +80400 +81600 1003 2027 0.0558
a range +79800 +81600 1006 9008 1105.0403
a range +79800 +81600 1008 9007 1105.0267
a range +79800 +81600 2017 1002 0.01
a range +80400 +81600 2027 1003 0.0558
a range +79800 +81600 9007 1008 1105.0267
a range +79800 +81600 9008 1006 1105.0403
a range +79800 +82200 1001 2033 0.052
a range +81600 +82200 1002 9008 1104.9839
a range +81000 +82200 1009 2023 0.031
a range +81000 +82200 2023 1009 0.031
a range +79800 +82200 2033 1001 0.052
a range +81600 +82200 9008 1002 1104.9839
a range +82200 +84000 1001 2049 0.0555
a range +81000 +84000 1004 2046 0.0381
a range +81000 +84000 2046 1004 0.0381
a range +82200 +84000 2049 1001 0.0555
a range +82200 +84600 1002 2063 0.0517
a range +79800 +84600 1005 9001 1105.0472
a range +81600 +84600 1008 9010 1105.0267
a range +80400 +84600 1010 9011 1105.0584
a range +82200 +84600 2063 1002 0.0517
a range +79800 +84600 9001 1005 1105.0472
a range +81600 +84600 9010 1008 1105.0267
a range +80400 +84600 9011 1010 1105.0584
a range +81600 +85200 1003 2039 0.0465
a range +84600 +85200 1008 9011 1105.0339
a range +81600 +85200 2039 1003 0.0465
a range +84600 +85200 9011 1008 1105.0339
a range +82200 +85800 1009 9008 1105.0433
a range +82200 +85800 9008 1009 1105.0433
a range +84000 +86400 1001 2028 0.05
a range +84600 +86400 1002 2013 0.0433
a range +85200 +86400 1003 9011 1105.0864
a range +84000 +86400 1004 2003 0.0537
a range +84600 +86400 1005 9010 1105.0472
a range +81600 +86400 1006 9007 1105.0331
a range +81000 +86400 1007 9002 1105.0328
a range +85200 +86400 1008 9001 1105.0267
a range +85800 +86400 1009 2034 0.0488
a range +84600 +86400 1010 2035 0.0534
a range +79800 +86400 1011 9005 1105.0753
a range +81000 +86400 1012 9004 1105.0821
a range +84000 +86400 2003 1004 0.0537
a range +84600 +86400 2013 1002 0.0433
a range +84000 +86400 2028 1001 0.05
a range +85800 +86400 2034 1009 0.0488
a range +84600 +86400 2035 1010 0.0534
a range +85200 +86400 9001 1008 1105.0267
a range +81000 +86400 9002 1007 1105.0328
a range +81000 +86400 9004 1012 1105.0821
a range +79800 +86400 9005 1011 1105.0753
a range +81600 +86400 9007 1006 1105.0331
a range +84600 +86400 9010 1005 1105.0472
a range +85200 +86400 9011 1003 1105.0864
