a contact +600 +1200 2002 9002 1000
a contact +600 +1200 2023 2043 1000
a contact +600 +1200 2024 2044 1000
a contact +600 +1200 2043 2023 1000
a contact +600 +1200 2044 2024 1000
a contact +600 +1200 9002 2002 1000
a contact +1200 +1800 2023 2042 1000
a contact +1200 +1800 2024 2043 1000
a contact +1200 +1800 2042 2023 1000
a contact +1200 +1800 2043 2024 1000
a contact +1800 +2400 1004 9002 1000
a contact +1800 +2400 2024 2042 1000
a contact +1800 +2400 2042 2024 1000
a contact +1800 +2400 9002 1004 1000
a contact +2400 +3000 2004 9001 1000
a contact +2400 +3000 2024 2041 1000
a contact +2400 +3000 2031 2036 1000
a contact +2400 +3000 2036 2031 1000
a contact +2400 +3000 2041 2024 1000
a contact +2400 +3000 9001 2004 1000
a contact +3000 +3600 2023 2041 1000
a contact +3000 +3600 2041 2023 1000
a contact +4200 +4800 1004 2060 1000
a contact +4200 +4800 2060 1004 1000
a contact +4800 +5400 2008 2054 1000
a contact +4800 +5400 2018 2049 1000
a contact +4800 +5400 2026 2039 1000
a contact +4800 +5400 2039 2026 1000
a contact +4800 +5400 2049 2018 1000
a contact +4800 +5400 2054 2008 1000
a contact +5400 +6000 1003 2060 1000
a contact +5400 +6000 2019 2048 1000
a contact +5400 +6000 2024 2037 1000
a contact +5400 +6000 2037 2024 1000
a contact +5400 +6000 2048 2019 1000
a contact +5400 +6000 2060 1003 1000
a contact +6000 +6600 1001 2009 1000
a contact +6000 +6600 2009 1001 1000
a contact +6600 +7200 2029 2040 1000
a contact +6600 +7200 2040 2029 1000
a contact +8400 +9000 1003 2056 1000
a contact +8400 +9000 2056 1003 1000
a contact +9000 +9600 1001 2059 1000
a contact +9000 +9600 2059 1001 1000
a contact +11400 +12000 2001 2016 1000
a contact +11400 +12000 2016 2001 1000
a contact +14400 +15000 2004 2016 1000
a contact +14400 +15000 2016 2004 1000
a contact +15000 +15600 1003 2053 1000
a contact +15000 +15600 2053 1003 1000
a contact +16200 +16800 2036 2056 1000
a contact +16200 +16800 2056 2036 1000
a contact +16800 +17400 1003 2051 1000
a contact +16800 +17400 2051 1003 1000
a contact +18600 +19200 2011 2021 1000
a contact +18600 +19200 2021 2011 1000
a contact +18600 +19200 2038 2057 1000
a contact +18600 +19200 2057 2038 1000
a contact +19200 +19800 2024 2034 1000
a contact +19200 +19800 2034 2024 1000
a contact +20400 +21000 2045 2050 1000
a contact +20400 +21000 2050 2045 1000
a contact +21000 +21600 2004 2048 1000
a contact +21000 +21600 2009 2034 1000
a contact +21000 +21600 2034 2009 1000
a contact +21000 +21600 2048 2004 1000

a range +600 +1200 2002 9002 1102.5632
a range +600 +1200 2023 2043 0.0431
a range +600 +1200 2024 2044 0.0431
a range +600 +1200 2043 2023 0.0431
a range +600 +1200 2044 2024 0.0431
a range +600 +1200 9002 2002 1102.5632
a range +1200 +1800 2023 2042 0.034
a range +1200 +1800 2024 2043 0.0334
a range +1200 +1800 2042 2023 0.034
a range +1200 +1800 2043 2024 0.0334
a range +1800 +2400 1004 9002 0.0609
a range +1800 +2400 2024 2042 0.0265
a range +1800 +2400 2042 2024 0.0265
a range +1800 +2400 9002 1004 0.0609
a range +2400 +3000 2004 9001 1102.3562
a range +2400 +3000 2024 2041 0.0194
a range +2400 +3000 2031 2036 0.0421
a range +2400 +3000 2036 2031 0.0421
a range +2400 +3000 2041 2024 0.0194
a range +2400 +3000 9001 2004 1102.3562
a range +3000 +3600 2023 2041 0.0282
a range +3000 +3600 2041 2023 0.0282
a range +4200 +4800 1004 2060 1102.0308
a range +4200 +4800 2060 1004 1102.0308
a range +4800 +5400 2008 2054 0.0434
a range +4800 +5400 2018 2049 0.0075
a range +4800 +5400 2026 2039 0.0194
a range +4800 +5400 2039 2026 0.0194
a range +4800 +5400 2049 2018 0.0075
a range +4800 +5400 2054 2008 0.0434
a range +5400 +6000 1003 2060 1102.2525
a range +5400 +6000 2019 2048 0.0075
a range +5400 +6000 2024 2037 0.0251
a range +5400 +6000 2037 2024 0.0251
a range +5400 +6000 2048 2019 0.0075
a range +5400 +6000 2060 1003 1102.2525
a range +6000 +6600 1001 2009 1102.6076
a range +6000 +6600 2009 1001 1102.6076
a range +6600 +7200 2029 2040 0.0344
a range +6600 +7200 2040 2029 0.0344
a range +8400 +9000 1003 2056 1102.2605
a range +8400 +9000 2056 1003 1102.2605
a range +9000 +9600 1001 2059 1102.6228
a range +9000 +9600 2059 1001 1102.6228
a range +11400 +12000 2001 2016 0.0155
a range +11400 +12000 2016 2001 0.0155
a range +14400 +15000 2004 2016 0.0272
a range +14400 +15000 2016 2004 0.0272
a range +15000 +15600 1003 2053 1102.524
a range +15000 +15600 2053 1003 1102.524
a range +16200 +16800 2036 2056 0.0431
a range +16200 +16800 2056 2036 0.0431
a range +16800 +17400 1003 2051 1102.5244
a range +16800 +17400 2051 1003 1102.5244
a range +18600 +19200 2011 2021 0.0431
a range +18600 +19200 2021 2011 0.0431
a range +18600 +19200 2038 2057 0.034
a range +18600 +19200 2057 2038 0.034
a range +19200 +19800 2024 2034 0.0428
a range +19200 +19800 2034 2024 0.0428
a range +20400 +21000 2045 2050 0.0394
a range +20400 +21000 2050 2045 0.0394
a range +21000 +21600 2004 2048 0.0048
a range +21000 +21600 2009 2034 0.0446
a range +21000 +21600 2034 2009 0.0446
a range +21000 +21600 2048 2004 0.0048
