a contact +0 +600 2001 9010 1000
a contact +0 +600 2002 9011 1000
a contact +0 +600 2003 9001 1000
a contact +0 +600 2004 9002 1000
a contact +0 +600 2005 9004 1000
a contact +0 +600 2006 9005 1000
a contact +0 +600 2007 9007 1000
a contact +0 +600 2008 9008 1000
a contact +600 +1200 2001 9011 1000
a contact +600 +1200 2002 9010 1000
a contact +600 +1200 2003 9002 1000
a contact +600 +1200 2004 9001 1000
a contact +600 +1200 2005 9005 1000
a contact +600 +1200 2006 9004 1000
a contact +600 +1200 2007 9008 1000
a contact +600 +1200 2008 9007 1000
a contact +1200 +1800 2001 9001 1000
a contact +1200 +1800 2002 9002 1000
a contact +1200 +1800 2003 9010 1000
a contact +1200 +1800 2004 9011 1000
a contact +1200 +1800 2005 9007 1000
a contact +1200 +1800 2006 9008 1000
a contact +1200 +1800 2007 9004 1000
a contact +1200 +1800 2008 9005 1000
a contact +1800 +2400 2001 9002 1000
a contact +1800 +2400 2002 9001 1000
a contact +1800 +2400 2003 9011 1000
a contact +1800 +2400 2004 9010 1000
a contact +1800 +2400 2005 9008 1000
a contact +1800 +2400 2006 9007 1000
a contact +1800 +2400 2007 9005 1000
a contact +1800 +2400 2008 9004 1000
a contact +2400 +3000 2001 9004 1000
a contact +2400 +3000 2002 9005 1000
a contact +2400 +3000 2003 9007 1000
a contact +2400 +3000 2004 9008 1000
a contact +2400 +3000 2005 9010 1000
a contact +2400 +3000 2006 9011 1000
a contact +2400 +3000 2007 9001 1000
a contact +2400 +3000 2008 9002 1000
a contact +3000 +3600 2001 9005 1000
a contact +3000 +3600 2002 9004 1000
a contact +3000 +3600 2003 9008 1000
a contact +3000 +3600 2004 9007 1000
a contact +3000 +3600 2005 9011 1000
a contact +3000 +3600 2006 9010 1000
a contact +3000 +3600 2007 9002 1000
a contact +3000 +3600 2008 9001 1000
a contact +3600 +4200 2001 9007 1000
a contact +3600 +4200 2002 9008 1000
a contact +3600 +4200 2003 9004 1000
a contact +3600 +4200 2004 9005 1000
a contact +3600 +4200 2005 9001 1000
a contact +3600 +4200 2006 9002 1000
a contact +3600 +4200 2007 9010 1000
a contact +3600 +4200 2008 9011 1000
a contact +4200 +4800 2001 9008 1000
a contact +4200 +4800 2002 9007 1000
a contact +4200 +4800 2003 9005 1000
a contact +4200 +4800 2004 9004 1000
a contact +4200 +4800 2005 9002 1000
a contact +4200 +4800 2006 9001 1000
a contact +4200 +4800 2007 9011 1000
a contact +4200 +4800 2008 9010 1000
a contact +4800 +5400 2009 9010 1000
a contact +4800 +5400 2010 9011 1000
a contact +4800 +5400 2011 9001 1000
a contact +4800 +5400 2013 9002 1000
a contact +4800 +5400 2014 9004 1000
a contact +4800 +5400 2015 9005 1000
a contact +4800 +5400 2016 9007 1000
a contact +4800 +5400 2017 9008 1000
a contact +5400 +6000 2009 9011 1000
a contact +5400 +6000 2010 9010 1000
a contact +5400 +6000 2011 9002 1000
a contact +5400 +6000 2013 9001 1000
a contact +5400 +6000 2014 9005 1000
a contact +5400 +6000 2015 9004 1000
a contact +5400 +6000 2016 9008 1000
a contact +5400 +6000 2017 9007 1000
a contact +6000 +6600 2009 9001 1000
a contact +6000 +6600 2010 9002 1000
a contact +6000 +6600 2011 9010 1000
a contact +6000 +6600 2012 9011 1000
a contact +6000 +6600 2013 9004 1000
a contact +6000 +6600 2014 9007 1000
a contact +6000 +6600 2015 9008 1000
a contact +6000 +6600 2016 9005 1000
a contact +6600 +7200 2009 9002 1000
a contact +6600 +7200 2010 9001 1000
a contact +6600 +7200 2012 9010 1000
a contact +6600 +7200 2013 9011 1000
a contact +6600 +7200 2014 9008 1000
a contact +6600 +7200 2015 9007 1000
a contact +6600 +7200 2016 9004 1000
a contact +6600 +7200 2017 9005 1000
a contact +7200 +7800 2009 9004 1000
a contact +7200 +7800 2010 9005 1000
a contact +7200 +7800 2012 9001 1000
a contact +7200 +7800 2013 9010 1000
a contact +7200 +7800 2014 9011 1000
a contact +7200 +7800 2015 9002 1000
a contact +7200 +7800 2018 9007 1000
a contact +7200 +7800 2019 9008 1000
a contact +7800 +8400 2009 9005 1000
a contact +7800 +8400 2010 9004 1000
a contact +7800 +8400 2012 9002 1000
a contact +7800 +8400 2013 9007 1000
a contact +7800 +8400 2014 9010 1000
a contact +7800 +8400 2015 9011 1000
a contact +7800 +8400 2016 9001 1000
a contact +7800 +8400 2018 9008 1000
a contact +8400 +9000 2009 9007 1000
a contact +8400 +9000 2010 9008 1000
a contact +8400 +9000 2011 9011 1000
a contact +8400 +9000 2012 9004 1000
a contact +8400 +9000 2013 9005 1000
a contact +8400 +9000 2014 9001 1000
a contact +8400 +9000 2015 9010 1000
a contact +8400 +9000 2016 9002 1000
a contact +9000 +9600 2009 9008 1000
a contact +9000 +9600 2010 9007 1000
a contact +9000 +9600 2011 9004 1000
a contact +9000 +9600 2012 9005 1000
a contact +9000 +9600 2014 9002 1000
a contact +9000 +9600 2015 9001 1000
a contact +9000 +9600 2016 9010 1000
a contact +9000 +9600 2017 9011 1000
a contact +9600 +10200 2011 9005 1000
a contact +9600 +10200 2012 9007 1000
a contact +9600 +10200 2013 9008 1000
a contact +9600 +10200 2016 9011 1000
a contact +9600 +10200 2017 9010 1000
a contact +9600 +10200 2018 9001 1000
a contact +9600 +10200 2019 9002 1000
a contact +9600 +10200 2020 9004 1000
a contact +10200 +10800 2011 9007 1000
a contact +10200 +10800 2012 9008 1000
a contact +10200 +10800 2017 9001 1000
a contact +10200 +10800 2018 9010 1000
a contact +10200 +10800 2019 9011 1000
a contact +10200 +10800 2020 9002 1000
a contact +10200 +10800 2021 9004 1000
a contact +10200 +10800 2022 9005 1000
a contact +10800 +11400 2011 9008 1000
a contact +10800 +11400 2017 9002 1000
a contact +10800 +11400 2018 9011 1000
a contact +10800 +11400 2019 9010 1000
a contact +10800 +11400 2020 9001 1000
a contact +10800 +11400 2021 9005 1000
a contact +10800 +11400 2022 9004 1000
a contact +10800 +11400 2023 9007 1000
a contact +11400 +12000 2017 9004 1000
a contact +11400 +12000 2018 9002 1000
a contact +11400 +12000 2019 9001 1000
a contact +11400 +12000 2020 9010 1000
a contact +11400 +12000 2021 9011 1000
a contact +11400 +12000 2022 9007 1000
a contact +11400 +12000 2023 9005 1000
a contact +11400 +12000 2024 9008 1000
a contact +12000 +12600 2018 9004 1000
a contact +12000 +12600 2019 9005 1000
a contact +12000 +12600 2020 9011 1000
a contact +12000 +12600 2021 9010 1000
a contact +12000 +12600 2022 9001 1000
a contact +12000 +12600 2023 9002 1000
a contact +12000 +12600 2024 9007 1000
a contact +12000 +12600 2025 9008 1000
a contact +12600 +13200 2018 9005 1000
a contact +12600 +13200 2019 9004 1000
a contact +12600 +13200 2020 9007 1000
a contact +12600 +13200 2021 9001 1000
a contact +12600 +13200 2022 9010 1000
a contact +12600 +13200 2023 9011 1000
a contact +12600 +13200 2024 9002 1000
a contact +12600 +13200 2026 9008 1000
a contact +13200 +13800 2019 9007 1000
a contact +13200 +13800 2020 9005 1000
a contact +13200 +13800 2021 9002 1000
a contact +13200 +13800 2022 9011 1000
a contact +13200 +13800 2023 9010 1000
a contact +13200 +13800 2024 9001 1000
a contact +13200 +13800 2025 9004 1000
a contact +13200 +13800 2027 9008 1000
a contact +13800 +14400 2020 9008 1000
a contact +13800 +14400 2021 9007 1000
a contact +13800 +14400 2022 9002 1000
a contact +13800 +14400 2023 9001 1000
a contact +13800 +14400 2024 9010 1000
a contact +13800 +14400 2025 9011 1000
a contact +13800 +14400 2026 9004 1000
a contact +13800 +14400 2027 9005 1000
a contact +14400 +15000 2021 9008 1000
a contact +14400 +15000 2023 9004 1000
a contact +14400 +15000 2024 9011 1000
a contact +14400 +15000 2025 9010 1000
a contact +14400 +15000 2026 9001 1000
a contact +14400 +15000 2027 9002 1000
a contact +14400 +15000 2028 9005 1000
a contact +14400 +15000 2029 9007 1000
a contact +15000 +15600 2022 9008 1000
a contact +15000 +15600 2024 9004 1000
a contact +15000 +15600 2025 9001 1000
a contact +15000 +15600 2026 9010 1000
a contact +15000 +15600 2027 9011 1000
a contact +15000 +15600 2028 9002 1000
a contact +15000 +15600 2029 9005 1000
a contact +15000 +15600 2030 9007 1000
a contact +15600 +16200 2023 9008 1000
a contact +15600 +16200 2024 9005 1000
a contact +15600 +16200 2025 9002 1000
a contact +15600 +16200 2026 9011 1000
a contact +16200 +16800 2025 9005 1000
a contact +16200 +16800 2026 9002 1000
a contact +16200 +16800 2028 9011 1000
a contact +16200 +16800 2029 9008 1000
a contact +16800 +17400 2026 9005 1000
a contact +16800 +17400 2028 9008 1000
a contact +16800 +17400 2029 9002 1000
a contact +16800 +17400 2030 9011 1000
a contact +17400 +18000 2029 9011 1000
a contact +17400 +18000 2030 9002 1000
a contact +17400 +18000 2031 9005 1000
a contact +17400 +18000 2032 9008 1000
a contact +18000 +18600 2030 9005 1000
a contact +18000 +18600 2031 9002 1000
a contact +18000 +18600 2032 9011 1000
a contact +18000 +18600 2033 9008 1000
a contact +18600 +19200 2030 9008 1000
a contact +18600 +19200 2031 9011 1000
a contact +18600 +19200 2032 9002 1000
a contact +18600 +19200 2033 9005 1000
a contact +19200 +19800 2031 9008 1000
a contact +19200 +19800 2032 9005 1000
a contact +19200 +19800 2033 9002 1000
a contact +19200 +19800 2034 9011 1000
a contact +19800 +20400 2033 9011 1000
a contact +19800 +20400 2034 9002 1000
a contact +19800 +20400 2035 9005 1000
a contact +19800 +20400 2036 9008 1000
a contact +20400 +21000 2034 9005 1000
a contact +20400 +21000 2035 9002 1000
a contact +20400 +21000 2036 9011 1000
a contact +20400 +21000 2037 9008 1000
a contact +21000 +21600 2034 9008 1000
a contact +21000 +21600 2035 9011 1000
a contact +21000 +21600 2036 9002 1000
a contact +21000 +21600 2037 9005 1000
a contact +21600 +22200 2035 9008 1000
a contact +21600 +22200 2036 9005 1000
a contact +21600 +22200 2037 9002 1000
a contact +21600 +22200 2038 9011 1000
a contact +22200 +22800 2037 9011 1000
a contact +22200 +22800 2038 9002 1000
a contact +22200 +22800 2039 9005 1000
a contact +22200 +22800 2040 9008 1000
a contact +22800 +23400 2038 9005 1000
a contact +22800 +23400 2039 9002 1000
a contact +22800 +23400 2040 9011 1000
a contact +22800 +23400 2041 9008 1000
a contact +23400 +24000 2038 9008 1000
a contact +23400 +24000 2039 9011 1000
a contact +23400 +24000 2040 9002 1000
a contact +23400 +24000 2041 9005 1000
a contact +24000 +24600 2039 9008 1000
a contact +24000 +24600 2040 9005 1000
a contact +24000 +24600 2041 9002 1000
a contact +24000 +24600 2042 9011 1000
a contact +24600 +25200 2041 9011 1000
a contact +24600 +25200 2042 9002 1000
a contact +24600 +25200 2043 9005 1000
a contact +24600 +25200 2044 9008 1000
a contact +25200 +25800 2042 9005 1000
a contact +25200 +25800 2043 9002 1000
a contact +25200 +25800 2044 9011 1000
a contact +25200 +25800 2045 9008 1000
a contact +25800 +26400 2042 9008 1000
a contact +25800 +26400 2043 9011 1000
a contact +25800 +26400 2044 9002 1000
a contact +25800 +26400 2045 9005 1000
a contact +26400 +27000 2043 9008 1000
a contact +26400 +27000 2044 9005 1000
a contact +26400 +27000 2045 9002 1000
a contact +26400 +27000 2046 9011 1000
a contact +27000 +27600 2045 9011 1000
a contact +27000 +27600 2046 9002 1000
a contact +27000 +27600 2047 9005 1000
a contact +27000 +27600 2048 9008 1000
a contact +27600 +28200 2046 9005 1000
a contact +27600 +28200 2047 9002 1000
a contact +27600 +28200 2048 9011 1000
a contact +27600 +28200 2049 9008 1000
a contact +28200 +28800 2046 9008 1000
a contact +28200 +28800 2047 9011 1000
a contact +28200 +28800 2048 9002 1000
a contact +28200 +28800 2049 9005 1000
a contact +28800 +29400 2047 9008 1000
a contact +28800 +29400 2048 9005 1000
a contact +28800 +29400 2049 9002 1000
a contact +28800 +29400 2050 9011 1000
a contact +29400 +30000 2049 9011 1000
a contact +29400 +30000 2050 9002 1000
a contact +29400 +30000 2051 9005 1000
a contact +29400 +30000 2052 9008 1000
a contact +30000 +30600 2001 9009 1000
a contact +30000 +30600 2002 9012 1000
a contact +30000 +30600 2003 9003 1000
a contact +30000 +30600 2004 9006 1000
a contact +30000 +30600 2050 9005 1000
a contact +30000 +30600 2051 9011 1000
a contact +30000 +30600 2052 9002 1000
a contact +30000 +30600 2053 9008 1000
a contact +30600 +31200 2001 9012 1000
a contact +30600 +31200 2002 9009 1000
a contact +30600 +31200 2003 9006 1000
a contact +30600 +31200 2004 9003 1000
a contact +30600 +31200 2050 9008 1000
a contact +30600 +31200 2051 9002 1000
a contact +30600 +31200 2052 9011 1000
a contact +30600 +31200 2053 9005 1000
a contact +31200 +31800 2001 9003 1000
a contact +31200 +31800 2002 9006 1000
a contact +31200 +31800 2003 9009 1000
a contact +31200 +31800 2004 9012 1000
a contact +31200 +31800 2051 9008 1000
a contact +31200 +31800 2052 9005 1000
a contact +31200 +31800 2053 9011 1000
a contact +31200 +31800 2054 9002 1000
a contact +31800 +32400 2001 9006 1000
a contact +31800 +32400 2002 9003 1000
a contact +31800 +32400 2003 9012 1000
a contact +31800 +32400 2004 9009 1000
a contact +31800 +32400 2053 9002 1000
a contact +31800 +32400 2054 9011 1000
a contact +31800 +32400 2055 9005 1000
a contact +31800 +32400 2056 9008 1000
a contact +32400 +33000 2004 9008 1000
a contact +32400 +33000 2005 9009 1000
a contact +32400 +33000 2006 9012 1000
a contact +32400 +33000 2007 9003 1000
a contact +32400 +33000 2008 9006 1000
a contact +32400 +33000 2054 9005 1000
a contact +32400 +33000 2055 9011 1000
a contact +32400 +33000 2056 9002 1000
a contact +33000 +33600 2002 9005 1000
a contact +33000 +33600 2005 9012 1000
a contact +33000 +33600 2006 9009 1000
a contact +33000 +33600 2007 9006 1000
a contact +33000 +33600 2008 9003 1000
a contact +33000 +33600 2054 9008 1000
a contact +33000 +33600 2055 9002 1000
a contact +33000 +33600 2056 9011 1000
a contact +33600 +34200 2001 9011 1000
a contact +33600 +34200 2002 9002 1000
a contact +33600 +34200 2005 9003 1000
a contact +33600 +34200 2006 9006 1000
a contact +33600 +34200 2007 9009 1000
a contact +33600 +34200 2008 9012 1000
a contact +33600 +34200 2055 9008 1000
a contact +33600 +34200 2056 9005 1000
a contact +34200 +34800 2001 9002 1000
a contact +34200 +34800 2002 9011 1000
a contact +34200 +34800 2003 9005 1000
a contact +34200 +34800 2005 9006 1000
a contact +34200 +34800 2006 9003 1000
a contact +34200 +34800 2007 9012 1000
a contact +34200 +34800 2008 9009 1000
a contact +34200 +34800 2009 9008 1000
a contact +34800 +35400 2001 9005 1000
a contact +34800 +35400 2002 9008 1000
a contact +34800 +35400 2003 9011 1000
a contact +34800 +35400 2004 9002 1000
a contact +34800 +35400 2009 9009 1000
a contact +34800 +35400 2010 9012 1000
a contact +34800 +35400 2011 9003 1000
a contact +34800 +35400 2012 9006 1000
a contact +35400 +36000 2001 9008 1000
a contact +35400 +36000 2003 9002 1000
a contact +35400 +36000 2004 9011 1000
a contact +35400 +36000 2005 9005 1000
a contact +35400 +36000 2009 9012 1000
a contact +35400 +36000 2010 9009 1000
a contact +35400 +36000 2011 9006 1000
a contact +35400 +36000 2012 9003 1000
a contact +36000 +36600 2003 9008 1000
a contact +36000 +36600 2004 9005 1000
a contact +36000 +36600 2005 9011 1000
a contact +36000 +36600 2006 9002 1000
a contact +36000 +36600 2009 9003 1000
a contact +36000 +36600 2010 9006 1000
a contact +36000 +36600 2011 9009 1000
a contact +36000 +36600 2012 9012 1000
a contact +36600 +37200 2005 9002 1000
a contact +36600 +37200 2006 9011 1000
a contact +36600 +37200 2007 9005 1000
a contact +36600 +37200 2008 9008 1000
a contact +36600 +37200 2009 9006 1000
a contact +36600 +37200 2010 9003 1000
a contact +36600 +37200 2011 9012 1000
a contact +36600 +37200 2012 9009 1000
a contact +37200 +37800 2005 9008 1000
a contact +37200 +37800 2006 9005 1000
a contact +37200 +37800 2007 9011 1000
a contact +37200 +37800 2008 9002 1000
a contact +37200 +37800 2013 9009 1000
a contact +37200 +37800 2014 9012 1000
a contact +37200 +37800 2015 9003 1000
a contact +37200 +37800 2016 9006 1000
a contact +37800 +38400 2006 9008 1000
a contact +37800 +38400 2007 9002 1000
a contact +37800 +38400 2008 9011 1000
a contact +37800 +38400 2009 9005 1000
a contact +37800 +38400 2013 9012 1000
a contact +37800 +38400 2015 9009 1000
a contact +37800 +38400 2016 9003 1000
a contact +37800 +38400 2017 9006 1000
a contact +38400 +39000 2007 9008 1000
a contact +38400 +39000 2008 9005 1000
a contact +38400 +39000 2009 9011 1000
a contact +38400 +39000 2010 9002 1000
a contact +38400 +39000 2013 9003 1000
a contact +38400 +39000 2015 9012 1000
a contact +38400 +39000 2016 9009 1000
a contact +38400 +39000 2018 9006 1000
a contact +39000 +39600 2009 9002 1000
a contact +39000 +39600 2010 9011 1000
a contact +39000 +39600 2011 9005 1000
a contact +39000 +39600 2012 9008 1000
a contact +39000 +39600 2013 9006 1000
a contact +39000 +39600 2016 9012 1000
a contact +39000 +39600 2017 9009 1000
a contact +39000 +39600 2018 9003 1000
a contact +39600 +40200 2010 9005 1000
a contact +39600 +40200 2011 9011 1000
a contact +39600 +40200 2012 9002 1000
a contact +39600 +40200 2013 9008 1000
a contact +39600 +40200 2014 9009 1000
a contact +39600 +40200 2015 9006 1000
a contact +39600 +40200 2017 9012 1000
a contact +39600 +40200 2019 9003 1000
a contact +40200 +40800 2010 9008 1000
a contact +40200 +40800 2011 9002 1000
a contact +40200 +40800 2012 9011 1000
a contact +40200 +40800 2014 9003 1000
a contact +40200 +40800 2015 9005 1000
a contact +40200 +40800 2018 9009 1000
a contact +40200 +40800 2019 9012 1000
a contact +40200 +40800 2020 9006 1000
a contact +40800 +41400 2011 9008 1000
a contact +40800 +41400 2012 9005 1000
a contact +40800 +41400 2014 9011 1000
a contact +40800 +41400 2015 9002 1000
a contact +40800 +41400 2017 9003 1000
a contact +40800 +41400 2018 9012 1000
a contact +40800 +41400 2019 9009 1000
a contact +40800 +41400 2021 9006 1000
a contact +41400 +42000 2014 9002 1000
a contact +41400 +42000 2015 9011 1000
a contact +41400 +42000 2016 9005 1000
a contact +41400 +42000 2017 9008 1000
a contact +41400 +42000 2019 9006 1000
a contact +41400 +42000 2020 9009 1000
a contact +41400 +42000 2021 9012 1000
a contact +41400 +42000 2022 9003 1000
a contact +42000 +42600 2013 9011 1000
a contact +42000 +42600 2014 9005 1000
a contact +42000 +42600 2015 9008 1000
a contact +42000 +42600 2016 9002 1000
a contact +42000 +42600 2020 9012 1000
a contact +42000 +42600 2021 9009 1000
a contact +42000 +42600 2022 9006 1000
a contact +42000 +42600 2023 9003 1000
a contact +42600 +43200 2014 9006 1000
a contact +42600 +43200 2020 9003 1000
a contact +42600 +43200 2022 9009 1000
a contact +42600 +43200 2023 9012 1000
a contact +43200 +43800 2021 9003 1000
a contact +43200 +43800 2022 9012 1000
a contact +43200 +43800 2023 9009 1000
a contact +43200 +43800 2024 9006 1000
a contact +43800 +44400 2023 9006 1000
a contact +43800 +44400 2024 9009 1000
a contact +43800 +44400 2025 9003 1000
a contact +43800 +44400 2026 9012 1000
a contact +44400 +45000 2024 9003 1000
a contact +44400 +45000 2025 9009 1000
a contact +44400 +45000 2026 9006 1000
a contact +44400 +45000 2027 9012 1000
a contact +45000 +45600 2024 9012 1000
a contact +45000 +45600 2025 9006 1000
a contact +45000 +45600 2026 9009 1000
a contact +45000 +45600 2027 9003 1000
a contact +45600 +46200 2025 9012 1000
a contact +45600 +46200 2026 9003 1000
a contact +45600 +46200 2027 9009 1000
a contact +45600 +46200 2028 9006 1000
a contact +46200 +46800 2027 9006 1000
a contact +46200 +46800 2028 9009 1000
a contact +46200 +46800 2029 9003 1000
a contact +46200 +46800 2030 9012 1000
a contact +46800 +47400 2028 9003 1000
a contact +46800 +47400 2029 9009 1000
a contact +46800 +47400 2030 9006 1000
a contact +46800 +47400 2031 9012 1000
a contact +47400 +48000 2028 9012 1000
a contact +47400 +48000 2029 9006 1000
a contact +47400 +48000 2030 9009 1000
a contact +47400 +48000 2031 9003 1000
a contact +48000 +48600 2029 9012 1000
a contact +48000 +48600 2030 9003 1000
a contact +48000 +48600 2031 9009 1000
a contact +48000 +48600 2032 9006 1000
a contact +48600 +49200 2031 9006 1000
a contact +48600 +49200 2032 9009 1000
a contact +48600 +49200 2033 9003 1000
a contact +48600 +49200 2034 9012 1000
a contact +49200 +49800 2032 9003 1000
a contact +49200 +49800 2033 9009 1000
a contact +49200 +49800 2034 9006 1000
a contact +49200 +49800 2035 9012 1000
a contact +49800 +50400 2032 9012 1000
a contact +49800 +50400 2033 9006 1000
a contact +49800 +50400 2034 9009 1000
a contact +49800 +50400 2035 9003 1000
a contact +50400 +51000 2033 9012 1000
a contact +50400 +51000 2034 9003 1000
a contact +50400 +51000 2035 9009 1000
a contact +50400 +51000 2036 9006 1000
a contact +51000 +51600 2035 9006 1000
a contact +51000 +51600 2036 9009 1000
a contact +51000 +51600 2037 9003 1000
a contact +51000 +51600 2038 9012 1000
a contact +51600 +52200 2036 9003 1000
a contact +51600 +52200 2037 9009 1000
a contact +51600 +52200 2038 9006 1000
a contact +51600 +52200 2039 9012 1000
a contact +52200 +52800 2025 9007 1000
a contact +52200 +52800 2027 9010 1000
a contact +52200 +52800 2028 9001 1000
a contact +52200 +52800 2029 9004 1000
a contact +52200 +52800 2036 9012 1000
a contact +52200 +52800 2037 9006 1000
a contact +52200 +52800 2038 9009 1000
a contact +52200 +52800 2039 9003 1000
a contact +52800 +53400 2026 9007 1000
a contact +52800 +53400 2027 9001 1000
a contact +52800 +53400 2028 9010 1000
a contact +52800 +53400 2030 9004 1000
a contact +52800 +53400 2037 9012 1000
a contact +52800 +53400 2038 9003 1000
a contact +52800 +53400 2039 9009 1000
a contact +52800 +53400 2041 9006 1000
a contact +53400 +54000 2027 9004 1000
a contact +53400 +54000 2028 9007 1000
a contact +53400 +54000 2029 9010 1000
a contact +53400 +54000 2030 9001 1000
a contact +53400 +54000 2039 9006 1000
a contact +53400 +54000 2040 9009 1000
a contact +53400 +54000 2041 9012 1000
a contact +53400 +54000 2042 9003 1000
a contact +54000 +54600 2027 9007 1000
a contact +54000 +54600 2028 9004 1000
a contact +54000 +54600 2029 9001 1000
a contact +54000 +54600 2030 9010 1000
a contact +54000 +54600 2040 9012 1000
a contact +54000 +54600 2041 9009 1000
a contact +54000 +54600 2042 9006 1000
a contact +54000 +54600 2043 9003 1000
a contact +54600 +55200 2031 9010 1000
a contact +54600 +55200 2032 9001 1000
a contact +54600 +55200 2033 9004 1000
a contact +54600 +55200 2034 9007 1000
a contact +54600 +55200 2040 9003 1000
a contact +54600 +55200 2042 9009 1000
a contact +54600 +55200 2043 9012 1000
a contact +54600 +55200 2044 9006 1000
a contact +55200 +55800 2031 9001 1000
a contact +55200 +55800 2032 9010 1000
a contact +55200 +55800 2033 9007 1000
a contact +55200 +55800 2034 9004 1000
a contact +55200 +55800 2040 9006 1000
a contact +55200 +55800 2041 9003 1000
a contact +55200 +55800 2042 9012 1000
a contact +55200 +55800 2043 9009 1000
a contact +55800 +56400 2031 9004 1000
a contact +55800 +56400 2032 9007 1000
a contact +55800 +56400 2033 9010 1000
a contact +55800 +56400 2034 9001 1000
a contact +55800 +56400 2043 9006 1000
a contact +55800 +56400 2044 9009 1000
a contact +55800 +56400 2045 9012 1000
a contact +55800 +56400 2046 9003 1000
a contact +56400 +57000 2031 9007 1000
a contact +56400 +57000 2032 9004 1000
a contact +56400 +57000 2033 9001 1000
a contact +56400 +57000 2034 9010 1000
a contact +56400 +57000 2044 9012 1000
a contact +56400 +57000 2045 9009 1000
a contact +56400 +57000 2046 9006 1000
a contact +56400 +57000 2047 9003 1000
a contact +57000 +57600 2035 9010 1000
a contact +57000 +57600 2036 9001 1000
a contact +57000 +57600 2037 9004 1000
a contact +57000 +57600 2038 9007 1000
a contact +57000 +57600 2044 9003 1000
a contact +57000 +57600 2045 9006 1000
a contact +57000 +57600 2046 9009 1000
a contact +57000 +57600 2047 9012 1000
a contact +57600 +58200 2035 9001 1000
a contact +57600 +58200 2036 9010 1000
a contact +57600 +58200 2037 9007 1000
a contact +57600 +58200 2038 9004 1000
a contact +57600 +58200 2045 9003 1000
a contact +57600 +58200 2046 9012 1000
a contact +57600 +58200 2047 9009 1000
a contact +57600 +58200 2048 9006 1000
a contact +58200 +58800 2035 9004 1000
a contact +58200 +58800 2036 9007 1000
a contact +58200 +58800 2037 9010 1000
a contact +58200 +58800 2038 9001 1000
a contact +58200 +58800 2047 9006 1000
a contact +58200 +58800 2048 9009 1000
a contact +58200 +58800 2049 9012 1000
a contact +58200 +58800 2050 9003 1000
a contact +58800 +59400 2035 9007 1000
a contact +58800 +59400 2036 9004 1000
a contact +58800 +59400 2037 9001 1000
a contact +58800 +59400 2038 9010 1000
a contact +58800 +59400 2048 9012 1000
a contact +58800 +59400 2049 9009 1000
a contact +58800 +59400 2050 9006 1000
a contact +58800 +59400 2051 9003 1000
a contact +59400 +60000 2039 9010 1000
a contact +59400 +60000 2040 9001 1000
a contact +59400 +60000 2041 9004 1000
a contact +59400 +60000 2042 9007 1000
a contact +59400 +60000 2048 9003 1000
a contact +59400 +60000 2049 9006 1000
a contact +59400 +60000 2050 9009 1000
a contact +59400 +60000 2051 9012 1000
a contact +60000 +60600 2039 9001 1000
a contact +60000 +60600 2040 9010 1000
a contact +60000 +60600 2041 9007 1000
a contact +60000 +60600 2042 9004 1000
a contact +60000 +60600 2049 9003 1000
a contact +60000 +60600 2050 9012 1000
a contact +60000 +60600 2051 9009 1000
a contact +60000 +60600 2052 9006 1000
a contact +60600 +61200 2039 9004 1000
a contact +60600 +61200 2040 9007 1000
a contact +60600 +61200 2041 9010 1000
a contact +60600 +61200 2042 9001 1000
a contact +60600 +61200 2051 9006 1000
a contact +60600 +61200 2052 9009 1000
a contact +60600 +61200 2053 9012 1000
a contact +60600 +61200 2054 9003 1000
a contact +61200 +61800 2039 9007 1000
a contact +61200 +61800 2040 9004 1000
a contact +61200 +61800 2041 9001 1000
a contact +61200 +61800 2042 9010 1000
a contact +61200 +61800 2052 9012 1000
a contact +61200 +61800 2053 9009 1000
a contact +61200 +61800 2054 9006 1000
a contact +61200 +61800 2055 9003 1000
a contact +61800 +62400 2043 9010 1000
a contact +61800 +62400 2044 9001 1000
a contact +61800 +62400 2045 9004 1000
a contact +61800 +62400 2046 9007 1000
a contact +61800 +62400 2052 9003 1000
a contact +61800 +62400 2053 9006 1000
a contact +61800 +62400 2054 9009 1000
a contact +61800 +62400 2055 9012 1000
a contact +62400 +63000 2043 9001 1000
a contact +62400 +63000 2044 9010 1000
a contact +62400 +63000 2045 9007 1000
a contact +62400 +63000 2046 9004 1000
a contact +62400 +63000 2053 9003 1000
a contact +62400 +63000 2054 9012 1000
a contact +62400 +63000 2055 9009 1000
a contact +62400 +63000 2056 9006 1000
a contact +63000 +63600 2001 9003 1000
a contact +63000 +63600 2002 9012 1000
a contact +63000 +63600 2043 9004 1000
a contact +63000 +63600 2044 9007 1000
a contact +63000 +63600 2045 9010 1000
a contact +63000 +63600 2046 9001 1000
a contact +63000 +63600 2055 9006 1000
a contact +63000 +63600 2056 9009 1000
a contact +63600 +64200 2001 9009 1000
a contact +63600 +64200 2002 9003 1000
a contact +63600 +64200 2003 9006 1000
a contact +63600 +64200 2043 9007 1000
a contact +63600 +64200 2044 9004 1000
a contact +63600 +64200 2045 9001 1000
a contact +63600 +64200 2046 9010 1000
a contact +63600 +64200 2056 9012 1000
a contact +64200 +64800 2001 9012 1000
a contact +64200 +64800 2002 9009 1000
a contact +64200 +64800 2004 9006 1000
a contact +64200 +64800 2047 9010 1000
a contact +64200 +64800 2048 9001 1000
a contact +64200 +64800 2049 9004 1000
a contact +64200 +64800 2050 9007 1000
a contact +64200 +64800 2056 9003 1000
a contact +64800 +65400 2001 9006 1000
a contact +64800 +65400 2003 9009 1000
a contact +64800 +65400 2004 9012 1000
a contact +64800 +65400 2005 9003 1000
a contact +64800 +65400 2047 9001 1000
a contact +64800 +65400 2048 9010 1000
a contact +64800 +65400 2049 9007 1000
a contact +64800 +65400 2050 9004 1000
a contact +65400 +66000 2002 9006 1000
a contact +65400 +66000 2003 9012 1000
a contact +65400 +66000 2004 9009 1000
a contact +65400 +66000 2006 9003 1000
a contact +65400 +66000 2047 9004 1000
a contact +65400 +66000 2048 9007 1000
a contact +65400 +66000 2049 9010 1000
a contact +65400 +66000 2050 9001 1000
a contact +66000 +66600 2003 9003 1000
a contact +66000 +66600 2005 9009 1000
a contact +66000 +66600 2006 9012 1000
a contact +66000 +66600 2007 9006 1000
a contact +66000 +66600 2047 9007 1000
a contact +66000 +66600 2048 9004 1000
a contact +66000 +66600 2049 9001 1000
a contact +66000 +66600 2050 9010 1000
a contact +66600 +67200 2004 9003 1000
a contact +66600 +67200 2005 9012 1000
a contact +66600 +67200 2006 9009 1000
a contact +66600 +67200 2008 9006 1000
a contact +66600 +67200 2051 9010 1000
a contact +66600 +67200 2052 9001 1000
a contact +66600 +67200 2053 9004 1000
a contact +66600 +67200 2054 9007 1000
a contact +67200 +67800 2005 9006 1000
a contact +67200 +67800 2007 9009 1000
a contact +67200 +67800 2008 9012 1000
a contact +67200 +67800 2009 9003 1000
a contact +67200 +67800 2051 9001 1000
a contact +67200 +67800 2052 9010 1000
a contact +67200 +67800 2053 9007 1000
a contact +67200 +67800 2054 9004 1000
a contact +67800 +68400 2006 9006 1000
a contact +67800 +68400 2007 9012 1000
a contact +67800 +68400 2008 9009 1000
a contact +67800 +68400 2010 9003 1000
a contact +67800 +68400 2051 9004 1000
a contact +67800 +68400 2052 9007 1000
a contact +67800 +68400 2053 9010 1000
a contact +67800 +68400 2054 9001 1000
a contact +68400 +69000 2007 9003 1000
a contact +68400 +69000 2009 9009 1000
a contact +68400 +69000 2011 9012 1000
a contact +68400 +69000 2012 9006 1000
a contact +68400 +69000 2051 9007 1000
a contact +68400 +69000 2052 9004 1000
a contact +68400 +69000 2053 9001 1000
a contact +68400 +69000 2054 9010 1000
a contact +69000 +69600 2001 9007 1000
a contact +69000 +69600 2003 9004 1000
a contact +69000 +69600 2008 9003 1000
a contact +69000 +69600 2009 9012 1000
a contact +69000 +69600 2011 9009 1000
a contact +69000 +69600 2013 9006 1000
a contact +69000 +69600 2055 9010 1000
a contact +69000 +69600 2056 9001 1000
a contact +69600 +70200 2002 9007 1000
a contact +69600 +70200 2003 9010 1000
a contact +69600 +70200 2009 9006 1000
a contact +69600 +70200 2011 9003 1000
a contact +69600 +70200 2012 9009 1000
a contact +69600 +70200 2013 9012 1000
a contact +69600 +70200 2055 9001 1000
a contact +69600 +70200 2056 9004 1000
a contact +70200 +70800 2001 9001 1000
a contact +70200 +70800 2003 9007 1000
a contact +70200 +70800 2010 9009 1000
a contact +70200 +70800 2011 9006 1000
a contact +70200 +70800 2012 9012 1000
a contact +70200 +70800 2013 9003 1000
a contact +70200 +70800 2055 9004 1000
a contact +70200 +70800 2056 9010 1000
a contact +70800 +71400 2001 9010 1000
a contact +70800 +71400 2002 9001 1000
a contact +70800 +71400 2004 9004 1000
a contact +70800 +71400 2010 9012 1000
a contact +70800 +71400 2012 9003 1000
a contact +70800 +71400 2013 9009 1000
a contact +70800 +71400 2014 9006 1000
a contact +70800 +71400 2055 9007 1000
a contact +71400 +72000 2001 9004 1000
a contact +71400 +72000 2002 9010 1000
a contact +71400 +72000 2003 9001 1000
a contact +71400 +72000 2010 9006 1000
a contact +71400 +72000 2014 9009 1000
a contact +71400 +72000 2015 9012 1000
a contact +71400 +72000 2016 9003 1000
a contact +71400 +72000 2056 9007 1000
a contact +72000 +72600 2002 9004 1000
a contact +72000 +72600 2004 9010 1000
a contact +72000 +72600 2005 9001 1000
a contact +72000 +72600 2006 9007 1000
a contact +72000 +72600 2014 9012 1000
a contact +72000 +72600 2015 9009 1000
a contact +72000 +72600 2016 9006 1000
a contact +72000 +72600 2017 9003 1000
a contact +72600 +73200 2004 9001 1000
a contact +72600 +73200 2005 9010 1000
a contact +72600 +73200 2006 9004 1000
a contact +72600 +73200 2007 9007 1000
a contact +72600 +73200 2014 9003 1000
a contact +72600 +73200 2015 9006 1000
a contact +72600 +73200 2016 9009 1000
a contact +72600 +73200 2017 9012 1000
a contact +73200 +73800 2004 9007 1000
a contact +73200 +73800 2005 9004 1000
a contact +73200 +73800 2006 9010 1000
a contact +73200 +73800 2007 9001 1000
a contact +73200 +73800 2015 9003 1000
a contact +73200 +73800 2016 9012 1000
a contact +73200 +73800 2017 9009 1000
a contact +73200 +73800 2018 9006 1000
a contact +73800 +74400 2005 9007 1000
a contact +73800 +74400 2006 9001 1000
a contact +73800 +74400 2007 9010 1000
a contact +73800 +74400 2009 9004 1000
a contact +73800 +74400 2017 9006 1000
a contact +73800 +74400 2018 9009 1000
a contact +73800 +74400 2019 9012 1000
a contact +73800 +74400 2020 9003 1000
a contact +74400 +75000 2007 9004 1000
a contact +74400 +75000 2009 9010 1000
a contact +74400 +75000 2010 9001 1000
a contact +74400 +75000 2011 9007 1000
a contact +74400 +75000 2018 9012 1000
a contact +74400 +75000 2019 9009 1000
a contact +74400 +75000 2020 9006 1000
a contact +74400 +75000 2021 9003 1000
a contact +75000 +75600 2009 9001 1000
a contact +75000 +75600 2010 9010 1000
a contact +75000 +75600 2011 9004 1000
a contact +75000 +75600 2012 9007 1000
a contact +75000 +75600 2018 9003 1000
a contact +75000 +75600 2019 9006 1000
a contact +75000 +75600 2020 9009 1000
a contact +75000 +75600 2021 9012 1000
a contact +75600 +76200 2009 9007 1000
a contact +75600 +76200 2010 9004 1000
a contact +75600 +76200 2011 9010 1000
a contact +75600 +76200 2012 9001 1000
a contact +75600 +76200 2019 9003 1000
a contact +75600 +76200 2020 9012 1000
a contact +75600 +76200 2021 9009 1000
a contact +75600 +76200 2022 9006 1000
a contact +76200 +76800 2008 9010 1000
a contact +76200 +76800 2010 9007 1000
a contact +76200 +76800 2011 9001 1000
a contact +76200 +76800 2012 9004 1000
a contact +76200 +76800 2021 9006 1000
a contact +76200 +76800 2022 9009 1000
a contact +76200 +76800 2023 9012 1000
a contact +76200 +76800 2024 9003 1000
a contact +76800 +77400 2008 9001 1000
a contact +76800 +77400 2012 9010 1000
a contact +76800 +77400 2013 9004 1000
a contact +76800 +77400 2015 9007 1000
a contact +76800 +77400 2022 9012 1000
a contact +76800 +77400 2023 9009 1000
a contact +76800 +77400 2024 9006 1000
a contact +76800 +77400 2025 9003 1000
a contact +77400 +78000 2008 9004 1000
a contact +77400 +78000 2013 9010 1000
a contact +77400 +78000 2015 9001 1000
a contact +77400 +78000 2016 9007 1000
a contact +77400 +78000 2022 9003 1000
a contact +77400 +78000 2023 9006 1000
a contact +77400 +78000 2024 9009 1000
a contact +77400 +78000 2025 9012 1000
a contact +78000 +78600 2008 9007 1000
a contact +78000 +78600 2013 9001 1000
a contact +78000 +78600 2015 9010 1000
a contact +78000 +78600 2016 9004 1000
a contact +78000 +78600 2023 9003 1000
a contact +78000 +78600 2024 9012 1000
a contact +78000 +78600 2025 9009 1000
a contact +78000 +78600 2026 9006 1000
a contact +78600 +79200 2013 9002 1000
a contact +78600 +79200 2014 9010 1000
a contact +78600 +79200 2015 9004 1000
a contact +78600 +79200 2016 9011 1000
a contact +78600 +79200 2017 9001 1000
a contact +78600 +79200 2018 9005 1000
a contact +78600 +79200 2019 9007 1000
a contact +78600 +79200 2020 9008 1000
a contact +79200 +79800 2014 9001 1000
a contact +79200 +79800 2016 9010 1000
a contact +79200 +79800 2017 9011 1000
a contact +79200 +79800 2018 9002 1000
a contact +79200 +79800 2019 9004 1000
a contact +79200 +79800 2020 9005 1000
a contact +79200 +79800 2021 9007 1000
a contact +79200 +79800 2022 9008 1000
a contact +79800 +80400 2014 9004 1000
a contact +79800 +80400 2016 9001 1000
a contact +79800 +80400 2017 9010 1000
a contact +79800 +80400 2018 9011 1000
a contact +79800 +80400 2019 9002 1000
a contact +79800 +80400 2020 9007 1000
a contact +79800 +80400 2021 9005 1000
a contact +79800 +80400 2023 9008 1000
a contact +80400 +81000 2014 9007 1000
a contact +80400 +81000 2016 9008 1000
a contact +80400 +81000 2017 9002 1000
a contact +80400 +81000 2018 9010 1000
a contact +80400 +81000 2019 9011 1000
a contact +80400 +81000 2020 9001 1000
a contact +80400 +81000 2021 9004 1000
a contact +80400 +81000 2022 9005 1000
a contact +81000 +81600 2014 9008 1000
a contact +81000 +81600 2017 9004 1000
a contact +81000 +81600 2018 9001 1000
a contact +81000 +81600 2019 9010 1000
a contact +81000 +81600 2020 9011 1000
a contact +81000 +81600 2021 9002 1000
a contact +81000 +81600 2022 9007 1000
a contact +81000 +81600 2023 9005 1000
a contact +81600 +82200 2013 9005 1000
a contact +81600 +82200 2017 9007 1000
a contact +81600 +82200 2018 9004 1000
a contact +81600 +82200 2019 9001 1000
a contact +81600 +82200 2020 9010 1000
a contact +81600 +82200 2021 9011 1000
a contact +81600 +82200 2022 9002 1000
a contact +81600 +82200 2024 9008 1000
a contact +82200 +82800 2013 9007 1000
a contact +82200 +82800 2017 9005 1000
a contact +82200 +82800 2018 9008 1000
a contact +82200 +82800 2020 9002 1000
a contact +82200 +82800 2021 9010 1000
a contact +82200 +82800 2022 9011 1000
a contact +82200 +82800 2023 9001 1000
a contact +82200 +82800 2024 9004 1000
a contact +82800 +83400 2018 9007 1000
a contact +82800 +83400 2019 9005 1000
a contact +82800 +83400 2020 9004 1000
a contact +82800 +83400 2021 9001 1000
a contact +82800 +83400 2022 9010 1000
a contact +82800 +83400 2023 9011 1000
a contact +82800 +83400 2024 9002 1000
a contact +82800 +83400 2025 9008 1000
a contact +83400 +84000 2019 9008 1000
a contact +83400 +84000 2022 9001 1000
a contact +83400 +84000 2023 9010 1000
a contact +83400 +84000 2024 9011 1000
a contact +83400 +84000 2025 9002 1000
a contact +83400 +84000 2026 9004 1000
a contact +83400 +84000 2027 9005 1000
a contact +83400 +84000 2028 9007 1000
a contact +84000 +84600 2021 9008 1000
a contact +84000 +84600 2022 9004 1000
a contact +84000 +84600 2023 9002 1000
a contact +84000 +84600 2024 9010 1000
a contact +84000 +84600 2025 9011 1000
a contact +84000 +84600 2026 9001 1000
a contact +84000 +84600 2027 9007 1000
a contact +84000 +84600 2028 9005 1000
a contact +84600 +85200 2023 9004 1000
a contact +84600 +85200 2024 9001 1000
a contact +84600 +85200 2025 9010 1000
a contact +84600 +85200 2026 9011 1000
a contact +84600 +85200 2027 9002 1000
a contact +84600 +85200 2028 9008 1000
a contact +84600 +85200 2029 9005 1000
a contact +84600 +85200 2030 9007 1000
a contact +85200 +85800 2023 9007 1000
a contact +85200 +85800 2024 9005 1000
a contact +85200 +85800 2025 9001 1000
a contact +85200 +85800 2026 9010 1000
a contact +85200 +85800 2027 9011 1000
a contact +85200 +85800 2028 9002 1000
a contact +85200 +85800 2029 9004 1000
a contact +85200 +85800 2030 9008 1000
a contact +85800 +86400 2024 9007 1000
a contact +85800 +86400 2025 9004 1000
a contact +85800 +86400 2026 9002 1000
a contact +85800 +86400 2027 9010 1000
a contact +85800 +86400 2028 9011 1000
a contact +85800 +86400 2029 9001 1000
a contact +85800 +86400 2030 9005 1000
a contact +85800 +86400 2031 9008 1000

a range +0 +600 2001 9010 1102.3368
a range +0 +600 2002 9011 1103.3964
a range +0 +600 2003 9001 1102.3428
a range +0 +600 2004 9002 1103.3807
a range +0 +600 2005 9004 1102.356
a range +0 +600 2006 9005 1103.3827
a range +0 +600 2007 9007 1102.3437
a range +0 +600 2008 9008 1102.325
a range +600 +1200 2001 9011 1103.3975
a range +600 +1200 2002 9010 1102.3365
a range +600 +1200 2003 9002 1103.3893
a range +600 +1200 2004 9001 1102.3518
a range +600 +1200 2005 9005 1103.3778
a range +600 +1200 2006 9004 1102.3523
a range +600 +1200 2007 9008 1103.3915
a range +600 +1200 2008 9007 1102.3448
a range +1200 +1800 2001 9001 1102.3368
a range +1200 +1800 2002 9002 1103.3964
a range +1200 +1800 2003 9010 1102.3428
a range +1200 +1800 2004 9011 1103.3807
a range +1200 +1800 2005 9007 1102.356
a range +1200 +1800 2006 9008 1103.3827
a range +1200 +1800 2007 9004 1102.3437
a range +1200 +1800 2008 9005 1102.325
a range +1800 +2400 2001 9002 1103.3975
a range +1800 +2400 2002 9001 1102.3365
a range +1800 +2400 2003 9011 1103.3893
a range +1800 +2400 2004 9010 1102.3518
a range +1800 +2400 2005 9008 1103.3778
a range +1800 +2400 2006 9007 1102.3523
a range +1800 +2400 2007 9005 1103.3915
a range +1800 +2400 2008 9004 1102.3448
a range +2400 +3000 2001 9004 1102.3368
a range +2400 +3000 2002 9005 1103.3964
a range +2400 +3000 2003 9007 1102.3428
a range +2400 +3000 2004 9008 1103.3807
a range +2400 +3000 2005 9010 1102.356
a range +2400 +3000 2006 9011 1103.3827
a range +2400 +3000 2007 9001 1102.3437
a range +2400 +3000 2008 9002 1102.325
a range +3000 +3600 2001 9005 1103.3975
a range +3000 +3600 2002 9004 1102.3365
a range +3000 +3600 2003 9008 1103.3893
a range +3000 +3600 2004 9007 1102.3518
a range +3000 +3600 2005 9011 1103.3778
a range +3000 +3600 2006 9010 1102.3523
a range +3000 +3600 2007 9002 1103.3915
a range +3000 +3600 2008 9001 1102.3448
a range +3600 +4200 2001 9007 1102.3368
a range +3600 +4200 2002 9008 1103.3964
a range +3600 +4200 2003 9004 1102.3428
a range +3600 +4200 2004 9005 1103.3807
a range +3600 +4200 2005 9001 1102.356
a range +3600 +4200 2006 9002 1103.3827
a range +3600 +4200 2007 9010 1102.3437
a range +3600 +4200 2008 9011 1102.325
a range +4200 +4800 2001 9008 1103.3975
a range +4200 +4800 2002 9007 1102.3365
a range +4200 +4800 2003 9005 1103.3893
a range +4200 +4800 2004 9004 1102.3518
a range +4200 +4800 2005 9002 1103.3778
a range +4200 +4800 2006 9001 1102.3523
a range +4200 +4800 2007 9011 1103.3915
a range +4200 +4800 2008 9010 1102.3448
a range +4800 +5400 2009 9010 1102.2246
a range +4800 +5400 2010 9011 1102.1191
a range +4800 +5400 2011 9001 1102.0096
a range +4800 +5400 2013 9002 1102.5334
a range +4800 +5400 2014 9004 1102.3591
a range +4800 +5400 2015 9005 1103.4106
a range +4800 +5400 2016 9007 1102.3596
a range +4800 +5400 2017 9008 1103.3894
a range +5400 +6000 2009 9011 1102.2098
a range +5400 +6000 2010 9010 1102.1294
a range +5400 +6000 2011 9002 1102.0053
a range +5400 +6000 2013 9001 1102.3402
a range +5400 +6000 2014 9005 1102.4408
a range +5400 +6000 2015 9004 1102.3382
a range +5400 +6000 2016 9008 1103.4077
a range +5400 +6000 2017 9007 1102.3697
a range +6000 +6600 2009 9001 1102.2246
a range +6000 +6600 2010 9002 1102.1191
a range +6000 +6600 2011 9010 1102.0096
a range +6000 +6600 2012 9011 1102.6508
a range +6000 +6600 2013 9004 1102.3402
a range +6000 +6600 2014 9007 1102.3591
a range +6000 +6600 2015 9008 1103.4106
a range +6000 +6600 2016 9005 1103.4077
a range +6600 +7200 2009 9002 1102.2098
a range +6600 +7200 2010 9001 1102.1294
a range +6600 +7200 2012 9010 1102.3245
a range +6600 +7200 2013 9011 1102.5334
a range +6600 +7200 2014 9008 1102.4408
a range +6600 +7200 2015 9007 1102.3382
a range +6600 +7200 2016 9004 1102.3596
a range +6600 +7200 2017 9005 1103.3894
a range +7200 +7800 2009 9004 1102.2246
a range +7200 +7800 2010 9005 1102.1191
a range +7200 +7800 2012 9001 1102.3245
a range +7200 +7800 2013 9010 1102.3402
a range +7200 +7800 2014 9011 1102.4408
a range +7200 +7800 2015 9002 1103.4106
a range +7200 +7800 2018 9007 1102.3621
a range +7200 +7800 2019 9008 1103.3643
a range +7800 +8400 2009 9005 1102.2098
a range +7800 +8400 2010 9004 1102.1294
a range +7800 +8400 2012 9002 1102.6508
a range +7800 +8400 2013 9007 1102.3402
a range +7800 +8400 2014 9010 1102.3591
a range +7800 +8400 2015 9011 1103.4106
a range +7800 +8400 2016 9001 1102.3596
a range +7800 +8400 2018 9008 1103.3706
a range +8400 +9000 2009 9007 1102.2246
a range +8400 +9000 2010 9008 1102.1191
a range +8400 +9000 2011 9011 1102.7686
a range +8400 +9000 2012 9004 1102.3245
a range +8400 +9000 2013 9005 1102.5334
a range +8400 +9000 2014 9001 1102.3591
a range +8400 +9000 2015 9010 1102.3382
a range +8400 +9000 2016 9002 1103.4077
a range +9000 +9600 2009 9008 1102.2098
a range +9000 +9600 2010 9007 1102.1294
a range +9000 +9600 2011 9004 1102.3251
a range +9000 +9600 2012 9005 1102.6508
a range +9000 +9600 2014 9002 1102.4408
a range +9000 +9600 2015 9001 1102.3382
a range +9000 +9600 2016 9010 1102.3596
a range +9000 +9600 2017 9011 1103.3894
a range +9600 +10200 2011 9005 1102.7686
a range +9600 +10200 2012 9007 1102.3245
a range +9600 +10200 2013 9008 1102.5334
a range +9600 +10200 2016 9011 1103.4077
a range +9600 +10200 2017 9010 1102.3697
a range +9600 +10200 2018 9001 1102.3621
a range +9600 +10200 2019 9002 1103.3643
a range +9600 +10200 2020 9004 1102.3246
a range +10200 +10800 2011 9007 1102.3251
a range +10200 +10800 2012 9008 1102.6508
a range +10200 +10800 2017 9001 1102.3697
a range +10200 +10800 2018 9010 1102.3621
a range +10200 +10800 2019 9011 1103.3643
a range +10200 +10800 2020 9002 1103.3763
a range +10200 +10800 2021 9004 1102.3238
a range +10200 +10800 2022 9005 1103.3968
a range +10800 +11400 2011 9008 1102.7686
a range +10800 +11400 2017 9002 1103.3894
a range +10800 +11400 2018 9011 1103.3706
a range +10800 +11400 2019 9010 1102.3413
a range +10800 +11400 2020 9001 1102.3246
a range +10800 +11400 2021 9005 1103.397
a range +10800 +11400 2022 9004 1102.354
a range +10800 +11400 2023 9007 1102.3545
a range +11400 +12000 2017 9004 1102.3697
a range +11400 +12000 2018 9002 1103.3706
a range +11400 +12000 2019 9001 1102.3413
a range +11400 +12000 2020 9010 1102.3246
a range +11400 +12000 2021 9011 1103.397
a range +11400 +12000 2022 9007 1102.354
a range +11400 +12000 2023 9005 1103.3908
a range +11400 +12000 2024 9008 1103.3828
a range +12000 +12600 2018 9004 1102.3621
a range +12000 +12600 2019 9005 1103.3643
a range +12000 +12600 2020 9011 1103.3763
a range +12000 +12600 2021 9010 1102.3238
a range +12000 +12600 2022 9001 1102.354
a range +12000 +12600 2023 9002 1103.3908
a range +12000 +12600 2024 9007 1102.3486
a range +12000 +12600 2025 9008 1103.3785
a range +12600 +13200 2018 9005 1103.3706
a range +12600 +13200 2019 9004 1102.3413
a range +12600 +13200 2020 9007 1102.3246
a range +12600 +13200 2021 9001 1102.3238
a range +12600 +13200 2022 9010 1102.354
a range +12600 +13200 2023 9011 1103.3908
a range +12600 +13200 2024 9002 1103.3828
a range +12600 +13200 2026 9008 1103.3815
a range +13200 +13800 2019 9007 1102.3413
a range +13200 +13800 2020 9005 1103.3763
a range +13200 +13800 2021 9002 1103.397
a range +13200 +13800 2022 9011 1103.3968
a range +13200 +13800 2023 9010 1102.3545
a range +13200 +13800 2024 9001 1102.3486
a range +13200 +13800 2025 9004 1102.3404
a range +13200 +13800 2027 9008 1103.3897
a range +13800 +14400 2020 9008 1103.3763
a range +13800 +14400 2021 9007 1102.3238
a range +13800 +14400 2022 9002 1103.3968
a range +13800 +14400 2023 9001 1102.3545
a range +13800 +14400 2024 9010 1102.3486
a range +13800 +14400 2025 9011 1103.3785
a range +13800 +14400 2026 9004 1102.3364
a range +13800 +14400 2027 9005 1103.3897
a range +14400 +15000 2021 9008 1103.397
a range +14400 +15000 2023 9004 1102.3545
a range +14400 +15000 2024 9011 1103.3828
a range +14400 +15000 2025 9010 1102.3404
a range +14400 +15000 2026 9001 1102.3364
a range +14400 +15000 2027 9002 1103.3897
a range +14400 +15000 2028 9005 1103.396
a range +14400 +15000 2029 9007 1102.342
a range +15000 +15600 2022 9008 1103.3968
a range +15000 +15600 2024 9004 1102.3486
a range +15000 +15600 2025 9001 1102.3404
a range +15000 +15600 2026 9010 1102.3364
a range +15000 +15600 2027 9011 1103.3897
a range +15000 +15600 2028 9002 1103.396
a range +15000 +15600 2029 9005 1103.3878
a range +15000 +15600 2030 9007 1102.3535
a range +15600 +16200 2023 9008 1103.3908
a range +15600 +16200 2024 9005 1103.3828
a range +15600 +16200 2025 9002 1103.3785
a range +15600 +16200 2026 9011 1103.3815
a range +16200 +16800 2025 9005 1103.3785
a range +16200 +16800 2026 9002 1103.3815
a range +16200 +16800 2028 9011 1103.396
a range +16200 +16800 2029 9008 1103.3878
a range +16800 +17400 2026 9005 1103.3815
a range +16800 +17400 2028 9008 1103.396
a range +16800 +17400 2029 9002 1103.3878
a range +16800 +17400 2030 9011 1103.3981
a range +17400 +18000 2029 9011 1103.3878
a range +17400 +18000 2030 9002 1103.3981
a range +17400 +18000 2031 9005 1103.4006
a range +17400 +18000 2032 9008 1103.3933
a range +18000 +18600 2030 9005 1103.3981
a range +18000 +18600 2031 9002 1103.4006
a range +18000 +18600 2032 9011 1103.3933
a range +18000 +18600 2033 9008 1103.3823
a range +18600 +19200 2030 9008 1103.3981
a range +18600 +19200 2031 9011 1103.4006
a range +18600 +19200 2032 9002 1103.3933
a range +18600 +19200 2033 9005 1103.3823
a range +19200 +19800 2031 9008 1103.4006
a range +19200 +19800 2032 9005 1103.3933
a range +19200 +19800 2033 9002 1103.3823
a range +19200 +19800 2034 9011 1103.3753
a range +19800 +20400 2033 9011 1103.3823
a range +19800 +20400 2034 9002 1103.3753
a range +19800 +20400 2035 9005 1103.3778
a range +19800 +20400 2036 9008 1103.3462
a range +20400 +21000 2034 9005 1103.3753
a range +20400 +21000 2035 9002 1103.3778
a range +20400 +21000 2036 9011 1103.3462
a range +20400 +21000 2037 9008 1103.155
a range +21000 +21600 2034 9008 1103.3753
a range +21000 +21600 2035 9011 1103.3778
a range +21000 +21600 2036 9002 1103.3462
a range +21000 +21600 2037 9005 1103.155
a range +21600 +22200 2035 9008 1103.3778
a range +21600 +22200 2036 9005 1103.3462
a range +21600 +22200 2037 9002 1103.155
a range +21600 +22200 2038 9011 1103.0123
a range +22200 +22800 2037 9011 1103.155
a range +22200 +22800 2038 9002 1103.0123
a range +22200 +22800 2039 9005 1102.8698
a range +22200 +22800 2040 9008 1102.7045
a range +22800 +23400 2038 9005 1103.0123
a range +22800 +23400 2039 9002 1102.8698
a range +22800 +23400 2040 9011 1102.7045
a range +22800 +23400 2041 9008 1103.3929
a range +23400 +24000 2038 9008 1103.0123
a range +23400 +24000 2039 9011 1102.8698
a range +23400 +24000 2040 9002 1102.7045
a range +23400 +24000 2041 9005 1103.3929
a range +24000 +24600 2039 9008 1102.8698
a range +24000 +24600 2040 9005 1102.7045
a range +24000 +24600 2041 9002 1103.3929
a range +24000 +24600 2042 9011 1103.4149
a range +24600 +25200 2041 9011 1103.3929
a range +24600 +25200 2042 9002 1103.4149
a range +24600 +25200 2043 9005 1103.3726
a range +24600 +25200 2044 9008 1103.3974
a range +25200 +25800 2042 9005 1103.4149
a range +25200 +25800 2043 9002 1103.3726
a range +25200 +25800 2044 9011 1103.3974
a range +25200 +25800 2045 9008 1103.4163
a range +25800 +26400 2042 9008 1103.4149
a range +25800 +26400 2043 9011 1103.3726
a range +25800 +26400 2044 9002 1103.3974
a range +25800 +26400 2045 9005 1103.4163
a range +26400 +27000 2043 9008 1103.3726
a range +26400 +27000 2044 9005 1103.3974
a range +26400 +27000 2045 9002 1103.4163
a range +26400 +27000 2046 9011 1103.4124
a range +27000 +27600 2045 9011 1103.4163
a range +27000 +27600 2046 9002 1103.4124
a range +27000 +27600 2047 9005 1103.3906
a range +27000 +27600 2048 9008 1103.3656
a range +27600 +28200 2046 9005 1103.4124
a range +27600 +28200 2047 9002 1103.3906
a range +27600 +28200 2048 9011 1103.3656
a range +27600 +28200 2049 9008 1103.3582
a range +28200 +28800 2046 9008 1103.4124
a range +28200 +28800 2047 9011 1103.3906
a range +28200 +28800 2048 9002 1103.3656
a range +28200 +28800 2049 9005 1103.3582
a range +28800 +29400 2047 9008 1103.3906
a range +28800 +29400 2048 9005 1103.3656
a range +28800 +29400 2049 9002 1103.3582
a range +28800 +29400 2050 9011 1103.3929
a range +29400 +30000 2049 9011 1103.3582
a range +29400 +30000 2050 9002 1103.3929
a range +29400 +30000 2051 9005 1103.3992
a range +29400 +30000 2052 9008 1103.3972
a range +30000 +30600 2001 9009 1104.7848
a range +30000 +30600 2002 9012 1104.7819
a range +30000 +30600 2003 9003 1104.7741
a range +30000 +30600 2004 9006 1104.7664
a range +30000 +30600 2050 9005 1103.3929
a range +30000 +30600 2051 9011 1103.3992
a range +30000 +30600 2052 9002 1103.3972
a range +30000 +30600 2053 9008 1103.3882
a range +30600 +31200 2001 9012 1104.7848
a range +30600 +31200 2002 9009 1104.7819
a range +30600 +31200 2003 9006 1104.7741
a range +30600 +31200 2004 9003 1104.7664
a range +30600 +31200 2050 9008 1103.3929
a range +30600 +31200 2051 9002 1103.3992
a range +30600 +31200 2052 9011 1103.3972
a range +30600 +31200 2053 9005 1103.3882
a range +31200 +31800 2001 9003 1104.7848
a range +31200 +31800 2002 9006 1104.7819
a range +31200 +31800 2003 9009 1104.7741
a range +31200 +31800 2004 9012 1104.7664
a range +31200 +31800 2051 9008 1103.3992
a range +31200 +31800 2052 9005 1103.3972
a range +31200 +31800 2053 9011 1103.3882
a range +31200 +31800 2054 9002 1103.379
a range +31800 +32400 2001 9006 1104.7848
a range +31800 +32400 2002 9003 1104.7819
a range +31800 +32400 2003 9012 1104.7741
a range +31800 +32400 2004 9009 1104.7664
a range +31800 +32400 2053 9002 1103.3882
a range +31800 +32400 2054 9011 1103.379
a range +31800 +32400 2055 9005 1103.3763
a range +31800 +32400 2056 9008 1103.3822
a range +32400 +33000 2004 9008 1103.3807
a range +32400 +33000 2005 9009 1104.7654
a range +32400 +33000 2006 9012 1104.7716
a range +32400 +33000 2007 9003 1104.7803
a range +32400 +33000 2008 9006 1103.1031
a range +32400 +33000 2054 9005 1103.379
a range +32400 +33000 2055 9011 1103.3763
a range +32400 +33000 2056 9002 1103.3822
a range +33000 +33600 2002 9005 1103.3964
a range +33000 +33600 2005 9012 1104.7654
a range +33000 +33600 2006 9009 1104.7716
a range +33000 +33600 2007 9006 1104.7803
a range +33000 +33600 2008 9003 1103.1031
a range +33000 +33600 2054 9008 1103.379
a range +33000 +33600 2055 9002 1103.3763
a range +33000 +33600 2056 9011 1103.3822
a range +33600 +34200 2001 9011 1103.3975
a range +33600 +34200 2002 9002 1103.3964
a range +33600 +34200 2005 9003 1104.7654
a range +33600 +34200 2006 9006 1104.7716
a range +33600 +34200 2007 9009 1104.7803
a range +33600 +34200 2008 9012 1103.1031
a range +33600 +34200 2055 9008 1103.3763
a range +33600 +34200 2056 9005 1103.3822
a range +34200 +34800 2001 9002 1103.3975
a range +34200 +34800 2002 9011 1103.3964
a range +34200 +34800 2003 9005 1103.3893
a range +34200 +34800 2005 9006 1104.7654
a range +34200 +34800 2006 9003 1104.7716
a range +34200 +34800 2007 9012 1104.7803
a range +34200 +34800 2008 9009 1103.1031
a range +34200 +34800 2009 9008 1103.3644
a range +34800 +35400 2001 9005 1103.3975
a range +34800 +35400 2002 9008 1103.3964
a range +34800 +35400 2003 9011 1103.3893
a range +34800 +35400 2004 9002 1103.3807
a range +34800 +35400 2009 9009 1103.7364
a range +34800 +35400 2010 9012 1103.6214
a range +34800 +35400 2011 9003 1103.5073
a range +34800 +35400 2012 9006 1103.4177
a range +35400 +36000 2001 9008 1103.3975
a range +35400 +36000 2003 9002 1103.3893
a range +35400 +36000 2004 9011 1103.3807
a range +35400 +36000 2005 9005 1103.3778
a range +35400 +36000 2009 9012 1103.7364
a range +35400 +36000 2010 9009 1103.6214
a range +35400 +36000 2011 9006 1103.5073
a range +35400 +36000 2012 9003 1103.4177
a range +36000 +36600 2003 9008 1103.3893
a range +36000 +36600 2004 9005 1103.3807
a range +36000 +36600 2005 9011 1103.3778
a range +36000 +36600 2006 9002 1103.3827
a range +36000 +36600 2009 9003 1103.7364
a range +36000 +36600 2010 9006 1103.6214
a range +36000 +36600 2011 9009 1103.5073
a range +36000 +36600 2012 9012 1103.4177
a range +36600 +37200 2005 9002 1103.3778
a range +36600 +37200 2006 9011 1103.3827
a range +36600 +37200 2007 9005 1103.3915
a range +36600 +37200 2008 9008 1103.372
a range +36600 +37200 2009 9006 1103.7364
a range +36600 +37200 2010 9003 1103.6214
a range +36600 +37200 2011 9012 1103.5073
a range +36600 +37200 2012 9009 1103.4177
a range +37200 +37800 2005 9008 1103.3778
a range +37200 +37800 2006 9005 1103.3827
a range +37200 +37800 2007 9011 1103.3915
a range +37200 +37800 2008 9002 1103.372
a range +37200 +37800 2013 9009 1103.3047
a range +37200 +37800 2014 9012 1103.2153
a range +37200 +37800 2015 9003 1104.7563
a range +37200 +37800 2016 9006 1104.7762
a range +37800 +38400 2006 9008 1103.3827
a range +37800 +38400 2007 9002 1103.3915
a range +37800 +38400 2008 9011 1103.372
a range +37800 +38400 2009 9005 1103.3644
a range +37800 +38400 2013 9012 1103.3047
a range +37800 +38400 2015 9009 1104.7563
a range +37800 +38400 2016 9003 1104.7762
a range +37800 +38400 2017 9006 1104.7946
a range +38400 +39000 2007 9008 1103.3915
a range +38400 +39000 2008 9005 1103.372
a range +38400 +39000 2009 9011 1103.3644
a range +38400 +39000 2010 9002 1103.374
a range +38400 +39000 2013 9003 1103.3047
a range +38400 +39000 2015 9012 1104.7563
a range +38400 +39000 2016 9009 1104.7762
a range +38400 +39000 2018 9006 1104.7981
a range +39000 +39600 2009 9002 1103.3644
a range +39000 +39600 2010 9011 1103.374
a range +39000 +39600 2011 9005 1103.3946
a range +39000 +39600 2012 9008 1103.41
a range +39000 +39600 2013 9006 1103.3047
a range +39000 +39600 2016 9012 1104.7762
a range +39000 +39600 2017 9009 1104.7946
a range +39000 +39600 2018 9003 1104.7981
a range +39600 +40200 2010 9005 1103.374
a range +39600 +40200 2011 9011 1103.3946
a range +39600 +40200 2012 9002 1103.41
a range +39600 +40200 2013 9008 1103.3154
a range +39600 +40200 2014 9009 1103.9442
a range +39600 +40200 2015 9006 1104.7563
a range +39600 +40200 2017 9012 1104.7946
a range +39600 +40200 2019 9003 1104.7835
a range +40200 +40800 2010 9008 1103.374
a range +40200 +40800 2011 9002 1103.3946
a range +40200 +40800 2012 9011 1103.41
a range +40200 +40800 2014 9003 1103.9442
a range +40200 +40800 2015 9005 1103.4106
a range +40200 +40800 2018 9009 1104.7981
a range +40200 +40800 2019 9012 1104.7835
a range +40200 +40800 2020 9006 1104.7628
a range +40800 +41400 2011 9008 1103.3946
a range +40800 +41400 2012 9005 1103.41
a range +40800 +41400 2014 9011 1103.3922
a range +40800 +41400 2015 9002 1103.4106
a range +40800 +41400 2017 9003 1104.7946
a range +40800 +41400 2018 9012 1104.7981
a range +40800 +41400 2019 9009 1104.7835
a range +40800 +41400 2021 9006 1104.7511
a range +41400 +42000 2014 9002 1103.3922
a range +41400 +42000 2015 9011 1103.4106
a range +41400 +42000 2016 9005 1103.4077
a range +41400 +42000 2017 9008 1103.3894
a range +41400 +42000 2019 9006 1104.7835
a range +41400 +42000 2020 9009 1104.7628
a range +41400 +42000 2021 9012 1104.7511
a range +41400 +42000 2022 9003 1104.7663
a range +42000 +42600 2013 9011 1103.408
a range +42000 +42600 2014 9005 1103.3922
a range +42000 +42600 2015 9008 1103.4106
a range +42000 +42600 2016 9002 1103.4077
a range +42000 +42600 2020 9012 1104.7628
a range +42000 +42600 2021 9009 1104.7511
a range +42000 +42600 2022 9006 1104.7663
a range +42000 +42600 2023 9003 1104.7729
a range +42600 +43200 2014 9006 1103.9442
a range +42600 +43200 2020 9003 1104.7628
a range +42600 +43200 2022 9009 1104.7663
a range +42600 +43200 2023 9012 1104.7729
a range +43200 +43800 2021 9003 1104.7511
a range +43200 +43800 2022 9012 1104.7663
a range +43200 +43800 2023 9009 1104.7729
a range +43200 +43800 2024 9006 1104.7809
a range +43800 +44400 2023 9006 1104.7729
a range +43800 +44400 2024 9009 1104.7809
a range +43800 +44400 2025 9003 1104.7844
a range +43800 +44400 2026 9012 1104.7805
a range +44400 +45000 2024 9003 1104.7809
a range +44400 +45000 2025 9009 1104.7844
a range +44400 +45000 2026 9006 1104.7805
a range +44400 +45000 2027 9012 1104.772
a range +45000 +45600 2024 9012 1104.7809
a range +45000 +45600 2025 9006 1104.7844
a range +45000 +45600 2026 9009 1104.7805
a range +45000 +45600 2027 9003 1104.772
a range +45600 +46200 2025 9012 1104.7844
a range +45600 +46200 2026 9003 1104.7805
a range +45600 +46200 2027 9009 1104.772
a range +45600 +46200 2028 9006 1104.7661
a range +46200 +46800 2027 9006 1104.772
a range +46200 +46800 2028 9009 1104.7661
a range +46200 +46800 2029 9003 1104.7829
a range +46200 +46800 2030 9012 1104.7718
a range +46800 +47400 2028 9003 1104.7661
a range +46800 +47400 2029 9009 1104.7829
a range +46800 +47400 2030 9006 1104.7718
a range +46800 +47400 2031 9012 1104.7634
a range +47400 +48000 2028 9012 1104.7661
a range +47400 +48000 2029 9006 1104.7829
a range +47400 +48000 2030 9009 1104.7718
a range +47400 +48000 2031 9003 1104.7634
a range +48000 +48600 2029 9012 1104.7829
a range +48000 +48600 2030 9003 1104.7718
a range +48000 +48600 2031 9009 1104.7634
a range +48000 +48600 2032 9006 1104.7634
a range +48600 +49200 2031 9006 1104.7634
a range +48600 +49200 2032 9009 1104.7634
a range +48600 +49200 2033 9003 1104.772
a range +48600 +49200 2034 9012 1104.7827
a range +49200 +49800 2032 9003 1104.7634
a range +49200 +49800 2033 9009 1104.772
a range +49200 +49800 2034 9006 1104.7827
a range +49200 +49800 2035 9012 1104.7877
a range +49800 +50400 2032 9012 1104.7634
a range +49800 +50400 2033 9006 1104.772
a range +49800 +50400 2034 9009 1104.7827
a range +49800 +50400 2035 9003 1104.7877
a range +50400 +51000 2033 9012 1104.772
a range +50400 +51000 2034 9003 1104.7827
a range +50400 +51000 2035 9009 1104.7877
a range +50400 +51000 2036 9006 1104.399
a range +51000 +51600 2035 9006 1104.7877
a range +51000 +51600 2036 9009 1104.399
a range +51000 +51600 2037 9003 1104.233
a range +51000 +51600 2038 9012 1104.0918
a range +51600 +52200 2036 9003 1104.399
a range +51600 +52200 2037 9009 1104.233
a range +51600 +52200 2038 9006 1104.0918
a range +51600 +52200 2039 9012 1103.928
a range +52200 +52800 2025 9007 1105.0528
a range +52200 +52800 2027 9010 1105.0509
a range +52200 +52800 2028 9001 1105.0582
a range +52200 +52800 2029 9004 1105.0455
a range +52200 +52800 2036 9012 1104.399
a range +52200 +52800 2037 9006 1104.233
a range +52200 +52800 2038 9009 1104.0918
a range +52200 +52800 2039 9003 1103.928
a range +52800 +53400 2026 9007 1105.0481
a range +52800 +53400 2027 9001 1105.0509
a range +52800 +53400 2028 9010 1105.0582
a range +52800 +53400 2030 9004 1105.0467
a range +52800 +53400 2037 9012 1104.233
a range +52800 +53400 2038 9003 1104.0918
a range +52800 +53400 2039 9009 1103.928
a range +52800 +53400 2041 9006 1104.733
a range +53400 +54000 2027 9004 1105.0509
a range +53400 +54000 2028 9007 1105.0582
a range +53400 +54000 2029 9010 1105.0455
a range +53400 +54000 2030 9001 1105.0467
a range +53400 +54000 2039 9006 1103.928
a range +53400 +54000 2040 9009 1104.8011
a range +53400 +54000 2041 9012 1104.733
a range +53400 +54000 2042 9003 1104.5419
a range +54000 +54600 2027 9007 1105.0509
a range +54000 +54600 2028 9004 1105.0582
a range +54000 +54600 2029 9001 1105.0455
a range +54000 +54600 2030 9010 1105.0467
a range +54000 +54600 2040 9012 1104.8011
a range +54000 +54600 2041 9009 1104.733
a range +54000 +54600 2042 9006 1104.5419
a range +54000 +54600 2043 9003 1104.7932
a range +54600 +55200 2031 9010 1105.0557
a range +54600 +55200 2032 9001 1105.0668
a range +54600 +55200 2033 9004 1105.0704
a range +54600 +55200 2034 9007 1105.0647
a range +54600 +55200 2040 9003 1104.8011
a range +54600 +55200 2042 9009 1104.5419
a range +54600 +55200 2043 9012 1104.7932
a range +54600 +55200 2044 9006 1104.8049
a range +55200 +55800 2031 9001 1105.0557
a range +55200 +55800 2032 9010 1105.0668
a range +55200 +55800 2033 9007 1105.0704
a range +55200 +55800 2034 9004 1105.0647
a range +55200 +55800 2040 9006 1104.8011
a range +55200 +55800 2041 9003 1104.733
a range +55200 +55800 2042 9012 1104.5419
a range +55200 +55800 2043 9009 1104.7932
a range +55800 +56400 2031 9004 1105.0557
a range +55800 +56400 2032 9007 1105.0668
a range +55800 +56400 2033 9010 1105.0704
a range +55800 +56400 2034 9001 1105.0647
a range +55800 +56400 2043 9006 1104.7932
a range +55800 +56400 2044 9009 1104.8049
a range +55800 +56400 2045 9012 1104.7945
a range +55800 +56400 2046 9003 1104.7678
a range +56400 +57000 2031 9007 1105.0557
a range +56400 +57000 2032 9004 1105.0668
a range +56400 +57000 2033 9001 1105.0704
a range +56400 +57000 2034 9010 1105.0647
a range +56400 +57000 2044 9012 1104.8049
a range +56400 +57000 2045 9009 1104.7945
a range +56400 +57000 2046 9006 1104.7678
a range +56400 +57000 2047 9003 1104.748
a range +57000 +57600 2035 9010 1105.0533
a range +57000 +57600 2036 9001 1104.3926
a range +57000 +57600 2037 9004 1104.2345
a range +57000 +57600 2038 9007 1104.1
a range +57000 +57600 2044 9003 1104.8049
a range +57000 +57600 2045 9006 1104.7945
a range +57000 +57600 2046 9009 1104.7678
a range +57000 +57600 2047 9012 1104.748
a range +57600 +58200 2035 9001 1105.0533
a range +57600 +58200 2036 9010 1104.3926
a range +57600 +58200 2037 9007 1104.2345
a range +57600 +58200 2038 9004 1104.1
a range +57600 +58200 2045 9003 1104.7945
a range +57600 +58200 2046 9012 1104.7678
a range +57600 +58200 2047 9009 1104.748
a range +57600 +58200 2048 9006 1104.7478
a range +58200 +58800 2035 9004 1105.0533
a range +58200 +58800 2036 9007 1104.3926
a range +58200 +58800 2037 9010 1104.2345
a range +58200 +58800 2038 9001 1104.1
a range +58200 +58800 2047 9006 1104.748
a range +58200 +58800 2048 9009 1104.7478
a range +58200 +58800 2049 9012 1104.768
a range +58200 +58800 2050 9003 1104.7854
a range +58800 +59400 2035 9007 1105.0533
a range +58800 +59400 2036 9004 1104.3926
a range +58800 +59400 2037 9001 1104.2345
a range +58800 +59400 2038 9010 1104.1
a range +58800 +59400 2048 9012 1104.7478
a range +58800 +59400 2049 9009 1104.768
a range +58800 +59400 2050 9006 1104.7854
a range +58800 +59400 2051 9003 1104.7859
a range +59400 +60000 2039 9010 1105.0166
a range +59400 +60000 2040 9001 1104.8526
a range +59400 +60000 2041 9004 1104.7133
a range +59400 +60000 2042 9007 1104.5292
a range +59400 +60000 2048 9003 1104.7478
a range +59400 +60000 2049 9006 1104.768
a range +59400 +60000 2050 9009 1104.7854
a range +59400 +60000 2051 9012 1104.7859
a range +60000 +60600 2039 9001 1105.0166
a range +60000 +60600 2040 9010 1104.8526
a range +60000 +60600 2041 9007 1104.7133
a range +60000 +60600 2042 9004 1104.5292
a range +60000 +60600 2049 9003 1104.768
a range +60000 +60600 2050 9012 1104.7854
a range +60000 +60600 2051 9009 1104.7859
a range +60000 +60600 2052 9006 1104.7779
a range +60600 +61200 2039 9004 1105.0166
a range +60600 +61200 2040 9007 1104.8526
a range +60600 +61200 2041 9010 1104.7133
a range +60600 +61200 2042 9001 1104.5292
a range +60600 +61200 2051 9006 1104.7859
a range +60600 +61200 2052 9009 1104.7779
a range +60600 +61200 2053 9012 1104.7677
a range +60600 +61200 2054 9003 1104.7629
a range +61200 +61800 2039 9007 1105.0166
a range +61200 +61800 2040 9004 1104.8526
a range +61200 +61800 2041 9001 1104.7133
a range +61200 +61800 2042 9010 1104.5292
a range +61200 +61800 2052 9012 1104.7779
a range +61200 +61800 2053 9009 1104.7677
a range +61200 +61800 2054 9006 1104.7629
a range +61200 +61800 2055 9003 1104.7669
a range +61800 +62400 2043 9010 1105.0805
a range +61800 +62400 2044 9001 1105.0579
a range +61800 +62400 2045 9004 1105.0339
a range +61800 +62400 2046 9007 1105.0287
a range +61800 +62400 2052 9003 1104.7779
a range +61800 +62400 2053 9006 1104.7677
a range +61800 +62400 2054 9009 1104.7629
a range +61800 +62400 2055 9012 1104.7669
a range +62400 +63000 2043 9001 1105.0805
a range +62400 +63000 2044 9010 1105.0579
a range +62400 +63000 2045 9007 1105.0339
a range +62400 +63000 2046 9004 1105.0287
a range +62400 +63000 2053 9003 1104.7677
a range +62400 +63000 2054 9012 1104.7629
a range +62400 +63000 2055 9009 1104.7669
a range +62400 +63000 2056 9006 1104.7767
a range +63000 +63600 2001 9003 1104.7848
a range +63000 +63600 2002 9012 1104.7819
a range +63000 +63600 2043 9004 1105.0805
a range +63000 +63600 2044 9007 1105.0579
a range +63000 +63600 2045 9010 1105.0339
a range +63000 +63600 2046 9001 1105.0287
a range +63000 +63600 2055 9006 1104.7669
a range +63000 +63600 2056 9009 1104.7767
a range +63600 +64200 2001 9009 1104.7848
a range +63600 +64200 2002 9003 1104.7819
a range +63600 +64200 2003 9006 1104.7741
a range +63600 +64200 2043 9007 1105.0805
a range +63600 +64200 2044 9004 1105.0579
a range +63600 +64200 2045 9001 1105.0339
a range +63600 +64200 2046 9010 1105.0287
a range +63600 +64200 2056 9012 1104.7767
a range +64200 +64800 2001 9012 1104.7848
a range +64200 +64800 2002 9009 1104.7819
a range +64200 +64800 2004 9006 1104.7664
a range +64200 +64800 2047 9010 1105.0452
a range +64200 +64800 2048 9001 1105.0722
a range +64200 +64800 2049 9004 1105.0872
a range +64200 +64800 2050 9007 1105.0638
a range +64200 +64800 2056 9003 1104.7767
a range +64800 +65400 2001 9006 1104.7848
a range +64800 +65400 2003 9009 1104.7741
a range +64800 +65400 2004 9012 1104.7664
a range +64800 +65400 2005 9003 1104.7654
a range +64800 +65400 2047 9001 1105.0452
a range +64800 +65400 2048 9010 1105.0722
a range +64800 +65400 2049 9007 1105.0872
a range +64800 +65400 2050 9004 1105.0638
a range +65400 +66000 2002 9006 1104.7819
a range +65400 +66000 2003 9012 1104.7741
a range +65400 +66000 2004 9009 1104.7664
a range +65400 +66000 2006 9003 1104.7716
a range +65400 +66000 2047 9004 1105.0452
a range +65400 +66000 2048 9007 1105.0722
a range +65400 +66000 2049 9010 1105.0872
a range +65400 +66000 2050 9001 1105.0638
a range +66000 +66600 2003 9003 1104.7741
a range +66000 +66600 2005 9009 1104.7654
a range +66000 +66600 2006 9012 1104.7716
a range +66000 +66600 2007 9006 1104.7803
a range +66000 +66600 2047 9007 1105.0452
a range +66000 +66600 2048 9004 1105.0722
a range +66000 +66600 2049 9001 1105.0872
a range +66000 +66600 2050 9010 1105.0638
a range +66600 +67200 2004 9003 1104.7664
a range +66600 +67200 2005 9012 1104.7654
a range +66600 +67200 2006 9009 1104.7716
a range +66600 +67200 2008 9006 1104.6066
a range +66600 +67200 2051 9010 1105.0538
a range +66600 +67200 2052 9001 1105.0462
a range +66600 +67200 2053 9004 1105.0475
a range +66600 +67200 2054 9007 1105.0561
a range +67200 +67800 2005 9006 1104.7654
a range +67200 +67800 2007 9009 1104.7803
a range +67200 +67800 2008 9012 1104.6066
a range +67200 +67800 2009 9003 1104.5117
a range +67200 +67800 2051 9001 1105.0538
a range +67200 +67800 2052 9010 1105.0462
a range +67200 +67800 2053 9007 1105.0475
a range +67200 +67800 2054 9004 1105.0561
a range +67800 +68400 2006 9006 1104.7716
a range +67800 +68400 2007 9012 1104.7803
a range +67800 +68400 2008 9009 1104.6066
a range +67800 +68400 2010 9003 1104.3923
a range +67800 +68400 2051 9004 1105.0538
a range +67800 +68400 2052 9007 1105.0462
a range +67800 +68400 2053 9010 1105.0475
a range +67800 +68400 2054 9001 1105.0561
a range +68400 +69000 2007 9003 1104.7803
a range +68400 +69000 2009 9009 1104.5117
a range +68400 +69000 2011 9012 1104.7587
a range +68400 +69000 2012 9006 1104.779
a range +68400 +69000 2051 9007 1105.0538
a range +68400 +69000 2052 9004 1105.0462
a range +68400 +69000 2053 9001 1105.0475
a range +68400 +69000 2054 9010 1105.0561
a range +69000 +69600 2001 9007 1105.0488
a range +69000 +69600 2003 9004 1105.0546
a range +69000 +69600 2008 9003 1104.6066
a range +69000 +69600 2009 9012 1104.5117
a range +69000 +69600 2011 9009 1104.7587
a range +69000 +69600 2013 9006 1104.7954
a range +69000 +69600 2055 9010 1105.066
a range +69000 +69600 2056 9001 1105.0695
a range +69600 +70200 2002 9007 1105.0485
a range +69600 +70200 2003 9010 1105.0546
a range +69600 +70200 2009 9006 1104.5117
a range +69600 +70200 2011 9003 1104.7587
a range +69600 +70200 2012 9009 1104.779
a range +69600 +70200 2013 9012 1104.7954
a range +69600 +70200 2055 9001 1105.066
a range +69600 +70200 2056 9004 1105.0695
a range +70200 +70800 2001 9001 1105.0488
a range +70200 +70800 2003 9007 1105.0546
a range +70200 +70800 2010 9009 1104.7515
a range +70200 +70800 2011 9006 1104.7587
a range +70200 +70800 2012 9012 1104.779
a range +70200 +70800 2013 9003 1104.7954
a range +70200 +70800 2055 9004 1105.066
a range +70200 +70800 2056 9010 1105.0695
a range +70800 +71400 2001 9010 1105.0488
a range +70800 +71400 2002 9001 1105.0485
a range +70800 +71400 2004 9004 1105.0634
a range +70800 +71400 2010 9012 1104.7515
a range +70800 +71400 2012 9003 1104.779
a range +70800 +71400 2013 9009 1104.7954
a range +70800 +71400 2014 9006 1104.7261
a range +70800 +71400 2055 9007 1105.066
a range +71400 +72000 2001 9004 1105.0488
a range +71400 +72000 2002 9010 1105.0485
a range +71400 +72000 2003 9001 1105.0546
a range +71400 +72000 2010 9006 1104.7515
a range +71400 +72000 2014 9009 1104.7261
a range +71400 +72000 2015 9012 1104.7563
a range +71400 +72000 2016 9003 1104.7762
a range +71400 +72000 2056 9007 1105.0695
a range +72000 +72600 2002 9004 1105.0485
a range +72000 +72600 2004 9010 1105.0634
a range +72000 +72600 2005 9001 1105.0676
a range +72000 +72600 2006 9007 1105.064
a range +72000 +72600 2014 9012 1104.7261
a range +72000 +72600 2015 9009 1104.7563
a range +72000 +72600 2016 9006 1104.7762
a range +72000 +72600 2017 9003 1104.7946
a range +72600 +73200 2004 9001 1105.0634
a range +72600 +73200 2005 9010 1105.0676
a range +72600 +73200 2006 9004 1105.064
a range +72600 +73200 2007 9007 1105.0556
a range +72600 +73200 2014 9003 1104.7261
a range +72600 +73200 2015 9006 1104.7563
a range +72600 +73200 2016 9009 1104.7762
a range +72600 +73200 2017 9012 1104.7946
a range +73200 +73800 2004 9007 1105.0634
a range +73200 +73800 2005 9004 1105.0676
a range +73200 +73800 2006 9010 1105.064
a range +73200 +73800 2007 9001 1105.0556
a range +73200 +73800 2015 9003 1104.7563
a range +73200 +73800 2016 9012 1104.7762
a range +73200 +73800 2017 9009 1104.7946
a range +73200 +73800 2018 9006 1104.7981
a range +73800 +74400 2005 9007 1105.0676
a range +73800 +74400 2006 9001 1105.064
a range +73800 +74400 2007 9010 1105.0556
a range +73800 +74400 2009 9004 1105.0562
a range +73800 +74400 2017 9006 1104.7946
a range +73800 +74400 2018 9009 1104.7981
a range +73800 +74400 2019 9012 1104.7835
a range +73800 +74400 2020 9003 1104.7628
a range +74400 +75000 2007 9004 1105.0556
a range +74400 +75000 2009 9010 1105.0562
a range +74400 +75000 2010 9001 1105.0747
a range +74400 +75000 2011 9007 1105.0334
a range +74400 +75000 2018 9012 1104.7981
a range +74400 +75000 2019 9009 1104.7835
a range +74400 +75000 2020 9006 1104.7628
a range +74400 +75000 2021 9003 1104.7511
a range +75000 +75600 2009 9001 1105.0562
a range +75000 +75600 2010 9010 1105.0747
a range +75000 +75600 2011 9004 1105.0334
a range +75000 +75600 2012 9007 1104.9158
a range +75000 +75600 2018 9003 1104.7981
a range +75000 +75600 2019 9006 1104.7835
a range +75000 +75600 2020 9009 1104.7628
a range +75000 +75600 2021 9012 1104.7511
a range +75600 +76200 2009 9007 1105.0562
a range +75600 +76200 2010 9004 1105.0747
a range +75600 +76200 2011 9010 1105.0334
a range +75600 +76200 2012 9001 1104.9158
a range +75600 +76200 2019 9003 1104.7835
a range +75600 +76200 2020 9012 1104.7628
a range +75600 +76200 2021 9009 1104.7511
a range +75600 +76200 2022 9006 1104.7663
a range +76200 +76800 2008 9010 1105.0384
a range +76200 +76800 2010 9007 1105.0747
a range +76200 +76800 2011 9001 1105.0334
a range +76200 +76800 2012 9004 1104.9158
a range +76200 +76800 2021 9006 1104.7511
a range +76200 +76800 2022 9009 1104.7663
a range +76200 +76800 2023 9012 1104.7729
a range +76200 +76800 2024 9003 1104.7809
a range +76800 +77400 2008 9001 1105.0384
a range +76800 +77400 2012 9010 1104.9158
a range +76800 +77400 2013 9004 1104.7987
a range +76800 +77400 2015 9007 1105.0813
a range +76800 +77400 2022 9012 1104.7663
a range +76800 +77400 2023 9009 1104.7729
a range +76800 +77400 2024 9006 1104.7809
a range +76800 +77400 2025 9003 1104.7844
a range +77400 +78000 2008 9004 1105.0384
a range +77400 +78000 2013 9010 1104.7987
a range +77400 +78000 2015 9001 1105.0813
a range +77400 +78000 2016 9007 1105.0752
a range +77400 +78000 2022 9003 1104.7663
a range +77400 +78000 2023 9006 1104.7729
a range +77400 +78000 2024 9009 1104.7809
a range +77400 +78000 2025 9012 1104.7844
a range +78000 +78600 2008 9007 1105.0384
a range +78000 +78600 2013 9001 1104.7987
a range +78000 +78600 2015 9010 1105.0813
a range +78000 +78600 2016 9004 1105.0752
a range +78000 +78600 2023 9003 1104.7729
a range +78000 +78600 2024 9012 1104.7809
a range +78000 +78600 2025 9009 1104.7844
a range +78000 +78600 2026 9006 1104.7805
a range +78600 +79200 2013 9002 1104.8187
a range +78600 +79200 2014 9010 1105.0352
a range +78600 +79200 2015 9004 1105.0813
a range +78600 +79200 2016 9011 1105.0824
a range +78600 +79200 2017 9001 1105.0555
a range +78600 +79200 2018 9005 1105.0451
a range +78600 +79200 2019 9007 1105.0348
a range +78600 +79200 2020 9008 1105.0566
a range +79200 +79800 2014 9001 1105.0352
a range +79200 +79800 2016 9010 1105.0752
a range +79200 +79800 2017 9011 1105.0627
a range +79200 +79800 2018 9002 1105.0451
a range +79200 +79800 2019 9004 1105.0348
a range +79200 +79800 2020 9005 1105.0566
a range +79200 +79800 2021 9007 1105.07
a range +79200 +79800 2022 9008 1105.0728
a range +79800 +80400 2014 9004 1105.0352
a range +79800 +80400 2016 9001 1105.0752
a range +79800 +80400 2017 9010 1105.0555
a range +79800 +80400 2018 9011 1105.0451
a range +79800 +80400 2019 9002 1105.042
a range +79800 +80400 2020 9007 1105.0493
a range +79800 +80400 2021 9005 1105.0772
a range +79800 +80400 2023 9008 1105.074
a range +80400 +81000 2014 9007 1105.0352
a range +80400 +81000 2016 9008 1105.0824
a range +80400 +81000 2017 9002 1105.0627
a range +80400 +81000 2018 9010 1105.0379
a range +80400 +81000 2019 9011 1105.042
a range +80400 +81000 2020 9001 1105.0493
a range +80400 +81000 2021 9004 1105.07
a range +80400 +81000 2022 9005 1105.0728
a range +81000 +81600 2014 9008 1105.0424
a range +81000 +81600 2017 9004 1105.0555
a range +81000 +81600 2018 9001 1105.0379
a range +81000 +81600 2019 9010 1105.0348
a range +81000 +81600 2020 9011 1105.0566
a range +81000 +81600 2021 9002 1105.0772
a range +81000 +81600 2022 9007 1105.0655
a range +81000 +81600 2023 9005 1105.074
a range +81600 +82200 2013 9005 1105.0552
a range +81600 +82200 2017 9007 1105.0555
a range +81600 +82200 2018 9004 1105.0379
a range +81600 +82200 2019 9001 1105.0348
a range +81600 +82200 2020 9010 1105.0493
a range +81600 +82200 2021 9011 1105.0772
a range +81600 +82200 2022 9002 1105.0728
a range +81600 +82200 2024 9008 1105.0685
a range +82200 +82800 2013 9007 1105.048
a range +82200 +82800 2017 9005 1105.0627
a range +82200 +82800 2018 9008 1105.0451
a range +82200 +82800 2020 9002 1105.0566
a range +82200 +82800 2021 9010 1105.07
a range +82200 +82800 2022 9011 1105.0728
a range +82200 +82800 2023 9001 1105.0668
a range +82200 +82800 2024 9004 1105.0613
a range +82800 +83400 2018 9007 1105.0379
a range +82800 +83400 2019 9005 1105.042
a range +82800 +83400 2020 9004 1105.0493
a range +82800 +83400 2021 9001 1105.07
a range +82800 +83400 2022 9010 1105.0655
a range +82800 +83400 2023 9011 1105.074
a range +82800 +83400 2024 9002 1105.0685
a range +82800 +83400 2025 9008 1105.06
a range +83400 +84000 2019 9008 1105.042
a range +83400 +84000 2022 9001 1105.0655
a range +83400 +84000 2023 9010 1105.0668
a range +83400 +84000 2024 9011 1105.0685
a range +83400 +84000 2025 9002 1105.06
a range +83400 +84000 2026 9004 1105.0481
a range +83400 +84000 2027 9005 1105.0581
a range +83400 +84000 2028 9007 1105.0582
a range +84000 +84600 2021 9008 1105.0772
a range +84000 +84600 2022 9004 1105.0655
a range +84000 +84600 2023 9002 1105.074
a range +84000 +84600 2024 9010 1105.0613
a range +84000 +84600 2025 9011 1105.06
a range +84000 +84600 2026 9001 1105.0481
a range +84000 +84600 2027 9007 1105.0509
a range +84000 +84600 2028 9005 1105.0654
a range +84600 +85200 2023 9004 1105.0668
a range +84600 +85200 2024 9001 1105.0613
a range +84600 +85200 2025 9010 1105.0528
a range +84600 +85200 2026 9011 1105.0553
a range +84600 +85200 2027 9002 1105.0581
a range +84600 +85200 2028 9008 1105.0654
a range +84600 +85200 2029 9005 1105.0528
a range +84600 +85200 2030 9007 1105.0467
a range +85200 +85800 2023 9007 1105.0668
a range +85200 +85800 2024 9005 1105.0685
a range +85200 +85800 2025 9001 1105.0528
a range +85200 +85800 2026 9010 1105.0481
a range +85200 +85800 2027 9011 1105.0581
a range +85200 +85800 2028 9002 1105.0654
a range +85200 +85800 2029 9004 1105.0455
a range +85200 +85800 2030 9008 1105.054
a range +85800 +86400 2024 9007 1105.0613
a range +85800 +86400 2025 9004 1105.0528
a range +85800 +86400 2026 9002 1105.0553
a range +85800 +86400 2027 9010 1105.0509
a range +85800 +86400 2028 9011 1105.0654
a range +85800 +86400 2029 9001 1105.0455
a range +85800 +86400 2030 9005 1105.054
a range +85800 +86400 2031 9008 1105.063
