a contact +600 +1200 2002 9002 1000
a contact +600 +1200 2013 2037 1000
a contact +600 +1200 2018 2032 1000
a contact +600 +1200 2032 2018 1000
a contact +600 +1200 2037 2013 1000
a contact +600 +1200 9002 2002 1000
a contact +1200 +1800 2018 2031 1000
a contact +1200 +1800 2031 2018 1000
a contact +1800 +2400 2019 2031 1000
a contact +1800 +2400 2031 2019 1000
a contact +3000 +3600 1002 2042 1000
a contact +3000 +3600 2006 2036 1000
a contact +3000 +3600 2036 2006 1000
a contact +3000 +3600 2042 1002 1000
a contact +7200 +7800 2021 2029 1000
a contact +7200 +7800 2029 2021 1000
a contact +8400 +9000 2008 2019 1000
a contact +8400 +9000 2019 2008 1000
a contact +9600 +10200 2024 2033 1000
a contact +9600 +10200 2025 2034 1000
a contact +9600 +10200 2033 2024 1000
a contact +9600 +10200 2034 2025 1000
a contact +11400 +12000 2015 2044 1000
a contact +11400 +12000 2044 2015 1000
a contact +13800 +14400 2003 2037 1000
a contact +13800 +14400 2037 2003 1000
a contact +14400 +15000 2019 2043 1000
a contact +14400 +15000 2043 2019 1000
a contact +15600 +16200 2010 2018 1000
a contact +15600 +16200 2018 2010 1000
a contact +16800 +17400 2005 2042 1000
a contact +16800 +17400 2042 2005 1000
a contact +20400 +21000 1001 2030 1000
a contact +20400 +21000 2030 1001 1000

a range +600 +1200 2002 9002 1102.5618
a range +600 +1200 2013 2037 0.0193
a range +600 +1200 2018 2032 0.034
a range +600 +1200 2032 2018 0.034
a range +600 +1200 2037 2013 0.0193
a range +600 +1200 9002 2002 1102.5618
a range +1200 +1800 2018 2031 0.0244
a range +1200 +1800 2031 2018 0.0244
a range +1800 +2400 2019 2031 0.013
a range +1800 +2400 2031 2019 0.013
a range +3000 +3600 1002 2042 1102.3902
a range +3000 +3600 2006 2036 0.0455
a range +3000 +3600 2036 2006 0.0455
a range +3000 +3600 2042 1002 1102.3902
a range +7200 +7800 2021 2029 0.034
a range +7200 +7800 2029 2021 0.034
a range +8400 +9000 2008 2019 0.0024
a range +8400 +9000 2019 2008 0.0024
a range +9600 +10200 2024 2033 0.0263
a range +9600 +10200 2025 2034 0.0254
a range +9600 +10200 2033 2024 0.0263
a range +9600 +10200 2034 2025 0.0254
a range +11400 +12000 2015 2044 0.044
a range +11400 +12000 2044 2015 0.044
a range +13800 +14400 2003 2037 0.0444
a range +13800 +14400 2037 2003 0.0444
a range +14400 +15000 2019 2043 0.0237
a range +14400 +15000 2043 2019 0.0237
a range +15600 +16200 2010 2018 0.034
a range +15600 +16200 2018 2010 0.034
a range +16800 +17400 2005 2042 0.0457
a range +16800 +17400 2042 2005 0.0457
a range +20400 +21000 1001 2030 1102.6121
a range +20400 +21000 2030 1001 1102.6121
