a contact +0 +500 2001 9001 1000
a contact +0 +500 2003 9001 1000
a contact +0 +500 9001 2001 1000
a contact +0 +500 9001 2003 1000
a contact +500 +1000 1001 2002 1000
a contact +500 +1000 2002 1001 1000
a contact +1000 +1500 2003 9001 1000
a contact +1000 +1500 2004 9001 1000
a contact +1000 +1500 9001 2003 1000
a contact +1000 +1500 9001 2004 1000
a contact +1500 +2000 1001 2002 1000
a contact +1500 +2000 2002 1001 1000
a contact +2000 +2400 2001 9001 1000
a contact +2000 +2400 2004 9001 1000
a contact +2000 +2400 9001 2001 1000
a contact +2000 +2400 9001 2004 1000
a contact +2400 +2900 1001 2002 1000
a contact +2400 +2900 2002 1001 1000
a contact +3200 +3700 1001 2003 1000
a contact +3200 +3700 1001 2004 1000
a contact +3200 +3700 2003 1001 1000
a contact +3200 +3700 2004 1001 1000
a contact +4200 +4300 1001 2002 1000
a contact +4200 +4300 1001 2004 1000
a contact +4200 +4300 2002 1001 1000
a contact +4200 +4300 2004 1001 1000
a contact +5700 +6200 1001 9001 1000
a contact +5700 +6200 9001 1001 1000
a contact +6700 +8300 1001 9001 1000
a contact +6700 +8300 9001 1001 1000
a contact +8800 +10500 1001 9001 1000
a contact +8800 +10500 9001 1001 1000
a contact +11000 +12500 1001 2002 1000
a contact +11000 +12500 2002 1001 1000
a contact +12600 +13100 1001 2002 1000
a contact +12600 +13100 2002 1001 1000
a contact +13600 +14100 1001 2003 1000
a contact +13600 +14100 2003 1001 1000
a contact +14600 +15100 1001 2002 1000
a contact +14600 +15100 2002 1001 1000
a contact +15600 +16100 1001 2002 1000
a contact +15600 +16100 1001 2003 1000
a contact +15600 +16100 2002 1001 1000
a contact +15600 +16100 2003 1001 1000
a contact +17100 +17600 1001 2002 1000
a contact +17100 +17600 1001 2003 1000
a contact +17100 +17600 2002 1001 1000
a contact +17100 +17600 2003 1001 1000
a contact +18200 +18700 1001 2001 1000
a contact +18200 +18700 1001 2004 1000
a contact +18200 +18700 2001 1001 1000
a contact +18200 +18700 2004 1001 1000
a contact +18700 +19000 1001 2002 1000
a contact +18700 +19000 1001 2003 1000
a contact +18700 +19000 2002 1001 1000
a contact +18700 +19000 2003 1001 1000
a contact +19000 +19500 1001 2004 1000
a contact +19000 +19500 2004 1001 1000
a contact +19500 +20000 1001 2002 1000
a contact +19500 +20000 2002 1001 1000
a contact +20000 +21000 1001 2004 1000
a contact +20000 +21000 2004 1001 1000
a contact +21000 +21200 1001 2001 1000
a contact +21000 +21200 2001 1001 1000
a contact +22600 +23100 1001 2003 1000
a contact +22600 +23100 2003 1001 1000
a contact +23100 +23600 1001 2002 1000
a contact +23100 +23600 2002 1001 1000
a contact +19000 +24000 1001 9001 1000
a contact +19000 +24000 9001 1001 1000
a contact +23600 +24500 1001 2004 1000
a contact +23600 +24500 2004 1001 1000
a contact +24500 +25000 1001 2003 1000
a contact +24500 +25000 2003 1001 1000
a contact +24000 +25500 1001 2001 1000
a contact +24000 +25500 2001 1001 1000
a contact +25000 +26000 1001 2002 1000
a contact +25500 +26000 1001 2004 1000
a contact +25000 +26000 2002 1001 1000
a contact +25500 +26000 2004 1001 1000
a contact +26000 +26500 1001 2001 1000
a contact +26000 +26500 1001 2003 1000
a contact +26000 +26500 2001 1001 1000
a contact +26000 +26500 2003 1001 1000
a contact +26500 +27000 1001 2004 1000
a contact +26500 +27000 2004 1001 1000
a contact +27000 +27200 1001 2001 1000
a contact +27000 +27200 2001 1001 1000
a contact +27200 +27700 1001 2004 1000
a contact +27200 +27700 2004 1001 1000
a contact +27700 +28200 1001 2003 1000
a contact +27700 +28200 2003 1001 1000
a contact +26500 +28700 1001 2002 1000
a contact +28200 +28700 1001 2004 1000
a contact +26500 +28700 2002 1001 1000
a contact +28200 +28700 2004 1001 1000
a contact +28700 +29700 1001 2001 1000
a contact +28700 +29700 1001 2003 1000
a contact +28700 +29700 2001 1001 1000
a contact +28700 +29700 2003 1001 1000
a contact +29700 +30200 1001 2002 1000
a contact +29700 +30200 2002 1001 1000
a contact +30200 +31200 1001 2001 1000
a contact +30200 +31200 2001 1001 1000
a contact +31200 +31500 1001 2002 1000
a contact +31200 +31500 2002 1001 1000
a contact +31500 +32000 1001 2001 1000
a contact +31500 +32000 2001 1001 1000
a contact +32000 +32700 1001 2002 1000
a contact +29700 +32700 1001 2004 1000
a contact +32000 +32700 2002 1001 1000
a contact +29700 +32700 2004 1001 1000
a contact +32700 +33200 1001 2003 1000
a contact +32700 +33200 2003 1001 1000
a contact +33200 +33700 1001 2002 1000
a contact +33200 +33700 2002 1001 1000
a contact +33700 +34200 1001 2004 1000
a contact +33700 +34200 2004 1001 1000
a contact +34200 +34700 1001 2002 1000
a contact +34200 +34700 2002 1001 1000
a contact +34700 +36200 1001 2004 1000
a contact +34700 +36200 2004 1001 1000
a contact +36200 +36600 1001 2003 1000
a contact +36200 +36600 2003 1001 1000
a contact +36600 +37100 1001 2004 1000
a contact +36600 +37100 2004 1001 1000
a contact +37100 +37600 1001 2003 1000
a contact +37100 +37600 2003 1001 1000
a contact +37600 +38100 1001 2002 1000
a contact +37600 +38100 2002 1001 1000
a contact +32700 +38400 1001 9001 1000
a contact +32700 +38400 9001 1001 1000
a contact +39500 +40700 1001 2004 1000
a contact +39700 +40700 2003 9001 1000
a contact +39500 +40700 2004 1001 1000
a contact +39700 +40700 9001 2003 1000
a contact +40700 +40900 1001 2003 1000
a contact +40700 +40900 2003 1001 1000
a contact +40700 +40900 2004 9001 1000
a contact +40700 +40900 9001 2004 1000
a contact +39500 +41400 1001 2002 1000
a contact +39500 +41400 2002 1001 1000
a contact +40900 +41400 2003 9001 1000
a contact +40900 +41400 9001 2003 1000
a contact +41400 +41900 1001 2003 1000
a contact +41400 +41900 2002 9001 1000
a contact +41400 +41900 2003 1001 1000
a contact +41400 +41900 9001 2002 1000
a contact +41900 +42400 1001 2002 1000
a contact +41900 +42400 2002 1001 1000
a contact +41900 +42400 2003 9001 1000
a contact +41900 +42400 9001 2003 1000
a contact +42400 +43900 1001 2003 1000
a contact +42400 +43900 2002 9001 1000
a contact +42400 +43900 2003 1001 1000
a contact +42400 +43900 9001 2002 1000
a contact +43900 +44400 1001 2002 1000
a contact +43900 +44400 2002 1001 1000
a contact +43900 +44400 2003 9001 1000
a contact +43900 +44400 9001 2003 1000
a contact +44400 +45400 1001 2003 1000
a contact +44400 +45400 2002 9001 1000
a contact +44400 +45400 2003 1001 1000
a contact +44400 +45400 9001 2002 1000
a contact +45400 +46000 1001 2002 1000
a contact +45400 +46000 2002 1001 1000
a contact +45400 +46000 2003 9001 1000
a contact +45400 +46000 9001 2003 1000
a contact +46000 +47000 1001 2003 1000
a contact +40900 +47000 1001 2004 1000
a contact +46000 +47000 2002 9001 1000
a contact +46000 +47000 2003 1001 1000
a contact +40900 +47000 2004 1001 1000
a contact +46000 +47000 9001 2002 1000
a contact +39700 +47500 2001 9001 1000
a contact +39700 +47500 9001 2001 1000
a contact +47500 +49000 1001 2004 1000
a contact +47500 +49000 2003 9001 1000
a contact +47500 +49000 2004 1001 1000
a contact +47500 +49000 9001 2003 1000
a contact +49000 +49500 1001 2002 1000
a contact +49000 +49500 2001 9001 1000
a contact +49000 +49500 2002 1001 1000
a contact +49000 +49500 9001 2001 1000
a contact +49500 +50000 1001 2001 1000
a contact +49500 +50000 2001 1001 1000
a contact +49500 +50000 2002 9001 1000
a contact +49500 +50000 9001 2002 1000
a contact +50000 +50300 2001 9001 1000
a contact +50000 +50300 9001 2001 1000
a contact +50000 +50800 1001 2004 1000
a contact +50300 +50800 2003 9001 1000
a contact +50000 +50800 2004 1001 1000
a contact +50300 +50800 9001 2003 1000
a contact +50800 +51300 1001 2003 1000
a contact +50800 +51300 2001 9001 1000
a contact +50800 +51300 2003 1001 1000
a contact +50800 +51300 9001 2001 1000
a contact +51300 +51800 1001 2004 1000
a contact +51300 +51800 2003 9001 1000
a contact +51300 +51800 2004 1001 1000
a contact +51300 +51800 9001 2003 1000
a contact +51800 +52300 2001 9001 1000
a contact +51800 +52300 9001 2001 1000
a contact +51800 +52800 1001 2003 1000
a contact +52300 +52800 2002 9001 1000
a contact +51800 +52800 2003 1001 1000
a contact +52300 +52800 9001 2002 1000
a contact +47000 +52900 1001 9001 1000
a contact +47000 +52900 9001 1001 1000
a contact +52900 +53900 1001 2003 1000
a contact +52900 +53900 2002 9001 1000
a contact +52900 +53900 2003 1001 1000
a contact +52900 +53900 9001 2002 1000
a contact +53900 +55000 1001 2002 1000
a contact +52800 +55000 1001 2004 1000
a contact +53900 +55000 2002 1001 1000
a contact +53900 +55000 2003 9001 1000
a contact +52800 +55000 2004 1001 1000
a contact +53900 +55000 9001 2003 1000
a contact +55000 +55400 2002 9001 1000
a contact +55000 +55400 9001 2002 1000
a contact +55400 +55900 2003 9001 1000
a contact +55400 +55900 9001 2003 1000
a contact +55900 +56400 2002 9001 1000
a contact +55900 +56400 9001 2002 1000
a contact +56400 +56500 2003 9001 1000
a contact +56400 +56500 9001 2003 1000
a contact +56500 +57000 1001 2003 1000
a contact +56500 +57000 2002 9001 1000
a contact +56500 +57000 2003 1001 1000
a contact +56500 +57000 9001 2002 1000
a contact +57000 +57500 1001 2002 1000
a contact +57000 +57500 2002 1001 1000
a contact +57000 +57500 2003 9001 1000
a contact +57000 +57500 9001 2003 1000
a contact +57500 +58000 1001 2003 1000
a contact +57500 +58000 2002 9001 1000
a contact +57500 +58000 2003 1001 1000
a contact +57500 +58000 9001 2002 1000
a contact +58000 +58500 1001 2002 1000
a contact +58000 +58500 2002 1001 1000
a contact +58000 +58500 2003 9001 1000
a contact +58000 +58500 9001 2003 1000
a contact +58500 +59500 1001 2003 1000
a contact +58500 +59500 2002 9001 1000
a contact +58500 +59500 2003 1001 1000
a contact +58500 +59500 9001 2002 1000
a contact +59500 +60800 1001 2002 1000
a contact +59500 +60800 2002 1001 1000
a contact +59500 +60800 2003 9001 1000
a contact +59500 +60800 9001 2003 1000
a contact +60800 +61300 1001 2003 1000
a contact +60800 +61300 2002 9001 1000
a contact +60800 +61300 2003 1001 1000
a contact +60800 +61300 9001 2002 1000
a contact +61300 +61400 1001 2002 1000
a contact +61300 +61400 2002 1001 1000
a contact +61300 +61400 2003 9001 1000
a contact +61300 +61400 9001 2003 1000
a contact +56500 +61900 1001 2004 1000
a contact +52800 +61900 2001 9001 1000
a contact +56500 +61900 2004 1001 1000
a contact +52800 +61900 9001 2001 1000
a contact +61900 +62400 2002 9001 1000
a contact +61900 +62400 9001 2002 1000
a contact +61900 +62900 1001 2003 1000
a contact +61900 +62900 2003 1001 1000
a contact +62900 +63400 1001 2004 1000
a contact +62900 +63400 2004 1001 1000
a contact +63400 +63900 1001 2003 1000
a contact +63400 +63900 2003 1001 1000
a contact +63900 +64400 1001 2002 1000
a contact +62400 +64400 2001 9001 1000
a contact +63900 +64400 2002 1001 1000
a contact +62400 +64400 9001 2001 1000
a contact +64400 +64900 2003 9001 1000
a contact +64400 +64900 9001 2003 1000
a contact +64900 +65900 2001 9001 1000
a contact +64900 +65900 9001 2001 1000
a contact +64400 +66400 1001 2004 1000
a contact +65900 +66400 2003 9001 1000
a contact +64400 +66400 2004 1001 1000
a contact +65900 +66400 9001 2003 1000
a contact +66400 +66900 1001 2002 1000
a contact +66400 +66900 2002 1001 1000
a contact +61400 +67300 1001 9001 1000
a contact +61400 +67300 9001 1001 1000
a contact +67300 +68800 1001 2003 1000
a contact +67300 +68800 2002 9001 1000
a contact +67300 +68800 2003 1001 1000
a contact +67300 +68800 9001 2002 1000
a contact +68800 +70200 1001 2002 1000
a contact +68800 +70200 2002 1001 1000
a contact +68800 +70200 2003 9001 1000
a contact +68800 +70200 9001 2003 1000
a contact +70200 +70700 1001 2003 1000
a contact +70200 +70700 2002 9001 1000
a contact +70200 +70700 2003 1001 1000
a contact +70200 +70700 9001 2002 1000
a contact +66900 +71700 1001 2004 1000
a contact +70700 +71700 2003 9001 1000
a contact +66900 +71700 2004 1001 1000
a contact +70700 +71700 9001 2003 1000
a contact +70700 +71900 1001 2002 1000
a contact +71700 +71900 1001 2003 1000
a contact +70700 +71900 2002 1001 1000
a contact +71700 +71900 2003 1001 1000
a contact +71700 +71900 2004 9001 1000
a contact +71700 +71900 9001 2004 1000
a contact +71900 +72900 2002 9001 1000
a contact +71900 +72900 9001 2002 1000
a contact +73400 +74300 1001 2002 1000
a contact +73400 +74300 2002 1001 1000
a contact +72900 +74300 2003 9001 1000
a contact +72900 +74300 9001 2003 1000
a contact +74300 +75300 1001 2003 1000
a contact +74300 +75300 2002 9001 1000
a contact +74300 +75300 2003 1001 1000
a contact +74300 +75300 9001 2002 1000
a contact +75300 +75800 1001 2002 1000
a contact +73400 +75800 1001 2004 1000
a contact +66400 +75800 2001 9001 1000
a contact +75300 +75800 2002 1001 1000
a contact +75300 +75800 2003 9001 1000
a contact +73400 +75800 2004 1001 1000
a contact +66400 +75800 9001 2001 1000
a contact +75300 +75800 9001 2003 1000
a contact +75800 +76300 1001 2003 1000
a contact +75800 +76300 2002 9001 1000
a contact +75800 +76300 2003 1001 1000
a contact +75800 +76300 9001 2002 1000
a contact +76300 +76800 2001 9001 1000
a contact +76300 +76800 9001 2001 1000
a contact +76300 +77300 1001 2004 1000
a contact +76800 +77300 2003 9001 1000
a contact +76300 +77300 2004 1001 1000
a contact +76800 +77300 9001 2003 1000
a contact +77300 +77800 1001 2003 1000
a contact +77300 +77800 2001 9001 1000
a contact +77300 +77800 2003 1001 1000
a contact +77300 +77800 9001 2001 1000
a contact +77800 +78300 2003 9001 1000
a contact +77800 +78300 9001 2003 1000
a contact +78300 +78600 2002 9001 1000
a contact +78300 +78600 9001 2002 1000
a contact +78600 +79100 2001 9001 1000
a contact +78600 +79100 9001 2001 1000
a contact +77800 +80100 1001 2004 1000
a contact +79100 +80100 2003 9001 1000
a contact +77800 +80100 2004 1001 1000
a contact +79100 +80100 9001 2003 1000
a contact +80100 +80600 1001 2003 1000
a contact +80100 +80600 2002 9001 1000
a contact +80100 +80600 2003 1001 1000
a contact +80100 +80600 9001 2002 1000
a contact +80600 +81100 1001 2004 1000
a contact +80600 +81100 2004 1001 1000
a contact +81100 +81600 1001 2003 1000
a contact +75800 +81600 1001 9001 1000
a contact +81100 +81600 2003 1001 1000
a contact +75800 +81600 9001 1001 1000
a contact +81600 +82600 1001 2002 1000
a contact +81600 +82600 2002 1001 1000
a contact +81600 +82600 2003 9001 1000
a contact +81600 +82600 9001 2003 1000
a contact +82600 +83100 1001 2003 1000
a contact +82600 +83100 2002 9001 1000
a contact +82600 +83100 2003 1001 1000
a contact +82600 +83100 9001 2002 1000
a contact +83100 +83600 1001 2002 1000
a contact +83100 +83600 2002 1001 1000
a contact +83100 +83600 2003 9001 1000
a contact +83100 +83600 9001 2003 1000
a contact +83600 +83700 1001 2003 1000
a contact +83600 +83700 2002 9001 1000
a contact +83600 +83700 2003 1001 1000
a contact +83600 +83700 9001 2002 1000
a contact +81600 +86200 1001 2004 1000
a contact +83700 +86200 2003 9001 1000
a contact +81600 +86200 2004 1001 1000
a contact +83700 +86200 9001 2003 1000
a contact +83700 +86400 1001 2002 1000
a contact +86200 +86400 1001 2003 1000
a contact +80600 +86400 2001 9001 1000
a contact +83700 +86400 2002 1001 1000
a contact +86200 +86400 2003 1001 1000
a contact +86200 +86400 2004 9001 1000
a contact +80600 +86400 9001 2001 1000
a contact +86200 +86400 9001 2004 1000

a range +0 +500 2001 9001 1101.8519
a range +0 +500 2003 9001 1101.819
a range +0 +500 9001 2001 1101.8519
a range +0 +500 9001 2003 1101.819
a range +500 +1000 1001 2002 1101.9292
a range +500 +1000 2002 1001 1101.9292
a range +1000 +1500 2003 9001 1101.819
a range +1000 +1500 2004 9001 1101.8518
a range +1000 +1500 9001 2003 1101.819
a range +1000 +1500 9001 2004 1101.8518
a range +1500 +2000 1001 2002 1101.9292
a range +1500 +2000 2002 1001 1101.9292
a range +2000 +2400 2001 9001 1101.8519
a range +2000 +2400 2004 9001 1101.8518
a range +2000 +2400 9001 2001 1101.8519
a range +2000 +2400 9001 2004 1101.8518
a range +2400 +2900 1001 2002 1101.9292
a range +2400 +2900 2002 1001 1101.9292
a range +3200 +3700 1001 2003 1101.9294
a range +3200 +3700 1001 2004 1101.9663
a range +3200 +3700 2003 1001 1101.9294
a range +3200 +3700 2004 1001 1101.9663
a range +4200 +4300 1001 2002 1101.9292
a range +4200 +4300 1001 2004 1101.9663
a range +4200 +4300 2002 1001 1101.9292
a range +4200 +4300 2004 1001 1101.9663
a range +5700 +6200 1001 9001 0.0464
a range +5700 +6200 9001 1001 0.0464
a range +6700 +8300 1001 9001 0.0464
a range +6700 +8300 9001 1001 0.0464
a range +8800 +10500 1001 9001 0.0464
a range +8800 +10500 9001 1001 0.0464
a range +11000 +12500 1001 2002 1102.5843
a range +11000 +12500 2002 1001 1102.5843
a range +12600 +13100 1001 2002 1102.5843
a range +12600 +13100 2002 1001 1102.5843
a range +13600 +14100 1001 2003 1102.5844
a range +13600 +14100 2003 1001 1102.5844
a range +14600 +15100 1001 2002 1102.5843
a range +14600 +15100 2002 1001 1102.5843
a range +15600 +16100 1001 2002 1102.5843
a range +15600 +16100 1001 2003 1102.5844
a range +15600 +16100 2002 1001 1102.5843
a range +15600 +16100 2003 1001 1102.5844
a range +17100 +17600 1001 2002 1102.5843
a range +17100 +17600 1001 2003 1102.5844
a range +17100 +17600 2002 1001 1102.5843
a range +17100 +17600 2003 1001 1102.5844
a range +18200 +18700 1001 2001 1102.6169
a range +18200 +18700 1001 2004 1102.6168
a range +18200 +18700 2001 1001 1102.6169
a range +18200 +18700 2004 1001 1102.6168
a range +18700 +19000 1001 2002 1102.5843
a range +18700 +19000 1001 2003 1102.5844
a range +18700 +19000 2002 1001 1102.5843
a range +18700 +19000 2003 1001 1102.5844
a range +19000 +19500 1001 2004 1102.6168
a range +19000 +19500 2004 1001 1102.6168
a range +19500 +20000 1001 2002 1102.5843
a range +19500 +20000 2002 1001 1102.5843
a range +20000 +21000 1001 2004 1102.6168
a range +20000 +21000 2004 1001 1102.6168
a range +21000 +21200 1001 2001 1102.6169
a range +21000 +21200 2001 1001 1102.6169
a range +22600 +23100 1001 2003 1103.2455
a range +22600 +23100 2003 1001 1103.2455
a range +23100 +23600 1001 2002 1103.2455
a range +23100 +23600 2002 1001 1103.2455
a range +19000 +24000 1001 9001 0.0466
a range +19000 +24000 9001 1001 0.0466
a range +23600 +24500 1001 2004 1103.26
a range +23600 +24500 2004 1001 1103.26
a range +24500 +25000 1001 2003 1103.2455
a range +24500 +25000 2003 1001 1103.2455
a range +24000 +25500 1001 2001 1103.26
a range +24000 +25500 2001 1001 1103.26
a range +25000 +26000 1001 2002 1103.2455
a range +25500 +26000 1001 2004 1103.26
a range +25000 +26000 2002 1001 1103.2455
a range +25500 +26000 2004 1001 1103.26
a range +26000 +26500 1001 2001 1103.26
a range +26000 +26500 1001 2003 1103.2455
a range +26000 +26500 2001 1001 1103.26
a range +26000 +26500 2003 1001 1103.2455
a range +26500 +27000 1001 2004 1103.26
a range +26500 +27000 2004 1001 1103.26
a range +27000 +27200 1001 2001 1103.26
a range +27000 +27200 2001 1001 1103.26
a range +27200 +27700 1001 2004 1103.26
a range +27200 +27700 2004 1001 1103.26
a range +27700 +28200 1001 2003 1103.2455
a range +27700 +28200 2003 1001 1103.2455
a range +26500 +28700 1001 2002 1103.2455
a range +28200 +28700 1001 2004 1103.26
a range +26500 +28700 2002 1001 1103.2455
a range +28200 +28700 2004 1001 1103.26
a range +28700 +29700 1001 2001 1103.26
a range +28700 +29700 1001 2003 1103.2455
a range +28700 +29700 2001 1001 1103.26
a range +28700 +29700 2003 1001 1103.2455
a range +29700 +30200 1001 2002 1103.2455
a range +29700 +30200 2002 1001 1103.2455
a range +30200 +31200 1001 2001 1103.26
a range +30200 +31200 2001 1001 1103.26
a range +31200 +31500 1001 2002 1103.2455
a range +31200 +31500 2002 1001 1103.2455
a range +31500 +32000 1001 2001 1103.26
a range +31500 +32000 2001 1001 1103.26
a range +32000 +32700 1001 2002 1103.2455
a range +29700 +32700 1001 2004 1103.26
a range +32000 +32700 2002 1001 1103.2455
a range +29700 +32700 2004 1001 1103.26
a range +32700 +33200 1001 2003 1103.2455
a range +32700 +33200 2003 1001 1103.2455
a range +33200 +33700 1001 2002 1103.2455
a range +33200 +33700 2002 1001 1103.2455
a range +33700 +34200 1001 2004 1103.26
a range +33700 +34200 2004 1001 1103.26
a range +34200 +34700 1001 2002 1103.2455
a range +34200 +34700 2002 1001 1103.2455
a range +34700 +36200 1001 2004 1103.26
a range +34700 +36200 2004 1001 1103.26
a range +36200 +36600 1001 2003 1103.2455
a range +36200 +36600 2003 1001 1103.2455
a range +36600 +37100 1001 2004 1103.26
a range +36600 +37100 2004 1001 1103.26
a range +37100 +37600 1001 2003 1103.2455
a range +37100 +37600 2003 1001 1103.2455
a range +37600 +38100 1001 2002 1103.2455
a range +37600 +38100 2002 1001 1103.2455
a range +32700 +38400 1001 9001 0.0466
a range +32700 +38400 9001 1001 0.0466
a range +39500 +40700 1001 2004 1103.8996
a range +39700 +40700 2003 9001 1105.0856
a range +39500 +40700 2004 1001 1103.8996
a range +39700 +40700 9001 2003 1105.0856
a range +40700 +40900 1001 2003 1103.9089
a range +40700 +40900 2003 1001 1103.9089
a range +40700 +40900 2004 9001 1105.0595
a range +40700 +40900 9001 2004 1105.0595
a range +39500 +41400 1001 2002 1103.9091
a range +39500 +41400 2002 1001 1103.9091
a range +40900 +41400 2003 9001 1105.0856
a range +40900 +41400 9001 2003 1105.0856
a range +41400 +41900 1001 2003 1103.9089
a range +41400 +41900 2002 9001 1105.0857
a range +41400 +41900 2003 1001 1103.9089
a range +41400 +41900 9001 2002 1105.0857
a range +41900 +42400 1001 2002 1103.9091
a range +41900 +42400 2002 1001 1103.9091
a range +41900 +42400 2003 9001 1105.0856
a range +41900 +42400 9001 2003 1105.0856
a range +42400 +43900 1001 2003 1103.9089
a range +42400 +43900 2002 9001 1105.0857
a range +42400 +43900 2003 1001 1103.9089
a range +42400 +43900 9001 2002 1105.0857
a range +43900 +44400 1001 2002 1103.9091
a range +43900 +44400 2002 1001 1103.9091
a range +43900 +44400 2003 9001 1105.0856
a range +43900 +44400 9001 2003 1105.0856
a range +44400 +45400 1001 2003 1103.9089
a range +44400 +45400 2002 9001 1105.0857
a range +44400 +45400 2003 1001 1103.9089
a range +44400 +45400 9001 2002 1105.0857
a range +45400 +46000 1001 2002 1103.9091
a range +45400 +46000 2002 1001 1103.9091
a range +45400 +46000 2003 9001 1105.0856
a range +45400 +46000 9001 2003 1105.0856
a range +46000 +47000 1001 2003 1103.9089
a range +40900 +47000 1001 2004 1103.8996
a range +46000 +47000 2002 9001 1105.0857
a range +46000 +47000 2003 1001 1103.9089
a range +40900 +47000 2004 1001 1103.8996
a range +46000 +47000 9001 2002 1105.0857
a range +39700 +47500 2001 9001 1105.0594
a range +39700 +47500 9001 2001 1105.0594
a range +47500 +49000 1001 2004 1103.8996
a range +47500 +49000 2003 9001 1105.0856
a range +47500 +49000 2004 1001 1103.8996
a range +47500 +49000 9001 2003 1105.0856
a range +49000 +49500 1001 2002 1103.9091
a range +49000 +49500 2001 9001 1105.0594
a range +49000 +49500 2002 1001 1103.9091
a range +49000 +49500 9001 2001 1105.0594
a range +49500 +50000 1001 2001 1103.8994
a range +49500 +50000 2001 1001 1103.8994
a range +49500 +50000 2002 9001 1105.0857
a range +49500 +50000 9001 2002 1105.0857
a range +50000 +50300 2001 9001 1105.0594
a range +50000 +50300 9001 2001 1105.0594
a range +50000 +50800 1001 2004 1103.8996
a range +50300 +50800 2003 9001 1105.0856
a range +50000 +50800 2004 1001 1103.8996
a range +50300 +50800 9001 2003 1105.0856
a range +50800 +51300 1001 2003 1103.9089
a range +50800 +51300 2001 9001 1105.0594
a range +50800 +51300 2003 1001 1103.9089
a range +50800 +51300 9001 2001 1105.0594
a range +51300 +51800 1001 2004 1103.8996
a range +51300 +51800 2003 9001 1105.0856
a range +51300 +51800 2004 1001 1103.8996
a range +51300 +51800 9001 2003 1105.0856
a range +51800 +52300 2001 9001 1105.0594
a range +51800 +52300 9001 2001 1105.0594
a range +51800 +52800 1001 2003 1103.9089
a range +52300 +52800 2002 9001 1105.0857
a range +51800 +52800 2003 1001 1103.9089
a range +52300 +52800 9001 2002 1105.0857
a range +47000 +52900 1001 9001 0.0468
a range +47000 +52900 9001 1001 0.0468
a range +52900 +53900 1001 2003 1103.9089
a range +52900 +53900 2002 9001 1105.0857
a range +52900 +53900 2003 1001 1103.9089
a range +52900 +53900 9001 2002 1105.0857
a range +53900 +55000 1001 2002 1103.9091
a range +52800 +55000 1001 2004 1103.8996
a range +53900 +55000 2002 1001 1103.9091
a range +53900 +55000 2003 9001 1105.0856
a range +52800 +55000 2004 1001 1103.8996
a range +53900 +55000 9001 2003 1105.0856
a range +55000 +55400 2002 9001 1105.0857
a range +55000 +55400 9001 2002 1105.0857
a range +55400 +55900 2003 9001 1105.0856
a range +55400 +55900 9001 2003 1105.0856
a range +55900 +56400 2002 9001 1105.0857
a range +55900 +56400 9001 2002 1105.0857
a range +56400 +56500 2003 9001 1105.0856
a range +56400 +56500 9001 2003 1105.0856
a range +56500 +57000 1001 2003 1104.5697
a range +56500 +57000 2002 9001 1105.0857
a range +56500 +57000 2003 1001 1104.5697
a range +56500 +57000 9001 2002 1105.0857
a range +57000 +57500 1001 2002 1104.57
a range +57000 +57500 2002 1001 1104.57
a range +57000 +57500 2003 9001 1105.0856
a range +57000 +57500 9001 2003 1105.0856
a range +57500 +58000 1001 2003 1104.5697
a range +57500 +58000 2002 9001 1105.0857
a range +57500 +58000 2003 1001 1104.5697
a range +57500 +58000 9001 2002 1105.0857
a range +58000 +58500 1001 2002 1104.57
a range +58000 +58500 2002 1001 1104.57
a range +58000 +58500 2003 9001 1105.0856
a range +58000 +58500 9001 2003 1105.0856
a range +58500 +59500 1001 2003 1104.5697
a range +58500 +59500 2002 9001 1105.0857
a range +58500 +59500 2003 1001 1104.5697
a range +58500 +59500 9001 2002 1105.0857
a range +59500 +60800 1001 2002 1104.57
a range +59500 +60800 2002 1001 1104.57
a range +59500 +60800 2003 9001 1105.0856
a range +59500 +60800 9001 2003 1105.0856
a range +60800 +61300 1001 2003 1104.5697
a range +60800 +61300 2002 9001 1105.0857
a range +60800 +61300 2003 1001 1104.5697
a range +60800 +61300 9001 2002 1105.0857
a range +61300 +61400 1001 2002 1104.57
a range +61300 +61400 2002 1001 1104.57
a range +61300 +61400 2003 9001 1105.0856
a range +61300 +61400 9001 2003 1105.0856
a range +56500 +61900 1001 2004 1104.5405
a range +52800 +61900 2001 9001 1105.0594
a range +56500 +61900 2004 1001 1104.5405
a range +52800 +61900 9001 2001 1105.0594
a range +61900 +62400 2002 9001 1105.0857
a range +61900 +62400 9001 2002 1105.0857
a range +61900 +62900 1001 2003 1104.5697
a range +61900 +62900 2003 1001 1104.5697
a range +62900 +63400 1001 2004 1104.5405
a range +62900 +63400 2004 1001 1104.5405
a range +63400 +63900 1001 2003 1104.5697
a range +63400 +63900 2003 1001 1104.5697
a range +63900 +64400 1001 2002 1104.57
a range +62400 +64400 2001 9001 1105.0594
a range +63900 +64400 2002 1001 1104.57
a range +62400 +64400 9001 2001 1105.0594
a range +64400 +64900 2003 9001 1105.0856
a range +64400 +64900 9001 2003 1105.0856
a range +64900 +65900 2001 9001 1105.0594
a range +64900 +65900 9001 2001 1105.0594
a range +64400 +66400 1001 2004 1104.5405
a range +65900 +66400 2003 9001 1105.0856
a range +64400 +66400 2004 1001 1104.5405
a range +65900 +66400 9001 2003 1105.0856
a range +66400 +66900 1001 2002 1104.57
a range +66400 +66900 2002 1001 1104.57
a range +61400 +67300 1001 9001 0.0472
a range +61400 +67300 9001 1001 0.0472
a range +67300 +68800 1001 2003 1104.5697
a range +67300 +68800 2002 9001 1105.0857
a range +67300 +68800 2003 1001 1104.5697
a range +67300 +68800 9001 2002 1105.0857
a range +68800 +70200 1001 2002 1104.57
a range +68800 +70200 2002 1001 1104.57
a range +68800 +70200 2003 9001 1105.0856
a range +68800 +70200 9001 2003 1105.0856
a range +70200 +70700 1001 2003 1104.5697
a range +70200 +70700 2002 9001 1105.0857
a range +70200 +70700 2003 1001 1104.5697
a range +70200 +70700 9001 2002 1105.0857
a range +66900 +71700 1001 2004 1104.5405
a range +70700 +71700 2003 9001 1105.0856
a range +66900 +71700 2004 1001 1104.5405
a range +70700 +71700 9001 2003 1105.0856
a range +70700 +71900 1001 2002 1104.57
a range +71700 +71900 1001 2003 1104.5697
a range +70700 +71900 2002 1001 1104.57
a range +71700 +71900 2003 1001 1104.5697
a range +71700 +71900 2004 9001 1105.0595
a range +71700 +71900 9001 2004 1105.0595
a range +71900 +72900 2002 9001 1105.0857
a range +71900 +72900 9001 2002 1105.0857
a range +73400 +74300 1001 2002 1105.1012
a range +73400 +74300 2002 1001 1105.1012
a range +72900 +74300 2003 9001 1105.0856
a range +72900 +74300 9001 2003 1105.0856
a range +74300 +75300 1001 2003 1105.1011
a range +74300 +75300 2002 9001 1105.0857
a range +74300 +75300 2003 1001 1105.1011
a range +74300 +75300 9001 2002 1105.0857
a range +75300 +75800 1001 2002 1105.1012
a range +73400 +75800 1001 2004 1105.0749
a range +66400 +75800 2001 9001 1105.0594
a range +75300 +75800 2002 1001 1105.1012
a range +75300 +75800 2003 9001 1105.0856
a range +73400 +75800 2004 1001 1105.0749
a range +66400 +75800 9001 2001 1105.0594
a range +75300 +75800 9001 2003 1105.0856
a range +75800 +76300 1001 2003 1105.1011
a range +75800 +76300 2002 9001 1105.0857
a range +75800 +76300 2003 1001 1105.1011
a range +75800 +76300 9001 2002 1105.0857
a range +76300 +76800 2001 9001 1105.0594
a range +76300 +76800 9001 2001 1105.0594
a range +76300 +77300 1001 2004 1105.0749
a range +76800 +77300 2003 9001 1105.0856
a range +76300 +77300 2004 1001 1105.0749
a range +76800 +77300 9001 2003 1105.0856
a range +77300 +77800 1001 2003 1105.1011
a range +77300 +77800 2001 9001 1105.0594
a range +77300 +77800 2003 1001 1105.1011
a range +77300 +77800 9001 2001 1105.0594
a range +77800 +78300 2003 9001 1105.0856
a range +77800 +78300 9001 2003 1105.0856
a range +78300 +78600 2002 9001 1105.0857
a range +78300 +78600 9001 2002 1105.0857
a range +78600 +79100 2001 9001 1105.0594
a range +78600 +79100 9001 2001 1105.0594
a range +77800 +80100 1001 2004 1105.0749
a range +79100 +80100 2003 9001 1105.0856
a range +77800 +80100 2004 1001 1105.0749
a range +79100 +80100 9001 2003 1105.0856
a range +80100 +80600 1001 2003 1105.1011
a range +80100 +80600 2002 9001 1105.0857
a range +80100 +80600 2003 1001 1105.1011
a range +80100 +80600 9001 2002 1105.0857
a range +80600 +81100 1001 2004 1105.0749
a range +80600 +81100 2004 1001 1105.0749
a range +81100 +81600 1001 2003 1105.1011
a range +75800 +81600 1001 9001 0.0466
a range +81100 +81600 2003 1001 1105.1011
a range +75800 +81600 9001 1001 0.0466
a range +81600 +82600 1001 2002 1105.1012
a range +81600 +82600 2002 1001 1105.1012
a range +81600 +82600 2003 9001 1105.0856
a range +81600 +82600 9001 2003 1105.0856
a range +82600 +83100 1001 2003 1105.1011
a range +82600 +83100 2002 9001 1105.0857
a range +82600 +83100 2003 1001 1105.1011
a range +82600 +83100 9001 2002 1105.0857
a range +83100 +83600 1001 2002 1105.1012
a range +83100 +83600 2002 1001 1105.1012
a range +83100 +83600 2003 9001 1105.0856
a range +83100 +83600 9001 2003 1105.0856
a range +83600 +83700 1001 2003 1105.1011
a range +83600 +83700 2002 9001 1105.0857
a range +83600 +83700 2003 1001 1105.1011
a range +83600 +83700 9001 2002 1105.0857
a range +81600 +86200 1001 2004 1105.0749
a range +83700 +86200 2003 9001 1105.0856
a range +81600 +86200 2004 1001 1105.0749
a range +83700 +86200 9001 2003 1105.0856
a range +83700 +86400 1001 2002 1105.1012
a range +86200 +86400 1001 2003 1105.1011
a range +80600 +86400 2001 9001 1105.0594
a range +83700 +86400 2002 1001 1105.1012
a range +86200 +86400 2003 1001 1105.1011
a range +86200 +86400 2004 9001 1105.0595
a range +80600 +86400 9001 2001 1105.0594
a range +86200 +86400 9001 2004 1105.0595
