a contact +500 +1000 2010 2015 1000
a contact +500 +1000 2015 2010 1000
a contact +1000 +1500 2011 2015 1000
a contact +1000 +1500 2015 2011 1000
a contact +1900 +2100 2012 9001 1000
a contact +1900 +2100 9001 2012 1000
a contact +2600 +3100 1001 2007 1000
a contact +2600 +3100 2007 1001 1000
a contact +3100 +3200 2004 2016 1000
a contact +3100 +3200 2016 2004 1000
a contact +3200 +3600 2002 2016 1000
a contact +3200 +3600 2016 2002 1000
a contact +4200 +4700 2008 2015 1000
a contact +4200 +4700 2015 2008 1000
a contact +4900 +5200 2007 2011 1000
a contact +4900 +5200 2011 2007 1000
a contact +5200 +5700 2011 9002 1000
a contact +5200 +5700 9002 2011 1000
a contact +5700 +6200 2005 2013 1000
a contact +5700 +6200 2013 2005 1000
a contact +6200 +6300 2008 2013 1000
a contact +6200 +6300 2013 2008 1000
a contact +6300 +6600 2005 2008 1000
a contact +6300 +6600 2008 2005 1000
a contact +6600 +6800 2004 2016 1000
a contact +6600 +6800 2016 2004 1000
a contact +6800 +7200 2003 2007 1000
a contact +6800 +7200 2007 2003 1000
a contact +7200 +7300 2007 2011 1000
a contact +7200 +7300 2011 2007 1000
a contact +7300 +7800 2004 2013 1000
a contact +7300 +7800 2005 2014 1000
a contact +7300 +7800 2013 2004 1000
a contact +7300 +7800 2014 2005 1000
a contact +8800 +8900 2006 2013 1000
a contact +8800 +8900 2013 2006 1000
a contact +9400 +9600 2007 2010 1000
a contact +9400 +9600 2010 2007 1000
a contact +10000 +10500 2010 2013 1000
a contact +10000 +10500 2013 2010 1000
a contact +11300 +11600 2001 2009 1000
a contact +11300 +11600 2002 2010 1000
a contact +11300 +11600 2009 2001 1000
a contact +11300 +11600 2010 2002 1000
a contact +11600 +12000 2001 2006 1000
a contact +11600 +12000 2004 9001 1000
a contact +11600 +12000 2006 2001 1000
a contact +11600 +12000 2010 2015 1000
a contact +11600 +12000 2015 2010 1000
a contact +11600 +12000 9001 2004 1000
a contact +12500 +12600 2004 2014 1000
a contact +12500 +12600 2014 2004 1000
a contact +13600 +14100 1001 2003 1000
a contact +13600 +14100 2003 1001 1000
a contact +14600 +15100 2007 2016 1000
a contact +14600 +15100 2008 9001 1000
a contact +14600 +15100 2016 2007 1000
a contact +14600 +15100 9001 2008 1000
a contact +15100 +15300 2003 2007 1000
a contact +15100 +15300 2007 2003 1000
a contact +16000 +16300 1001 2011 1000
a contact +16000 +16300 2011 1001 1000
a contact +16300 +16800 2005 2014 1000
a contact +16300 +16800 2014 2005 1000
a contact +16800 +17300 2003 2013 1000
a contact +16800 +17300 2013 2003 1000
a contact +17300 +17700 1001 2002 1000
a contact +17300 +17700 2002 1001 1000
a contact +17300 +17700 2004 2010 1000
a contact +17300 +17700 2010 2004 1000
a contact +19000 +19400 2007 2012 1000
a contact +19000 +19400 2012 2007 1000
a contact +19400 +19900 2001 2016 1000
a contact +19400 +19900 2016 2001 1000
a contact +20800 +21000 2004 2016 1000
a contact +20800 +21000 2016 2004 1000
a contact +21500 +22000 2004 2014 1000
a contact +21500 +22000 2014 2004 1000
a contact +22000 +22400 2002 2013 1000
a contact +22000 +22400 2013 2002 1000
a contact +23000 +23200 2003 2010 1000
a contact +23000 +23200 2010 2003 1000
a contact +23600 +23700 2005 2014 1000
a contact +23600 +23700 2014 2005 1000
a contact +23700 +24100 2005 2012 1000
a contact +23700 +24100 2012 2005 1000
a contact +24100 +24600 2005 2010 1000
a contact +24100 +24600 2010 2005 1000
a contact +25100 +25200 2006 2014 1000
a contact +25100 +25200 2014 2006 1000
a contact +25500 +25600 2004 2013 1000
a contact +25500 +25600 2006 2009 1000
a contact +25500 +25600 2009 2006 1000
a contact +25500 +25600 2013 2004 1000
a contact +25600 +25700 2005 2009 1000
a contact +25600 +25700 2009 2005 1000
a contact +25700 +26000 2006 2014 1000
a contact +25700 +26000 2014 2006 1000
a contact +26800 +27200 2001 2011 1000
a contact +26800 +27200 2002 2012 1000
a contact +26800 +27200 2011 2001 1000
a contact +26800 +27200 2012 2002 1000
a contact +27700 +28200 2009 2012 1000
a contact +27700 +28200 2012 2009 1000
a contact +28200 +28300 2005 2016 1000
a contact +28200 +28300 2016 2005 1000
a contact +28800 +29300 2002 2006 1000
a contact +28800 +29300 2006 2002 1000
a contact +30400 +30500 2002 2009 1000
a contact +30400 +30500 2003 2010 1000
a contact +30400 +30500 2006 2014 1000
a contact +30400 +30500 2009 2002 1000
a contact +30400 +30500 2010 2003 1000
a contact +30400 +30500 2014 2006 1000
a contact +30500 +30900 2012 9003 1000
a contact +30500 +30900 9003 2012 1000
a contact +30900 +31400 1001 2009 1000
a contact +30900 +31400 2005 9003 1000
a contact +30900 +31400 2009 1001 1000
a contact +30900 +31400 9003 2005 1000
a contact +31400 +31500 2004 2011 1000
a contact +31400 +31500 2011 2004 1000
a contact +31900 +32400 2005 2010 1000
a contact +31900 +32400 2010 2005 1000
a contact +32400 +32900 2001 2012 1000
a contact +32400 +32900 2012 2001 1000
a contact +33000 +33200 2001 2006 1000
a contact +33000 +33200 2006 2001 1000
a contact +33200 +33500 2003 2014 1000
a contact +33200 +33500 2014 2003 1000
a contact +34500 +34600 2002 2007 1000
a contact +34500 +34600 2003 2008 1000
a contact +34500 +34600 2007 2002 1000
a contact +34500 +34600 2008 2003 1000
a contact +36100 +36200 2003 2013 1000
a contact +36100 +36200 2013 2003 1000
a contact +37100 +37200 2012 9003 1000
a contact +37100 +37200 9003 2012 1000
a contact +37200 +37700 1001 2014 1000
a contact +37200 +37700 2014 1001 1000
a contact +37900 +38200 2004 2015 1000
a contact +37900 +38200 2005 2016 1000
a contact +37900 +38200 2015 2004 1000
a contact +37900 +38200 2016 2005 1000
a contact +39200 +39300 1001 2003 1000
a contact +39200 +39300 2003 1001 1000
a contact +39200 +39300 2007 2010 1000
a contact +39200 +39300 2010 2007 1000
a contact +39300 +39600 1001 2009 1000
a contact +39300 +39600 2001 2010 1000
a contact +39300 +39600 2005 2012 1000
a contact +39300 +39600 2009 1001 1000
a contact +39300 +39600 2010 2001 1000
a contact +39300 +39600 2012 2005 1000
a contact +39800 +40300 2011 2016 1000
a contact +39800 +40300 2016 2011 1000
a contact +40300 +40800 1001 2006 1000
a contact +40300 +40800 2006 1001 1000
a contact +41800 +41900 2002 2005 1000
a contact +41800 +41900 2005 2002 1000
a contact +42200 +42400 2004 2008 1000
a contact +42200 +42400 2008 2004 1000
a contact +44500 +45000 2003 2007 1000
a contact +44500 +45000 2007 2003 1000
a contact +45000 +45500 2003 2015 1000
a contact +45000 +45500 2015 2003 1000
a contact +45600 +46000 2006 2016 1000
a contact +45600 +46000 2016 2006 1000
a contact +46500 +46600 2008 2013 1000
a contact +46500 +46600 2013 2008 1000
a contact +46600 +46700 2003 2012 1000
a contact +46600 +46700 2012 2003 1000
a contact +46700 +46800 2005 2014 1000
a contact +46700 +46800 2014 2005 1000
a contact +46800 +46900 2002 2011 1000
a contact +46800 +46900 2011 2002 1000
a contact +46900 +47100 2003 2011 1000
a contact +46900 +47100 2011 2003 1000
a contact +47100 +47300 1001 9002 1000
a contact +47100 +47300 9002 1001 1000
a contact +47600 +48100 1001 9002 1000
a contact +47600 +48100 2003 2014 1000
a contact +47600 +48100 2014 2003 1000
a contact +47600 +48100 9002 1001 1000
a contact +48600 +48800 2001 9003 1000
a contact +48600 +48800 2008 2013 1000
a contact +48600 +48800 2013 2008 1000
a contact +48600 +48800 9003 2001 1000
a contact +48600 +48900 1001 9002 1000
a contact +48800 +48900 2004 2013 1000
a contact +48800 +48900 2009 2016 1000
a contact +48800 +48900 2013 2004 1000
a contact +48800 +48900 2016 2009 1000
a contact +48600 +48900 9002 1001 1000
a contact +48900 +49000 2002 2015 1000
a contact +48900 +49000 2015 2002 1000
a contact +49000 +49300 2003 2012 1000
a contact +49000 +49300 2008 2015 1000
a contact +49000 +49300 2009 2016 1000
a contact +49000 +49300 2012 2003 1000
a contact +49000 +49300 2015 2008 1000
a contact +49000 +49300 2016 2009 1000
a contact +49300 +49500 2003 2011 1000
a contact +49300 +49500 2011 2003 1000
a contact +51200 +51300 2003 2008 1000
a contact +51200 +51300 2008 2003 1000
a contact +51900 +52000 2008 2013 1000
a contact +51900 +52000 2013 2008 1000
a contact +52000 +52300 2003 2007 1000
a contact +52000 +52300 2007 2003 1000
a contact +52800 +53300 1001 2016 1000
a contact +52800 +53300 2016 1001 1000
a contact +53300 +53500 2003 2011 1000
a contact +53300 +53500 2011 2003 1000
a contact +53500 +53800 2001 2014 1000
a contact +53500 +53800 2002 2015 1000
a contact +53500 +53800 2014 2001 1000
a contact +53500 +53800 2015 2002 1000
a contact +53800 +54000 2013 2016 1000
a contact +53800 +54000 2016 2013 1000
a contact +54000 +54500 2009 2016 1000
a contact +54000 +54500 2016 2009 1000
a contact +54600 +54700 2009 2014 1000
a contact +54600 +54700 2010 2015 1000
a contact +54600 +54700 2014 2009 1000
a contact +54600 +54700 2015 2010 1000
a contact +56700 +57000 2003 2014 1000
a contact +56700 +57000 2014 2003 1000
a contact +57500 +58000 2005 2009 1000
a contact +57500 +58000 2009 2005 1000
a contact +58000 +58200 2002 2011 1000
a contact +58000 +58200 2006 2013 1000
a contact +58000 +58200 2011 2002 1000
a contact +58000 +58200 2013 2006 1000
a contact +59500 +59800 2010 2013 1000
a contact +59500 +59800 2013 2010 1000
a contact +60700 +61200 1001 2016 1000
a contact +60700 +61200 2016 1001 1000
a contact +61400 +61700 2001 2010 1000
a contact +61400 +61700 2003 2014 1000
a contact +61400 +61700 2010 2001 1000
a contact +61400 +61700 2014 2003 1000
a contact +63200 +63400 2003 2015 1000
a contact +63200 +63400 2015 2003 1000
a contact +66200 +66400 2001 2011 1000
a contact +66200 +66400 2011 2001 1000
a contact +66900 +67400 2003 2014 1000
a contact +66900 +67400 2004 2015 1000
a contact +66900 +67400 2005 2016 1000
a contact +66900 +67400 2014 2003 1000
a contact +66900 +67400 2015 2004 1000
a contact +66900 +67400 2016 2005 1000
a contact +67900 +68100 2007 2010 1000
a contact +67900 +68100 2010 2007 1000
a contact +68100 +68600 2004 2009 1000
a contact +68100 +68600 2009 2004 1000
a contact +68600 +69100 2003 2010 1000
a contact +68600 +69100 2010 2003 1000
a contact +69200 +69600 2002 2012 1000
a contact +69100 +69600 2009 2014 1000
a contact +69200 +69600 2012 2002 1000
a contact +69100 +69600 2014 2009 1000
a contact +69600 +70100 2007 2014 1000
a contact +69600 +70100 2014 2007 1000
a contact +70100 +70200 2006 2011 1000
a contact +70100 +70200 2007 2012 1000
a contact +70100 +70200 2011 2006 1000
a contact +70100 +70200 2012 2007 1000
a contact +70700 +70900 2001 9003 1000
a contact +70700 +70900 9003 2001 1000
a contact +70900 +71200 2011 2016 1000
a contact +70900 +71200 2016 2011 1000
a contact +72200 +72400 2002 2015 1000
a contact +72200 +72400 2015 2002 1000
a contact +73300 +73800 1001 2009 1000
a contact +73300 +73800 2004 2014 1000
a contact +73300 +73800 2009 1001 1000
a contact +73300 +73800 2014 2004 1000
a contact +73800 +73900 2004 2013 1000
a contact +73800 +73900 2013 2004 1000
a contact +73900 +74300 2006 2016 1000
a contact +73900 +74300 2016 2006 1000
a contact +74800 +74900 2011 2014 1000
a contact +74800 +74900 2014 2011 1000
a contact +76400 +76900 2005 2014 1000
a contact +76400 +76900 2014 2005 1000
a contact +77500 +78000 1001 2006 1000
a contact +77500 +78000 2006 1001 1000
a contact +78000 +78200 1001 2014 1000
a contact +78000 +78200 2006 2010 1000
a contact +78000 +78200 2010 2006 1000
a contact +78000 +78200 2014 1001 1000
a contact +78200 +78400 2002 2016 1000
a contact +78200 +78400 2016 2002 1000
a contact +81800 +82000 2001 2010 1000
a contact +81800 +82000 2010 2001 1000
a contact +82000 +82200 1001 2002 1000
a contact +82000 +82200 2002 1001 1000
a contact +82000 +82200 2012 9001 1000
a contact +82000 +82200 9001 2012 1000
a contact +82800 +83300 1001 2011 1000
a contact +82800 +83300 2002 2016 1000
a contact +82800 +83300 2011 1001 1000
a contact +82800 +83300 2016 2002 1000
a contact +83300 +83700 2001 2011 1000
a contact +83300 +83700 2011 2001 1000
a contact +83700 +83800 2008 2016 1000
a contact +83700 +83800 2016 2008 1000
a contact +83800 +84300 2013 9001 1000
a contact +83800 +84300 9001 2013 1000

a range +500 +1000 2010 2015 0.0353
a range +500 +1000 2015 2010 0.0353
a range +1000 +1500 2011 2015 0.0182
a range +1000 +1500 2015 2011 0.0182
a range +1900 +2100 2012 9001 1101.9525
a range +1900 +2100 9001 2012 1101.9525
a range +2600 +3100 1001 2007 1102.0869
a range +2600 +3100 2007 1001 1102.0869
a range +3100 +3200 2004 2016 0.0433
a range +3100 +3200 2016 2004 0.0433
a range +3200 +3600 2002 2016 0.0435
a range +3200 +3600 2016 2002 0.0435
a range +4200 +4700 2008 2015 0.031
a range +4200 +4700 2015 2008 0.031
a range +4900 +5200 2007 2011 0.0182
a range +4900 +5200 2011 2007 0.0182
a range +5200 +5700 2011 9002 1102.1289
a range +5200 +5700 9002 2011 1102.1289
a range +5700 +6200 2005 2013 0.0337
a range +5700 +6200 2013 2005 0.0337
a range +6200 +6300 2008 2013 0.0374
a range +6200 +6300 2013 2008 0.0374
a range +6300 +6600 2005 2008 0.0343
a range +6300 +6600 2008 2005 0.0343
a range +6600 +6800 2004 2016 0.0432
a range +6600 +6800 2016 2004 0.0432
a range +6800 +7200 2003 2007 0.0182
a range +6800 +7200 2007 2003 0.0182
a range +7200 +7300 2007 2011 0.0182
a range +7200 +7300 2011 2007 0.0182
a range +7300 +7800 2004 2013 0.0435
a range +7300 +7800 2005 2014 0.031
a range +7300 +7800 2013 2004 0.0435
a range +7300 +7800 2014 2005 0.031
a range +8800 +8900 2006 2013 0.031
a range +8800 +8900 2013 2006 0.031
a range +9400 +9600 2007 2010 0.0353
a range +9400 +9600 2010 2007 0.0353
a range +10000 +10500 2010 2013 0.0334
a range +10000 +10500 2013 2010 0.0334
a range +11300 +11600 2001 2009 0.0337
a range +11300 +11600 2002 2010 0.0065
a range +11300 +11600 2009 2001 0.0337
a range +11300 +11600 2010 2002 0.0065
a range +11600 +12000 2001 2006 0.0334
a range +11600 +12000 2004 9001 1102.3233
a range +11600 +12000 2006 2001 0.0334
a range +11600 +12000 2010 2015 0.0353
a range +11600 +12000 2015 2010 0.0353
a range +11600 +12000 9001 2004 1102.3233
a range +12500 +12600 2004 2014 0.0433
a range +12500 +12600 2014 2004 0.0433
a range +13600 +14100 1001 2003 1102.6857
a range +13600 +14100 2003 1001 1102.6857
a range +14600 +15100 2007 2016 0.031
a range +14600 +15100 2008 9001 1102.3109
a range +14600 +15100 2016 2007 0.031
a range +14600 +15100 9001 2008 1102.3109
a range +15100 +15300 2003 2007 0.0182
a range +15100 +15300 2007 2003 0.0182
a range +16000 +16300 1001 2011 1102.6808
a range +16000 +16300 2011 1001 1102.6808
a range +16300 +16800 2005 2014 0.031
a range +16300 +16800 2014 2005 0.031
a range +16800 +17300 2003 2013 0.0432
a range +16800 +17300 2013 2003 0.0432
a range +17300 +17700 1001 2002 1102.681
a range +17300 +17700 2002 1001 1102.681
a range +17300 +17700 2004 2010 0.0431
a range +17300 +17700 2010 2004 0.0431
a range +19000 +19400 2007 2012 0.0334
a range +19000 +19400 2012 2007 0.0334
a range +19400 +19900 2001 2016 0.0434
a range +19400 +19900 2016 2001 0.0434
a range +20800 +21000 2004 2016 0.0431
a range +20800 +21000 2016 2004 0.0431
a range +21500 +22000 2004 2014 0.0431
a range +21500 +22000 2014 2004 0.0431
a range +22000 +22400 2002 2013 0.0433
a range +22000 +22400 2013 2002 0.0433
a range +23000 +23200 2003 2010 0.0374
a range +23000 +23200 2010 2003 0.0374
a range +23600 +23700 2005 2014 0.031
a range +23600 +23700 2014 2005 0.031
a range +23700 +24100 2005 2012 0.0353
a range +23700 +24100 2012 2005 0.0353
a range +24100 +24600 2005 2010 0.0334
a range +24100 +24600 2010 2005 0.0334
a range +25100 +25200 2006 2014 0.0065
a range +25100 +25200 2014 2006 0.0065
a range +25500 +25600 2004 2013 0.0432
a range +25500 +25600 2006 2009 0.0334
a range +25500 +25600 2009 2006 0.0334
a range +25500 +25600 2013 2004 0.0432
a range +25600 +25700 2005 2009 0.0182
a range +25600 +25700 2009 2005 0.0182
a range +25700 +26000 2006 2014 0.0065
a range +25700 +26000 2014 2006 0.0065
a range +26800 +27200 2001 2011 0.0433
a range +26800 +27200 2002 2012 0.0434
a range +26800 +27200 2011 2001 0.0433
a range +26800 +27200 2012 2002 0.0434
a range +27700 +28200 2009 2012 0.0343
a range +27700 +28200 2012 2009 0.0343
a range +28200 +28300 2005 2016 0.0374
a range +28200 +28300 2016 2005 0.0374
a range +28800 +29300 2002 2006 0.0035
a range +28800 +29300 2006 2002 0.0035
a range +30400 +30500 2002 2009 0.031
a range +30400 +30500 2003 2010 0.0374
a range +30400 +30500 2006 2014 0.0065
a range +30400 +30500 2009 2002 0.031
a range +30400 +30500 2010 2003 0.0374
a range +30400 +30500 2014 2006 0.0065
a range +30500 +30900 2012 9003 1103.4047
a range +30500 +30900 9003 2012 1103.4047
a range +30900 +31400 1001 2009 1103.1837
a range +30900 +31400 2005 9003 1103.2098
a range +30900 +31400 2009 1001 1103.1837
a range +30900 +31400 9003 2005 1103.2098
a range +31400 +31500 2004 2011 0.031
a range +31400 +31500 2011 2004 0.031
a range +31900 +32400 2005 2010 0.0334
a range +31900 +32400 2010 2005 0.0334
a range +32400 +32900 2001 2012 0.0374
a range +32400 +32900 2012 2001 0.0374
a range +33000 +33200 2001 2006 0.0334
a range +33000 +33200 2006 2001 0.0334
a range +33200 +33500 2003 2014 0.0431
a range +33200 +33500 2014 2003 0.0431
a range +34500 +34600 2002 2007 0.0353
a range +34500 +34600 2003 2008 0.0334
a range +34500 +34600 2007 2002 0.0353
a range +34500 +34600 2008 2003 0.0334
a range +36100 +36200 2003 2013 0.0435
a range +36100 +36200 2013 2003 0.0435
a range +37100 +37200 2012 9003 1103.4047
a range +37100 +37200 9003 2012 1103.4047
a range +37200 +37700 1001 2014 1103.5931
a range +37200 +37700 2014 1001 1103.5931
a range +37900 +38200 2004 2015 0.043
a range +37900 +38200 2005 2016 0.0374
a range +37900 +38200 2015 2004 0.043
a range +37900 +38200 2016 2005 0.0374
a range +39200 +39300 1001 2003 1103.6062
a range +39200 +39300 2003 1001 1103.6062
a range +39200 +39300 2007 2010 0.0353
a range +39200 +39300 2010 2007 0.0353
a range +39300 +39600 1001 2009 1103.5775
a range +39300 +39600 2001 2010 0.031
a range +39300 +39600 2005 2012 0.0353
a range +39300 +39600 2009 1001 1103.5775
a range +39300 +39600 2010 2001 0.031
a range +39300 +39600 2012 2005 0.0353
a range +39800 +40300 2011 2016 0.0334
a range +39800 +40300 2016 2011 0.0334
a range +40300 +40800 1001 2006 1103.5863
a range +40300 +40800 2006 1001 1103.5863
a range +41800 +41900 2002 2005 0.0334
a range +41800 +41900 2005 2002 0.0334
a range +42200 +42400 2004 2008 0.0035
a range +42200 +42400 2008 2004 0.0035
a range +44500 +45000 2003 2007 0.0182
a range +44500 +45000 2007 2003 0.0182
a range +45000 +45500 2003 2015 0.0432
a range +45000 +45500 2015 2003 0.0432
a range +45600 +46000 2006 2016 0.0431
a range +45600 +46000 2016 2006 0.0431
a range +46500 +46600 2008 2013 0.0374
a range +46500 +46600 2013 2008 0.0374
a range +46600 +46700 2003 2012 0.031
a range +46600 +46700 2012 2003 0.031
a range +46700 +46800 2005 2014 0.031
a range +46700 +46800 2014 2005 0.031
a range +46800 +46900 2002 2011 0.0374
a range +46800 +46900 2011 2002 0.0374
a range +46900 +47100 2003 2011 0.0337
a range +46900 +47100 2011 2003 0.0337
a range +47100 +47300 1001 9002 0.0591
a range +47100 +47300 9002 1001 0.0591
a range +47600 +48100 1001 9002 0.0591
a range +47600 +48100 2003 2014 0.0435
a range +47600 +48100 2014 2003 0.0435
a range +47600 +48100 9002 1001 0.0591
a range +48600 +48800 2001 9003 1104.7676
a range +48600 +48800 2008 2013 0.0374
a range +48600 +48800 2013 2008 0.0374
a range +48600 +48800 9003 2001 1104.7676
a range +48600 +48900 1001 9002 0.0591
a range +48800 +48900 2004 2013 0.0435
a range +48800 +48900 2009 2016 0.0353
a range +48800 +48900 2013 2004 0.0435
a range +48800 +48900 2016 2009 0.0353
a range +48600 +48900 9002 1001 0.0591
a range +48900 +49000 2002 2015 0.0435
a range +48900 +49000 2015 2002 0.0435
a range +49000 +49300 2003 2012 0.031
a range +49000 +49300 2008 2015 0.031
a range +49000 +49300 2009 2016 0.0353
a range +49000 +49300 2012 2003 0.031
a range +49000 +49300 2015 2008 0.031
a range +49000 +49300 2016 2009 0.0353
a range +49300 +49500 2003 2011 0.0337
a range +49300 +49500 2011 2003 0.0337
a range +51200 +51300 2003 2008 0.0334
a range +51200 +51300 2008 2003 0.0334
a range +51900 +52000 2008 2013 0.0374
a range +51900 +52000 2013 2008 0.0374
a range +52000 +52300 2003 2007 0.0182
a range +52000 +52300 2007 2003 0.0182
a range +52800 +53300 1001 2016 1104.4994
a range +52800 +53300 2016 1001 1104.4994
a range +53300 +53500 2003 2011 0.0337
a range +53300 +53500 2011 2003 0.0337
a range +53500 +53800 2001 2014 0.0434
a range +53500 +53800 2002 2015 0.0433
a range +53500 +53800 2014 2001 0.0434
a range +53500 +53800 2015 2002 0.0433
a range +53800 +54000 2013 2016 0.0343
a range +53800 +54000 2016 2013 0.0343
a range +54000 +54500 2009 2016 0.0353
a range +54000 +54500 2016 2009 0.0353
a range +54600 +54700 2009 2014 0.0334
a range +54600 +54700 2010 2015 0.0353
a range +54600 +54700 2014 2009 0.0334
a range +54600 +54700 2015 2010 0.0353
a range +56700 +57000 2003 2014 0.0433
a range +56700 +57000 2014 2003 0.0433
a range +57500 +58000 2005 2009 0.0182
a range +57500 +58000 2009 2005 0.0182
a range +58000 +58200 2002 2011 0.0374
a range +58000 +58200 2006 2013 0.031
a range +58000 +58200 2011 2002 0.0374
a range +58000 +58200 2013 2006 0.031
a range +59500 +59800 2010 2013 0.0334
a range +59500 +59800 2013 2010 0.0334
a range +60700 +61200 1001 2016 1104.4994
a range +60700 +61200 2016 1001 1104.4994
a range +61400 +61700 2001 2010 0.031
a range +61400 +61700 2003 2014 0.0432
a range +61400 +61700 2010 2001 0.031
a range +61400 +61700 2014 2003 0.0432
a range +63200 +63400 2003 2015 0.0434
a range +63200 +63400 2015 2003 0.0434
a range +66200 +66400 2001 2011 0.0433
a range +66200 +66400 2011 2001 0.0433
a range +66900 +67400 2003 2014 0.0432
a range +66900 +67400 2004 2015 0.0431
a range +66900 +67400 2005 2016 0.0374
a range +66900 +67400 2014 2003 0.0432
a range +66900 +67400 2015 2004 0.0431
a range +66900 +67400 2016 2005 0.0374
a range +67900 +68100 2007 2010 0.0353
a range +67900 +68100 2010 2007 0.0353
a range +68100 +68600 2004 2009 0.0374
a range +68100 +68600 2009 2004 0.0374
a range +68600 +69100 2003 2010 0.0374
a range +68600 +69100 2010 2003 0.0374
a range +69200 +69600 2002 2012 0.0432
a range +69100 +69600 2009 2014 0.0334
a range +69200 +69600 2012 2002 0.0432
a range +69100 +69600 2014 2009 0.0334
a range +69600 +70100 2007 2014 0.0374
a range +69600 +70100 2014 2007 0.0374
a range +70100 +70200 2006 2011 0.0353
a range +70100 +70200 2007 2012 0.0334
a range +70100 +70200 2011 2006 0.0353
a range +70100 +70200 2012 2007 0.0334
a range +70700 +70900 2001 9003 1104.7676
a range +70700 +70900 9003 2001 1104.7676
a range +70900 +71200 2011 2016 0.0334
a range +70900 +71200 2016 2011 0.0334
a range +72200 +72400 2002 2015 0.043
a range +72200 +72400 2015 2002 0.043
a range +73300 +73800 1001 2009 1104.7125
a range +73300 +73800 2004 2014 0.0435
a range +73300 +73800 2009 1001 1104.7125
a range +73300 +73800 2014 2004 0.0435
a range +73800 +73900 2004 2013 0.043
a range +73800 +73900 2013 2004 0.043
a range +73900 +74300 2006 2016 0.0432
a range +73900 +74300 2016 2006 0.0432
a range +74800 +74900 2011 2014 0.0353
a range +74800 +74900 2014 2011 0.0353
a range +76400 +76900 2005 2014 0.031
a range +76400 +76900 2014 2005 0.031
a range +77500 +78000 1001 2006 1105.0339
a range +77500 +78000 2006 1001 1105.0339
a range +78000 +78200 1001 2014 1105.0311
a range +78000 +78200 2006 2010 0.0035
a range +78000 +78200 2010 2006 0.0035
a range +78000 +78200 2014 1001 1105.0311
a range +78200 +78400 2002 2016 0.0433
a range +78200 +78400 2016 2002 0.0433
a range +81800 +82000 2001 2010 0.031
a range +81800 +82000 2010 2001 0.031
a range +82000 +82200 1001 2002 1105.0315
a range +82000 +82200 2002 1001 1105.0315
a range +82000 +82200 2012 9001 1105.0536
a range +82000 +82200 9001 2012 1105.0536
a range +82800 +83300 1001 2011 1104.9984
a range +82800 +83300 2002 2016 0.0433
a range +82800 +83300 2011 1001 1104.9984
a range +82800 +83300 2016 2002 0.0433
a range +83300 +83700 2001 2011 0.0349
a range +83300 +83700 2011 2001 0.0349
a range +83700 +83800 2008 2016 0.0065
a range +83700 +83800 2016 2008 0.0065
a range +83800 +84300 2013 9001 1105.0495
a range +83800 +84300 9001 2013 1105.0495
