a contact +100 +200 2003 9001 1000
a contact +100 +200 9001 2003 1000
a contact +200 +400 2016 2043 1000
a contact +200 +400 2021 2037 1000
a contact +200 +400 2037 2021 1000
a contact +200 +400 2043 2016 1000
a contact +400 +500 2016 2042 1000
a contact +400 +500 2042 2016 1000
a contact +1000 +1100 2004 2020 1000
a contact +1000 +1100 2020 2004 1000
a contact +1800 +1900 2028 2044 1000
a contact +1800 +1900 2044 2028 1000
a contact +1900 +2000 2018 2020 1000
a contact +1900 +2000 2020 2018 1000
a contact +2300 +2400 1001 1004 1000
a contact +2300 +2400 1004 1001 1000
a contact +2600 +2700 1001 2038 1000
a contact +2600 +2700 2038 1001 1000
a contact +2700 +2800 1003 2025 1000
a contact +2700 +2800 2025 1003 1000
a contact +2800 +2900 1004 2025 1000
a contact +2800 +2900 2002 2005 1000
a contact +2800 +2900 2005 2002 1000
a contact +2800 +2900 2025 1004 1000
a contact +2900 +3000 1002 2038 1000
a contact +2900 +3000 2023 2051 1000
a contact +2900 +3000 2038 1002 1000
a contact +2900 +3000 2051 2023 1000
a contact +3000 +3100 2009 9001 1000
a contact +3000 +3100 9001 2009 1000
a contact +3100 +3200 1003 2005 1000
a contact +3100 +3200 2005 1003 1000
a contact +3200 +3300 2029 2051 1000
a contact +3200 +3300 2051 2029 1000
a contact +3400 +3500 1002 2007 1000
a contact +3400 +3500 2007 1002 1000
a contact +3400 +3500 2017 2038 1000
a contact +3400 +3500 2035 2049 1000
a contact +3400 +3500 2037 2048 1000
a contact +3400 +3500 2038 2017 1000
a contact +3400 +3500 2048 2037 1000
a contact +3400 +3500 2049 2035 1000
a contact +3500 +3600 2006 2021 1000
a contact +3500 +3600 2021 2006 1000
a contact +3600 +3700 2026 2048 1000
a contact +3600 +3700 2048 2026 1000
a contact +3700 +3800 1004 2017 1000
a contact +3700 +3800 2017 1004 1000
a contact +3700 +3800 2030 9001 1000
a contact +3700 +3800 9001 2030 1000
a contact +3800 +3900 2016 2025 1000
a contact +3800 +3900 2025 2016 1000
a contact +3800 +3900 2026 2051 1000
a contact +3800 +3900 2051 2026 1000
a contact +4200 +4300 2004 2035 1000
a contact +4200 +4300 2035 2004 1000
a contact +4500 +4600 2001 2040 1000
a contact +4500 +4600 2040 2001 1000
a contact +5000 +5100 2009 2035 1000
a contact +5000 +5100 2035 2009 1000
a contact +5000 +5100 2052 9001 1000
a contact +5000 +5100 9001 2052 1000
a contact +5100 +5200 2008 2011 1000
a contact +5100 +5200 2011 2008 1000
a contact +5600 +5700 1001 2018 1000
a contact +5600 +5700 2018 1001 1000
a contact +5800 +5900 2007 2037 1000
a contact +5800 +5900 2037 2007 1000
a contact +5900 +6000 2018 2047 1000
a contact +5900 +6000 2047 2018 1000
a contact +6100 +6200 2015 2049 1000
a contact +6100 +6200 2049 2015 1000
a contact +6300 +6400 2005 2022 1000
a contact +6300 +6400 2022 2005 1000
a contact +6800 +6900 2026 2037 1000
a contact +6800 +6900 2037 2026 1000
a contact +7000 +7100 1002 2031 1000
a contact +7000 +7100 2031 1002 1000
a contact +7100 +7200 2010 2040 1000
a contact +7100 +7200 2040 2010 1000
a contact +7200 +7300 2002 2031 1000
a contact +7200 +7300 2012 2040 1000
a contact +7200 +7300 2031 2002 1000
a contact +7200 +7300 2040 2012 1000
a contact +7300 +7400 1002 2041 1000
a contact +7300 +7400 2021 2043 1000
a contact +7300 +7400 2041 1002 1000
a contact +7300 +7400 2043 2021 1000
a contact +7400 +7500 2024 2027 1000
a contact +7400 +7500 2025 2052 1000
a contact +7400 +7500 2027 2024 1000
a contact +7400 +7500 2052 2025 1000
a contact +7500 +7600 1002 9002 1000
a contact +7500 +7600 2023 2025 1000
a contact +7500 +7600 2025 2023 1000
a contact +7500 +7600 9002 1002 1000
a contact +7600 +7700 2017 2019 1000
a contact +7600 +7700 2019 2017 1000
a contact +7900 +8000 1001 2004 1000
a contact +7900 +8000 2004 1001 1000
a contact +8800 +8900 1004 2043 1000
a contact +8800 +8900 2043 1004 1000
a contact +8900 +9000 2019 2040 1000
a contact +8900 +9000 2040 2019 1000
a contact +9400 +9500 2012 2015 1000
a contact +9400 +9500 2014 2024 1000
a contact +9400 +9500 2015 2012 1000
a contact +9400 +9500 2024 2014 1000
a contact +9800 +9900 2046 2047 1000
a contact +9800 +9900 2047 2046 1000
a contact +10200 +10300 2010 2011 1000
a contact +10200 +10300 2011 2010 1000
a contact +10300 +10400 2032 2041 1000
a contact +10300 +10400 2041 2032 1000
a contact +10500 +10600 1004 2047 1000
a contact +10500 +10600 2047 1004 1000
a contact +10600 +10700 2013 2025 1000
a contact +10600 +10700 2022 2038 1000
a contact +10600 +10700 2025 2013 1000
a contact +10600 +10700 2038 2022 1000
a contact +10700 +10800 2013 2044 1000
a contact +10700 +10800 2044 2013 1000
a contact +11000 +11100 1004 2015 1000
a contact +11000 +11100 2015 1004 1000
a contact +11100 +11200 2026 2039 1000
a contact +11100 +11200 2039 2026 1000
a contact +11300 +11400 2003 2025 1000
a contact +11300 +11400 2025 2003 1000
a contact +11400 +11500 2023 9001 1000
a contact +11400 +11500 9001 2023 1000
a contact +11700 +11800 2025 2043 1000
a contact +11700 +11800 2043 2025 1000
a contact +11800 +11900 2010 2023 1000
a contact +11800 +11900 2023 2010 1000
a contact +11900 +12000 2013 9002 1000
a contact +11900 +12000 9002 2013 1000
a contact +12200 +12300 2007 2046 1000
a contact +12200 +12300 2046 2007 1000
a contact +13000 +13100 2012 2040 1000
a contact +13000 +13100 2040 2012 1000
a contact +13600 +13700 1004 2030 1000
a contact +13600 +13700 2009 2043 1000
a contact +13600 +13700 2030 1004 1000
a contact +13600 +13700 2043 2009 1000
a contact +13700 +13800 2032 9002 1000
a contact +13700 +13800 9002 2032 1000
a contact +13800 +13900 2013 2038 1000
a contact +13800 +13900 2038 2013 1000
a contact +14100 +14200 2005 2034 1000
a contact +14100 +14200 2034 2005 1000
a contact +14200 +14300 2018 2021 1000
a contact +14200 +14300 2021 2018 1000
a contact +14300 +14400 2001 2032 1000
a contact +14300 +14400 2032 2001 1000
a contact +14400 +14500 2010 2013 1000
a contact +14400 +14500 2013 2010 1000
a contact +14600 +14700 2006 2030 1000
a contact +14600 +14700 2030 2006 1000
a contact +14700 +14800 1003 2020 1000
a contact +14700 +14800 2020 1003 1000
a contact +14900 +15000 1002 2025 1000
a contact +14900 +15000 2025 1002 1000
a contact +15000 +15100 1004 2033 1000
a contact +15000 +15100 2033 1004 1000
a contact +15000 +15100 2046 2049 1000
a contact +15000 +15100 2049 2046 1000
a contact +15200 +15300 1004 2025 1000
a contact +15200 +15300 2025 1004 1000
a contact +15400 +15500 2019 2046 1000
a contact +15400 +15500 2046 2019 1000
a contact +16000 +16100 1002 2012 1000
a contact +16000 +16100 2012 1002 1000
a contact +16300 +16400 2026 2039 1000
a contact +16300 +16400 2039 2026 1000
a contact +16400 +16500 1003 2027 1000
a contact +16400 +16500 2027 1003 1000
a contact +17100 +17200 2003 2052 1000
a contact +17100 +17200 2052 2003 1000
a contact +17400 +17500 2023 2047 1000
a contact +17400 +17500 2047 2023 1000
a contact +18700 +18800 2003 2036 1000
a contact +18700 +18800 2016 2045 1000
a contact +18700 +18800 2036 2003 1000
a contact +18700 +18800 2045 2016 1000
a contact +18900 +19000 2051 2052 1000
a contact +18900 +19000 2052 2051 1000
a contact +19300 +19400 2002 2027 1000
a contact +19300 +19400 2027 2002 1000
a contact +20000 +20100 2015 2052 1000
a contact +20000 +20100 2052 2015 1000
a contact +21200 +21300 2019 2049 1000
a contact +21200 +21300 2049 2019 1000
a contact +21200 +21400 1003 2009 1000
a contact +21200 +21400 2009 1003 1000
a contact +21300 +21400 2016 2046 1000
a contact +21300 +21400 2023 2052 1000
a contact +21300 +21400 2046 2016 1000
a contact +21300 +21400 2052 2023 1000
a contact +21600 +21700 1004 2005 1000
a contact +21600 +21700 2005 1004 1000
a contact +21600 +21700 2016 2043 1000
a contact +21600 +21700 2035 2038 1000
a contact +21600 +21700 2038 2035 1000
a contact +21600 +21700 2043 2016 1000
a contact +21700 +21800 1004 2013 1000
a contact +21700 +21800 2013 1004 1000
a contact +21800 +21900 2001 2011 1000
a contact +21800 +21900 2011 2001 1000
a contact +22100 +22200 2002 2025 1000
a contact +22100 +22200 2025 2002 1000
a contact +22500 +22600 2017 2052 1000
a contact +22500 +22600 2052 2017 1000
a contact +22700 +22800 2037 2052 1000
a contact +22700 +22800 2052 2037 1000
a contact +22800 +22900 2007 2049 1000
a contact +22800 +22900 2009 2025 1000
a contact +22800 +22900 2025 2009 1000
a contact +22800 +22900 2049 2007 1000
a contact +22900 +23000 2004 2016 1000
a contact +22900 +23000 2016 2004 1000
a contact +23300 +23400 2011 2034 1000
a contact +23300 +23400 2034 2011 1000
a contact +23500 +23600 2025 2035 1000
a contact +23500 +23600 2035 2025 1000
a contact +23600 +23700 2009 2046 1000
a contact +23600 +23700 2046 2009 1000
a contact +23700 +23800 2033 9002 1000
a contact +23700 +23800 9002 2033 1000
a contact +24100 +24200 2001 2038 1000
a contact +24100 +24200 2038 2001 1000
a contact +24600 +24700 2023 2024 1000
a contact +24600 +24700 2024 2023 1000
a contact +24700 +24800 2002 2036 1000
a contact +24700 +24800 2036 2002 1000
a contact +24700 +24800 2046 2049 1000
a contact +24700 +24800 2049 2046 1000
a contact +24900 +25000 2014 2027 1000
a contact +24900 +25000 2027 2014 1000
a contact +25100 +25200 2046 2048 1000
a contact +25100 +25200 2048 2046 1000
a contact +25700 +25800 2031 2034 1000
a contact +25700 +25800 2034 2031 1000
a contact +26500 +26600 2001 2046 1000
a contact +26500 +26600 2005 2050 1000
a contact +26500 +26600 2024 2033 1000
a contact +26500 +26600 2033 2024 1000
a contact +26500 +26600 2046 2001 1000
a contact +26500 +26600 2050 2005 1000
a contact +26800 +26900 2029 2031 1000
a contact +26800 +26900 2031 2029 1000
a contact +26900 +27000 1002 2008 1000
a contact +26900 +27000 1003 2010 1000
a contact +26900 +27000 2008 1002 1000
a contact +26900 +27000 2010 1003 1000
a contact +27000 +27100 1001 2008 1000
a contact +27000 +27100 2008 1001 1000
a contact +27100 +27200 1003 9003 1000
a contact +27100 +27200 9003 1003 1000
a contact +27200 +27300 2004 2035 1000
a contact +27200 +27300 2035 2004 1000
a contact +27400 +27500 2028 2046 1000
a contact +27400 +27500 2046 2028 1000
a contact +27500 +27600 2002 2038 1000
a contact +27500 +27600 2038 2002 1000
a contact +27800 +27900 2001 2022 1000
a contact +27800 +27900 2022 2001 1000
a contact +28000 +28100 2030 2040 1000
a contact +28000 +28100 2040 2030 1000
a contact +28200 +28300 2035 2051 1000
a contact +28200 +28300 2051 2035 1000
a contact +28800 +28900 2028 2050 1000
a contact +28800 +28900 2050 2028 1000
a contact +29000 +29100 2042 2044 1000
a contact +29000 +29100 2044 2042 1000
a contact +29200 +29300 2009 2018 1000
a contact +29200 +29300 2018 2009 1000
a contact +29400 +29500 2001 2029 1000
a contact +29400 +29500 2029 2001 1000
a contact +30000 +30100 1002 2019 1000
a contact +30000 +30100 2014 2030 1000
a contact +30000 +30100 2019 1002 1000
a contact +30000 +30100 2030 2014 1000
a contact +30200 +30300 1001 2043 1000
a contact +30200 +30300 2016 2017 1000
a contact +30200 +30300 2017 2016 1000
a contact +30200 +30300 2043 1001 1000
a contact +30300 +30400 2012 2045 1000
a contact +30300 +30400 2021 2037 1000
a contact +30300 +30400 2037 2021 1000
a contact +30300 +30400 2045 2012 1000
a contact +30500 +30600 2049 2052 1000
a contact +30500 +30600 2052 2049 1000
a contact +30600 +30700 1002 2014 1000
a contact +30600 +30700 2014 1002 1000
a contact +30700 +30800 1002 2039 1000
a contact +30700 +30800 2017 2032 1000
a contact +30700 +30800 2032 2017 1000
a contact +30700 +30800 2039 1002 1000
a contact +30900 +31000 2011 2012 1000
a contact +30900 +31000 2012 2011 1000
a contact +31100 +31200 2038 9003 1000
a contact +31100 +31200 9003 2038 1000
a contact +31200 +31300 2040 2052 1000
a contact +31200 +31300 2052 2040 1000
a contact +31300 +31400 2027 2042 1000
a contact +31300 +31400 2042 2027 1000
a contact +31800 +31900 1003 9001 1000
a contact +31800 +31900 2013 2023 1000
a contact +31800 +31900 2023 2013 1000
a contact +31800 +31900 9001 1003 1000
a contact +32000 +32100 2028 2039 1000
a contact +32000 +32100 2039 2028 1000
a contact +32200 +32300 2002 2050 1000
a contact +32200 +32300 2050 2002 1000
a contact +32400 +32500 1003 2011 1000
a contact +32400 +32500 2011 1003 1000
a contact +32600 +32700 1003 2017 1000
a contact +32600 +32700 2017 1003 1000
a contact +32900 +33000 1001 2008 1000
a contact +32900 +33000 2008 1001 1000
a contact +32900 +33000 2036 2045 1000
a contact +32900 +33000 2045 2036 1000
a contact +33100 +33200 2021 2051 1000
a contact +33100 +33200 2051 2021 1000
a contact +33300 +33400 2003 2051 1000
a contact +33300 +33400 2051 2003 1000
a contact +33500 +33600 2020 2034 1000
a contact +33500 +33600 2034 2020 1000
a contact +33600 +33700 2018 2030 1000
a contact +33600 +33700 2030 2018 1000
a contact +33700 +33800 1002 2044 1000
a contact +33700 +33800 2044 1002 1000
a contact +34000 +34100 2003 2033 1000
a contact +34000 +34100 2020 2031 1000
a contact +34000 +34100 2031 2020 1000
a contact +34000 +34100 2033 2003 1000
a contact +34100 +34200 1002 2049 1000
a contact +34100 +34200 2008 2030 1000
a contact +34100 +34200 2030 2008 1000
a contact +34100 +34200 2049 1002 1000
a contact +34300 +34500 2012 2038 1000
a contact +34300 +34500 2038 2012 1000
a contact +34600 +34700 2013 2024 1000
a contact +34600 +34700 2024 2013 1000
a contact +34700 +34800 2009 2034 1000
a contact +34700 +34800 2034 2009 1000
a contact +35200 +35300 1004 2018 1000
a contact +35200 +35300 2018 1004 1000
a contact +35300 +35400 1002 2028 1000
a contact +35300 +35400 2004 2052 1000
a contact +35300 +35400 2007 2044 1000
a contact +35300 +35400 2013 2039 1000
a contact +35300 +35400 2028 1002 1000
a contact +35300 +35400 2039 2013 1000
a contact +35300 +35400 2044 2007 1000
a contact +35300 +35400 2052 2004 1000
a contact +35700 +35800 2024 2038 1000
a contact +35700 +35800 2038 2024 1000
a contact +35800 +35900 2014 2047 1000
a contact +35800 +35900 2047 2014 1000
a contact +36000 +36100 2014 2017 1000
a contact +36000 +36100 2017 2014 1000
a contact +36400 +36500 2009 2012 1000
a contact +36400 +36500 2012 2009 1000
a contact +36400 +36500 2034 2035 1000
a contact +36400 +36500 2035 2034 1000
a contact +36600 +36700 2010 2044 1000
a contact +36600 +36700 2011 2020 1000
a contact +36600 +36700 2020 2011 1000
a contact +36600 +36700 2044 2010 1000
a contact +36600 +36700 2052 9002 1000
a contact +36600 +36700 9002 2052 1000
a contact +37100 +37200 2010 2052 1000
a contact +37100 +37200 2052 2010 1000
a contact +37800 +37900 2022 2048 1000
a contact +37800 +37900 2048 2022 1000
a contact +38000 +38100 2029 2044 1000
a contact +38000 +38100 2044 2029 1000
a contact +38200 +38300 2016 2030 1000
a contact +38200 +38300 2030 2016 1000
a contact +38200 +38300 2032 2042 1000
a contact +38200 +38300 2042 2032 1000
a contact +38400 +38500 2002 2050 1000
a contact +38400 +38500 2039 2049 1000
a contact +38400 +38500 2049 2039 1000
a contact +38400 +38500 2050 2002 1000
a contact +38600 +38700 1001 2011 1000
a contact +38600 +38700 2011 1001 1000
a contact +38700 +38800 1002 2007 1000
a contact +38700 +38800 2007 1002 1000
a contact +38800 +38900 1002 2008 1000
a contact +38800 +38900 1004 2011 1000
a contact +38800 +38900 2008 1002 1000
a contact +38800 +38900 2011 1004 1000
a contact +39000 +39100 1003 2047 1000
a contact +39000 +39100 1004 2008 1000
a contact +39000 +39100 2008 1004 1000
a contact +39000 +39100 2047 1003 1000
a contact +39100 +39200 1004 2012 1000
a contact +39100 +39200 2012 1004 1000
a contact +39300 +39400 2003 2016 1000
a contact +39300 +39400 2016 2003 1000
a contact +39400 +39500 2020 2050 1000
a contact +39400 +39500 2050 2020 1000
a contact +39500 +39600 2003 2019 1000
a contact +39500 +39600 2012 2039 1000
a contact +39500 +39600 2019 2003 1000
a contact +39500 +39600 2039 2012 1000
a contact +39600 +39700 2005 2020 1000
a contact +39600 +39700 2011 2039 1000
a contact +39600 +39700 2020 2005 1000
a contact +39600 +39700 2039 2011 1000
a contact +39700 +39800 2005 2022 1000
a contact +39700 +39800 2022 2005 1000
a contact +39800 +39900 2005 2018 1000
a contact +39800 +39900 2018 2005 1000
a contact +40400 +40500 2017 2029 1000
a contact +40400 +40500 2029 2017 1000
a contact +40400 +40500 2049 2050 1000
a contact +40400 +40500 2050 2049 1000
a contact +40900 +41000 2021 9002 1000
a contact +40900 +41000 2022 2036 1000
a contact +40900 +41000 2036 2022 1000
a contact +40900 +41000 9002 2021 1000
a contact +41000 +41100 2011 2012 1000
a contact +41000 +41100 2012 2011 1000
a contact +41100 +41200 2029 2031 1000
a contact +41100 +41200 2031 2029 1000
a contact +41300 +41400 2009 2045 1000
a contact +41300 +41400 2045 2009 1000
a contact +41400 +41500 2032 2034 1000
a contact +41400 +41500 2034 2032 1000
a contact +41700 +41800 2004 2040 1000
a contact +41700 +41800 2040 2004 1000
a contact +42000 +42100 1002 9001 1000
a contact +42000 +42100 9001 1002 1000
a contact +42600 +42700 1004 2002 1000
a contact +42600 +42700 2002 1004 1000
a contact +42600 +42700 2009 2049 1000
a contact +42600 +42700 2049 2009 1000
a contact +42800 +42900 2010 2024 1000
a contact +42800 +42900 2024 2010 1000
a contact +43200 +43300 2003 2047 1000
a contact +43200 +43300 2047 2003 1000
a contact +43300 +43400 2025 9003 1000
a contact +43300 +43400 9003 2025 1000
a contact +43500 +43600 2014 2031 1000
a contact +43500 +43600 2031 2014 1000
a contact +43500 +43600 2036 2051 1000
a contact +43500 +43600 2051 2036 1000
a contact +43600 +43700 2005 2027 1000
a contact +43600 +43700 2027 2005 1000
a contact +43800 +43900 2040 2051 1000
a contact +43800 +43900 2051 2040 1000
a contact +44000 +44100 2035 2045 1000
a contact +44000 +44100 2045 2035 1000
a contact +44100 +44200 2043 9003 1000
a contact +44100 +44200 9003 2043 1000
a contact +44300 +44400 2021 2049 1000
a contact +44300 +44400 2049 2021 1000
a contact +44400 +44500 2010 2039 1000
a contact +44400 +44500 2022 2040 1000
a contact +44400 +44500 2039 2010 1000
a contact +44400 +44500 2040 2022 1000
a contact +44500 +44600 2010 2033 1000
a contact +44500 +44600 2033 2010 1000
a contact +44600 +44700 1004 2024 1000
a contact +44600 +44700 2024 1004 1000
a contact +45100 +45200 2002 2032 1000
a contact +45100 +45200 2032 2002 1000
a contact +45400 +45500 2008 2035 1000
a contact +45400 +45500 2035 2008 1000
a contact +46200 +46300 2025 2026 1000
a contact +46200 +46300 2026 2025 1000
a contact +46300 +46400 2029 2039 1000
a contact +46300 +46400 2039 2029 1000
a contact +46400 +46500 2010 2048 1000
a contact +46400 +46500 2048 2010 1000
a contact +46600 +46700 1003 2046 1000
a contact +46600 +46700 2002 2050 1000
a contact +46600 +46700 2019 2030 1000
a contact +46600 +46700 2030 2019 1000
a contact +46600 +46700 2046 1003 1000
a contact +46600 +46700 2050 2002 1000
a contact +46900 +47000 1004 2017 1000
a contact +46900 +47000 2007 2010 1000
a contact +46900 +47000 2010 2007 1000
a contact +46900 +47000 2017 1004 1000
a contact +47000 +47100 2008 2010 1000
a contact +47000 +47100 2010 2008 1000
a contact +47300 +47400 1004 2023 1000
a contact +47300 +47400 2009 2050 1000
a contact +47300 +47400 2023 1004 1000
a contact +47300 +47400 2050 2009 1000
a contact +47600 +47700 2035 2037 1000
a contact +47600 +47700 2037 2035 1000
a contact +47700 +47800 1002 2004 1000
a contact +47700 +47800 2004 1002 1000
a contact +48000 +48100 2014 2042 1000
a contact +48000 +48100 2042 2014 1000
a contact +48200 +48300 2035 2052 1000
a contact +48200 +48300 2052 2035 1000
a contact +48300 +48400 2001 2031 1000
a contact +48300 +48400 2031 2001 1000
a contact +48500 +48600 2021 2035 1000
a contact +48500 +48600 2035 2021 1000
a contact +48900 +49000 2036 2045 1000
a contact +48900 +49000 2045 2036 1000
a contact +49100 +49200 2007 2032 1000
a contact +49100 +49200 2032 2007 1000
a contact +49400 +49500 2011 2032 1000
a contact +49400 +49500 2032 2011 1000
a contact +49500 +49600 2011 2035 1000
a contact +49500 +49600 2035 2011 1000
a contact +49900 +50000 2007 2034 1000
a contact +49900 +50000 2034 2007 1000
a contact +50000 +50100 2002 2026 1000
a contact +50000 +50100 2026 2002 1000
a contact +50100 +50200 1004 2033 1000
a contact +50100 +50200 2010 2032 1000
a contact +50100 +50200 2032 2010 1000
a contact +50100 +50200 2033 1004 1000
a contact +50300 +50400 1004 2020 1000
a contact +50300 +50400 2020 1004 1000
a contact +50600 +50700 1002 2020 1000
a contact +50600 +50700 2020 1002 1000
a contact +50700 +50800 2005 2048 1000
a contact +50700 +50800 2019 2032 1000
a contact +50700 +50800 2032 2019 1000
a contact +50700 +50800 2048 2005 1000
a contact +51000 +51100 1001 2025 1000
a contact +51000 +51100 2025 1001 1000
a contact +51200 +51300 1004 2043 1000
a contact +51200 +51300 2043 1004 1000
a contact +51400 +51500 2024 2033 1000
a contact +51400 +51500 2033 2024 1000
a contact +51500 +51600 2006 2009 1000
a contact +51500 +51600 2009 2006 1000
a contact +51600 +51700 2021 2037 1000
a contact +51600 +51700 2028 2038 1000
a contact +51600 +51700 2037 2021 1000
a contact +51600 +51700 2038 2028 1000
a contact +51900 +52000 2049 2051 1000
a contact +51900 +52000 2051 2049 1000
a contact +52100 +52200 1003 2012 1000
a contact +52100 +52200 1004 2009 1000
a contact +52100 +52200 2009 1004 1000
a contact +52100 +52200 2012 1003 1000
a contact +52500 +52600 1004 2012 1000
a contact +52500 +52600 2012 1004 1000
a contact +52700 +52800 2023 2040 1000
a contact +52700 +52800 2040 2023 1000
a contact +52900 +53000 2039 2048 1000
a contact +52900 +53000 2048 2039 1000
a contact +53100 +53200 2019 2044 1000
a contact +53100 +53200 2044 2019 1000
a contact +53200 +53300 2031 2044 1000
a contact +53200 +53300 2044 2031 1000
a contact +53300 +53400 1004 9002 1000
a contact +53300 +53400 9002 1004 1000
a contact +53400 +53500 2005 2043 1000
a contact +53400 +53500 2043 2005 1000
a contact +53600 +53700 2038 9001 1000
a contact +53600 +53700 9001 2038 1000
a contact +53700 +53800 2026 2051 1000
a contact +53700 +53800 2051 2026 1000
a contact +54000 +54100 2009 2019 1000
a contact +54000 +54100 2011 2034 1000
a contact +54000 +54100 2019 2009 1000
a contact +54000 +54100 2034 2011 1000
a contact +54400 +54500 2013 2030 1000
a contact +54400 +54500 2030 2013 1000
a contact +54400 +54500 2039 2052 1000
a contact +54400 +54500 2052 2039 1000
a contact +54500 +54600 1003 2008 1000
a contact +54500 +54600 2006 2023 1000
a contact +54500 +54600 2008 1003 1000
a contact +54500 +54600 2023 2006 1000
a contact +55600 +55700 2029 2043 1000
a contact +55600 +55700 2043 2029 1000
a contact +55900 +56000 2002 2027 1000
a contact +55900 +56000 2027 2002 1000
a contact +56000 +56100 2004 2028 1000
a contact +56000 +56100 2028 2004 1000
a contact +56400 +56500 2005 2044 1000
a contact +56400 +56500 2044 2005 1000
a contact +56800 +56900 2002 2051 1000
a contact +56800 +56900 2034 2037 1000
a contact +56800 +56900 2037 2034 1000
a contact +56800 +56900 2051 2002 1000
a contact +57200 +57300 2007 2008 1000
a contact +57200 +57300 2008 2007 1000
a contact +57300 +57400 2022 2035 1000
a contact +57300 +57400 2028 2030 1000
a contact +57300 +57400 2030 2028 1000
a contact +57300 +57400 2035 2022 1000
a contact +57500 +57700 2048 2050 1000
a contact +57500 +57700 2050 2048 1000
a contact +57700 +57800 2005 2051 1000
a contact +57700 +57800 2051 2005 1000
a contact +57800 +57900 1001 2052 1000
a contact +57800 +57900 2052 1001 1000
a contact +58000 +58100 2019 2049 1000
a contact +58000 +58100 2049 2019 1000
a contact +58300 +58400 2004 2039 1000
a contact +58300 +58400 2039 2004 1000
a contact +58700 +58800 2009 2024 1000
a contact +58700 +58800 2021 2044 1000
a contact +58700 +58800 2024 2009 1000
a contact +58700 +58800 2037 2051 1000
a contact +58700 +58800 2044 2021 1000
a contact +58700 +58800 2051 2037 1000
a contact +59000 +59100 2036 9001 1000
a contact +59000 +59100 9001 2036 1000
a contact +59600 +59700 2004 2017 1000
a contact +59600 +59700 2017 2004 1000
a contact +59700 +59800 2014 2040 1000
a contact +59700 +59800 2024 2045 1000
a contact +59700 +59800 2040 2014 1000
a contact +59700 +59800 2045 2024 1000
a contact +59800 +59900 1002 2038 1000
a contact +59800 +59900 2038 1002 1000
a contact +59900 +60000 2006 2020 1000
a contact +59900 +60000 2020 2006 1000
a contact +60200 +60300 2017 2038 1000
a contact +60200 +60300 2038 2017 1000
a contact +60300 +60400 2014 2042 1000
a contact +60300 +60400 2042 2014 1000
a contact +60600 +60700 2030 2051 1000
a contact +60600 +60700 2051 2030 1000
a contact +60900 +61000 1002 2032 1000
a contact +60900 +61000 2026 2029 1000
a contact +60900 +61000 2029 2026 1000
a contact +60900 +61000 2032 1002 1000
a contact +61300 +61400 1003 2022 1000
a contact +61300 +61400 2022 1003 1000
a contact +61500 +61600 2050 2052 1000
a contact +61500 +61600 2052 2050 1000
a contact +62100 +62200 2006 2048 1000
a contact +62100 +62200 2028 2030 1000
a contact +62100 +62200 2030 2028 1000
a contact +62100 +62200 2048 2006 1000
a contact +62200 +62300 2050 9001 1000
a contact +62200 +62300 9001 2050 1000
a contact +62400 +62500 2005 2046 1000
a contact +62400 +62500 2046 2005 1000
a contact +62500 +62600 1001 2013 1000
a contact +62500 +62600 2013 1001 1000
a contact +62700 +62800 2009 2049 1000
a contact +62700 +62800 2049 2009 1000
a contact +62800 +62900 2027 2037 1000
a contact +62800 +62900 2037 2027 1000
a contact +62900 +63000 1003 2016 1000
a contact +62900 +63000 2016 1003 1000
a contact +63000 +63100 2029 2042 1000
a contact +63000 +63100 2042 2029 1000
a contact +63500 +63600 2014 2031 1000
a contact +63500 +63600 2031 2014 1000
a contact +63600 +63700 1004 2037 1000
a contact +63600 +63700 2037 1004 1000
a contact +63700 +63800 2012 2027 1000
a contact +63700 +63800 2027 2012 1000
a contact +64300 +64400 2007 2040 1000
a contact +64300 +64400 2020 2045 1000
a contact +64300 +64400 2040 2007 1000
a contact +64300 +64400 2045 2020 1000
a contact +64400 +64500 2027 2048 1000
a contact +64400 +64500 2048 2027 1000
a contact +64600 +64700 2011 2028 1000
a contact +64600 +64700 2028 2011 1000
a contact +64600 +64700 2029 2046 1000
a contact +64600 +64700 2046 2029 1000
a contact +64700 +64800 2034 2050 1000
a contact +64700 +64800 2050 2034 1000
a contact +64900 +65000 2008 2031 1000
a contact +64900 +65000 2031 2008 1000
a contact +65000 +65100 2031 9001 1000
a contact +65000 +65100 9001 2031 1000
a contact +65300 +65400 2020 9001 1000
a contact +65300 +65400 9001 2020 1000
a contact +65500 +65600 2009 2031 1000
a contact +65500 +65600 2012 2036 1000
a contact +65500 +65600 2031 2009 1000
a contact +65500 +65600 2036 2012 1000
a contact +66400 +66500 2010 2048 1000
a contact +66400 +66500 2048 2010 1000
a contact +66500 +66600 2004 2046 1000
a contact +66500 +66600 2008 2050 1000
a contact +66500 +66600 2046 2004 1000
a contact +66500 +66600 2050 2008 1000
a contact +66600 +66700 2006 2051 1000
a contact +66600 +66700 2022 2024 1000
a contact +66600 +66700 2024 2022 1000
a contact +66600 +66700 2025 2034 1000
a contact +66600 +66700 2034 2025 1000
a contact +66600 +66700 2051 2006 1000
a contact +66700 +66800 2004 2039 1000
a contact +66700 +66800 2009 2012 1000
a contact +66700 +66800 2012 2009 1000
a contact +66700 +66800 2039 2004 1000
a contact +66800 +66900 2008 2051 1000
a contact +66800 +66900 2051 2008 1000
a contact +67000 +67100 2001 2013 1000
a contact +67000 +67100 2013 2001 1000
a contact +67200 +67300 1003 2040 1000
a contact +67200 +67300 2040 1003 1000
a contact +67800 +67900 2023 2026 1000
a contact +67800 +67900 2026 2023 1000
a contact +67900 +68000 2050 9001 1000
a contact +67900 +68000 9001 2050 1000
a contact +68000 +68100 2033 2036 1000
a contact +68000 +68100 2036 2033 1000
a contact +68100 +68200 2008 2042 1000
a contact +68100 +68200 2021 9003 1000
a contact +68100 +68200 2042 2008 1000
a contact +68100 +68200 9003 2021 1000
a contact +68300 +68400 2020 2035 1000
a contact +68300 +68400 2035 2020 1000
a contact +68400 +68500 1002 2014 1000
a contact +68400 +68500 2014 1002 1000
a contact +68500 +68600 2044 2045 1000
a contact +68500 +68600 2045 2044 1000
a contact +68700 +68800 2035 2051 1000
a contact +68700 +68800 2051 2035 1000
a contact +68800 +68900 2004 2018 1000
a contact +68800 +68900 2016 2042 1000
a contact +68800 +68900 2018 2004 1000
a contact +68800 +68900 2042 2016 1000
a contact +69500 +69600 2037 2052 1000
a contact +69500 +69600 2052 2037 1000
a contact +69600 +69700 1002 2043 1000
a contact +69600 +69700 1004 2047 1000
a contact +69600 +69700 2010 2022 1000
a contact +69600 +69700 2016 2044 1000
a contact +69600 +69700 2017 2038 1000
a contact +69600 +69700 2022 2010 1000
a contact +69600 +69700 2038 2017 1000
a contact +69600 +69700 2043 1002 1000
a contact +69600 +69700 2044 2016 1000
a contact +69600 +69700 2047 1004 1000
a contact +69700 +69800 1001 2027 1000
a contact +69700 +69800 2002 2039 1000
a contact +69700 +69800 2013 2038 1000
a contact +69700 +69800 2027 1001 1000
a contact +69700 +69800 2033 2045 1000
a contact +69700 +69800 2038 2013 1000
a contact +69700 +69800 2039 2002 1000
a contact +69700 +69800 2045 2033 1000
a contact +69900 +70000 2028 9001 1000
a contact +69900 +70000 9001 2028 1000
a contact +70000 +70100 2006 2036 1000
a contact +70000 +70100 2029 9001 1000
a contact +70000 +70100 2036 2006 1000
a contact +70000 +70100 9001 2029 1000
a contact +70200 +70300 2026 2051 1000
a contact +70200 +70300 2051 2026 1000
a contact +70300 +70400 1004 2019 1000
a contact +70300 +70400 2019 1004 1000
a contact +70400 +70500 2036 2046 1000
a contact +70400 +70500 2039 2051 1000
a contact +70400 +70500 2046 2036 1000
a contact +70400 +70500 2051 2039 1000
a contact +71000 +71100 2011 2039 1000
a contact +71000 +71100 2039 2011 1000
a contact +71100 +71200 2019 2047 1000
a contact +71100 +71200 2029 2050 1000
a contact +71100 +71200 2047 2019 1000
a contact +71100 +71200 2050 2029 1000
a contact +71200 +71300 2009 2037 1000
a contact +71200 +71300 2013 2041 1000
a contact +71200 +71300 2024 2048 1000
a contact +71200 +71300 2037 2009 1000
a contact +71200 +71300 2041 2013 1000
a contact +71200 +71300 2048 2024 1000
a contact +71400 +71500 1003 2045 1000
a contact +71400 +71500 2045 1003 1000
a contact +72300 +72400 1001 1004 1000
a contact +72300 +72400 1004 1001 1000
a contact +72300 +72400 2004 2007 1000
a contact +72300 +72400 2007 2004 1000
a contact +72300 +72400 2018 2033 1000
a contact +72300 +72400 2033 2018 1000
a contact +72400 +72500 2013 2043 1000
a contact +72400 +72500 2043 2013 1000
a contact +72500 +72600 2033 2034 1000
a contact +72500 +72600 2034 2033 1000
a contact +72500 +72600 2051 9001 1000
a contact +72500 +72600 9001 2051 1000
a contact +72600 +72700 2026 2037 1000
a contact +72600 +72700 2037 2026 1000
a contact +72700 +72800 2023 2026 1000
a contact +72700 +72800 2026 2023 1000
a contact +72800 +72900 2027 2029 1000
a contact +72800 +72900 2029 2027 1000
a contact +72900 +73000 2012 2013 1000
a contact +72900 +73000 2013 2012 1000
a contact +73000 +73100 1004 2031 1000
a contact +73000 +73100 2031 1004 1000
a contact +73300 +73400 2024 2035 1000
a contact +73300 +73400 2035 2024 1000
a contact +73800 +73900 2007 2016 1000
a contact +73800 +73900 2016 2007 1000
a contact +73900 +74000 2009 2010 1000
a contact +73900 +74000 2010 2009 1000
a contact +74200 +74300 2014 2046 1000
a contact +74200 +74300 2046 2014 1000
a contact +74900 +75100 2007 2039 1000
a contact +74900 +75100 2039 2007 1000
a contact +75500 +75600 2037 2047 1000
a contact +75500 +75600 2047 2037 1000
a contact +75800 +75900 2010 2034 1000
a contact +75800 +75900 2034 2010 1000
a contact +75900 +76000 2004 2040 1000
a contact +75900 +76000 2040 2004 1000
a contact +76500 +76600 2007 2018 1000
a contact +76500 +76600 2018 2007 1000
a contact +77500 +77600 2017 2051 1000
a contact +77500 +77600 2051 2017 1000
a contact +77600 +77700 2002 2003 1000
a contact +77600 +77700 2003 2002 1000
a contact +77800 +78000 2023 2032 1000
a contact +77800 +78000 2025 2026 1000
a contact +77800 +78000 2026 2025 1000
a contact +77800 +78000 2027 2036 1000
a contact +77800 +78000 2032 2023 1000
a contact +77800 +78000 2036 2027 1000
a contact +78100 +78200 2020 2033 1000
a contact +78100 +78200 2033 2020 1000
a contact +78100 +78200 2035 2038 1000
a contact +78100 +78200 2038 2035 1000
a contact +78300 +78400 2001 2003 1000
a contact +78300 +78400 2003 2001 1000
a contact +78400 +78500 2011 9001 1000
a contact +78400 +78500 2050 2052 1000
a contact +78400 +78500 2052 2050 1000
a contact +78400 +78500 9001 2011 1000
a contact +78700 +78800 2009 2012 1000
a contact +78700 +78800 2010 2046 1000
a contact +78700 +78800 2012 2009 1000
a contact +78700 +78800 2046 2010 1000
a contact +78800 +78900 1002 2039 1000
a contact +78800 +78900 2026 2038 1000
a contact +78800 +78900 2038 2026 1000
a contact +78800 +78900 2039 1002 1000
a contact +79700 +79800 2026 2047 1000
a contact +79700 +79800 2047 2026 1000
a contact +80000 +80100 2011 2025 1000
a contact +80000 +80100 2025 2011 1000
a contact +80100 +80200 2003 2032 1000
a contact +80100 +80200 2032 2003 1000
a contact +80500 +80600 2011 2020 1000
a contact +80500 +80600 2019 2046 1000
a contact +80500 +80600 2020 2011 1000
a contact +80500 +80600 2033 2044 1000
a contact +80500 +80600 2044 2033 1000
a contact +80500 +80600 2046 2019 1000
a contact +80600 +80700 2011 2037 1000
a contact +80600 +80700 2015 2041 1000
a contact +80600 +80700 2037 2011 1000
a contact +80600 +80700 2041 2015 1000
a contact +81000 +81100 2007 2019 1000
a contact +81000 +81100 2019 2007 1000
a contact +81000 +81100 2037 2046 1000
a contact +81000 +81100 2046 2037 1000
a contact +81100 +81200 2038 2050 1000
a contact +81100 +81200 2050 2038 1000
a contact +81200 +81300 1002 2009 1000
a contact +81200 +81300 1003 2013 1000
a contact +81200 +81300 2009 1002 1000
a contact +81200 +81300 2013 1003 1000
a contact +81400 +81500 2004 2015 1000
a contact +81400 +81500 2015 2004 1000
a contact +81900 +82000 2015 2036 1000
a contact +81900 +82000 2036 2015 1000
a contact +82000 +82100 2009 2032 1000
a contact +82000 +82100 2025 2034 1000
a contact +82000 +82100 2032 2009 1000
a contact +82000 +82100 2034 2025 1000
a contact +82100 +82200 2003 2028 1000
a contact +82100 +82200 2028 2003 1000
a contact +82300 +82400 2004 2018 1000
a contact +82300 +82400 2018 2004 1000
a contact +82400 +82500 2025 2039 1000
a contact +82400 +82500 2039 2025 1000
a contact +82500 +82600 2019 2041 1000
a contact +82500 +82600 2041 2019 1000
a contact +82800 +82900 2031 2033 1000
a contact +82800 +82900 2033 2031 1000
a contact +82900 +83000 2011 2052 1000
a contact +82900 +83000 2016 2017 1000
a contact +82900 +83000 2017 2016 1000
a contact +82900 +83000 2052 2011 1000
a contact +83000 +83100 1003 9003 1000
a contact +83000 +83100 2018 2031 1000
a contact +83000 +83100 2031 2018 1000
a contact +83000 +83100 9003 1003 1000
a contact +83100 +83200 2010 2052 1000
a contact +83100 +83200 2052 2010 1000
a contact +83200 +83300 2010 2050 1000
a contact +83200 +83300 2013 2048 1000
a contact +83200 +83300 2048 2013 1000
a contact +83200 +83300 2050 2010 1000
a contact +83300 +83400 1004 2041 1000
a contact +83300 +83400 2041 1004 1000
a contact +83500 +83600 2004 2046 1000
a contact +83500 +83600 2046 2004 1000
a contact +83800 +83900 2021 2031 1000
a contact +83800 +83900 2031 2021 1000
a contact +83900 +84000 2004 2049 1000
a contact +83900 +84000 2049 2004 1000
a contact +84200 +84300 1002 2038 1000
a contact +84200 +84300 2018 2035 1000
a contact +84200 +84300 2019 2030 1000
a contact +84200 +84300 2030 2019 1000
a contact +84200 +84300 2035 2018 1000
a contact +84200 +84300 2038 1002 1000
a contact +84400 +84500 2003 2043 1000
a contact +84400 +84500 2004 2042 1000
a contact +84400 +84500 2012 2049 1000
a contact +84400 +84500 2042 2004 1000
a contact +84400 +84500 2043 2003 1000
a contact +84400 +84500 2049 2012 1000
a contact +84500 +84600 1001 2020 1000
a contact +84500 +84600 2020 1001 1000
a contact +84700 +84800 2011 2014 1000
a contact +84700 +84800 2014 2011 1000
a contact +84700 +84800 2042 2044 1000
a contact +84700 +84800 2044 2042 1000
a contact +84900 +85000 1001 2022 1000
a contact +84900 +85000 2022 1001 1000
a contact +85300 +85400 1004 2018 1000
a contact +85300 +85400 2005 2052 1000
a contact +85300 +85400 2018 1004 1000
a contact +85300 +85400 2036 2051 1000
a contact +85300 +85400 2051 2036 1000
a contact +85300 +85400 2052 2005 1000
a contact +85600 +85700 2018 2052 1000
a contact +85600 +85700 2052 2018 1000
a contact +85700 +85800 2012 2038 1000
a contact +85700 +85800 2038 2012 1000
a contact +85800 +85900 1003 2011 1000
a contact +85800 +85900 2011 1003 1000
a contact +85900 +86000 1002 2011 1000
a contact +85900 +86000 1004 2015 1000
a contact +85900 +86000 2005 2029 1000
a contact +85900 +86000 2008 2036 1000
a contact +85900 +86000 2010 9002 1000
a contact +85900 +86000 2011 1002 1000
a contact +85900 +86000 2015 1004 1000
a contact +85900 +86000 2029 2005 1000
a contact +85900 +86000 2036 2008 1000
a contact +85900 +86000 9002 2010 1000
a contact +86100 +86200 2027 2044 1000
a contact +86100 +86200 2044 2027 1000
a contact +86200 +86300 1003 2014 1000
a contact +86200 +86300 2014 1003 1000

a range +100 +200 2003 9001 1102.3428
a range +100 +200 9001 2003 1102.3428
a range +200 +400 2016 2043 0.0101
a range +200 +400 2021 2037 0.0307
a range +200 +400 2037 2021 0.0307
a range +200 +400 2043 2016 0.0101
a range +400 +500 2016 2042 0.0138
a range +400 +500 2042 2016 0.0138
a range +1000 +1100 2004 2020 0.0326
a range +1000 +1100 2020 2004 0.0326
a range +1800 +1900 2028 2044 0.0299
a range +1800 +1900 2044 2028 0.0299
a range +1900 +2000 2018 2020 0.0226
a range +1900 +2000 2020 2018 0.0226
a range +2300 +2400 1001 1004 0.0837
a range +2300 +2400 1004 1001 0.0837
a range +2600 +2700 1001 2038 1101.9393
a range +2600 +2700 2038 1001 1101.9393
a range +2700 +2800 1003 2025 1101.8207
a range +2700 +2800 2025 1003 1101.8207
a range +2800 +2900 1004 2025 1101.9011
a range +2800 +2900 2002 2005 0.0322
a range +2800 +2900 2005 2002 0.0322
a range +2800 +2900 2025 1004 1101.9011
a range +2900 +3000 1002 2038 1101.8565
a range +2900 +3000 2023 2051 0.0191
a range +2900 +3000 2038 1002 1101.8565
a range +2900 +3000 2051 2023 0.0191
a range +3000 +3100 2009 9001 1102.3265
a range +3000 +3100 9001 2009 1102.3265
a range +3100 +3200 1003 2005 1102.2458
a range +3100 +3200 2005 1003 1102.2458
a range +3200 +3300 2029 2051 0.0412
a range +3200 +3300 2051 2029 0.0412
a range +3400 +3500 1002 2007 1102.4578
a range +3400 +3500 2007 1002 1102.4578
a range +3400 +3500 2017 2038 0.043
a range +3400 +3500 2035 2049 0.0131
a range +3400 +3500 2037 2048 0.0211
a range +3400 +3500 2038 2017 0.043
a range +3400 +3500 2048 2037 0.0211
a range +3400 +3500 2049 2035 0.0131
a range +3500 +3600 2006 2021 0.0279
a range +3500 +3600 2021 2006 0.0279
a range +3600 +3700 2026 2048 0.0432
a range +3600 +3700 2048 2026 0.0432
a range +3700 +3800 1004 2017 1101.9882
a range +3700 +3800 2017 1004 1101.9882
a range +3700 +3800 2030 9001 1102.3434
a range +3700 +3800 9001 2030 1102.3434
a range +3800 +3900 2016 2025 0.04
a range +3800 +3900 2025 2016 0.04
a range +3800 +3900 2026 2051 0.0307
a range +3800 +3900 2051 2026 0.0307
a range +4200 +4300 2004 2035 0.043
a range +4200 +4300 2035 2004 0.043
a range +4500 +4600 2001 2040 0.0432
a range +4500 +4600 2040 2001 0.0432
a range +5000 +5100 2009 2035 0.0209
a range +5000 +5100 2035 2009 0.0209
a range +5000 +5100 2052 9001 1102.3304
a range +5000 +5100 9001 2052 1102.3304
a range +5100 +5200 2008 2011 0.0322
a range +5100 +5200 2011 2008 0.0322
a range +5600 +5700 1001 2018 1102.2036
a range +5600 +5700 2018 1001 1102.2036
a range +5800 +5900 2007 2037 0.0432
a range +5800 +5900 2037 2007 0.0432
a range +5900 +6000 2018 2047 0.04
a range +5900 +6000 2047 2018 0.04
a range +6100 +6200 2015 2049 0.0433
a range +6100 +6200 2049 2015 0.0433
a range +6300 +6400 2005 2022 0.0413
a range +6300 +6400 2022 2005 0.0413
a range +6800 +6900 2026 2037 0.0247
a range +6800 +6900 2037 2026 0.0247
a range +7000 +7100 1002 2031 1102.2988
a range +7000 +7100 2031 1002 1102.2988
a range +7100 +7200 2010 2040 0.0434
a range +7100 +7200 2040 2010 0.0434
a range +7200 +7300 2002 2031 0.0235
a range +7200 +7300 2012 2040 0.0434
a range +7200 +7300 2031 2002 0.0235
a range +7200 +7300 2040 2012 0.0434
a range +7300 +7400 1002 2041 1102.4699
a range +7300 +7400 2021 2043 0.0431
a range +7300 +7400 2041 1002 1102.4699
a range +7300 +7400 2043 2021 0.0431
a range +7400 +7500 2024 2027 0.0338
a range +7400 +7500 2025 2052 0.0307
a range +7400 +7500 2027 2024 0.0338
a range +7400 +7500 2052 2025 0.0307
a range +7500 +7600 1002 9002 0.0591
a range +7500 +7600 2023 2025 0.0226
a range +7500 +7600 2025 2023 0.0226
a range +7500 +7600 9002 1002 0.0591
a range +7600 +7700 2017 2019 0.0226
a range +7600 +7700 2019 2017 0.0226
a range +7900 +8000 1001 2004 1102.6817
a range +7900 +8000 2004 1001 1102.6817
a range +8800 +8900 1004 2043 1102.9167
a range +8800 +8900 2043 1004 1102.9167
a range +8900 +9000 2019 2040 0.0432
a range +8900 +9000 2040 2019 0.0432
a range +9400 +9500 2012 2015 0.0351
a range +9400 +9500 2014 2024 0.0322
a range +9400 +9500 2015 2012 0.0351
a range +9400 +9500 2024 2014 0.0322
a range +9800 +9900 2046 2047 0.0116
a range +9800 +9900 2047 2046 0.0116
a range +10200 +10300 2010 2011 0.0116
a range +10200 +10300 2011 2010 0.0116
a range +10300 +10400 2032 2041 0.0369
a range +10300 +10400 2041 2032 0.0369
a range +10500 +10600 1004 2047 1102.9262
a range +10500 +10600 2047 1004 1102.9262
a range +10600 +10700 2013 2025 0.0193
a range +10600 +10700 2022 2038 0.0298
a range +10600 +10700 2025 2013 0.0193
a range +10600 +10700 2038 2022 0.0298
a range +10700 +10800 2013 2044 0.0433
a range +10700 +10800 2044 2013 0.0433
a range +11000 +11100 1004 2015 1102.3769
a range +11000 +11100 2015 1004 1102.3769
a range +11100 +11200 2026 2039 0.0178
a range +11100 +11200 2039 2026 0.0178
a range +11300 +11400 2003 2025 0.0412
a range +11300 +11400 2025 2003 0.0412
a range +11400 +11500 2023 9001 1102.312
a range +11400 +11500 9001 2023 1102.312
a range +11700 +11800 2025 2043 0.0432
a range +11700 +11800 2043 2025 0.0432
a range +11800 +11900 2010 2023 0.0032
a range +11800 +11900 2023 2010 0.0032
a range +11900 +12000 2013 9002 1103.3802
a range +11900 +12000 9002 2013 1103.3802
a range +12200 +12300 2007 2046 0.043
a range +12200 +12300 2046 2007 0.043
a range +13000 +13100 2012 2040 0.0433
a range +13000 +13100 2040 2012 0.0433
a range +13600 +13700 1004 2030 1102.3068
a range +13600 +13700 2009 2043 0.0431
a range +13600 +13700 2030 1004 1102.3068
a range +13600 +13700 2043 2009 0.0431
a range +13700 +13800 2032 9002 1102.9445
a range +13700 +13800 9002 2032 1102.9445
a range +13800 +13900 2013 2038 0.0307
a range +13800 +13900 2038 2013 0.0307
a range +14100 +14200 2005 2034 0.04
a range +14100 +14200 2034 2005 0.04
a range +14200 +14300 2018 2021 0.0322
a range +14200 +14300 2021 2018 0.0322
a range +14300 +14400 2001 2032 0.0432
a range +14300 +14400 2032 2001 0.0432
a range +14400 +14500 2010 2013 0.0322
a range +14400 +14500 2013 2010 0.0322
a range +14600 +14700 2006 2030 0.0241
a range +14600 +14700 2030 2006 0.0241
a range +14700 +14800 1003 2020 1102.8585
a range +14700 +14800 2020 1003 1102.8585
a range +14900 +15000 1002 2025 1102.4569
a range +14900 +15000 2025 1002 1102.4569
a range +15000 +15100 1004 2033 1102.9392
a range +15000 +15100 2033 1004 1102.9392
a range +15000 +15100 2046 2049 0.0322
a range +15000 +15100 2049 2046 0.0322
a range +15200 +15300 1004 2025 1102.5579
a range +15200 +15300 2025 1004 1102.5579
a range +15400 +15500 2019 2046 0.0339
a range +15400 +15500 2046 2019 0.0339
a range +16000 +16100 1002 2012 1102.4598
a range +16000 +16100 2012 1002 1102.4598
a range +16300 +16400 2026 2039 0.0178
a range +16300 +16400 2039 2026 0.0178
a range +16400 +16500 1003 2027 1102.4983
a range +16400 +16500 2027 1003 1102.4983
a range +17100 +17200 2003 2052 0.043
a range +17100 +17200 2052 2003 0.043
a range +17400 +17500 2023 2047 0.0263
a range +17400 +17500 2047 2023 0.0263
a range +18700 +18800 2003 2036 0.0431
a range +18700 +18800 2016 2045 0.0251
a range +18700 +18800 2036 2003 0.0431
a range +18700 +18800 2045 2016 0.0251
a range +18900 +19000 2051 2052 0.0116
a range +18900 +19000 2052 2051 0.0116
a range +19300 +19400 2002 2027 0.0323
a range +19300 +19400 2027 2002 0.0323
a range +20000 +20100 2015 2052 0.0373
a range +20000 +20100 2052 2015 0.0373
a range +21200 +21300 2019 2049 0.0432
a range +21200 +21300 2049 2019 0.0432
a range +21200 +21400 1003 2009 1103.1369
a range +21200 +21400 2009 1003 1103.1369
a range +21300 +21400 2016 2046 0.0431
a range +21300 +21400 2023 2052 0.029
a range +21300 +21400 2046 2016 0.0431
a range +21300 +21400 2052 2023 0.029
a range +21600 +21700 1004 2005 1102.9213
a range +21600 +21700 2005 1004 1102.9213
a range +21600 +21700 2016 2043 0.0101
a range +21600 +21700 2035 2038 0.0322
a range +21600 +21700 2038 2035 0.0322
a range +21600 +21700 2043 2016 0.0101
a range +21700 +21800 1004 2013 1102.9093
a range +21700 +21800 2013 1004 1102.9093
a range +21800 +21900 2001 2011 0.0322
a range +21800 +21900 2011 2001 0.0322
a range +22100 +22200 2002 2025 0.0351
a range +22100 +22200 2025 2002 0.0351
a range +22500 +22600 2017 2052 0.043
a range +22500 +22600 2052 2017 0.043
a range +22700 +22800 2037 2052 0.0247
a range +22700 +22800 2052 2037 0.0247
a range +22800 +22900 2007 2049 0.043
a range +22800 +22900 2009 2025 0.0298
a range +22800 +22900 2025 2009 0.0298
a range +22800 +22900 2049 2007 0.043
a range +22900 +23000 2004 2016 0.0112
a range +22900 +23000 2016 2004 0.0112
a range +23300 +23400 2011 2034 0.0266
a range +23300 +23400 2034 2011 0.0266
a range +23500 +23600 2025 2035 0.0298
a range +23500 +23600 2035 2025 0.0298
a range +23600 +23700 2009 2046 0.0431
a range +23600 +23700 2046 2009 0.0431
a range +23700 +23800 2033 9002 1102.8892
a range +23700 +23800 9002 2033 1102.8892
a range +24100 +24200 2001 2038 0.0365
a range +24100 +24200 2038 2001 0.0365
a range +24600 +24700 2023 2024 0.0116
a range +24600 +24700 2024 2023 0.0116
a range +24700 +24800 2002 2036 0.0431
a range +24700 +24800 2036 2002 0.0431
a range +24700 +24800 2046 2049 0.0322
a range +24700 +24800 2049 2046 0.0322
a range +24900 +25000 2014 2027 0.0182
a range +24900 +25000 2027 2014 0.0182
a range +25100 +25200 2046 2048 0.0226
a range +25100 +25200 2048 2046 0.0226
a range +25700 +25800 2031 2034 0.0322
a range +25700 +25800 2034 2031 0.0322
a range +26500 +26600 2001 2046 0.0432
a range +26500 +26600 2005 2050 0.0432
a range +26500 +26600 2024 2033 0.0386
a range +26500 +26600 2033 2024 0.0386
a range +26500 +26600 2046 2001 0.0432
a range +26500 +26600 2050 2005 0.0432
a range +26800 +26900 2029 2031 0.0226
a range +26800 +26900 2031 2029 0.0226
a range +26900 +27000 1002 2008 1103.3677
a range +26900 +27000 1003 2010 1103.1355
a range +26900 +27000 2008 1002 1103.3677
a range +26900 +27000 2010 1003 1103.1355
a range +27000 +27100 1001 2008 1103.6071
a range +27000 +27100 2008 1001 1103.6071
a range +27100 +27200 1003 9003 0.0595
a range +27100 +27200 9003 1003 0.0595
a range +27200 +27300 2004 2035 0.0432
a range +27200 +27300 2035 2004 0.0432
a range +27400 +27500 2028 2046 0.043
a range +27400 +27500 2046 2028 0.043
a range +27500 +27600 2002 2038 0.0412
a range +27500 +27600 2038 2002 0.0412
a range +27800 +27900 2001 2022 0.043
a range +27800 +27900 2022 2001 0.043
a range +28000 +28100 2030 2040 0.0318
a range +28000 +28100 2040 2030 0.0318
a range +28200 +28300 2035 2051 0.0298
a range +28200 +28300 2051 2035 0.0298
a range +28800 +28900 2028 2050 0.041
a range +28800 +28900 2050 2028 0.041
a range +29000 +29100 2042 2044 0.0226
a range +29000 +29100 2044 2042 0.0226
a range +29200 +29300 2009 2018 0.0413
a range +29200 +29300 2018 2009 0.0413
a range +29400 +29500 2001 2029 0.0312
a range +29400 +29500 2029 2001 0.0312
a range +30000 +30100 1002 2019 1102.8753
a range +30000 +30100 2014 2030 0.0318
a range +30000 +30100 2019 1002 1102.8753
a range +30000 +30100 2030 2014 0.0318
a range +30200 +30300 1001 2043 1103.5923
a range +30200 +30300 2016 2017 0.0116
a range +30200 +30300 2017 2016 0.0116
a range +30200 +30300 2043 1001 1103.5923
a range +30300 +30400 2012 2045 0.0434
a range +30300 +30400 2021 2037 0.0307
a range +30300 +30400 2037 2021 0.0307
a range +30300 +30400 2045 2012 0.0434
a range +30500 +30600 2049 2052 0.0322
a range +30500 +30600 2052 2049 0.0322
a range +30600 +30700 1002 2014 1103.2377
a range +30600 +30700 2014 1002 1103.2377
a range +30700 +30800 1002 2039 1103.335
a range +30700 +30800 2017 2032 0.023
a range +30700 +30800 2032 2017 0.023
a range +30700 +30800 2039 1002 1103.335
a range +30900 +31000 2011 2012 0.0116
a range +30900 +31000 2012 2011 0.0116
a range +31100 +31200 2038 9003 1103.3371
a range +31100 +31200 9003 2038 1103.3371
a range +31200 +31300 2040 2052 0.0116
a range +31200 +31300 2052 2040 0.0116
a range +31300 +31400 2027 2042 0.0254
a range +31300 +31400 2042 2027 0.0254
a range +31800 +31900 1003 9001 0.0594
a range +31800 +31900 2013 2023 0.0313
a range +31800 +31900 2023 2013 0.0313
a range +31800 +31900 9001 1003 0.0594
a range +32000 +32100 2028 2039 0.0226
a range +32000 +32100 2039 2028 0.0226
a range +32200 +32300 2002 2050 0.0432
a range +32200 +32300 2050 2002 0.0432
a range +32400 +32500 1003 2011 1103.1366
a range +32400 +32500 2011 1003 1103.1366
a range +32600 +32700 1003 2017 1103.0927
a range +32600 +32700 2017 1003 1103.0927
a range +32900 +33000 1001 2008 1103.6071
a range +32900 +33000 2008 1001 1103.6071
a range +32900 +33000 2036 2045 0.0406
a range +32900 +33000 2045 2036 0.0406
a range +33100 +33200 2021 2051 0.0431
a range +33100 +33200 2051 2021 0.0431
a range +33300 +33400 2003 2051 0.0435
a range +33300 +33400 2051 2003 0.0435
a range +33500 +33600 2020 2034 0.0212
a range +33500 +33600 2034 2020 0.0212
a range +33600 +33700 2018 2030 0.0121
a range +33600 +33700 2030 2018 0.0121
a range +33700 +33800 1002 2044 1103.3666
a range +33700 +33800 2044 1002 1103.3666
a range +34000 +34100 2003 2033 0.0432
a range +34000 +34100 2020 2031 0.0263
a range +34000 +34100 2031 2020 0.0263
a range +34000 +34100 2033 2003 0.0432
a range +34100 +34200 1002 2049 1103.3765
a range +34100 +34200 2008 2030 0.0431
a range +34100 +34200 2030 2008 0.0431
a range +34100 +34200 2049 1002 1103.3765
a range +34300 +34500 2012 2038 0.0245
a range +34300 +34500 2038 2012 0.0245
a range +34600 +34700 2013 2024 0.0247
a range +34600 +34700 2024 2013 0.0247
a range +34700 +34800 2009 2034 0.0281
a range +34700 +34800 2034 2009 0.0281
a range +35200 +35300 1004 2018 1103.7608
a range +35200 +35300 2018 1004 1103.7608
a range +35300 +35400 1002 2028 1103.1837
a range +35300 +35400 2004 2052 0.0432
a range +35300 +35400 2007 2044 0.0434
a range +35300 +35400 2013 2039 0.0329
a range +35300 +35400 2028 1002 1103.1837
a range +35300 +35400 2039 2013 0.0329
a range +35300 +35400 2044 2007 0.0434
a range +35300 +35400 2052 2004 0.0432
a range +35700 +35800 2024 2038 0.0145
a range +35700 +35800 2038 2024 0.0145
a range +35800 +35900 2014 2047 0.0433
a range +35800 +35900 2047 2014 0.0433
a range +36000 +36100 2014 2017 0.0322
a range +36000 +36100 2017 2014 0.0322
a range +36400 +36500 2009 2012 0.0322
a range +36400 +36500 2012 2009 0.0322
a range +36400 +36500 2034 2035 0.0116
a range +36400 +36500 2035 2034 0.0116
a range +36600 +36700 2010 2044 0.0431
a range +36600 +36700 2011 2020 0.0386
a range +36600 +36700 2020 2011 0.0386
a range +36600 +36700 2044 2010 0.0431
a range +36600 +36700 2052 9002 1103.3784
a range +36600 +36700 9002 2052 1103.3784
a range +37100 +37200 2010 2052 0.043
a range +37100 +37200 2052 2010 0.043
a range +37800 +37900 2022 2048 0.0209
a range +37800 +37900 2048 2022 0.0209
a range +38000 +38100 2029 2044 0.0209
a range +38000 +38100 2044 2029 0.0209
a range +38200 +38300 2016 2030 0.0112
a range +38200 +38300 2030 2016 0.0112
a range +38200 +38300 2032 2042 0.0303
a range +38200 +38300 2042 2032 0.0303
a range +38400 +38500 2002 2050 0.0432
a range +38400 +38500 2039 2049 0.0313
a range +38400 +38500 2049 2039 0.0313
a range +38400 +38500 2050 2002 0.0432
a range +38600 +38700 1001 2011 1103.6007
a range +38600 +38700 2011 1001 1103.6007
a range +38700 +38800 1002 2007 1103.3644
a range +38700 +38800 2007 1002 1103.3644
a range +38800 +38900 1002 2008 1103.3677
a range +38800 +38900 1004 2011 1103.814
a range +38800 +38900 2008 1002 1103.3677
a range +38800 +38900 2011 1004 1103.814
a range +39000 +39100 1003 2047 1104.045
a range +39000 +39100 1004 2008 1103.8229
a range +39000 +39100 2008 1004 1103.8229
a range +39000 +39100 2047 1003 1104.045
a range +39100 +39200 1004 2012 1103.8153
a range +39100 +39200 2012 1004 1103.8153
a range +39300 +39400 2003 2016 0.0075
a range +39300 +39400 2016 2003 0.0075
a range +39400 +39500 2020 2050 0.0432
a range +39400 +39500 2050 2020 0.0432
a range +39500 +39600 2003 2019 0.0303
a range +39500 +39600 2012 2039 0.0307
a range +39500 +39600 2019 2003 0.0303
a range +39500 +39600 2039 2012 0.0307
a range +39600 +39700 2005 2020 0.0263
a range +39600 +39700 2011 2039 0.0292
a range +39600 +39700 2020 2005 0.0263
a range +39600 +39700 2039 2011 0.0292
a range +39700 +39800 2005 2022 0.0413
a range +39700 +39800 2022 2005 0.0413
a range +39800 +39900 2005 2018 0.0098
a range +39800 +39900 2018 2005 0.0098
a range +40400 +40500 2017 2029 0.0112
a range +40400 +40500 2029 2017 0.0112
a range +40400 +40500 2049 2050 0.0116
a range +40400 +40500 2050 2049 0.0116
a range +40900 +41000 2021 9002 1103.3682
a range +40900 +41000 2022 2036 0.0131
a range +40900 +41000 2036 2022 0.0131
a range +40900 +41000 9002 2021 1103.3682
a range +41000 +41100 2011 2012 0.0116
a range +41000 +41100 2012 2011 0.0116
a range +41100 +41200 2029 2031 0.0226
a range +41100 +41200 2031 2029 0.0226
a range +41300 +41400 2009 2045 0.043
a range +41300 +41400 2045 2009 0.043
a range +41400 +41500 2032 2034 0.0226
a range +41400 +41500 2034 2032 0.0226
a range +41700 +41800 2004 2040 0.0434
a range +41700 +41800 2040 2004 0.0434
a range +42000 +42100 1002 9001 0.0593
a range +42000 +42100 9001 1002 0.0593
a range +42600 +42700 1004 2002 1103.8284
a range +42600 +42700 2002 1004 1103.8284
a range +42600 +42700 2009 2049 0.043
a range +42600 +42700 2049 2009 0.043
a range +42800 +42900 2010 2024 0.0108
a range +42800 +42900 2024 2010 0.0108
a range +43200 +43300 2003 2047 0.0435
a range +43200 +43300 2047 2003 0.0435
a range +43300 +43400 2025 9003 1104.0407
a range +43300 +43400 9003 2025 1104.0407
a range +43500 +43600 2014 2031 0.0377
a range +43500 +43600 2031 2014 0.0377
a range +43500 +43600 2036 2051 0.0216
a range +43500 +43600 2051 2036 0.0216
a range +43600 +43700 2005 2027 0.0432
a range +43600 +43700 2027 2005 0.0432
a range +43800 +43900 2040 2051 0.0226
a range +43800 +43900 2051 2040 0.0226
a range +44000 +44100 2035 2045 0.0349
a range +44000 +44100 2045 2035 0.0349
a range +44100 +44200 2043 9003 1104.7553
a range +44100 +44200 9003 2043 1104.7553
a range +44300 +44400 2021 2049 0.0263
a range +44300 +44400 2049 2021 0.0263
a range +44400 +44500 2010 2039 0.029
a range +44400 +44500 2022 2040 0.0431
a range +44400 +44500 2039 2010 0.029
a range +44400 +44500 2040 2022 0.0431
a range +44500 +44600 2010 2033 0.0352
a range +44500 +44600 2033 2010 0.0352
a range +44600 +44700 1004 2024 1103.8016
a range +44600 +44700 2024 1004 1103.8016
a range +45100 +45200 2002 2032 0.043
a range +45100 +45200 2032 2002 0.043
a range +45400 +45500 2008 2035 0.0281
a range +45400 +45500 2035 2008 0.0281
a range +46200 +46300 2025 2026 0.0116
a range +46200 +46300 2026 2025 0.0116
a range +46300 +46400 2029 2039 0.0322
a range +46300 +46400 2039 2029 0.0322
a range +46400 +46500 2010 2048 0.0433
a range +46400 +46500 2048 2010 0.0433
a range +46600 +46700 1003 2046 1104.0438
a range +46600 +46700 2002 2050 0.0431
a range +46600 +46700 2019 2030 0.023
a range +46600 +46700 2030 2019 0.023
a range +46600 +46700 2046 1003 1104.0438
a range +46600 +46700 2050 2002 0.0431
a range +46900 +47000 1004 2017 1103.8281
a range +46900 +47000 2007 2010 0.0322
a range +46900 +47000 2010 2007 0.0322
a range +46900 +47000 2017 1004 1103.8281
a range +47000 +47100 2008 2010 0.0226
a range +47000 +47100 2010 2008 0.0226
a range +47300 +47400 1004 2023 1103.8038
a range +47300 +47400 2009 2050 0.0432
a range +47300 +47400 2023 1004 1103.8038
a range +47300 +47400 2050 2009 0.0432
a range +47600 +47700 2035 2037 0.0226
a range +47600 +47700 2037 2035 0.0226
a range +47700 +47800 1002 2004 1104.2706
a range +47700 +47800 2004 1002 1104.2706
a range +48000 +48100 2014 2042 0.0312
a range +48000 +48100 2042 2014 0.0312
a range +48200 +48300 2035 2052 0.0374
a range +48200 +48300 2052 2035 0.0374
a range +48300 +48400 2001 2031 0.0432
a range +48300 +48400 2031 2001 0.0432
a range +48500 +48600 2021 2035 0.0181
a range +48500 +48600 2035 2021 0.0181
a range +48900 +49000 2036 2045 0.0406
a range +48900 +49000 2045 2036 0.0406
a range +49100 +49200 2007 2032 0.0339
a range +49100 +49200 2032 2007 0.0339
a range +49400 +49500 2011 2032 0.0433
a range +49400 +49500 2032 2011 0.0433
a range +49500 +49600 2011 2035 0.017
a range +49500 +49600 2035 2011 0.017
a range +49900 +50000 2007 2034 0.0347
a range +49900 +50000 2034 2007 0.0347
a range +50000 +50100 2002 2026 0.0277
a range +50000 +50100 2026 2002 0.0277
a range +50100 +50200 1004 2033 1103.8315
a range +50100 +50200 2010 2032 0.0432
a range +50100 +50200 2032 2010 0.0432
a range +50100 +50200 2033 1004 1103.8315
a range +50300 +50400 1004 2020 1103.8318
a range +50300 +50400 2020 1004 1103.8318
a range +50600 +50700 1002 2020 1104.2895
a range +50600 +50700 2020 1002 1104.2895
a range +50700 +50800 2005 2048 0.0431
a range +50700 +50800 2019 2032 0.016
a range +50700 +50800 2032 2019 0.016
a range +50700 +50800 2048 2005 0.0431
a range +51000 +51100 1001 2025 1103.9978
a range +51000 +51100 2025 1001 1103.9978
a range +51200 +51300 1004 2043 1103.8324
a range +51200 +51300 2043 1004 1103.8324
a range +51400 +51500 2024 2033 0.0386
a range +51400 +51500 2033 2024 0.0386
a range +51500 +51600 2006 2009 0.0322
a range +51500 +51600 2009 2006 0.0322
a range +51600 +51700 2021 2037 0.0307
a range +51600 +51700 2028 2038 0.0322
a range +51600 +51700 2037 2021 0.0307
a range +51600 +51700 2038 2028 0.0322
a range +51900 +52000 2049 2051 0.0226
a range +51900 +52000 2051 2049 0.0226
a range +52100 +52200 1003 2012 1104.0602
a range +52100 +52200 1004 2009 1103.8183
a range +52100 +52200 2009 1004 1103.8183
a range +52100 +52200 2012 1003 1104.0602
a range +52500 +52600 1004 2012 1103.8153
a range +52500 +52600 2012 1004 1103.8153
a range +52700 +52800 2023 2040 0.0432
a range +52700 +52800 2040 2023 0.0432
a range +52900 +53000 2039 2048 0.0374
a range +52900 +53000 2048 2039 0.0374
a range +53100 +53200 2019 2044 0.0258
a range +53100 +53200 2044 2019 0.0258
a range +53200 +53300 2031 2044 0.0098
a range +53200 +53300 2044 2031 0.0098
a range +53300 +53400 1004 9002 0.0591
a range +53300 +53400 9002 1004 0.0591
a range +53400 +53500 2005 2043 0.0431
a range +53400 +53500 2043 2005 0.0431
a range +53600 +53700 2038 9001 1104.0656
a range +53600 +53700 9001 2038 1104.0656
a range +53700 +53800 2026 2051 0.0307
a range +53700 +53800 2051 2026 0.0307
a range +54000 +54100 2009 2019 0.0349
a range +54000 +54100 2011 2034 0.0266
a range +54000 +54100 2019 2009 0.0349
a range +54000 +54100 2034 2011 0.0266
a range +54400 +54500 2013 2030 0.043
a range +54400 +54500 2030 2013 0.043
a range +54400 +54500 2039 2052 0.0178
a range +54400 +54500 2052 2039 0.0178
a range +54500 +54600 1003 2008 1104.043
a range +54500 +54600 2006 2023 0.0406
a range +54500 +54600 2008 1003 1104.043
a range +54500 +54600 2023 2006 0.0406
a range +55600 +55700 2029 2043 0.0112
a range +55600 +55700 2043 2029 0.0112
a range +55900 +56000 2002 2027 0.0323
a range +55900 +56000 2027 2002 0.0323
a range +56000 +56100 2004 2028 0.0211
a range +56000 +56100 2028 2004 0.0211
a range +56400 +56500 2005 2044 0.043
a range +56400 +56500 2044 2005 0.043
a range +56800 +56900 2002 2051 0.0433
a range +56800 +56900 2034 2037 0.0322
a range +56800 +56900 2037 2034 0.0322
a range +56800 +56900 2051 2002 0.0433
a range +57200 +57300 2007 2008 0.0116
a range +57200 +57300 2008 2007 0.0116
a range +57300 +57400 2022 2035 0.0113
a range +57300 +57400 2028 2030 0.0226
a range +57300 +57400 2030 2028 0.0226
a range +57300 +57400 2035 2022 0.0113
a range +57500 +57700 2048 2050 0.0226
a range +57500 +57700 2050 2048 0.0226
a range +57700 +57800 2005 2051 0.0433
a range +57700 +57800 2051 2005 0.0433
a range +57800 +57900 1001 2052 1104.4999
a range +57800 +57900 2052 1001 1104.4999
a range +58000 +58100 2019 2049 0.0432
a range +58000 +58100 2049 2019 0.0432
a range +58300 +58400 2004 2039 0.0432
a range +58300 +58400 2039 2004 0.0432
a range +58700 +58800 2009 2024 0.0211
a range +58700 +58800 2021 2044 0.04
a range +58700 +58800 2024 2009 0.0211
a range +58700 +58800 2037 2051 0.0145
a range +58700 +58800 2044 2021 0.04
a range +58700 +58800 2051 2037 0.0145
a range +59000 +59100 2036 9001 1104.1739
a range +59000 +59100 9001 2036 1104.1739
a range +59600 +59700 2004 2017 0.0013
a range +59600 +59700 2017 2004 0.0013
a range +59700 +59800 2014 2040 0.0337
a range +59700 +59800 2024 2045 0.0431
a range +59700 +59800 2040 2014 0.0337
a range +59700 +59800 2045 2024 0.0431
a range +59800 +59900 1002 2038 1104.0729
a range +59800 +59900 2038 1002 1104.0729
a range +59900 +60000 2006 2020 0.0208
a range +59900 +60000 2020 2006 0.0208
a range +60200 +60300 2017 2038 0.0431
a range +60200 +60300 2038 2017 0.0431
a range +60300 +60400 2014 2042 0.0312
a range +60300 +60400 2042 2014 0.0312
a range +60600 +60700 2030 2051 0.0431
a range +60600 +60700 2051 2030 0.0431
a range +60900 +61000 1002 2032 1104.2789
a range +60900 +61000 2026 2029 0.0342
a range +60900 +61000 2029 2026 0.0342
a range +60900 +61000 2032 1002 1104.2789
a range +61300 +61400 1003 2022 1104.2513
a range +61300 +61400 2022 1003 1104.2513
a range +61500 +61600 2050 2052 0.0226
a range +61500 +61600 2052 2050 0.0226
a range +62100 +62200 2006 2048 0.0433
a range +62100 +62200 2028 2030 0.0226
a range +62100 +62200 2030 2028 0.0226
a range +62100 +62200 2048 2006 0.0433
a range +62200 +62300 2050 9001 1105.0553
a range +62200 +62300 9001 2050 1105.0553
a range +62400 +62500 2005 2046 0.043
a range +62400 +62500 2046 2005 0.043
a range +62500 +62600 1001 2013 1104.4981
a range +62500 +62600 2013 1001 1104.4981
a range +62700 +62800 2009 2049 0.0432
a range +62700 +62800 2049 2009 0.0432
a range +62800 +62900 2027 2037 0.0322
a range +62800 +62900 2037 2027 0.0322
a range +62900 +63000 1003 2016 1104.4997
a range +62900 +63000 2016 1003 1104.4997
a range +63000 +63100 2029 2042 0.0075
a range +63000 +63100 2042 2029 0.0075
a range +63500 +63600 2014 2031 0.0377
a range +63500 +63600 2031 2014 0.0377
a range +63600 +63700 1004 2037 1104.7348
a range +63600 +63700 2037 1004 1104.7348
a range +63700 +63800 2012 2027 0.0365
a range +63700 +63800 2027 2012 0.0365
a range +64300 +64400 2007 2040 0.0431
a range +64300 +64400 2020 2045 0.0339
a range +64300 +64400 2040 2007 0.0431
a range +64300 +64400 2045 2020 0.0339
a range +64400 +64500 2027 2048 0.043
a range +64400 +64500 2048 2027 0.043
a range +64600 +64700 2011 2028 0.0432
a range +64600 +64700 2028 2011 0.0432
a range +64600 +64700 2029 2046 0.0382
a range +64600 +64700 2046 2029 0.0382
a range +64700 +64800 2034 2050 0.0307
a range +64700 +64800 2050 2034 0.0307
a range +64900 +65000 2008 2031 0.04
a range +64900 +65000 2031 2008 0.04
a range +65000 +65100 2031 9001 1104.449
a range +65000 +65100 9001 2031 1104.449
a range +65300 +65400 2020 9001 1104.3204
a range +65300 +65400 9001 2020 1104.3204
a range +65500 +65600 2009 2031 0.043
a range +65500 +65600 2012 2036 0.0191
a range +65500 +65600 2031 2009 0.043
a range +65500 +65600 2036 2012 0.0191
a range +66400 +66500 2010 2048 0.0431
a range +66400 +66500 2048 2010 0.0431
a range +66500 +66600 2004 2046 0.0433
a range +66500 +66600 2008 2050 0.0431
a range +66500 +66600 2046 2004 0.0433
a range +66500 +66600 2050 2008 0.0431
a range +66600 +66700 2006 2051 0.0433
a range +66600 +66700 2022 2024 0.0226
a range +66600 +66700 2024 2022 0.0226
a range +66600 +66700 2025 2034 0.0371
a range +66600 +66700 2034 2025 0.0371
a range +66600 +66700 2051 2006 0.0433
a range +66700 +66800 2004 2039 0.0432
a range +66700 +66800 2009 2012 0.0322
a range +66700 +66800 2012 2009 0.0322
a range +66700 +66800 2039 2004 0.0432
a range +66800 +66900 2008 2051 0.043
a range +66800 +66900 2051 2008 0.043
a range +67000 +67100 2001 2013 0.0116
a range +67000 +67100 2013 2001 0.0116
a range +67200 +67300 1003 2040 1104.9544
a range +67200 +67300 2040 1003 1104.9544
a range +67800 +67900 2023 2026 0.0322
a range +67800 +67900 2026 2023 0.0322
a range +67900 +68000 2050 9001 1105.0553
a range +67900 +68000 9001 2050 1105.0553
a range +68000 +68100 2033 2036 0.0322
a range +68000 +68100 2036 2033 0.0322
a range +68100 +68200 2008 2042 0.0432
a range +68100 +68200 2021 9003 1104.7436
a range +68100 +68200 2042 2008 0.0432
a range +68100 +68200 9003 2021 1104.7436
a range +68300 +68400 2020 2035 0.0268
a range +68300 +68400 2035 2020 0.0268
a range +68400 +68500 1002 2014 1104.6187
a range +68400 +68500 2014 1002 1104.6187
a range +68500 +68600 2044 2045 0.0116
a range +68500 +68600 2045 2044 0.0116
a range +68700 +68800 2035 2051 0.0298
a range +68700 +68800 2051 2035 0.0298
a range +68800 +68900 2004 2018 0.0121
a range +68800 +68900 2016 2042 0.0138
a range +68800 +68900 2018 2004 0.0121
a range +68800 +68900 2042 2016 0.0138
a range +69500 +69600 2037 2052 0.0247
a range +69500 +69600 2052 2037 0.0247
a range +69600 +69700 1002 2043 1105.1138
a range +69600 +69700 1004 2047 1104.7258
a range +69600 +69700 2010 2022 0.0131
a range +69600 +69700 2016 2044 0.0161
a range +69600 +69700 2017 2038 0.043
a range +69600 +69700 2022 2010 0.0131
a range +69600 +69700 2038 2017 0.043
a range +69600 +69700 2043 1002 1105.1138
a range +69600 +69700 2044 2016 0.0161
a range +69600 +69700 2047 1004 1104.7258
a range +69700 +69800 1001 2027 1104.4967
a range +69700 +69800 2002 2039 0.0373
a range +69700 +69800 2013 2038 0.0307
a range +69700 +69800 2027 1001 1104.4967
a range +69700 +69800 2033 2045 0.0208
a range +69700 +69800 2038 2013 0.0307
a range +69700 +69800 2039 2002 0.0373
a range +69700 +69800 2045 2033 0.0208
a range +69900 +70000 2028 9001 1104.6129
a range +69900 +70000 9001 2028 1104.6129
a range +70000 +70100 2006 2036 0.0431
a range +70000 +70100 2029 9001 1104.5594
a range +70000 +70100 2036 2006 0.0431
a range +70000 +70100 9001 2029 1104.5594
a range +70200 +70300 2026 2051 0.0307
a range +70200 +70300 2051 2026 0.0307
a range +70300 +70400 1004 2019 1104.7179
a range +70300 +70400 2019 1004 1104.7179
a range +70400 +70500 2036 2046 0.0331
a range +70400 +70500 2039 2051 0.0193
a range +70400 +70500 2046 2036 0.0331
a range +70400 +70500 2051 2039 0.0193
a range +71000 +71100 2011 2039 0.0292
a range +71000 +71100 2039 2011 0.0292
a range +71100 +71200 2019 2047 0.0378
a range +71100 +71200 2029 2050 0.043
a range +71100 +71200 2047 2019 0.0378
a range +71100 +71200 2050 2029 0.043
a range +71200 +71300 2009 2037 0.017
a range +71200 +71300 2013 2041 0.0433
a range +71200 +71300 2024 2048 0.017
a range +71200 +71300 2037 2009 0.017
a range +71200 +71300 2041 2013 0.0433
a range +71200 +71300 2048 2024 0.017
a range +71400 +71500 1003 2045 1104.953
a range +71400 +71500 2045 1003 1104.953
a range +72300 +72400 1001 1004 0.0837
a range +72300 +72400 1004 1001 0.0837
a range +72300 +72400 2004 2007 0.0322
a range +72300 +72400 2007 2004 0.0322
a range +72300 +72400 2018 2033 0.0263
a range +72300 +72400 2033 2018 0.0263
a range +72400 +72500 2013 2043 0.0432
a range +72400 +72500 2043 2013 0.0432
a range +72500 +72600 2033 2034 0.0116
a range +72500 +72600 2034 2033 0.0116
a range +72500 +72600 2051 9001 1105.0519
a range +72500 +72600 9001 2051 1105.0519
a range +72600 +72700 2026 2037 0.0247
a range +72600 +72700 2037 2026 0.0247
a range +72700 +72800 2023 2026 0.0322
a range +72700 +72800 2026 2023 0.0322
a range +72800 +72900 2027 2029 0.0226
a range +72800 +72900 2029 2027 0.0226
a range +72900 +73000 2012 2013 0.0116
a range +72900 +73000 2013 2012 0.0116
a range +73000 +73100 1004 2031 1104.7276
a range +73000 +73100 2031 1004 1104.7276
a range +73300 +73400 2024 2035 0.0211
a range +73300 +73400 2035 2024 0.0211
a range +73800 +73900 2007 2016 0.0382
a range +73800 +73900 2016 2007 0.0382
a range +73900 +74000 2009 2010 0.0116
a range +73900 +74000 2010 2009 0.0116
a range +74200 +74300 2014 2046 0.0431
a range +74200 +74300 2046 2014 0.0431
a range +74900 +75100 2007 2039 0.043
a range +74900 +75100 2039 2007 0.043
a range +75500 +75600 2037 2047 0.0307
a range +75500 +75600 2047 2037 0.0307
a range +75800 +75900 2010 2034 0.0263
a range +75800 +75900 2034 2010 0.0263
a range +75900 +76000 2004 2040 0.0434
a range +75900 +76000 2040 2004 0.0434
a range +76500 +76600 2007 2018 0.0263
a range +76500 +76600 2018 2007 0.0263
a range +77500 +77600 2017 2051 0.0432
a range +77500 +77600 2051 2017 0.0432
a range +77600 +77700 2002 2003 0.0116
a range +77600 +77700 2003 2002 0.0116
a range +77800 +78000 2023 2032 0.0406
a range +77800 +78000 2025 2026 0.0116
a range +77800 +78000 2026 2025 0.0116
a range +77800 +78000 2027 2036 0.04
a range +77800 +78000 2032 2023 0.0406
a range +77800 +78000 2036 2027 0.04
a range +78100 +78200 2020 2033 0.0186
a range +78100 +78200 2033 2020 0.0186
a range +78100 +78200 2035 2038 0.0322
a range +78100 +78200 2038 2035 0.0322
a range +78300 +78400 2001 2003 0.0226
a range +78300 +78400 2003 2001 0.0226
a range +78400 +78500 2011 9001 1105.0546
a range +78400 +78500 2050 2052 0.0226
a range +78400 +78500 2052 2050 0.0226
a range +78400 +78500 9001 2011 1105.0546
a range +78700 +78800 2009 2012 0.0322
a range +78700 +78800 2010 2046 0.0432
a range +78700 +78800 2012 2009 0.0322
a range +78700 +78800 2046 2010 0.0432
a range +78800 +78900 1002 2039 1105.0924
a range +78800 +78900 2026 2038 0.0193
a range +78800 +78900 2038 2026 0.0193
a range +78800 +78900 2039 1002 1105.0924
a range +79700 +79800 2026 2047 0.0433
a range +79700 +79800 2047 2026 0.0433
a range +80000 +80100 2011 2025 0.0145
a range +80000 +80100 2025 2011 0.0145
a range +80100 +80200 2003 2032 0.0251
a range +80100 +80200 2032 2003 0.0251
a range +80500 +80600 2011 2020 0.0386
a range +80500 +80600 2019 2046 0.0339
a range +80500 +80600 2020 2011 0.0386
a range +80500 +80600 2033 2044 0.0263
a range +80500 +80600 2044 2033 0.0263
a range +80500 +80600 2046 2019 0.0339
a range +80600 +80700 2011 2037 0.0105
a range +80600 +80700 2015 2041 0.0268
a range +80600 +80700 2037 2011 0.0105
a range +80600 +80700 2041 2015 0.0268
a range +81000 +81100 2007 2019 0.0208
a range +81000 +81100 2019 2007 0.0208
a range +81000 +81100 2037 2046 0.0386
a range +81000 +81100 2046 2037 0.0386
a range +81100 +81200 2038 2050 0.0145
a range +81100 +81200 2050 2038 0.0145
a range +81200 +81300 1002 2009 1105.1199
a range +81200 +81300 1003 2013 1104.9587
a range +81200 +81300 2009 1002 1105.1199
a range +81200 +81300 2013 1003 1104.9587
a range +81400 +81500 2004 2015 0.0221
a range +81400 +81500 2015 2004 0.0221
a range +81900 +82000 2015 2036 0.043
a range +81900 +82000 2036 2015 0.043
a range +82000 +82100 2009 2032 0.0407
a range +82000 +82100 2025 2034 0.0371
a range +82000 +82100 2032 2009 0.0407
a range +82000 +82100 2034 2025 0.0371
a range +82100 +82200 2003 2028 0.0225
a range +82100 +82200 2028 2003 0.0225
a range +82300 +82400 2004 2018 0.0121
a range +82300 +82400 2018 2004 0.0121
a range +82400 +82500 2025 2039 0.0193
a range +82400 +82500 2039 2025 0.0193
a range +82500 +82600 2019 2041 0.0284
a range +82500 +82600 2041 2019 0.0284
a range +82800 +82900 2031 2033 0.0226
a range +82800 +82900 2033 2031 0.0226
a range +82900 +83000 2011 2052 0.0331
a range +82900 +83000 2016 2017 0.0116
a range +82900 +83000 2017 2016 0.0116
a range +82900 +83000 2052 2011 0.0331
a range +83000 +83100 1003 9003 0.0435
a range +83000 +83100 2018 2031 0.0098
a range +83000 +83100 2031 2018 0.0098
a range +83000 +83100 9003 1003 0.0435
a range +83100 +83200 2010 2052 0.0266
a range +83100 +83200 2052 2010 0.0266
a range +83200 +83300 2010 2050 0.0054
a range +83200 +83300 2013 2048 0.0205
a range +83200 +83300 2048 2013 0.0205
a range +83200 +83300 2050 2010 0.0054
a range +83300 +83400 1004 2041 1105.0213
a range +83300 +83400 2041 1004 1105.0213
a range +83500 +83600 2004 2046 0.0343
a range +83500 +83600 2046 2004 0.0343
a range +83800 +83900 2021 2031 0.0347
a range +83800 +83900 2031 2021 0.0347
a range +83900 +84000 2004 2049 0.0431
a range +83900 +84000 2049 2004 0.0431
a range +84200 +84300 1002 2038 1105.0979
a range +84200 +84300 2018 2035 0.0413
a range +84200 +84300 2019 2030 0.023
a range +84200 +84300 2030 2019 0.023
a range +84200 +84300 2035 2018 0.0413
a range +84200 +84300 2038 1002 1105.0979
a range +84400 +84500 2003 2043 0.0089
a range +84400 +84500 2004 2042 0.0089
a range +84400 +84500 2012 2049 0.0162
a range +84400 +84500 2042 2004 0.0089
a range +84400 +84500 2043 2003 0.0089
a range +84400 +84500 2049 2012 0.0162
a range +84500 +84600 1001 2020 1105.0125
a range +84500 +84600 2020 1001 1105.0125
a range +84700 +84800 2011 2014 0.0338
a range +84700 +84800 2014 2011 0.0338
a range +84700 +84800 2042 2044 0.0226
a range +84700 +84800 2044 2042 0.0226
a range +84900 +85000 1001 2022 1105.0438
a range +84900 +85000 2022 1001 1105.0438
a range +85300 +85400 1004 2018 1105.0396
a range +85300 +85400 2005 2052 0.0324
a range +85300 +85400 2018 1004 1105.0396
a range +85300 +85400 2036 2051 0.0216
a range +85300 +85400 2051 2036 0.0216
a range +85300 +85400 2052 2005 0.0324
a range +85600 +85700 2018 2052 0.0383
a range +85600 +85700 2052 2018 0.0383
a range +85700 +85800 2012 2038 0.0245
a range +85700 +85800 2038 2012 0.0245
a range +85800 +85900 1003 2011 1105.1084
a range +85800 +85900 2011 1003 1105.1084
a range +85900 +86000 1002 2011 1105.1104
a range +85900 +86000 1004 2015 1105.0098
a range +85900 +86000 2005 2029 0.0161
a range +85900 +86000 2008 2036 0.0263
a range +85900 +86000 2010 9002 1105.0668
a range +85900 +86000 2011 1002 1105.1104
a range +85900 +86000 2015 1004 1105.0098
a range +85900 +86000 2029 2005 0.0161
a range +85900 +86000 2036 2008 0.0263
a range +85900 +86000 9002 2010 1105.0668
a range +86100 +86200 2027 2044 0.0377
a range +86100 +86200 2044 2027 0.0377
a range +86200 +86300 1003 2014 1105.089
a range +86200 +86300 2014 1003 1105.089
