a contact +500 +700 2007 2030 1000
a contact +500 +700 2030 2007 1000
a contact +800 +900 2004 2032 1000
a contact +800 +900 2012 2018 1000
a contact +800 +900 2013 2027 1000
a contact +800 +900 2018 2012 1000
a contact +800 +900 2027 2013 1000
a contact +800 +900 2032 2004 1000
a contact +900 +1200 2012 2028 1000
a contact +900 +1200 2016 2022 1000
a contact +900 +1200 2022 2016 1000
a contact +900 +1200 2028 2012 1000
a contact +1400 +1600 2008 2016 1000
a contact +1400 +1600 2016 2008 1000
a contact +1800 +1900 2011 2019 1000
a contact +1800 +1900 2016 9002 1000
a contact +1800 +1900 2019 2011 1000
a contact +1800 +1900 9002 2016 1000
a contact +2400 +2500 2011 2029 1000
a contact +2400 +2500 2029 2011 1000
a contact +2600 +2800 1002 2008 1000
a contact +2600 +2800 2002 2011 1000
a contact +2600 +2800 2008 1002 1000
a contact +2600 +2800 2011 2002 1000
a contact +2600 +2800 2017 2031 1000
a contact +2600 +2800 2031 2017 1000
a contact +2800 +2900 2025 2031 1000
a contact +2800 +2900 2031 2025 1000
a contact +3100 +3200 2003 2031 1000
a contact +3100 +3200 2031 2003 1000
a contact +3200 +3600 2024 2030 1000
a contact +3200 +3600 2030 2024 1000
a contact +3700 +3900 2006 2024 1000
a contact +3700 +3900 2024 2006 1000
a contact +3900 +4000 2017 2028 1000
a contact +3900 +4000 2028 2017 1000
a contact +4000 +4200 1002 2020 1000
a contact +4000 +4200 2009 2028 1000
a contact +4000 +4200 2020 1002 1000
a contact +4000 +4200 2028 2009 1000
a contact +4200 +4300 2018 9001 1000
a contact +4200 +4300 9001 2018 1000
a contact +4500 +4700 2017 2024 1000
a contact +4500 +4700 2024 2017 1000
a contact +4700 +4900 2026 9001 1000
a contact +4700 +4900 9001 2026 1000
a contact +5500 +5600 2007 2014 1000
a contact +5500 +5600 2013 9002 1000
a contact +5500 +5600 2014 2007 1000
a contact +5500 +5600 9002 2013 1000
a contact +5900 +6100 2002 2023 1000
a contact +5900 +6100 2023 2002 1000
a contact +6500 +6600 2013 2027 1000
a contact +6500 +6600 2027 2013 1000
a contact +6600 +6800 2002 2019 1000
a contact +6600 +6800 2019 2002 1000
a contact +7000 +7100 1001 2010 1000
a contact +7000 +7100 2010 1001 1000
a contact +7100 +7200 2006 2013 1000
a contact +7100 +7200 2013 2006 1000
a contact +7300 +7600 2017 2030 1000
a contact +7300 +7600 2030 2017 1000
a contact +7600 +7800 1002 2032 1000
a contact +7600 +7800 2032 1002 1000
a contact +7800 +7900 2005 2029 1000
a contact +7800 +7900 2029 2005 1000
a contact +7900 +8300 2016 2032 1000
a contact +7900 +8300 2032 2016 1000
a contact +8400 +8500 2013 2014 1000
a contact +8400 +8500 2014 2013 1000
a contact +8400 +8500 2017 2031 1000
a contact +8400 +8500 2031 2017 1000
a contact +8900 +9000 2010 9002 1000
a contact +8900 +9000 9002 2010 1000
a contact +9000 +9200 1002 2018 1000
a contact +9000 +9200 2018 1002 1000
a contact +9400 +9600 2015 2025 1000
a contact +9400 +9600 2025 2015 1000
a contact +9600 +9700 1002 2016 1000
a contact +9600 +9700 2005 2011 1000
a contact +9600 +9700 2011 2005 1000
a contact +9600 +9700 2016 1002 1000
a contact +10000 +10100 2031 2032 1000
a contact +10000 +10100 2032 2031 1000
a contact +10300 +10600 2007 2008 1000
a contact +10300 +10600 2008 2007 1000
a contact +10600 +10700 2001 9001 1000
a contact +10600 +10700 9001 2001 1000
a contact +11600 +11700 2008 2024 1000
a contact +11600 +11700 2024 2008 1000
a contact +11700 +11800 2006 2028 1000
a contact +11700 +11800 2028 2006 1000
a contact +12000 +12300 2005 2018 1000
a contact +12000 +12300 2018 2005 1000
a contact +13900 +14100 2013 2029 1000
a contact +13900 +14100 2029 2013 1000
a contact +14400 +14600 2004 2017 1000
a contact +14400 +14600 2017 2004 1000
a contact +15300 +15400 2006 2026 1000
a contact +15300 +15400 2026 2006 1000
a contact +15500 +15700 2002 2032 1000
a contact +15500 +15700 2018 2028 1000
a contact +15500 +15700 2028 2018 1000
a contact +15500 +15700 2032 2002 1000
a contact +15700 +15800 2003 2024 1000
a contact +15700 +15800 2008 2019 1000
a contact +15700 +15800 2019 2008 1000
a contact +15700 +15800 2024 2003 1000
a contact +15800 +15900 2011 2019 1000
a contact +15800 +15900 2019 2011 1000
a contact +16400 +16500 2001 2030 1000
a contact +16400 +16500 2030 2001 1000
a contact +17200 +17300 2015 2025 1000
a contact +17200 +17300 2025 2015 1000
a contact +17900 +18100 2006 2027 1000
a contact +17900 +18100 2008 2029 1000
a contact +17900 +18100 2027 2006 1000
a contact +17900 +18100 2029 2008 1000
a contact +18100 +18300 2008 2021 1000
a contact +18100 +18300 2021 2008 1000
a contact +18400 +18600 2012 2030 1000
a contact +18400 +18600 2030 2012 1000
a contact +18800 +19000 2010 2018 1000
a contact +18800 +19000 2018 2010 1000
a contact +19100 +19200 2007 2018 1000
a contact +19100 +19200 2008 2028 1000
a contact +19100 +19200 2018 2007 1000
a contact +19100 +19200 2028 2008 1000
a contact +20100 +20200 2013 2029 1000
a contact +20100 +20200 2015 2031 1000
a contact +20100 +20200 2029 2013 1000
a contact +20100 +20200 2031 2015 1000
a contact +20200 +20400 2013 2023 1000
a contact +20200 +20400 2023 2013 1000
a contact +20500 +20700 2015 2016 1000
a contact +20500 +20700 2016 2015 1000
a contact +21000 +21200 2016 2030 1000
a contact +21000 +21200 2030 2016 1000
a contact +21200 +21400 2012 2031 1000
a contact +21200 +21400 2031 2012 1000
a contact +21400 +21500 2004 2012 1000
a contact +21400 +21500 2012 2004 1000
a contact +22000 +22100 1002 2012 1000
a contact +22000 +22100 2012 1002 1000
a contact +23000 +23100 2002 2008 1000
a contact +23000 +23100 2008 2002 1000
a contact +23200 +23300 2001 2011 1000
a contact +23200 +23300 2011 2001 1000
a contact +23300 +23500 1001 9003 1000
a contact +23300 +23500 2007 2030 1000
a contact +23300 +23500 2011 2025 1000
a contact +23300 +23500 2025 2011 1000
a contact +23300 +23500 2030 2007 1000
a contact +23300 +23500 9003 1001 1000
a contact +23700 +23800 1001 9003 1000
a contact +23700 +23800 9003 1001 1000
a contact +24100 +24400 1001 9003 1000
a contact +24100 +24400 9003 1001 1000
a contact +24400 +24800 2002 2022 1000
a contact +24400 +24800 2022 2002 1000
a contact +24800 +25200 1001 9003 1000
a contact +25100 +25200 2015 2028 1000
a contact +25100 +25200 2021 2029 1000
a contact +25100 +25200 2028 2015 1000
a contact +25100 +25200 2029 2021 1000
a contact +24800 +25200 9003 1001 1000
a contact +25200 +25400 2005 2018 1000
a contact +25100 +25400 2009 2030 1000
a contact +25200 +25400 2018 2005 1000
a contact +25100 +25400 2030 2009 1000
a contact +25400 +25600 1001 9003 1000
a contact +25400 +25600 9003 1001 1000
a contact +25700 +25900 2016 2024 1000
a contact +25700 +25900 2024 2016 1000
a contact +26000 +26100 2030 2031 1000
a contact +26000 +26100 2031 2030 1000
a contact +27100 +27200 2014 2029 1000
a contact +27100 +27200 2016 2031 1000
a contact +27100 +27200 2029 2014 1000
a contact +27100 +27200 2031 2016 1000
a contact +27300 +27500 2020 2027 1000
a contact +27300 +27500 2027 2020 1000
a contact +27800 +28000 2007 2031 1000
a contact +27800 +28000 2031 2007 1000
a contact +28300 +28400 2002 2017 1000
a contact +28300 +28400 2017 2002 1000
a contact +28400 +28500 2004 2012 1000
a contact +28400 +28500 2012 2004 1000
a contact +28500 +28800 1002 2016 1000
a contact +28500 +28800 2005 2031 1000
a contact +28500 +28800 2016 1002 1000
a contact +28500 +28800 2031 2005 1000
a contact +29600 +29800 1001 2019 1000
a contact +29600 +29800 2019 1001 1000
a contact +29800 +29900 2002 2003 1000
a contact +29800 +29900 2003 2002 1000
a contact +29900 +30100 2010 2025 1000
a contact +29900 +30100 2025 2010 1000
a contact +30100 +30200 2016 2031 1000
a contact +30100 +30200 2031 2016 1000
a contact +30200 +30400 2001 2023 1000
a contact +30200 +30400 2002 2027 1000
a contact +30200 +30400 2023 2001 1000
a contact +30200 +30400 2027 2002 1000
a contact +30500 +30600 2018 2028 1000
a contact +30500 +30600 2028 2018 1000
a contact +31100 +31200 1002 2019 1000
a contact +31100 +31200 2019 1002 1000
a contact +31400 +31500 1001 2004 1000
a contact +31400 +31500 2004 1001 1000
a contact +31500 +31800 2007 2019 1000
a contact +31500 +31800 2010 2018 1000
a contact +31500 +31800 2018 2010 1000
a contact +31500 +31800 2019 2007 1000
a contact +32400 +32500 2004 2005 1000
a contact +32400 +32500 2005 2004 1000
a contact +32400 +32500 2015 2026 1000
a contact +32400 +32500 2026 2015 1000
a contact +33200 +33300 1001 2027 1000
a contact +33200 +33300 1002 2029 1000
a contact +33200 +33300 2027 1001 1000
a contact +33200 +33300 2029 1002 1000
a contact +34200 +34300 2015 2029 1000
a contact +34200 +34300 2029 2015 1000
a contact +34500 +34600 2001 2022 1000
a contact +34500 +34600 2004 2013 1000
a contact +34500 +34600 2006 2015 1000
a contact +34500 +34600 2012 2031 1000
a contact +34500 +34600 2013 2004 1000
a contact +34500 +34600 2015 2006 1000
a contact +34500 +34600 2022 2001 1000
a contact +34500 +34600 2031 2012 1000
a contact +34900 +35000 2009 2030 1000
a contact +34900 +35000 2030 2009 1000
a contact +35000 +35100 2001 9003 1000
a contact +35000 +35100 9003 2001 1000
a contact +35600 +35800 2017 2030 1000
a contact +35600 +35800 2030 2017 1000
a contact +35800 +35900 2007 2027 1000
a contact +35800 +35900 2027 2007 1000
a contact +36100 +36200 2016 2030 1000
a contact +36100 +36200 2030 2016 1000
a contact +36200 +36600 2017 2024 1000
a contact +36200 +36600 2024 2017 1000
a contact +36900 +37000 2011 2030 1000
a contact +36900 +37000 2030 2011 1000
a contact +37000 +37200 2002 9003 1000
a contact +37000 +37200 2005 2012 1000
a contact +37000 +37200 2012 2005 1000
a contact +37000 +37200 9003 2002 1000
a contact +37700 +37900 2004 2013 1000
a contact +37700 +37900 2013 2004 1000
a contact +37900 +38000 2002 2013 1000
a contact +37900 +38000 2013 2002 1000
a contact +38600 +38900 2018 2026 1000
a contact +38600 +38900 2026 2018 1000
a contact +39100 +39300 2010 2020 1000
a contact +39100 +39300 2012 2022 1000
a contact +39100 +39300 2014 2024 1000
a contact +39100 +39300 2020 2010 1000
a contact +39100 +39300 2022 2012 1000
a contact +39100 +39300 2024 2014 1000
a contact +39800 +40000 2017 2027 1000
a contact +39800 +40000 2027 2017 1000
a contact +40600 +40800 1001 2008 1000
a contact +40600 +40800 2003 2031 1000
a contact +40600 +40800 2008 1001 1000
a contact +40600 +40800 2031 2003 1000
a contact +40900 +41100 2011 2031 1000
a contact +40900 +41100 2031 2011 1000
a contact +41100 +41300 2010 2019 1000
a contact +41100 +41300 2019 2010 1000
a contact +41600 +41700 2010 2031 1000
a contact +41600 +41700 2031 2010 1000
a contact +41900 +42000 2027 9002 1000
a contact +41900 +42000 9002 2027 1000
a contact +42600 +42700 2018 2032 1000
a contact +42600 +42700 2032 2018 1000
a contact +42900 +43100 2003 2010 1000
a contact +42900 +43100 2010 2003 1000
a contact +44000 +44100 2011 2032 1000
a contact +44000 +44100 2015 2028 1000
a contact +44000 +44100 2028 2015 1000
a contact +44000 +44100 2032 2011 1000
a contact +44300 +44500 2006 2030 1000
a contact +44300 +44500 2011 2017 1000
a contact +44300 +44500 2017 2011 1000
a contact +44300 +44500 2030 2006 1000
a contact +44700 +44800 2004 2005 1000
a contact +44700 +44800 2005 2004 1000
a contact +44700 +44800 2012 2018 1000
a contact +44700 +44800 2013 2029 1000
a contact +44700 +44800 2018 2012 1000
a contact +44700 +44800 2029 2013 1000
a contact +44800 +44900 2020 2029 1000
a contact +44800 +44900 2029 2020 1000
a contact +46400 +46600 2006 2013 1000
a contact +46400 +46600 2013 2006 1000
a contact +47300 +47400 2014 2020 1000
a contact +47300 +47400 2020 2014 1000
a contact +48400 +48500 2020 2030 1000
a contact +48400 +48500 2022 2032 1000
a contact +48400 +48500 2030 2020 1000
a contact +48400 +48500 2032 2022 1000
a contact +48800 +48900 2010 2026 1000
a contact +48800 +48900 2026 2010 1000
a contact +48900 +49000 2021 2027 1000
a contact +48900 +49000 2023 2029 1000
a contact +48900 +49000 2027 2021 1000
a contact +48900 +49000 2029 2023 1000
a contact +49300 +49400 2003 2021 1000
a contact +49300 +49400 2021 2003 1000
a contact +49500 +49700 2006 2020 1000
a contact +49500 +49700 2020 2006 1000
a contact +49800 +50000 2005 2018 1000
a contact +49800 +50000 2018 2005 1000
a contact +50000 +50200 2004 2030 1000
a contact +50000 +50200 2030 2004 1000
a contact +50200 +50300 2008 2030 1000
a contact +50200 +50300 2030 2008 1000
a contact +50300 +50400 2008 2018 1000
a contact +50300 +50400 2018 2008 1000
a contact +50800 +51000 2013 2019 1000
a contact +50800 +51000 2015 2021 1000
a contact +50800 +51000 2019 2013 1000
a contact +50800 +51000 2021 2015 1000
a contact +51000 +51100 2015 2026 1000
a contact +51000 +51100 2026 2015 1000
a contact +51300 +51400 1002 2032 1000
a contact +51300 +51400 2003 2025 1000
a contact +51300 +51400 2025 2003 1000
a contact +51300 +51400 2032 1002 1000
a contact +51800 +51900 2001 2019 1000
a contact +51800 +51900 2019 2001 1000
a contact +52000 +52100 2014 9001 1000
a contact +52000 +52100 9001 2014 1000
a contact +52100 +52300 2002 2015 1000
a contact +52100 +52300 2015 2002 1000
a contact +52400 +52600 2001 2015 1000
a contact +52400 +52600 2002 2020 1000
a contact +52400 +52600 2015 2001 1000
a contact +52400 +52600 2020 2002 1000
a contact +52600 +52700 1001 2010 1000
a contact +52600 +52700 2007 2013 1000
a contact +52600 +52700 2010 1001 1000
a contact +52600 +52700 2013 2007 1000
a contact +52600 +52700 2017 2031 1000
a contact +52600 +52700 2031 2017 1000
a contact +53700 +53800 2008 2027 1000
a contact +53700 +53800 2027 2008 1000
a contact +54200 +54400 2007 2028 1000
a contact +54200 +54400 2009 2030 1000
a contact +54200 +54400 2021 2022 1000
a contact +54200 +54400 2022 2021 1000
a contact +54200 +54400 2028 2007 1000
a contact +54200 +54400 2030 2009 1000
a contact +55000 +55100 2009 2029 1000
a contact +55000 +55100 2029 2009 1000
a contact +55400 +55600 2003 2013 1000
a contact +55400 +55600 2013 2003 1000
a contact +55400 +55600 2018 2032 1000
a contact +55400 +55600 2032 2018 1000
a contact +55600 +55800 2013 2030 1000
a contact +55600 +55800 2030 2013 1000
a contact +55900 +56000 1002 2004 1000
a contact +55900 +56000 2004 1002 1000
a contact +55900 +56000 2011 2027 1000
a contact +55900 +56000 2027 2011 1000
a contact +56100 +56300 2018 2025 1000
a contact +56100 +56300 2025 2018 1000
a contact +57000 +57100 2007 9001 1000
a contact +57000 +57100 9001 2007 1000
a contact +58400 +58500 2021 2031 1000
a contact +58400 +58500 2023 9001 1000
a contact +58400 +58500 2031 2021 1000
a contact +58400 +58500 9001 2023 1000
a contact +58700 +58900 2003 2020 1000
a contact +58700 +58900 2020 2003 1000
a contact +58700 +58900 2023 2032 1000
a contact +58700 +58900 2032 2023 1000
a contact +58900 +59100 2005 2023 1000
a contact +58900 +59100 2023 2005 1000
a contact +59100 +59200 2019 9001 1000
a contact +59100 +59200 9001 2019 1000
a contact +59500 +59600 2006 2015 1000
a contact +59500 +59600 2015 2006 1000
a contact +60100 +60200 2018 2024 1000
a contact +60100 +60200 2024 2018 1000
a contact +60500 +60600 2009 2020 1000
a contact +60500 +60600 2020 2009 1000
a contact +60600 +60700 2011 2017 1000
a contact +60600 +60700 2017 2011 1000
a contact +60600 +60700 2029 2030 1000
a contact +60600 +60700 2030 2029 1000
a contact +60800 +61000 2009 2024 1000
a contact +60800 +61000 2024 2009 1000
a contact +61800 +62000 2012 2026 1000
a contact +61800 +62000 2026 2012 1000
a contact +62000 +62100 2007 2016 1000
a contact +62000 +62100 2016 2007 1000
a contact +63200 +63400 2013 2019 1000
a contact +63200 +63400 2019 2013 1000
a contact +63600 +63800 1002 2026 1000
a contact +63600 +63800 2026 1002 1000
a contact +63800 +63900 2002 2028 1000
a contact +63800 +63900 2028 2002 1000
a contact +64500 +64800 2002 2012 1000
a contact +64500 +64800 2012 2002 1000
a contact +64500 +64800 2022 2028 1000
a contact +64500 +64800 2028 2022 1000
a contact +64800 +64900 1002 2012 1000
a contact +64800 +64900 2012 1002 1000
a contact +64900 +65000 2020 2030 1000
a contact +64900 +65000 2030 2020 1000
a contact +65300 +65400 1002 2017 1000
a contact +65300 +65400 2017 1002 1000
a contact +65400 +65500 2013 2032 1000
a contact +65400 +65500 2032 2013 1000
a contact +65500 +65700 2008 2021 1000
a contact +65500 +65700 2021 2008 1000
a contact +65800 +65900 2011 2025 1000
a contact +65800 +65900 2025 2011 1000
a contact +66300 +66400 2003 9001 1000
a contact +66300 +66400 2015 2026 1000
a contact +66300 +66400 2026 2015 1000
a contact +66300 +66400 9001 2003 1000
a contact +66400 +66500 2013 2022 1000
a contact +66400 +66500 2022 2013 1000
a contact +66500 +66700 2011 2012 1000
a contact +66500 +66700 2012 2011 1000
a contact +66800 +67200 2012 2020 1000
a contact +66800 +67200 2020 2012 1000
a contact +67200 +67300 2001 2026 1000
a contact +67200 +67300 2026 2001 1000
a contact +67700 +67800 2021 2031 1000
a contact +67700 +67800 2031 2021 1000
a contact +67800 +67900 1002 2016 1000
a contact +67800 +67900 2016 1002 1000
a contact +68300 +68400 1001 2010 1000
a contact +68300 +68400 2010 1001 1000
a contact +68500 +68600 2016 2025 1000
a contact +68500 +68600 2025 2016 1000
a contact +68700 +68800 2005 2018 1000
a contact +68700 +68800 2018 2005 1000
a contact +69100 +69200 1002 2027 1000
a contact +69100 +69200 2027 1002 1000
a contact +69100 +69200 2030 9003 1000
a contact +69100 +69200 9003 2030 1000
a contact +69600 +69700 2017 2023 1000
a contact +69600 +69700 2023 2017 1000
a contact +69700 +69900 1001 2006 1000
a contact +69700 +69900 1002 2008 1000
a contact +69700 +69900 2006 1001 1000
a contact +69700 +69900 2008 1002 1000
a contact +69700 +69900 2028 9003 1000
a contact +69700 +69900 9003 2028 1000
a contact +69900 +70000 2009 2020 1000
a contact +69900 +70000 2020 2009 1000
a contact +70300 +70500 2011 2020 1000
a contact +70300 +70500 2020 2011 1000
a contact +70700 +70900 2010 2028 1000
a contact +70700 +70900 2028 2010 1000
a contact +71400 +71500 2021 2027 1000
a contact +71400 +71500 2027 2021 1000
a contact +71500 +71600 2005 2019 1000
a contact +71500 +71600 2019 2005 1000
a contact +71600 +71800 2007 2023 1000
a contact +71600 +71800 2023 2007 1000
a contact +71800 +71900 2012 2028 1000
a contact +71800 +71900 2015 2032 1000
a contact +71800 +71900 2016 2025 1000
a contact +71800 +71900 2025 2016 1000
a contact +71800 +71900 2028 2012 1000
a contact +71800 +71900 2032 2015 1000
a contact +72100 +72300 2003 2032 1000
a contact +72100 +72300 2032 2003 1000
a contact +72400 +72500 2015 2030 1000
a contact +72400 +72500 2030 2015 1000
a contact +72500 +72600 2008 2019 1000
a contact +72500 +72600 2019 2008 1000
a contact +73000 +73100 2015 2021 1000
a contact +73000 +73100 2021 2015 1000
a contact +73000 +73100 2030 9003 1000
a contact +73000 +73100 9003 2030 1000
a contact +73200 +73300 2010 2019 1000
a contact +73200 +73300 2019 2010 1000
a contact +73200 +73300 2023 2029 1000
a contact +73200 +73300 2029 2023 1000
a contact +73300 +73500 2002 2013 1000
a contact +73300 +73500 2013 2002 1000
a contact +73800 +73900 2022 2032 1000
a contact +73800 +73900 2023 2031 1000
a contact +73800 +73900 2031 2023 1000
a contact +73800 +73900 2032 2022 1000
a contact +74600 +74700 2007 2014 1000
a contact +74600 +74700 2014 2007 1000
a contact +74900 +75000 2014 2029 1000
a contact +74900 +75000 2029 2014 1000
a contact +75000 +75200 2002 2027 1000
a contact +75000 +75200 2027 2002 1000
a contact +75200 +75400 2005 2019 1000
a contact +75200 +75400 2019 2005 1000
a contact +75200 +75400 2026 2027 1000
a contact +75200 +75400 2027 2026 1000
a contact +75600 +75700 2013 2019 1000
a contact +75600 +75700 2015 2021 1000
a contact +75600 +75700 2019 2013 1000
a contact +75600 +75700 2021 2015 1000
a contact +76300 +76600 2001 9001 1000
a contact +76300 +76600 9001 2001 1000
a contact +76600 +76700 2003 2025 1000
a contact +76600 +76700 2025 2003 1000
a contact +77200 +77300 2005 2006 1000
a contact +77200 +77300 2006 2005 1000
a contact +77500 +77700 2008 2022 1000
a contact +77500 +77700 2017 9003 1000
a contact +77500 +77700 2022 2008 1000
a contact +77500 +77700 9003 2017 1000
a contact +77700 +77800 1001 2017 1000
a contact +77700 +77800 1002 2019 1000
a contact +77700 +77800 2017 1001 1000
a contact +77700 +77800 2019 1002 1000
a contact +77700 +77900 2011 9003 1000
a contact +77700 +77900 9003 2011 1000
a contact +77900 +78000 1001 2011 1000
a contact +77900 +78000 2011 1001 1000
a contact +78200 +78300 2013 2027 1000
a contact +78200 +78300 2027 2013 1000
a contact +78400 +78500 2008 2018 1000
a contact +78400 +78500 2018 2008 1000
a contact +78500 +78600 2001 2012 1000
a contact +78500 +78600 2012 2001 1000
a contact +78600 +79000 1001 2032 1000
a contact +78600 +79000 2032 1001 1000
a contact +79000 +79100 1002 2023 1000
a contact +79000 +79100 2023 1002 1000
a contact +79300 +79400 2010 2031 1000
a contact +79300 +79400 2031 2010 1000
a contact +79400 +79600 2013 2022 1000
a contact +79400 +79600 2022 2013 1000
a contact +79400 +79600 2027 9001 1000
a contact +79400 +79600 9001 2027 1000
a contact +79700 +79900 2006 2032 1000
a contact +79700 +79900 2032 2006 1000
a contact +80100 +80300 1002 2014 1000
a contact +80100 +80300 2014 1002 1000
a contact +80600 +80800 2003 2013 1000
a contact +80600 +80800 2012 9002 1000
a contact +80600 +80800 2013 2003 1000
a contact +80600 +80800 9002 2012 1000
a contact +80800 +81000 1001 2019 1000
a contact +80800 +81000 2019 1001 1000
a contact +81400 +81500 2020 9002 1000
a contact +81400 +81500 9002 2020 1000
a contact +81500 +81700 2017 2032 1000
a contact +81500 +81700 2032 2017 1000
a contact +81800 +81900 1002 2032 1000
a contact +81800 +81900 2032 1002 1000
a contact +81900 +82000 2006 2022 1000
a contact +81900 +82000 2022 2006 1000
a contact +82300 +82400 2012 2031 1000
a contact +82300 +82400 2031 2012 1000
a contact +82400 +82500 2018 2026 1000
a contact +82400 +82500 2026 2018 1000
a contact +82500 +82600 2015 2031 1000
a contact +82500 +82600 2031 2015 1000
a contact +82600 +82700 2009 2016 1000
a contact +82600 +82700 2016 2009 1000
a contact +82800 +82900 2003 2031 1000
a contact +82800 +82900 2024 2025 1000
a contact +82800 +82900 2025 2024 1000
a contact +82800 +82900 2031 2003 1000
a contact +83700 +83800 1001 2015 1000
a contact +83700 +83800 2015 1001 1000
a contact +83800 +84000 1001 2030 1000
a contact +83800 +84000 2006 2027 1000
a contact +83800 +84000 2008 2029 1000
a contact +83800 +84000 2027 2006 1000
a contact +83800 +84000 2029 2008 1000
a contact +83800 +84000 2030 1001 1000
a contact +84000 +84200 2005 2024 1000
a contact +84000 +84200 2010 2023 1000
a contact +84000 +84200 2012 2025 1000
a contact +84000 +84200 2023 2010 1000
a contact +84000 +84200 2024 2005 1000
a contact +84000 +84200 2025 2012 1000
a contact +84200 +84300 1001 2013 1000
a contact +84200 +84300 2013 1001 1000
a contact +84400 +84600 2023 2029 1000
a contact +84400 +84600 2029 2023 1000
a contact +85000 +85100 2024 2032 1000
a contact +85000 +85100 2032 2024 1000
a contact +85800 +86100 2005 2027 1000
a contact +85800 +86100 2027 2005 1000

a range +500 +700 2007 2030 0.0431
a range +500 +700 2030 2007 0.0431
a range +800 +900 2004 2032 0.0432
a range +800 +900 2012 2018 0.0319
a range +800 +900 2013 2027 0.0374
a range +800 +900 2018 2012 0.0319
a range +800 +900 2027 2013 0.0374
a range +800 +900 2032 2004 0.0432
a range +900 +1200 2012 2028 0.0284
a range +900 +1200 2016 2022 0.0319
a range +900 +1200 2022 2016 0.0319
a range +900 +1200 2028 2012 0.0284
a range +1400 +1600 2008 2016 0.0154
a range +1400 +1600 2016 2008 0.0154
a range +1800 +1900 2011 2019 0.0035
a range +1800 +1900 2016 9002 1101.842
a range +1800 +1900 2019 2011 0.0035
a range +1800 +1900 9002 2016 1101.842
a range +2400 +2500 2011 2029 0.0374
a range +2400 +2500 2029 2011 0.0374
a range +2600 +2800 1002 2008 1102.2294
a range +2600 +2800 2002 2011 0.0176
a range +2600 +2800 2008 1002 1102.2294
a range +2600 +2800 2011 2002 0.0176
a range +2600 +2800 2017 2031 0.0353
a range +2600 +2800 2031 2017 0.0353
a range +2800 +2900 2025 2031 0.0343
a range +2800 +2900 2031 2025 0.0343
a range +3100 +3200 2003 2031 0.0435
a range +3100 +3200 2031 2003 0.0435
a range +3200 +3600 2024 2030 0.0319
a range +3200 +3600 2030 2024 0.0319
a range +3700 +3900 2006 2024 0.0251
a range +3700 +3900 2024 2006 0.0251
a range +3900 +4000 2017 2028 0.0431
a range +3900 +4000 2028 2017 0.0431
a range +4000 +4200 1002 2020 1102.2588
a range +4000 +4200 2009 2028 0.0431
a range +4000 +4200 2020 1002 1102.2588
a range +4000 +4200 2028 2009 0.0431
a range +4200 +4300 2018 9001 1102.35
a range +4200 +4300 9001 2018 1102.35
a range +4500 +4700 2017 2024 0.0186
a range +4500 +4700 2024 2017 0.0186
a range +4700 +4900 2026 9001 1102.3397
a range +4700 +4900 9001 2026 1102.3397
a range +5500 +5600 2007 2014 0.0176
a range +5500 +5600 2013 9002 1102.11
a range +5500 +5600 2014 2007 0.0176
a range +5500 +5600 9002 2013 1102.11
a range +5900 +6100 2002 2023 0.043
a range +5900 +6100 2023 2002 0.043
a range +6500 +6600 2013 2027 0.0374
a range +6500 +6600 2027 2013 0.0374
a range +6600 +6800 2002 2019 0.0148
a range +6600 +6800 2019 2002 0.0148
a range +7000 +7100 1001 2010 1102.3657
a range +7000 +7100 2010 1001 1102.3657
a range +7100 +7200 2006 2013 0.0231
a range +7100 +7200 2013 2006 0.0231
a range +7300 +7600 2017 2030 0.0431
a range +7300 +7600 2030 2017 0.0431
a range +7600 +7800 1002 2032 1102.2317
a range +7600 +7800 2032 1002 1102.2317
a range +7800 +7900 2005 2029 0.0432
a range +7800 +7900 2029 2005 0.0432
a range +7900 +8300 2016 2032 0.0284
a range +7900 +8300 2032 2016 0.0284
a range +8400 +8500 2013 2014 0.0186
a range +8400 +8500 2014 2013 0.0186
a range +8400 +8500 2017 2031 0.0353
a range +8400 +8500 2031 2017 0.0353
a range +8900 +9000 2010 9002 1102.3815
a range +8900 +9000 9002 2010 1102.3815
a range +9000 +9200 1002 2018 1102.2298
a range +9000 +9200 2018 1002 1102.2298
a range +9400 +9600 2015 2025 0.0374
a range +9400 +9600 2025 2015 0.0374
a range +9600 +9700 1002 2016 1102.2181
a range +9600 +9700 2005 2011 0.0353
a range +9600 +9700 2011 2005 0.0353
a range +9600 +9700 2016 1002 1102.2181
a range +10000 +10100 2031 2032 0.0186
a range +10000 +10100 2032 2031 0.0186
a range +10300 +10600 2007 2008 0.0186
a range +10300 +10600 2008 2007 0.0186
a range +10600 +10700 2001 9001 1102.3343
a range +10600 +10700 9001 2001 1102.3343
a range +11600 +11700 2008 2024 0.0284
a range +11600 +11700 2024 2008 0.0284
a range +11700 +11800 2006 2028 0.0431
a range +11700 +11800 2028 2006 0.0431
a range +12000 +12300 2005 2018 0.0432
a range +12000 +12300 2018 2005 0.0432
a range +13900 +14100 2013 2029 0.0337
a range +13900 +14100 2029 2013 0.0337
a range +14400 +14600 2004 2017 0.0434
a range +14400 +14600 2017 2004 0.0434
a range +15300 +15400 2006 2026 0.0436
a range +15300 +15400 2026 2006 0.0436
a range +15500 +15700 2002 2032 0.0431
a range +15500 +15700 2018 2028 0.0319
a range +15500 +15700 2028 2018 0.0319
a range +15500 +15700 2032 2002 0.0431
a range +15700 +15800 2003 2024 0.0431
a range +15700 +15800 2008 2019 0.0431
a range +15700 +15800 2019 2008 0.0431
a range +15700 +15800 2024 2003 0.0431
a range +15800 +15900 2011 2019 0.0035
a range +15800 +15900 2019 2011 0.0035
a range +16400 +16500 2001 2030 0.0431
a range +16400 +16500 2030 2001 0.0431
a range +17200 +17300 2015 2025 0.0374
a range +17200 +17300 2025 2015 0.0374
a range +17900 +18100 2006 2027 0.0435
a range +17900 +18100 2008 2029 0.0434
a range +17900 +18100 2027 2006 0.0435
a range +17900 +18100 2029 2008 0.0434
a range +18100 +18300 2008 2021 0.0432
a range +18100 +18300 2021 2008 0.0432
a range +18400 +18600 2012 2030 0.0416
a range +18400 +18600 2030 2012 0.0416
a range +18800 +19000 2010 2018 0.0104
a range +18800 +19000 2018 2010 0.0104
a range +19100 +19200 2007 2018 0.0433
a range +19100 +19200 2008 2028 0.0435
a range +19100 +19200 2018 2007 0.0433
a range +19100 +19200 2028 2008 0.0435
a range +20100 +20200 2013 2029 0.0337
a range +20100 +20200 2015 2031 0.0065
a range +20100 +20200 2029 2013 0.0337
a range +20100 +20200 2031 2015 0.0065
a range +20200 +20400 2013 2023 0.0334
a range +20200 +20400 2023 2013 0.0334
a range +20500 +20700 2015 2016 0.0186
a range +20500 +20700 2016 2015 0.0186
a range +21000 +21200 2016 2030 0.0251
a range +21000 +21200 2030 2016 0.0251
a range +21200 +21400 2012 2031 0.043
a range +21200 +21400 2031 2012 0.043
a range +21400 +21500 2004 2012 0.0154
a range +21400 +21500 2012 2004 0.0154
a range +22000 +22100 1002 2012 1102.9449
a range +22000 +22100 2012 1002 1102.9449
a range +23000 +23100 2002 2008 0.0343
a range +23000 +23100 2008 2002 0.0343
a range +23200 +23300 2001 2011 0.0334
a range +23200 +23300 2011 2001 0.0334
a range +23300 +23500 1001 9003 0.0591
a range +23300 +23500 2007 2030 0.0433
a range +23300 +23500 2011 2025 0.031
a range +23300 +23500 2025 2011 0.031
a range +23300 +23500 2030 2007 0.0433
a range +23300 +23500 9003 1001 0.0591
a range +23700 +23800 1001 9003 0.0591
a range +23700 +23800 9003 1001 0.0591
a range +24100 +24400 1001 9003 0.0591
a range +24100 +24400 9003 1001 0.0591
a range +24400 +24800 2002 2022 0.0431
a range +24400 +24800 2022 2002 0.0431
a range +24800 +25200 1001 9003 0.0591
a range +25100 +25200 2015 2028 0.043
a range +25100 +25200 2021 2029 0.0182
a range +25100 +25200 2028 2015 0.043
a range +25100 +25200 2029 2021 0.0182
a range +24800 +25200 9003 1001 0.0591
a range +25200 +25400 2005 2018 0.0434
a range +25100 +25400 2009 2030 0.0434
a range +25200 +25400 2018 2005 0.0434
a range +25100 +25400 2030 2009 0.0434
a range +25400 +25600 1001 9003 0.0591
a range +25400 +25600 9003 1001 0.0591
a range +25700 +25900 2016 2024 0.0154
a range +25700 +25900 2024 2016 0.0154
a range +26000 +26100 2030 2031 0.0186
a range +26000 +26100 2031 2030 0.0186
a range +27100 +27200 2014 2029 0.0315
a range +27100 +27200 2016 2031 0.023
a range +27100 +27200 2029 2014 0.0315
a range +27100 +27200 2031 2016 0.023
a range +27300 +27500 2020 2027 0.02
a range +27300 +27500 2027 2020 0.02
a range +27800 +28000 2007 2031 0.0434
a range +27800 +28000 2031 2007 0.0434
a range +28300 +28400 2002 2017 0.0315
a range +28300 +28400 2017 2002 0.0315
a range +28400 +28500 2004 2012 0.0154
a range +28400 +28500 2012 2004 0.0154
a range +28500 +28800 1002 2016 1103.136
a range +28500 +28800 2005 2031 0.0432
a range +28500 +28800 2016 1002 1103.136
a range +28500 +28800 2031 2005 0.0432
a range +29600 +29800 1001 2019 1103.0109
a range +29600 +29800 2019 1001 1103.0109
a range +29800 +29900 2002 2003 0.0186
a range +29800 +29900 2003 2002 0.0186
a range +29900 +30100 2010 2025 0.0315
a range +29900 +30100 2025 2010 0.0315
a range +30100 +30200 2016 2031 0.023
a range +30100 +30200 2031 2016 0.023
a range +30200 +30400 2001 2023 0.0374
a range +30200 +30400 2002 2027 0.0432
a range +30200 +30400 2023 2001 0.0374
a range +30200 +30400 2027 2002 0.0432
a range +30500 +30600 2018 2028 0.0319
a range +30500 +30600 2028 2018 0.0319
a range +31100 +31200 1002 2019 1103.0974
a range +31100 +31200 2019 1002 1103.0974
a range +31400 +31500 1001 2004 1103.6
a range +31400 +31500 2004 1001 1103.6
a range +31500 +31800 2007 2019 0.0433
a range +31500 +31800 2010 2018 0.0104
a range +31500 +31800 2018 2010 0.0104
a range +31500 +31800 2019 2007 0.0433
a range +32400 +32500 2004 2005 0.0186
a range +32400 +32500 2005 2004 0.0186
a range +32400 +32500 2015 2026 0.0431
a range +32400 +32500 2026 2015 0.0431
a range +33200 +33300 1001 2027 1103.5931
a range +33200 +33300 1002 2029 1103.1435
a range +33200 +33300 2027 1001 1103.5931
a range +33200 +33300 2029 1002 1103.1435
a range +34200 +34300 2015 2029 0.031
a range +34200 +34300 2029 2015 0.031
a range +34500 +34600 2001 2022 0.0433
a range +34500 +34600 2004 2013 0.025
a range +34500 +34600 2006 2015 0.0176
a range +34500 +34600 2012 2031 0.0433
a range +34500 +34600 2013 2004 0.025
a range +34500 +34600 2015 2006 0.0176
a range +34500 +34600 2022 2001 0.0433
a range +34500 +34600 2031 2012 0.0433
a range +34900 +35000 2009 2030 0.0433
a range +34900 +35000 2030 2009 0.0433
a range +35000 +35100 2001 9003 1104.7676
a range +35000 +35100 9003 2001 1104.7676
a range +35600 +35800 2017 2030 0.043
a range +35600 +35800 2030 2017 0.043
a range +35800 +35900 2007 2027 0.0436
a range +35800 +35900 2027 2007 0.0436
a range +36100 +36200 2016 2030 0.0251
a range +36100 +36200 2030 2016 0.0251
a range +36200 +36600 2017 2024 0.0186
a range +36200 +36600 2024 2017 0.0186
a range +36900 +37000 2011 2030 0.0431
a range +36900 +37000 2030 2011 0.0431
a range +37000 +37200 2002 9003 1104.761
a range +37000 +37200 2005 2012 0.025
a range +37000 +37200 2012 2005 0.025
a range +37000 +37200 9003 2002 1104.761
a range +37700 +37900 2004 2013 0.025
a range +37700 +37900 2013 2004 0.025
a range +37900 +38000 2002 2013 0.043
a range +37900 +38000 2013 2002 0.043
a range +38600 +38900 2018 2026 0.0104
a range +38600 +38900 2026 2018 0.0104
a range +39100 +39300 2010 2020 0.0319
a range +39100 +39300 2012 2022 0.0366
a range +39100 +39300 2014 2024 0.0319
a range +39100 +39300 2020 2010 0.0319
a range +39100 +39300 2022 2012 0.0366
a range +39100 +39300 2024 2014 0.0319
a range +39800 +40000 2017 2027 0.0334
a range +39800 +40000 2027 2017 0.0334
a range +40600 +40800 1001 2008 1103.5939
a range +40600 +40800 2003 2031 0.0434
a range +40600 +40800 2008 1001 1103.5939
a range +40600 +40800 2031 2003 0.0434
a range +40900 +41100 2011 2031 0.0431
a range +40900 +41100 2031 2011 0.0431
a range +41100 +41300 2010 2019 0.0176
a range +41100 +41300 2019 2010 0.0176
a range +41600 +41700 2010 2031 0.0434
a range +41600 +41700 2031 2010 0.0434
a range +41900 +42000 2027 9002 1103.3647
a range +41900 +42000 9002 2027 1103.3647
a range +42600 +42700 2018 2032 0.0366
a range +42600 +42700 2032 2018 0.0366
a range +42900 +43100 2003 2010 0.0176
a range +42900 +43100 2010 2003 0.0176
a range +44000 +44100 2011 2032 0.0432
a range +44000 +44100 2015 2028 0.0432
a range +44000 +44100 2028 2015 0.0432
a range +44000 +44100 2032 2011 0.0432
a range +44300 +44500 2006 2030 0.043
a range +44300 +44500 2011 2017 0.0334
a range +44300 +44500 2017 2011 0.0334
a range +44300 +44500 2030 2006 0.043
a range +44700 +44800 2004 2005 0.0186
a range +44700 +44800 2005 2004 0.0186
a range +44700 +44800 2012 2018 0.0319
a range +44700 +44800 2013 2029 0.0337
a range +44700 +44800 2018 2012 0.0319
a range +44700 +44800 2029 2013 0.0337
a range +44800 +44900 2020 2029 0.025
a range +44800 +44900 2029 2020 0.025
a range +46400 +46600 2006 2013 0.0231
a range +46400 +46600 2013 2006 0.0231
a range +47300 +47400 2014 2020 0.0366
a range +47300 +47400 2020 2014 0.0366
a range +48400 +48500 2020 2030 0.0366
a range +48400 +48500 2022 2032 0.0319
a range +48400 +48500 2030 2020 0.0366
a range +48400 +48500 2032 2022 0.0319
a range +48800 +48900 2010 2026 0.0193
a range +48800 +48900 2026 2010 0.0193
a range +48900 +49000 2021 2027 0.0353
a range +48900 +49000 2023 2029 0.0334
a range +48900 +49000 2027 2021 0.0353
a range +48900 +49000 2029 2023 0.0334
a range +49300 +49400 2003 2021 0.0374
a range +49300 +49400 2021 2003 0.0374
a range +49500 +49700 2006 2020 0.0416
a range +49500 +49700 2020 2006 0.0416
a range +49800 +50000 2005 2018 0.0431
a range +49800 +50000 2018 2005 0.0431
a range +50000 +50200 2004 2030 0.0431
a range +50000 +50200 2030 2004 0.0431
a range +50200 +50300 2008 2030 0.0432
a range +50200 +50300 2030 2008 0.0432
a range +50300 +50400 2008 2018 0.0416
a range +50300 +50400 2018 2008 0.0416
a range +50800 +51000 2013 2019 0.0353
a range +50800 +51000 2015 2021 0.0334
a range +50800 +51000 2019 2013 0.0353
a range +50800 +51000 2021 2015 0.0334
a range +51000 +51100 2015 2026 0.0433
a range +51000 +51100 2026 2015 0.0433
a range +51300 +51400 1002 2032 1104.0591
a range +51300 +51400 2003 2025 0.0434
a range +51300 +51400 2025 2003 0.0434
a range +51300 +51400 2032 1002 1104.0591
a range +51800 +51900 2001 2019 0.031
a range +51800 +51900 2019 2001 0.031
a range +52000 +52100 2014 9001 1104.2039
a range +52000 +52100 9001 2014 1104.2039
a range +52100 +52300 2002 2015 0.043
a range +52100 +52300 2015 2002 0.043
a range +52400 +52600 2001 2015 0.0353
a range +52400 +52600 2002 2020 0.0251
a range +52400 +52600 2015 2001 0.0353
a range +52400 +52600 2020 2002 0.0251
a range +52600 +52700 1001 2010 1103.8486
a range +52600 +52700 2007 2013 0.0334
a range +52600 +52700 2010 1001 1103.8486
a range +52600 +52700 2013 2007 0.0334
a range +52600 +52700 2017 2031 0.0353
a range +52600 +52700 2031 2017 0.0353
a range +53700 +53800 2008 2027 0.0432
a range +53700 +53800 2027 2008 0.0432
a range +54200 +54400 2007 2028 0.0432
a range +54200 +54400 2009 2030 0.043
a range +54200 +54400 2021 2022 0.0186
a range +54200 +54400 2022 2021 0.0186
a range +54200 +54400 2028 2007 0.0432
a range +54200 +54400 2030 2009 0.043
a range +55000 +55100 2009 2029 0.0434
a range +55000 +55100 2029 2009 0.0434
a range +55400 +55600 2003 2013 0.0353
a range +55400 +55600 2013 2003 0.0353
a range +55400 +55600 2018 2032 0.0366
a range +55400 +55600 2032 2018 0.0366
a range +55600 +55800 2013 2030 0.0315
a range +55600 +55800 2030 2013 0.0315
a range +55900 +56000 1002 2004 1104.0427
a range +55900 +56000 2004 1002 1104.0427
a range +55900 +56000 2011 2027 0.0065
a range +55900 +56000 2027 2011 0.0065
a range +56100 +56300 2018 2025 0.0231
a range +56100 +56300 2025 2018 0.0231
a range +57000 +57100 2007 9001 1105.0558
a range +57000 +57100 9001 2007 1105.0558
a range +58400 +58500 2021 2031 0.0334
a range +58400 +58500 2023 9001 1104.1328
a range +58400 +58500 2031 2021 0.0334
a range +58400 +58500 9001 2023 1104.1328
a range +58700 +58900 2003 2020 0.023
a range +58700 +58900 2020 2003 0.023
a range +58700 +58900 2023 2032 0.02
a range +58700 +58900 2032 2023 0.02
a range +58900 +59100 2005 2023 0.031
a range +58900 +59100 2023 2005 0.031
a range +59100 +59200 2019 9001 1104.4908
a range +59100 +59200 9001 2019 1104.4908
a range +59500 +59600 2006 2015 0.0176
a range +59500 +59600 2015 2006 0.0176
a range +60100 +60200 2018 2024 0.0343
a range +60100 +60200 2024 2018 0.0343
a range +60500 +60600 2009 2020 0.043
a range +60500 +60600 2020 2009 0.043
a range +60600 +60700 2011 2017 0.0334
a range +60600 +60700 2017 2011 0.0334
a range +60600 +60700 2029 2030 0.0186
a range +60600 +60700 2030 2029 0.0186
a range +60800 +61000 2009 2024 0.025
a range +60800 +61000 2024 2009 0.025
a range +61800 +62000 2012 2026 0.0251
a range +61800 +62000 2026 2012 0.0251
a range +62000 +62100 2007 2016 0.02
a range +62000 +62100 2016 2007 0.02
a range +63200 +63400 2013 2019 0.0353
a range +63200 +63400 2019 2013 0.0353
a range +63600 +63800 1002 2026 1104.9494
a range +63600 +63800 2026 1002 1104.9494
a range +63800 +63900 2002 2028 0.0434
a range +63800 +63900 2028 2002 0.0434
a range +64500 +64800 2002 2012 0.0319
a range +64500 +64800 2012 2002 0.0319
a range +64500 +64800 2022 2028 0.0366
a range +64500 +64800 2028 2022 0.0366
a range +64800 +64900 1002 2012 1104.3608
a range +64800 +64900 2012 1002 1104.3608
a range +64900 +65000 2020 2030 0.0366
a range +64900 +65000 2030 2020 0.0366
a range +65300 +65400 1002 2017 1104.6638
a range +65300 +65400 2017 1002 1104.6638
a range +65400 +65500 2013 2032 0.0431
a range +65400 +65500 2032 2013 0.0431
a range +65500 +65700 2008 2021 0.0431
a range +65500 +65700 2021 2008 0.0431
a range +65800 +65900 2011 2025 0.031
a range +65800 +65900 2025 2011 0.031
a range +66300 +66400 2003 9001 1105.0594
a range +66300 +66400 2015 2026 0.0432
a range +66300 +66400 2026 2015 0.0432
a range +66300 +66400 9001 2003 1105.0594
a range +66400 +66500 2013 2022 0.0231
a range +66400 +66500 2022 2013 0.0231
a range +66500 +66700 2011 2012 0.0186
a range +66500 +66700 2012 2011 0.0186
a range +66800 +67200 2012 2020 0.0154
a range +66800 +67200 2020 2012 0.0154
a range +67200 +67300 2001 2026 0.0433
a range +67200 +67300 2026 2001 0.0433
a range +67700 +67800 2021 2031 0.0334
a range +67700 +67800 2031 2021 0.0334
a range +67800 +67900 1002 2016 1104.7663
a range +67800 +67900 2016 1002 1104.7663
a range +68300 +68400 1001 2010 1104.5137
a range +68300 +68400 2010 1001 1104.5137
a range +68500 +68600 2016 2025 0.0361
a range +68500 +68600 2025 2016 0.0361
a range +68700 +68800 2005 2018 0.0433
a range +68700 +68800 2018 2005 0.0433
a range +69100 +69200 1002 2027 1104.9487
a range +69100 +69200 2027 1002 1104.9487
a range +69100 +69200 2030 9003 1104.7573
a range +69100 +69200 9003 2030 1104.7573
a range +69600 +69700 2017 2023 0.0343
a range +69600 +69700 2023 2017 0.0343
a range +69700 +69900 1001 2006 1104.5035
a range +69700 +69900 1002 2008 1104.9616
a range +69700 +69900 2006 1001 1104.5035
a range +69700 +69900 2008 1002 1104.9616
a range +69700 +69900 2028 9003 1104.7509
a range +69700 +69900 9003 2028 1104.7509
a range +69900 +70000 2009 2020 0.0431
a range +69900 +70000 2020 2009 0.0431
a range +70300 +70500 2011 2020 0.02
a range +70300 +70500 2020 2011 0.02
a range +70700 +70900 2010 2028 0.0251
a range +70700 +70900 2028 2010 0.0251
a range +71400 +71500 2021 2027 0.0353
a range +71400 +71500 2027 2021 0.0353
a range +71500 +71600 2005 2019 0.0374
a range +71500 +71600 2019 2005 0.0374
a range +71600 +71800 2007 2023 0.0065
a range +71600 +71800 2023 2007 0.0065
a range +71800 +71900 2012 2028 0.0284
a range +71800 +71900 2015 2032 0.023
a range +71800 +71900 2016 2025 0.0361
a range +71800 +71900 2025 2016 0.0361
a range +71800 +71900 2028 2012 0.0284
a range +71800 +71900 2032 2015 0.023
a range +72100 +72300 2003 2032 0.0434
a range +72100 +72300 2032 2003 0.0434
a range +72400 +72500 2015 2030 0.0148
a range +72400 +72500 2030 2015 0.0148
a range +72500 +72600 2008 2019 0.0433
a range +72500 +72600 2019 2008 0.0433
a range +73000 +73100 2015 2021 0.0334
a range +73000 +73100 2021 2015 0.0334
a range +73000 +73100 2030 9003 1104.7573
a range +73000 +73100 9003 2030 1104.7573
a range +73200 +73300 2010 2019 0.0176
a range +73200 +73300 2019 2010 0.0176
a range +73200 +73300 2023 2029 0.0334
a range +73200 +73300 2029 2023 0.0334
a range +73300 +73500 2002 2013 0.043
a range +73300 +73500 2013 2002 0.043
a range +73800 +73900 2022 2032 0.0319
a range +73800 +73900 2023 2031 0.0035
a range +73800 +73900 2031 2023 0.0035
a range +73800 +73900 2032 2022 0.0319
a range +74600 +74700 2007 2014 0.0176
a range +74600 +74700 2014 2007 0.0176
a range +74900 +75000 2014 2029 0.0315
a range +74900 +75000 2029 2014 0.0315
a range +75000 +75200 2002 2027 0.043
a range +75000 +75200 2027 2002 0.043
a range +75200 +75400 2005 2019 0.0374
a range +75200 +75400 2019 2005 0.0374
a range +75200 +75400 2026 2027 0.0186
a range +75200 +75400 2027 2026 0.0186
a range +75600 +75700 2013 2019 0.0353
a range +75600 +75700 2015 2021 0.0334
a range +75600 +75700 2019 2013 0.0353
a range +75600 +75700 2021 2015 0.0334
a range +76300 +76600 2001 9001 1105.0474
a range +76300 +76600 9001 2001 1105.0474
a range +76600 +76700 2003 2025 0.0435
a range +76600 +76700 2025 2003 0.0435
a range +77200 +77300 2005 2006 0.0186
a range +77200 +77300 2006 2005 0.0186
a range +77500 +77700 2008 2022 0.0251
a range +77500 +77700 2017 9003 1104.7772
a range +77500 +77700 2022 2008 0.0251
a range +77500 +77700 9003 2017 1104.7772
a range +77700 +77800 1001 2017 1105.0081
a range +77700 +77800 1002 2019 1104.9355
a range +77700 +77800 2017 1001 1105.0081
a range +77700 +77800 2019 1002 1104.9355
a range +77700 +77900 2011 9003 1104.7462
a range +77700 +77900 9003 2011 1104.7462
a range +77900 +78000 1001 2011 1105.0339
a range +77900 +78000 2011 1001 1105.0339
a range +78200 +78300 2013 2027 0.0374
a range +78200 +78300 2027 2013 0.0374
a range +78400 +78500 2008 2018 0.0416
a range +78400 +78500 2018 2008 0.0416
a range +78500 +78600 2001 2012 0.043
a range +78500 +78600 2012 2001 0.043
a range +78600 +79000 1001 2032 1105.023
a range +78600 +79000 2032 1001 1105.023
a range +79000 +79100 1002 2023 1104.9127
a range +79000 +79100 2023 1002 1104.9127
a range +79300 +79400 2010 2031 0.0433
a range +79300 +79400 2031 2010 0.0433
a range +79400 +79600 2013 2022 0.0231
a range +79400 +79600 2022 2013 0.0231
a range +79400 +79600 2027 9001 1105.059
a range +79400 +79600 9001 2027 1105.059
a range +79700 +79900 2006 2032 0.0433
a range +79700 +79900 2032 2006 0.0433
a range +80100 +80300 1002 2014 1104.9767
a range +80100 +80300 2014 1002 1104.9767
a range +80600 +80800 2003 2013 0.0353
a range +80600 +80800 2012 9002 1105.0837
a range +80600 +80800 2013 2003 0.0353
a range +80600 +80800 9002 2012 1105.0837
a range +80800 +81000 1001 2019 1105.0337
a range +80800 +81000 2019 1001 1105.0337
a range +81400 +81500 2020 9002 1105.0829
a range +81400 +81500 9002 2020 1105.0829
a range +81500 +81700 2017 2032 0.025
a range +81500 +81700 2032 2017 0.025
a range +81800 +81900 1002 2032 1104.9606
a range +81800 +81900 2032 1002 1104.9606
a range +81900 +82000 2006 2022 0.0193
a range +81900 +82000 2022 2006 0.0193
a range +82300 +82400 2012 2031 0.0432
a range +82300 +82400 2031 2012 0.0432
a range +82400 +82500 2018 2026 0.0104
a range +82400 +82500 2026 2018 0.0104
a range +82500 +82600 2015 2031 0.0065
a range +82500 +82600 2031 2015 0.0065
a range +82600 +82700 2009 2016 0.0186
a range +82600 +82700 2016 2009 0.0186
a range +82800 +82900 2003 2031 0.0433
a range +82800 +82900 2024 2025 0.025
a range +82800 +82900 2025 2024 0.025
a range +82800 +82900 2031 2003 0.0433
a range +83700 +83800 1001 2015 1105.0256
a range +83700 +83800 2015 1001 1105.0256
a range +83800 +84000 1001 2030 1105.0345
a range +83800 +84000 2006 2027 0.0435
a range +83800 +84000 2008 2029 0.0194
a range +83800 +84000 2027 2006 0.0435
a range +83800 +84000 2029 2008 0.0194
a range +83800 +84000 2030 1001 1105.0345
a range +84000 +84200 2005 2024 0.0325
a range +84000 +84200 2010 2023 0.043
a range +84000 +84200 2012 2025 0.0325
a range +84000 +84200 2023 2010 0.043
a range +84000 +84200 2024 2005 0.0325
a range +84000 +84200 2025 2012 0.0325
a range +84200 +84300 1001 2013 1104.9803
a range +84200 +84300 2013 1001 1104.9803
a range +84400 +84600 2023 2029 0.0334
a range +84400 +84600 2029 2023 0.0334
a range +85000 +85100 2024 2032 0.0154
a range +85000 +85100 2032 2024 0.0154
a range +85800 +86100 2005 2027 0.0394
a range +85800 +86100 2027 2005 0.0394
