a contact +0 +3000 2025 9002 50
a contact +0 +3000 9002 2025 50
a contact +0 +3600 2006 9005 50
a contact +0 +3600 9005 2006 50
a contact +0 +4800 2009 9004 50
a contact +0 +4800 2017 9001 50
a contact +0 +4800 9001 2017 50
a contact +0 +4800 9004 2009 50
a contact +4800 +6600 2031 9001 50
a contact +4800 +6600 9001 2031 50
a contact +6600 +9600 2024 9001 50
a contact +6600 +9600 9001 2024 50
a contact +3000 +11400 2011 9002 50
a contact +3600 +11400 2013 9005 50
a contact +3000 +11400 9002 2011 50
a contact +3600 +11400 9005 2013 50
a contact +4800 +13200 2023 9004 50
a contact +4800 +13200 9004 2023 50
a contact +11400 +13800 2016 9005 50
a contact +11400 +13800 9005 2016 50
a contact +13200 +15000 2001 9004 50
a contact +11400 +15000 2018 9002 50
a contact +11400 +15000 9002 2018 50
a contact +13200 +15000 9004 2001 50
a contact +9600 +15600 2020 9001 50
a contact +15000 +15600 2022 9004 50
a contact +9600 +15600 9001 2020 50
a contact +15000 +15600 9004 2022 50
a contact +13800 +18600 2014 9005 50
a contact +13800 +18600 9005 2014 50
a contact +15000 +20400 2002 9002 50
a contact +15000 +20400 9002 2002 50
a contact +18600 +22200 2009 9005 50
a contact +18600 +22200 9005 2009 50
a contact +20400 +23400 2012 9002 50
a contact +20400 +23400 9002 2012 50
a contact +22200 +33000 2020 9005 50
a contact +22200 +33000 9005 2020 50
a contact +23400 +34200 2010 9002 50
a contact +23400 +34200 9002 2010 50
a contact +33000 +37200 2015 9005 50
a contact +33000 +37200 9005 2015 50
a contact +30000 +38400 2028 9003 50
a contact +30000 +38400 9003 2028 50
a contact +30000 +41400 2032 9006 50
a contact +30000 +41400 9006 2032 50
a contact +34200 +42600 2007 9002 50
a contact +37200 +42600 2025 9005 50
a contact +34200 +42600 9002 2007 50
a contact +37200 +42600 9005 2025 50
a contact +38400 +43800 2027 9003 50
a contact +38400 +43800 9003 2027 50
a contact +41400 +48600 2018 9006 50
a contact +41400 +48600 9006 2018 50
a contact +48600 +50400 2021 9006 50
a contact +48600 +50400 9006 2021 50
a contact +43800 +52200 2030 9003 50
a contact +43800 +52200 9003 2030 50
a contact +52200 +56400 2019 9004 50
a contact +50400 +56400 2024 9006 50
a contact +52200 +56400 9004 2019 50
a contact +50400 +56400 9006 2024 50
a contact +52200 +57000 2032 9001 50
a contact +52200 +57000 9001 2032 50
a contact +56400 +58200 2018 9004 50
a contact +56400 +58200 9004 2018 50
a contact +52200 +58800 2031 9003 50
a contact +52200 +58800 9003 2031 50
a contact +58200 +60600 2013 9004 50
a contact +58200 +60600 9004 2013 50
a contact +60600 +61200 2026 9004 50
a contact +60600 +61200 9004 2026 50
a contact +56400 +61800 2012 9006 50
a contact +56400 +61800 9006 2012 50
a contact +57000 +63000 2016 9001 50
a contact +57000 +63000 9001 2016 50
a contact +61200 +65400 2014 9004 50
a contact +61200 +65400 9004 2014 50
a contact +58800 +67200 2005 9003 50
a contact +58800 +67200 9003 2005 50
a contact +63000 +68400 2006 9001 50
a contact +61800 +68400 2008 9006 50
a contact +63000 +68400 9001 2006 50
a contact +61800 +68400 9006 2008 50
a contact +65400 +69000 2002 9004 50
a contact +65400 +69000 9004 2002 50
a contact +68400 +72600 2015 9001 50
a contact +67200 +72600 2019 9003 50
a contact +68400 +72600 9001 2015 50
a contact +67200 +72600 9003 2019 50
a contact +72600 +76200 2017 9003 50
a contact +72600 +76200 9003 2017 50
a contact +68400 +76800 2003 9006 50
a contact +68400 +76800 9006 2003 50
a contact +69000 +78000 2004 9004 50
a contact +69000 +78000 9004 2004 50
a contact +76800 +78600 2008 9006 50
a contact +76200 +78600 2021 9003 50
a contact +76200 +78600 9003 2021 50
a contact +76800 +78600 9006 2008 50
a contact +72600 +79200 2001 9001 50
a contact +72600 +79200 9001 2001 50
a contact +79200 +82200 2027 9001 50
a contact +79200 +82200 9001 2027 50
a contact +82200 +86400 2021 9001 50
a contact +78600 +86400 2022 9002 50
a contact +78600 +86400 2026 9005 50
a contact +78000 +86400 2029 9004 50
a contact +82200 +86400 9001 2021 50
a contact +78600 +86400 9002 2022 50
a contact +78000 +86400 9004 2029 50
a contact +78600 +86400 9005 2026 50

a range +0 +3000 2025 9002 1103.3732
a range +0 +3000 9002 2025 1103.3732
a range +0 +3600 2006 9005 1102.142
a range +0 +3600 9005 2006 1102.142
a range +0 +4800 2009 9004 1102.3386
a range +0 +4800 2017 9001 1102.3421
a range +0 +4800 9001 2017 1102.3421
a range +0 +4800 9004 2009 1102.3386
a range +4800 +6600 2031 9001 1102.3343
a range +4800 +6600 9001 2031 1102.3343
a range +6600 +9600 2024 9001 1102.3632
a range +6600 +9600 9001 2024 1102.3632
a range +3000 +11400 2011 9002 1103.3652
a range +3600 +11400 2013 9005 1103.3967
a range +3000 +11400 9002 2011 1103.3652
a range +3600 +11400 9005 2013 1103.3967
a range +4800 +13200 2023 9004 1102.3222
a range +4800 +13200 9004 2023 1102.3222
a range +11400 +13800 2016 9005 1103.3913
a range +11400 +13800 9005 2016 1103.3913
a range +13200 +15000 2001 9004 1102.3365
a range +11400 +15000 2018 9002 1103.4009
a range +11400 +15000 9002 2018 1103.4009
a range +13200 +15000 9004 2001 1102.3365
a range +9600 +15600 2020 9001 1102.3331
a range +15000 +15600 2022 9004 1102.3274
a range +9600 +15600 9001 2020 1102.3331
a range +15000 +15600 9004 2022 1102.3274
a range +13800 +18600 2014 9005 1103.384
a range +13800 +18600 9005 2014 1103.384
a range +15000 +20400 2002 9002 1103.3911
a range +15000 +20400 9002 2002 1103.3911
a range +18600 +22200 2009 9005 1103.4107
a range +18600 +22200 9005 2009 1103.4107
a range +20400 +23400 2012 9002 1103.3807
a range +20400 +23400 9002 2012 1103.3807
a range +22200 +33000 2020 9005 1103.3749
a range +22200 +33000 9005 2020 1103.3749
a range +23400 +34200 2010 9002 1103.3947
a range +23400 +34200 9002 2010 1103.3947
a range +33000 +37200 2015 9005 1103.3792
a range +33000 +37200 9005 2015 1103.3792
a range +30000 +38400 2028 9003 1104.751
a range +30000 +38400 9003 2028 1104.751
a range +30000 +41400 2032 9006 1104.7693
a range +30000 +41400 9006 2032 1104.7693
a range +34200 +42600 2007 9002 1103.4041
a range +37200 +42600 2025 9005 1103.3732
a range +34200 +42600 9002 2007 1103.4041
a range +37200 +42600 9005 2025 1103.3732
a range +38400 +43800 2027 9003 1104.7559
a range +38400 +43800 9003 2027 1104.7559
a range +41400 +48600 2018 9006 1104.765
a range +41400 +48600 9006 2018 1104.765
a range +48600 +50400 2021 9006 1104.3991
a range +48600 +50400 9006 2021 1104.3991
a range +43800 +52200 2030 9003 1104.7809
a range +43800 +52200 9003 2030 1104.7809
a range +52200 +56400 2019 9004 1105.0698
a range +50400 +56400 2024 9006 1104.6853
a range +52200 +56400 9004 2019 1105.0698
a range +50400 +56400 9006 2024 1104.6853
a range +52200 +57000 2032 9001 1105.0678
a range +52200 +57000 9001 2032 1105.0678
a range +56400 +58200 2018 9004 1105.0529
a range +56400 +58200 9004 2018 1105.0529
a range +52200 +58800 2031 9003 1104.7647
a range +52200 +58800 9003 2031 1104.7647
a range +58200 +60600 2013 9004 1105.0657
a range +58200 +60600 9004 2013 1105.0657
a range +60600 +61200 2026 9004 1105.038
a range +60600 +61200 9004 2026 1105.038
a range +56400 +61800 2012 9006 1104.7589
a range +56400 +61800 9006 2012 1104.7589
a range +57000 +63000 2016 9001 1105.0522
a range +57000 +63000 9001 2016 1105.0522
a range +61200 +65400 2014 9004 1105.0625
a range +61200 +65400 9004 2014 1105.0625
a range +58800 +67200 2005 9003 1104.6063
a range +58800 +67200 9003 2005 1104.6063
a range +63000 +68400 2006 9001 1104.4087
a range +61800 +68400 2008 9006 1104.7973
a range +63000 +68400 9001 2006 1104.4087
a range +61800 +68400 9006 2008 1104.7973
a range +65400 +69000 2002 9004 1105.053
a range +65400 +69000 9004 2002 1105.053
a range +68400 +72600 2015 9001 1105.0494
a range +67200 +72600 2019 9003 1104.7672
a range +68400 +72600 9001 2015 1105.0494
a range +67200 +72600 9003 2019 1104.7672
a range +72600 +76200 2017 9003 1104.7828
a range +72600 +76200 9003 2017 1104.7828
a range +68400 +76800 2003 9006 1104.7648
a range +68400 +76800 9006 2003 1104.7648
a range +69000 +78000 2004 9004 1105.062
a range +69000 +78000 9004 2004 1105.062
a range +76800 +78600 2008 9006 1104.7973
a range +76200 +78600 2021 9003 1104.7575
a range +76200 +78600 9003 2021 1104.7575
a range +76800 +78600 9006 2008 1104.7973
a range +72600 +79200 2001 9001 1105.0485
a range +72600 +79200 9001 2001 1105.0485
a range +79200 +82200 2027 9001 1105.0351
a range +79200 +82200 9001 2027 1105.0351
a range +82200 +86400 2021 9001 1105.0369
a range +78600 +86400 2022 9002 1105.0868
a range +78600 +86400 2026 9005 1105.0453
a range +78000 +86400 2029 9004 1105.0646
a range +82200 +86400 9001 2021 1105.0369
a range +78600 +86400 9002 2022 1105.0868
a range +78000 +86400 9004 2029 1105.0646
a range +78600 +86400 9005 2026 1105.0453
