a contact +0 +4800 2004 9002 50
a contact +0 +4800 9002 2004 50
a contact +4800 +8400 2010 9002 50
a contact +0 +8400 2014 9001 50
a contact +0 +8400 9001 2014 50
a contact +4800 +8400 9002 2010 50
a contact +0 +12000 2022 9005 50
a contact +0 +12000 9005 2022 50
a contact +0 +13800 2012 9004 50
a contact +0 +13800 9004 2012 50
a contact +8400 +15000 2004 9002 50
a contact +8400 +15000 9002 2004 50
a contact +13800 +15600 2003 9004 50
a contact +8400 +15600 2011 9001 50
a contact +8400 +15600 9001 2011 50
a contact +13800 +15600 9004 2003 50
a contact +12000 +16800 2015 9005 50
a contact +12000 +16800 9005 2015 50
a contact +15000 +26400 2020 9002 50
a contact +15000 +26400 9002 2020 50
a contact +16800 +27000 2014 9005 50
a contact +16800 +27000 9005 2014 50
a contact +26400 +31200 2013 9002 50
a contact +26400 +31200 9002 2013 50
a contact +27000 +33600 2009 9005 50
a contact +27000 +33600 9005 2009 50
a contact +30000 +34200 2011 9003 50
a contact +30000 +34200 9003 2011 50
a contact +30000 +36600 2015 9006 50
a contact +30000 +36600 9006 2015 50
a contact +34200 +42000 2010 9003 50
a contact +34200 +42000 9003 2010 50
a contact +33600 +42600 2002 9005 50
a contact +31200 +42600 2019 9002 50
a contact +31200 +42600 9002 2019 50
a contact +33600 +42600 9005 2002 50
a contact +36600 +48000 2001 9006 50
a contact +36600 +48000 9006 2001 50
a contact +42000 +49800 2018 9003 50
a contact +42000 +49800 9003 2018 50
a contact +49800 +57600 2013 9003 50
a contact +49800 +57600 9003 2013 50
a contact +52200 +58200 2016 9001 50
a contact +52200 +58200 9001 2016 50
a contact +48000 +59400 2017 9006 50
a contact +48000 +59400 9006 2017 50
a contact +52200 +60000 2006 9004 50
a contact +52200 +60000 9004 2006 50
a contact +57600 +61800 2007 9003 50
a contact +57600 +61800 9003 2007 50
a contact +59400 +64200 2021 9006 50
a contact +59400 +64200 9006 2021 50
a contact +64200 +66600 2002 9006 50
a contact +60000 +66600 2008 9004 50
a contact +61800 +66600 2018 9003 50
a contact +61800 +66600 9003 2018 50
a contact +60000 +66600 9004 2008 50
a contact +64200 +66600 9006 2002 50
a contact +58200 +67800 2003 9001 50
a contact +58200 +67800 9001 2003 50
a contact +66600 +71400 2009 9006 50
a contact +66600 +71400 9006 2009 50
a contact +66600 +72000 2023 9004 50
a contact +66600 +72000 9004 2023 50
a contact +67800 +72600 2021 9001 50
a contact +67800 +72600 9001 2021 50
a contact +71400 +75000 2006 9006 50
a contact +71400 +75000 9006 2006 50
a contact +72000 +76200 2005 9004 50
a contact +72000 +76200 9004 2005 50
a contact +72600 +77400 2008 9001 50
a contact +72600 +77400 9001 2008 50
a contact +75000 +78600 2021 9006 50
a contact +66600 +78600 2024 9003 50
a contact +66600 +78600 9003 2024 50
a contact +75000 +78600 9006 2021 50
a contact +76200 +81000 2019 9004 50
a contact +76200 +81000 9004 2019 50
a contact +78600 +86400 2005 9005 50
a contact +77400 +86400 2007 9001 50
a contact +81000 +86400 2016 9004 50
a contact +78600 +86400 2023 9002 50
a contact +77400 +86400 9001 2007 50
a contact +78600 +86400 9002 2023 50
a contact +81000 +86400 9004 2016 50
a contact +78600 +86400 9005 2005 50

a range +0 +4800 2004 9002 1102.325
a range +0 +4800 9002 2004 1102.325
a range +4800 +8400 2010 9002 1103.3968
a range +0 +8400 2014 9001 1102.3586
a range +0 +8400 9001 2014 1102.3586
a range +4800 +8400 9002 2010 1103.3968
a range +0 +12000 2022 9005 1103.3923
a range +0 +12000 9005 2022 1103.3923
a range +0 +13800 2012 9004 1102.338
a range +0 +13800 9004 2012 1102.338
a range +8400 +15000 2004 9002 1102.325
a range +8400 +15000 9002 2004 1102.325
a range +13800 +15600 2003 9004 1102.3543
a range +8400 +15600 2011 9001 1102.3454
a range +8400 +15600 9001 2011 1102.3454
a range +13800 +15600 9004 2003 1102.3543
a range +12000 +16800 2015 9005 1103.3764
a range +12000 +16800 9005 2015 1103.3764
a range +15000 +26400 2020 9002 1103.4179
a range +15000 +26400 9002 2020 1103.4179
a range +16800 +27000 2014 9005 1103.3993
a range +16800 +27000 9005 2014 1103.3993
a range +26400 +31200 2013 9002 1103.3878
a range +26400 +31200 9002 2013 1103.3878
a range +27000 +33600 2009 9005 1103.3704
a range +27000 +33600 9005 2009 1103.3704
a range +30000 +34200 2011 9003 1104.7831
a range +30000 +34200 9003 2011 1104.7831
a range +30000 +36600 2015 9006 1104.7801
a range +30000 +36600 9006 2015 1104.7801
a range +34200 +42000 2010 9003 1104.7663
a range +34200 +42000 9003 2010 1104.7663
a range +33600 +42600 2002 9005 1103.386
a range +31200 +42600 2019 9002 1103.3717
a range +31200 +42600 9002 2019 1103.3717
a range +33600 +42600 9005 2002 1103.386
a range +36600 +48000 2001 9006 1104.7849
a range +36600 +48000 9006 2001 1104.7849
a range +42000 +49800 2018 9003 1103.6742
a range +42000 +49800 9003 2018 1103.6742
a range +49800 +57600 2013 9003 1104.7829
a range +49800 +57600 9003 2013 1104.7829
a range +52200 +58200 2016 9001 1104.3927
a range +52200 +58200 9001 2016 1104.3927
a range +48000 +59400 2017 9006 1104.0449
a range +48000 +59400 9006 2017 1104.0449
a range +52200 +60000 2006 9004 1104.0926
a range +52200 +60000 9004 2006 1104.0926
a range +57600 +61800 2007 9003 1104.7566
a range +57600 +61800 9003 2007 1104.7566
a range +59400 +64200 2021 9006 1104.7451
a range +59400 +64200 9006 2021 1104.7451
a range +64200 +66600 2002 9006 1104.7709
a range +60000 +66600 2008 9004 1105.0493
a range +61800 +66600 2018 9003 1104.7807
a range +61800 +66600 9003 2018 1104.7807
a range +60000 +66600 9004 2008 1105.0493
a range +64200 +66600 9006 2002 1104.7709
a range +58200 +67800 2003 9001 1105.066
a range +58200 +67800 9001 2003 1105.066
a range +66600 +71400 2009 9006 1104.7698
a range +66600 +71400 9006 2009 1104.7698
a range +66600 +72000 2023 9004 1105.0457
a range +66600 +72000 9004 2023 1105.0457
a range +67800 +72600 2021 9001 1105.0637
a range +67800 +72600 9001 2021 1105.0637
a range +71400 +75000 2006 9006 1104.7906
a range +71400 +75000 9006 2006 1104.7906
a range +72000 +76200 2005 9004 1105.0793
a range +72000 +76200 9004 2005 1105.0793
a range +72600 +77400 2008 9001 1105.0493
a range +72600 +77400 9001 2008 1105.0493
a range +75000 +78600 2021 9006 1104.7451
a range +66600 +78600 2024 9003 1104.7645
a range +66600 +78600 9003 2024 1104.7645
a range +75000 +78600 9006 2021 1104.7451
a range +76200 +81000 2019 9004 1105.0812
a range +76200 +81000 9004 2019 1105.0812
a range +78600 +86400 2005 9005 1105.0865
a range +77400 +86400 2007 9001 1105.0813
a range +81000 +86400 2016 9004 1105.0373
a range +78600 +86400 2023 9002 1105.0529
a range +77400 +86400 9001 2007 1105.0813
a range +78600 +86400 9002 2023 1105.0529
a range +81000 +86400 9004 2016 1105.0373
a range +78600 +86400 9005 2005 1105.0865
