a contact +600 +1200 2014 2040 1000
a contact +600 +1200 2019 2035 1000
a contact +600 +1200 2035 2019 1000
a contact +600 +1200 2040 2014 1000
a contact +1200 +1800 2008 2045 1000
a contact +1200 +1800 2011 2048 1000
a contact +1200 +1800 2020 2035 1000
a contact +1200 +1800 2035 2020 1000
a contact +1200 +1800 2045 2008 1000
a contact +1200 +1800 2048 2011 1000
a contact +1800 +2400 2009 2044 1000
a contact +1800 +2400 2014 2038 1000
a contact +1800 +2400 2038 2014 1000
a contact +1800 +2400 2044 2009 1000
a contact +2400 +3000 2019 2033 1000
a contact +2400 +3000 2020 2032 1000
a contact +2400 +3000 2021 2034 1000
a contact +2400 +3000 2032 2020 1000
a contact +2400 +3000 2033 2019 1000
a contact +2400 +3000 2034 2021 1000
a contact +3000 +3600 1002 2046 1000
a contact +3000 +3600 2046 1002 1000
a contact +4200 +4800 2021 2031 1000
a contact +4200 +4800 2031 2021 1000
a contact +4800 +5400 2008 2041 1000
a contact +4800 +5400 2041 2008 1000
a contact +5400 +6000 2005 2037 1000
a contact +5400 +6000 2037 2005 1000
a contact +6600 +7200 2029 2033 1000
a contact +6600 +7200 2033 2029 1000
a contact +8400 +9000 2025 2027 1000
a contact +8400 +9000 2027 2025 1000
a contact +9000 +9600 1002 2005 1000
a contact +9000 +9600 2005 1002 1000
a contact +10800 +11400 1003 2005 1000
a contact +10800 +11400 2005 1003 1000
a contact +13800 +14400 2002 2041 1000
a contact +13800 +14400 2041 2002 1000
a contact +14400 +15000 2003 2011 1000
a contact +14400 +15000 2005 2019 1000
a contact +14400 +15000 2011 2003 1000
a contact +14400 +15000 2019 2005 1000
a contact +15600 +16200 1001 2038 1000
a contact +15600 +16200 2038 1001 1000
a contact +16800 +17400 1001 2037 1000
a contact +16800 +17400 2032 2045 1000
a contact +16800 +17400 2037 1001 1000
a contact +16800 +17400 2045 2032 1000
a contact +17400 +18000 1001 2036 1000
a contact +17400 +18000 2002 2014 1000
a contact +17400 +18000 2014 2002 1000
a contact +17400 +18000 2036 1001 1000
a contact +18600 +19200 2013 2022 1000
a contact +18600 +19200 2022 2013 1000
a contact +19200 +19800 2024 2047 1000
a contact +19200 +19800 2047 2024 1000
a contact +20400 +21000 2006 2027 1000
a contact +20400 +21000 2008 2032 1000
a contact +20400 +21000 2027 2006 1000
a contact +20400 +21000 2032 2008 1000
a contact +21000 +21600 2001 2035 1000
a contact +21000 +21600 2010 2018 1000
a contact +21000 +21600 2014 2024 1000
a contact +21000 +21600 2018 2010 1000
a contact +21000 +21600 2024 2014 1000
a contact +21000 +21600 2035 2001 1000

a range +600 +1200 2014 2040 0.0173
a range +600 +1200 2019 2035 0.0431
a range +600 +1200 2035 2019 0.0431
a range +600 +1200 2040 2014 0.0173
a range +1200 +1800 2008 2045 0.0433
a range +1200 +1800 2011 2048 0.0448
a range +1200 +1800 2020 2035 0.0323
a range +1200 +1800 2035 2020 0.0323
a range +1200 +1800 2045 2008 0.0433
a range +1200 +1800 2048 2011 0.0448
a range +1800 +2400 2009 2044 0.0433
a range +1800 +2400 2014 2038 0.0153
a range +1800 +2400 2038 2014 0.0153
a range +1800 +2400 2044 2009 0.0433
a range +2400 +3000 2019 2033 0.0239
a range +2400 +3000 2020 2032 0.0083
a range +2400 +3000 2021 2034 0.013
a range +2400 +3000 2032 2020 0.0083
a range +2400 +3000 2033 2019 0.0239
a range +2400 +3000 2034 2021 0.013
a range +3000 +3600 1002 2046 1102.3903
a range +3000 +3600 2046 1002 1102.3903
a range +4200 +4800 2021 2031 0.0239
a range +4200 +4800 2031 2021 0.0239
a range +4800 +5400 2008 2041 0.0444
a range +4800 +5400 2041 2008 0.0444
a range +5400 +6000 2005 2037 0.044
a range +5400 +6000 2037 2005 0.044
a range +6600 +7200 2029 2033 0.0421
a range +6600 +7200 2033 2029 0.0421
a range +8400 +9000 2025 2027 0.0243
a range +8400 +9000 2027 2025 0.0243
a range +9000 +9600 1002 2005 1102.4065
a range +9000 +9600 2005 1002 1102.4065
a range +10800 +11400 1003 2005 1102.5067
a range +10800 +11400 2005 1003 1102.5067
a range +13800 +14400 2002 2041 0.0448
a range +13800 +14400 2041 2002 0.0448
a range +14400 +15000 2003 2011 0.0421
a range +14400 +15000 2005 2019 0.0291
a range +14400 +15000 2011 2003 0.0421
a range +14400 +15000 2019 2005 0.0291
a range +15600 +16200 1001 2038 1102.6188
a range +15600 +16200 2038 1001 1102.6188
a range +16800 +17400 1001 2037 1102.6218
a range +16800 +17400 2032 2045 0.0122
a range +16800 +17400 2037 1001 1102.6218
a range +16800 +17400 2045 2032 0.0122
a range +17400 +18000 1001 2036 1102.6063
a range +17400 +18000 2002 2014 0.0083
a range +17400 +18000 2014 2002 0.0083
a range +17400 +18000 2036 1001 1102.6063
a range +18600 +19200 2013 2022 0.0343
a range +18600 +19200 2022 2013 0.0343
a range +19200 +19800 2024 2047 0.0348
a range +19200 +19800 2047 2024 0.0348
a range +20400 +21000 2006 2027 0.0354
a range +20400 +21000 2008 2032 0.0153
a range +20400 +21000 2027 2006 0.0354
a range +20400 +21000 2032 2008 0.0153
a range +21000 +21600 2001 2035 0.0383
a range +21000 +21600 2010 2018 0.0397
a range +21000 +21600 2014 2024 0.0243
a range +21000 +21600 2018 2010 0.0397
a range +21000 +21600 2024 2014 0.0243
a range +21000 +21600 2035 2001 0.0383
