a contact +0 +1200 1001 9003 1200
a contact +0 +1200 9003 1001 1200
a contact +1200 +2400 1001 9003 1200
a contact +1200 +2400 9003 1001 1200
a contact +0 +6000 1002 2010 50
a contact +0 +6000 2010 1002 50
a contact +0 +9600 1002 2015 50
a contact +0 +9600 2015 1002 50
a contact +2400 +10800 1001 2001 50
a contact +2400 +10800 2001 1001 50
a contact +0 +11400 2006 9001 50
a contact +0 +11400 9001 2006 50
a contact +9600 +12000 1002 2004 50
a contact +6000 +12000 1002 2012 50
a contact +9600 +12000 2004 1002 50
a contact +6000 +12000 2012 1002 50
a contact +0 +13800 2007 9002 50
a contact +0 +13800 9002 2007 50
a contact +12000 +14400 1002 9003 1200
a contact +12000 +14400 9003 1002 1200
a contact +11400 +15600 2010 9001 50
a contact +11400 +15600 9001 2010 50
a contact +2400 +19200 1001 2009 50
a contact +2400 +19200 2009 1001 50
a contact +14400 +19800 1002 2012 50
a contact +14400 +19800 2012 1002 50
a contact +10800 +23400 1001 2015 50
a contact +19200 +23400 1001 2001 50
a contact +19200 +23400 2001 1001 50
a contact +10800 +23400 2015 1001 50
a contact +23400 +25200 1001 9003 1200
a contact +23400 +25200 1001 9001 1200
a contact +23400 +25200 9001 1001 1200
a contact +23400 +25200 9003 1001 1200
a contact +25200 +25800 1001 9003 1200
a contact +14400 +25800 1002 2002 50
a contact +14400 +25800 2002 1002 50
a contact +25200 +25800 9003 1001 1200
a contact +25200 +26400 1001 9001 1200
a contact +25200 +26400 9001 1001 1200
a contact +26400 +33600 1001 2015 50
a contact +26400 +33600 2015 1001 50
a contact +25800 +35400 1002 2006 50
a contact +19800 +35400 1002 2003 50
a contact +19800 +35400 2003 1002 50
a contact +25800 +35400 2006 1002 50
a contact +35400 +36600 1002 9001 1200
a contact +35400 +36600 9001 1002 1200
a contact +36600 +37800 1002 9001 1200
a contact +36600 +37800 9001 1002 1200
a contact +13800 +42600 2011 9002 50
a contact +13800 +42600 9002 2011 50
a contact +26400 +46800 1001 2014 50
a contact +33600 +46800 1001 2008 50
a contact +33600 +46800 2008 1001 50
a contact +26400 +46800 2014 1001 50
a contact +47400 +48600 1001 9002 1200
a contact +47400 +48600 9002 1001 1200
a contact +46800 +49200 1001 9001 1200
a contact +46800 +49200 9001 1001 1200
a contact +49200 +49800 1001 9002 1200
a contact +49200 +49800 9002 1001 1200
a contact +37800 +52200 1002 2007 50
a contact +37800 +52200 2007 1002 50
a contact +30000 +55800 2016 9003 50
a contact +30000 +55800 9003 2016 50
a contact +37800 +58800 1002 2001 50
a contact +52200 +58800 1002 2004 50
a contact +37800 +58800 2001 1002 50
a contact +52200 +58800 2004 1002 50
a contact +58800 +60000 1002 9002 1200
a contact +58800 +60000 9002 1002 1200
a contact +60000 +61800 1002 9002 1200
a contact +60000 +61800 9002 1002 1200
a contact +55800 +63000 2008 9003 50
a contact +55800 +63000 9003 2008 50
a contact +49800 +65400 1001 2002 50
a contact +49800 +65400 2002 1001 50
a contact +52200 +65400 2005 9001 50
a contact +52200 +65400 9001 2005 50
a contact +61800 +70200 1002 2012 50
a contact +61800 +70200 2012 1002 50
a contact +65400 +70800 1001 2003 50
a contact +49800 +70800 1001 2013 50
a contact +61800 +70800 1002 2014 50
a contact +65400 +70800 2003 1001 50
a contact +49800 +70800 2013 1001 50
a contact +61800 +70800 2014 1002 50
a contact +70800 +71400 1001 9002 1200
a contact +70800 +71400 9002 1001 1200
a contact +71400 +73200 1001 9002 1200
a contact +71400 +73200 9002 1001 1200
a contact +63000 +78600 2010 9003 50
a contact +63000 +78600 9003 2010 50
a contact +73200 +79800 1001 2013 50
a contact +73200 +79800 1001 2006 50
a contact +73200 +79800 2006 1001 50
a contact +73200 +79800 2013 1001 50
a contact +70200 +80400 1002 2009 50
a contact +70200 +80400 2009 1002 50
a contact +80400 +82200 1002 2015 50
a contact +70800 +82200 1002 2005 50
a contact +70800 +82200 2005 1002 50
a contact +80400 +82200 2015 1002 50
a contact +82800 +83400 1002 9003 1200
a contact +82800 +83400 9003 1002 1200
a contact +83400 +84600 1002 9003 1200
a contact +83400 +84600 9003 1002 1200
a contact +84600 +85200 1002 9003 1200
a contact +84600 +85200 9003 1002 1200
a contact +79800 +86400 1001 2012 50
a contact +79800 +86400 1001 2008 50
a contact +85200 +86400 1002 2015 50
a contact +85200 +86400 1002 2005 50
a contact +78600 +86400 2003 9002 50
a contact +65400 +86400 2004 9001 50
a contact +85200 +86400 2005 1002 50
a contact +79800 +86400 2008 1001 50
a contact +79800 +86400 2012 1001 50
a contact +85200 +86400 2015 1002 50
a contact +65400 +86400 9001 2004 50
a contact +78600 +86400 9002 2003 50

a range +0 +1200 1001 9003 0.0593
a range +0 +1200 9003 1001 0.0593
a range +1200 +2400 1001 9003 0.0593
a range +1200 +2400 9003 1001 0.0593
a range +0 +6000 1002 2010 1102.2457
a range +0 +6000 2010 1002 1102.2457
a range +0 +9600 1002 2015 1102.267
a range +0 +9600 2015 1002 1102.267
a range +2400 +10800 1001 2001 1102.7095
a range +2400 +10800 2001 1001 1102.7095
a range +0 +11400 2006 9001 1102.3551
a range +0 +11400 9001 2006 1102.3551
a range +9600 +12000 1002 2004 1102.2679
a range +6000 +12000 1002 2012 1102.2751
a range +9600 +12000 2004 1002 1102.2679
a range +6000 +12000 2012 1002 1102.2751
a range +0 +13800 2007 9002 1102.2804
a range +0 +13800 9002 2007 1102.2804
a range +12000 +14400 1002 9003 0.0615
a range +12000 +14400 9003 1002 0.0615
a range +11400 +15600 2010 9001 1102.355
a range +11400 +15600 9001 2010 1102.355
a range +2400 +19200 1001 2009 1102.7209
a range +2400 +19200 2009 1001 1102.7209
a range +14400 +19800 1002 2012 1102.9141
a range +14400 +19800 2012 1002 1102.9141
a range +10800 +23400 1001 2015 1102.6912
a range +19200 +23400 1001 2001 1102.7095
a range +19200 +23400 2001 1001 1102.7095
a range +10800 +23400 2015 1001 1102.6912
a range +23400 +25200 1001 9003 0.0602
a range +23400 +25200 1001 9001 0.0601
a range +23400 +25200 9001 1001 0.0601
a range +23400 +25200 9003 1001 0.0602
a range +25200 +25800 1001 9003 0.0602
a range +14400 +25800 1002 2002 1103.1639
a range +14400 +25800 2002 1002 1103.1639
a range +25200 +25800 9003 1001 0.0602
a range +25200 +26400 1001 9001 0.0601
a range +25200 +26400 9001 1001 0.0601
a range +26400 +33600 1001 2015 1103.5934
a range +26400 +33600 2015 1001 1103.5934
a range +25800 +35400 1002 2006 1103.1653
a range +19800 +35400 1002 2003 1103.1746
a range +19800 +35400 2003 1002 1103.1746
a range +25800 +35400 2006 1002 1103.1653
a range +35400 +36600 1002 9001 0.0623
a range +35400 +36600 9001 1002 0.0623
a range +36600 +37800 1002 9001 0.0623
a range +36600 +37800 9001 1002 0.0623
a range +13800 +42600 2011 9002 1103.3729
a range +13800 +42600 9002 2011 1103.3729
a range +26400 +46800 1001 2014 1103.598
a range +33600 +46800 1001 2008 1103.6103
a range +33600 +46800 2008 1001 1103.6103
a range +26400 +46800 2014 1001 1103.598
a range +47400 +48600 1001 9002 0.0591
a range +47400 +48600 9002 1001 0.0591
a range +46800 +49200 1001 9001 0.061
a range +46800 +49200 9001 1001 0.061
a range +49200 +49800 1001 9002 0.0591
a range +49200 +49800 9002 1001 0.0591
a range +37800 +52200 1002 2007 1103.9124
a range +37800 +52200 2007 1002 1103.9124
a range +30000 +55800 2016 9003 1104.7702
a range +30000 +55800 9003 2016 1104.7702
a range +37800 +58800 1002 2001 1104.0574
a range +52200 +58800 1002 2004 1104.0568
a range +37800 +58800 2001 1002 1104.0574
a range +52200 +58800 2004 1002 1104.0568
a range +58800 +60000 1002 9002 0.0612
a range +58800 +60000 9002 1002 0.0612
a range +60000 +61800 1002 9002 0.0612
a range +60000 +61800 9002 1002 0.0612
a range +55800 +63000 2008 9003 1104.4884
a range +55800 +63000 9003 2008 1104.4884
a range +49800 +65400 1001 2002 1104.5173
a range +49800 +65400 2002 1001 1104.5173
a range +52200 +65400 2005 9001 1104.2733
a range +52200 +65400 9001 2005 1104.2733
a range +61800 +70200 1002 2012 1104.4577
a range +61800 +70200 2012 1002 1104.4577
a range +65400 +70800 1001 2003 1104.5251
a range +49800 +70800 1001 2013 1104.5299
a range +61800 +70800 1002 2014 1104.974
a range +65400 +70800 2003 1001 1104.5251
a range +49800 +70800 2013 1001 1104.5299
a range +61800 +70800 2014 1002 1104.974
a range +70800 +71400 1001 9002 0.0599
a range +70800 +71400 9002 1001 0.0599
a range +71400 +73200 1001 9002 0.0599
a range +71400 +73200 9002 1001 0.0599
a range +63000 +78600 2010 9003 1104.7873
a range +63000 +78600 9003 2010 1104.7873
a range +73200 +79800 1001 2013 1105.0383
a range +73200 +79800 1001 2006 1104.8575
a range +73200 +79800 2006 1001 1104.8575
a range +73200 +79800 2013 1001 1105.0383
a range +70200 +80400 1002 2009 1104.9671
a range +70200 +80400 2009 1002 1104.9671
a range +80400 +82200 1002 2015 1104.9646
a range +70800 +82200 1002 2005 1104.9668
a range +70800 +82200 2005 1002 1104.9668
a range +80400 +82200 2015 1002 1104.9646
a range +82800 +83400 1002 9003 0.0435
a range +82800 +83400 9003 1002 0.0435
a range +83400 +84600 1002 9003 0.0435
a range +83400 +84600 9003 1002 0.0435
a range +84600 +85200 1002 9003 0.0435
a range +84600 +85200 9003 1002 0.0435
a range +79800 +86400 1001 2012 1105.0244
a range +79800 +86400 1001 2008 1105.0238
a range +85200 +86400 1002 2015 1105.1029
a range +85200 +86400 1002 2005 1105.1351
a range +78600 +86400 2003 9002 1105.0542
a range +65400 +86400 2004 9001 1105.0546
a range +85200 +86400 2005 1002 1105.1351
a range +79800 +86400 2008 1001 1105.0238
a range +79800 +86400 2012 1001 1105.0244
a range +85200 +86400 2015 1002 1105.1029
a range +65400 +86400 9001 2004 1105.0546
a range +78600 +86400 9002 2003 1105.0542
