a contact +0 +2400 1001 9003 1200
a contact +0 +2400 9003 1001 1200
a contact +0 +15600 2002 9001 50
a contact +0 +15600 9001 2002 50
a contact +2400 +16200 1001 2005 50
a contact +2400 +16200 2005 1001 50
a contact +16200 +20400 1001 2004 50
a contact +16200 +20400 2004 1001 50
a contact +2400 +23400 1001 2006 50
a contact +20400 +23400 1001 2003 50
a contact +20400 +23400 2003 1001 50
a contact +2400 +23400 2006 1001 50
a contact +24000 +24600 1001 9003 1200
a contact +24000 +24600 1001 9001 1200
a contact +24000 +24600 9001 1001 1200
a contact +24000 +24600 9003 1001 1200
a contact +25200 +25800 1001 9003 1200
a contact +25200 +25800 1001 9001 1200
a contact +25200 +25800 9001 1001 1200
a contact +25200 +25800 9003 1001 1200
a contact +25800 +26400 1001 9001 1200
a contact +25800 +26400 9001 1001 1200
a contact +0 +42600 2008 9002 50
a contact +0 +42600 9002 2008 50
a contact +26400 +43800 1001 2003 50
a contact +26400 +43800 2003 1001 50
a contact +43800 +46800 1001 2004 50
a contact +26400 +46800 1001 2006 50
a contact +30000 +46800 2002 9003 50
a contact +43800 +46800 2004 1001 50
a contact +26400 +46800 2006 1001 50
a contact +30000 +46800 9003 2002 50
a contact +46800 +47400 1001 9001 1200
a contact +46800 +47400 9001 1001 1200
a contact +47400 +48000 1001 9002 1200
a contact +47400 +48000 9002 1001 1200
a contact +49200 +49800 1001 9002 1200
a contact +49200 +49800 9002 1001 1200
a contact +52200 +54000 2004 9001 50
a contact +52200 +54000 9001 2004 50
a contact +54000 +54600 2003 9001 50
a contact +54000 +54600 9001 2003 50
a contact +54600 +55200 2002 9001 50
a contact +54600 +55200 9001 2002 50
a contact +55200 +57000 2003 9001 50
a contact +55200 +57000 9001 2003 50
a contact +57000 +57600 2004 9001 50
a contact +57000 +57600 9001 2004 50
a contact +57600 +58200 2003 9001 50
a contact +57600 +58200 9001 2003 50
a contact +49800 +64200 1001 2005 50
a contact +49800 +64200 2005 1001 50
a contact +64200 +64800 1001 2003 50
a contact +64200 +64800 2003 1001 50
a contact +64800 +66600 1001 2005 50
a contact +64800 +66600 2005 1001 50
a contact +66600 +67200 1001 2002 50
a contact +66600 +67200 2002 1001 50
a contact +58200 +67800 2004 9001 50
a contact +58200 +67800 9001 2004 50
a contact +67800 +68400 2002 9001 50
a contact +67800 +68400 9001 2002 50
a contact +49800 +70800 1001 2001 50
a contact +67200 +70800 1001 2005 50
a contact +49800 +70800 2001 1001 50
a contact +67200 +70800 2005 1001 50
a contact +70800 +73200 1001 9002 1200
a contact +70800 +73200 9002 1001 1200
a contact +73200 +75000 1001 2005 50
a contact +73200 +75000 2005 1001 50
a contact +75000 +75600 1001 2003 50
a contact +75000 +75600 2003 1001 50
a contact +68400 +75600 2004 9001 50
a contact +68400 +75600 9001 2004 50
a contact +75600 +78000 2003 9001 50
a contact +75600 +78000 9001 2003 50
a contact +46800 +78600 2007 9003 50
a contact +46800 +78600 9003 2007 50
a contact +73200 +79800 1001 2001 50
a contact +73200 +79800 2001 1001 50
a contact +78000 +79800 2004 9001 50
a contact +78000 +79800 9001 2004 50
a contact +79800 +80400 1001 2004 50
a contact +79800 +80400 2001 9001 50
a contact +79800 +80400 2004 1001 50
a contact +79800 +80400 9001 2001 50
a contact +78600 +81000 2003 9002 50
a contact +80400 +81000 2004 9001 50
a contact +80400 +81000 9001 2004 50
a contact +78600 +81000 9002 2003 50
a contact +75600 +81600 1001 2005 50
a contact +81000 +81600 2003 9001 50
a contact +75600 +81600 2005 1001 50
a contact +81000 +81600 2007 9002 50
a contact +81000 +81600 9001 2003 50
a contact +81000 +81600 9002 2007 50
a contact +81600 +82200 1001 2007 50
a contact +81600 +82200 2003 9002 50
a contact +81600 +82200 2004 9001 50
a contact +81600 +82200 2007 1001 50
a contact +81600 +82200 9001 2004 50
a contact +81600 +82200 9002 2003 50
a contact +82200 +82800 1001 2005 50
a contact +82200 +82800 2003 9001 50
a contact +82200 +82800 2004 9002 50
a contact +82200 +82800 2005 1001 50
a contact +82200 +82800 9001 2003 50
a contact +82200 +82800 9002 2004 50
a contact +82800 +83400 1001 2003 50
a contact +82800 +83400 2002 9002 50
a contact +82800 +83400 2003 1001 50
a contact +82800 +83400 2004 9001 50
a contact +82800 +83400 9001 2004 50
a contact +82800 +83400 9002 2002 50
a contact +83400 +84000 1001 2007 50
a contact +83400 +84000 2007 1001 50
a contact +84000 +84600 1001 2005 50
a contact +83400 +84600 2004 9002 50
a contact +84000 +84600 2005 1001 50
a contact +83400 +84600 9002 2004 50
a contact +84600 +85200 1001 2004 50
a contact +84600 +85200 2002 9002 50
a contact +84600 +85200 2004 1001 50
a contact +84600 +85200 9002 2002 50
a contact +83400 +85800 2003 9001 50
a contact +83400 +85800 9001 2003 50
a contact +80400 +86400 1001 2001 50
a contact +85200 +86400 1001 2005 50
a contact +80400 +86400 2001 1001 50
a contact +85200 +86400 2004 9002 50
a contact +85200 +86400 2005 1001 50
a contact +85800 +86400 2007 9001 50
a contact +85800 +86400 9001 2007 50
a contact +85200 +86400 9002 2004 50

a range +0 +2400 1001 9003 0.0593
a range +0 +2400 9003 1001 0.0593
a range +0 +15600 2002 9001 1102.3564
a range +0 +15600 9001 2002 1102.3564
a range +2400 +16200 1001 2005 1102.7209
a range +2400 +16200 2005 1001 1102.7209
a range +16200 +20400 1001 2004 1102.6766
a range +16200 +20400 2004 1001 1102.6766
a range +2400 +23400 1001 2006 1102.6775
a range +20400 +23400 1001 2003 1102.7218
a range +20400 +23400 2003 1001 1102.7218
a range +2400 +23400 2006 1001 1102.6775
a range +24000 +24600 1001 9003 0.0602
a range +24000 +24600 1001 9001 0.0601
a range +24000 +24600 9001 1001 0.0601
a range +24000 +24600 9003 1001 0.0602
a range +25200 +25800 1001 9003 0.0602
a range +25200 +25800 1001 9001 0.0601
a range +25200 +25800 9001 1001 0.0601
a range +25200 +25800 9003 1001 0.0602
a range +25800 +26400 1001 9001 0.0601
a range +25800 +26400 9001 1001 0.0601
a range +0 +42600 2008 9002 1103.3823
a range +0 +42600 9002 2008 1103.3823
a range +26400 +43800 1001 2003 1103.5406
a range +26400 +43800 2003 1001 1103.5406
a range +43800 +46800 1001 2004 1103.5786
a range +26400 +46800 1001 2006 1103.5797
a range +30000 +46800 2002 9003 1104.7845
a range +43800 +46800 2004 1001 1103.5786
a range +26400 +46800 2006 1001 1103.5797
a range +30000 +46800 9003 2002 1104.7845
a range +46800 +47400 1001 9001 0.061
a range +46800 +47400 9001 1001 0.061
a range +47400 +48000 1001 9002 0.0591
a range +47400 +48000 9002 1001 0.0591
a range +49200 +49800 1001 9002 0.0591
a range +49200 +49800 9002 1001 0.0591
a range +52200 +54000 2004 9001 1103.8927
a range +52200 +54000 9001 2004 1103.8927
a range +54000 +54600 2003 9001 1104.2733
a range +54000 +54600 9001 2003 1104.2733
a range +54600 +55200 2002 9001 1105.0469
a range +54600 +55200 9001 2002 1105.0469
a range +55200 +57000 2003 9001 1104.2733
a range +55200 +57000 9001 2003 1104.2733
a range +57000 +57600 2004 9001 1104.6845
a range +57000 +57600 9001 2004 1104.6845
a range +57600 +58200 2003 9001 1104.2733
a range +57600 +58200 9001 2003 1104.2733
a range +49800 +64200 1001 2005 1104.3456
a range +49800 +64200 2005 1001 1104.3456
a range +64200 +64800 1001 2003 1104.2806
a range +64200 +64800 2003 1001 1104.2806
a range +64800 +66600 1001 2005 1104.3456
a range +64800 +66600 2005 1001 1104.3456
a range +66600 +67200 1001 2002 1104.5251
a range +66600 +67200 2002 1001 1104.5251
a range +58200 +67800 2004 9001 1104.6845
a range +58200 +67800 9001 2004 1104.6845
a range +67800 +68400 2002 9001 1105.0469
a range +67800 +68400 9001 2002 1105.0469
a range +49800 +70800 1001 2001 1104.531
a range +67200 +70800 1001 2005 1104.5332
a range +49800 +70800 2001 1001 1104.531
a range +67200 +70800 2005 1001 1104.5332
a range +70800 +73200 1001 9002 0.0599
a range +70800 +73200 9002 1001 0.0599
a range +73200 +75000 1001 2005 1105.0526
a range +73200 +75000 2005 1001 1105.0526
a range +75000 +75600 1001 2003 1105.0534
a range +75000 +75600 2003 1001 1105.0534
a range +68400 +75600 2004 9001 1104.6845
a range +68400 +75600 9001 2004 1104.6845
a range +75600 +78000 2003 9001 1105.0813
a range +75600 +78000 9001 2003 1105.0813
a range +46800 +78600 2007 9003 1104.7675
a range +46800 +78600 9003 2007 1104.7675
a range +73200 +79800 1001 2001 1105.0404
a range +73200 +79800 2001 1001 1105.0404
a range +78000 +79800 2004 9001 1105.0339
a range +78000 +79800 9001 2004 1105.0339
a range +79800 +80400 1001 2004 1105.006
a range +79800 +80400 2001 9001 1105.0683
a range +79800 +80400 2004 1001 1105.006
a range +79800 +80400 9001 2001 1105.0683
a range +78600 +81000 2003 9002 1105.0885
a range +80400 +81000 2004 9001 1105.0339
a range +80400 +81000 9001 2004 1105.0339
a range +78600 +81000 9002 2003 1105.0885
a range +75600 +81600 1001 2005 1105.0526
a range +81000 +81600 2003 9001 1105.0813
a range +75600 +81600 2005 1001 1105.0526
a range +81000 +81600 2007 9002 1105.0734
a range +81000 +81600 9001 2003 1105.0813
a range +81000 +81600 9002 2007 1105.0734
a range +81600 +82200 1001 2007 1105.0383
a range +81600 +82200 2003 9002 1105.0885
a range +81600 +82200 2004 9001 1105.0339
a range +81600 +82200 2007 1001 1105.0383
a range +81600 +82200 9001 2004 1105.0339
a range +81600 +82200 9002 2003 1105.0885
a range +82200 +82800 1001 2005 1105.0526
a range +82200 +82800 2003 9001 1105.0813
a range +82200 +82800 2004 9002 1105.0411
a range +82200 +82800 2005 1001 1105.0526
a range +82200 +82800 9001 2003 1105.0813
a range +82200 +82800 9002 2004 1105.0411
a range +82800 +83400 1001 2003 1105.0534
a range +82800 +83400 2002 9002 1105.0542
a range +82800 +83400 2003 1001 1105.0534
a range +82800 +83400 2004 9001 1105.0339
a range +82800 +83400 9001 2004 1105.0339
a range +82800 +83400 9002 2002 1105.0542
a range +83400 +84000 1001 2007 1105.0383
a range +83400 +84000 2007 1001 1105.0383
a range +84000 +84600 1001 2005 1105.0526
a range +83400 +84600 2004 9002 1105.0411
a range +84000 +84600 2005 1001 1105.0526
a range +83400 +84600 9002 2004 1105.0411
a range +84600 +85200 1001 2004 1105.006
a range +84600 +85200 2002 9002 1105.0542
a range +84600 +85200 2004 1001 1105.006
a range +84600 +85200 9002 2002 1105.0542
a range +83400 +85800 2003 9001 1105.0813
a range +83400 +85800 9001 2003 1105.0813
a range +80400 +86400 1001 2001 1105.0404
a range +85200 +86400 1001 2005 1105.0526
a range +80400 +86400 2001 1001 1105.0404
a range +85200 +86400 2004 9002 1105.0411
a range +85200 +86400 2005 1001 1105.0526
a range +85800 +86400 2007 9001 1105.0661
a range +85800 +86400 9001 2007 1105.0661
a range +85200 +86400 9002 2004 1105.0411
