a contact +2400 +3000 1001 2003 1000
a contact +2400 +3000 2003 1001 1000
a contact +0 +3000 2003 9001 1000
a contact +0 +3000 2003 9002 1000
a contact +0 +3000 9001 2003 1000
a contact +0 +3000 9002 2003 1000
a contact +0 +3600 2001 2007 1000
a contact +0 +3600 2002 2008 1000
a contact +0 +3600 2007 2001 1000
a contact +0 +3600 2008 2002 1000
a contact +0 +7200 1001 9003 1000
a contact +1200 +7200 2001 2006 1000
a contact +1200 +7200 2002 2005 1000
a contact +1200 +7200 2003 2008 1000
a contact +1200 +7200 2004 2007 1000
a contact +1200 +7200 2005 2002 1000
a contact +1200 +7200 2006 2001 1000
a contact +1200 +7200 2007 2004 1000
a contact +1200 +7200 2008 2003 1000
a contact +0 +7200 9003 1001 1000
a contact +600 +7800 2001 2008 1000
a contact +600 +7800 2002 2007 1000
a contact +600 +7800 2007 2002 1000
a contact +600 +7800 2008 2001 1000
a contact +4200 +12000 1001 9001 1000
a contact +4200 +12000 9001 1001 1000
a contact +2400 +13800 1001 2004 1000
a contact +4800 +13800 2001 2007 1000
a contact +4800 +13800 2002 2008 1000
a contact +2400 +13800 2004 1001 1000
a contact +0 +13800 2004 9001 1000
a contact +0 +13800 2004 9002 1000
a contact +4800 +13800 2007 2001 1000
a contact +4800 +13800 2008 2002 1000
a contact +0 +13800 9001 2004 1000
a contact +0 +13800 9002 2004 1000
a contact +0 +15600 2001 9001 1000
a contact +0 +15600 2002 9001 1000
a contact +5400 +15600 2003 9001 1000
a contact +0 +15600 2005 9001 1000
a contact +0 +15600 2006 9001 1000
a contact +0 +15600 2007 9001 1000
a contact +0 +15600 2008 9001 1000
a contact +0 +15600 9001 2001 1000
a contact +0 +15600 9001 2002 1000
a contact +5400 +15600 9001 2003 1000
a contact +0 +15600 9001 2005 1000
a contact +0 +15600 9001 2006 1000
a contact +0 +15600 9001 2007 1000
a contact +0 +15600 9001 2008 1000
a contact +11400 +17400 2001 2006 1000
a contact +11400 +17400 2002 2005 1000
a contact +11400 +17400 2003 2008 1000
a contact +11400 +17400 2004 2007 1000
a contact +11400 +17400 2005 2002 1000
a contact +11400 +17400 2006 2001 1000
a contact +11400 +17400 2007 2004 1000
a contact +11400 +17400 2008 2003 1000
a contact +10200 +18000 1001 9002 1000
a contact +10800 +18000 2001 2008 1000
a contact +10800 +18000 2002 2007 1000
a contact +10800 +18000 2007 2002 1000
a contact +10800 +18000 2008 2001 1000
a contact +10200 +18000 9002 1001 1000
a contact +2400 +23400 1001 2001 1000
a contact +2400 +23400 1001 2002 1000
a contact +5400 +23400 1001 2003 1000
a contact +15600 +23400 1001 2004 1000
a contact +2400 +23400 1001 2005 1000
a contact +2400 +23400 1001 2006 1000
a contact +2400 +23400 1001 2007 1000
a contact +2400 +23400 1001 2008 1000
a contact +2400 +23400 2001 1001 1000
a contact +2400 +23400 2002 1001 1000
a contact +5400 +23400 2003 1001 1000
a contact +15600 +23400 2004 1001 1000
a contact +2400 +23400 2005 1001 1000
a contact +2400 +23400 2006 1001 1000
a contact +2400 +23400 2007 1001 1000
a contact +2400 +23400 2008 1001 1000
a contact +15600 +24000 2001 2007 1000
a contact +15600 +24000 2002 2008 1000
a contact +5400 +24000 2003 9002 1000
a contact +15600 +24000 2007 2001 1000
a contact +15600 +24000 2008 2002 1000
a contact +5400 +24000 9002 2003 1000
a contact +0 +24600 2005 9002 1000
a contact +0 +24600 9002 2005 1000
a contact +18000 +25800 1001 9003 1000
a contact +18000 +25800 9003 1001 1000
a contact +22200 +28200 2001 2006 1000
a contact +22200 +28200 2002 2005 1000
a contact +22200 +28200 2003 2008 1000
a contact +22200 +28200 2004 2007 1000
a contact +22200 +28200 2005 2002 1000
a contact +22200 +28200 2006 2001 1000
a contact +22200 +28200 2007 2004 1000
a contact +22200 +28200 2008 2003 1000
a contact +21600 +28800 2001 2008 1000
a contact +21600 +28800 2002 2007 1000
a contact +21600 +28800 2007 2002 1000
a contact +21600 +28800 2008 2001 1000
a contact +22800 +30600 1001 9001 1000
a contact +22800 +30600 9001 1001 1000
a contact +26400 +34200 1001 2004 1000
a contact +26400 +34200 2004 1001 1000
a contact +15600 +34200 2004 9002 1000
a contact +30000 +34200 2004 9003 1000
a contact +15600 +34200 9002 2004 1000
a contact +30000 +34200 9003 2004 1000
a contact +25800 +34800 2001 2007 1000
a contact +25800 +34800 2002 2008 1000
a contact +25800 +34800 2007 2001 1000
a contact +25800 +34800 2008 2002 1000
a contact +28800 +36600 1001 9002 1000
a contact +28800 +36600 9002 1001 1000
a contact +32400 +38400 2001 2006 1000
a contact +32400 +38400 2002 2005 1000
a contact +32400 +38400 2003 2008 1000
a contact +32400 +38400 2004 2007 1000
a contact +32400 +38400 2005 2002 1000
a contact +32400 +38400 2006 2001 1000
a contact +32400 +38400 2007 2004 1000
a contact +32400 +38400 2008 2003 1000
a contact +31800 +39000 2001 2008 1000
a contact +31800 +39000 2002 2007 1000
a contact +31800 +39000 2007 2002 1000
a contact +31800 +39000 2008 2001 1000
a contact +0 +42600 2001 9002 1000
a contact +0 +42600 2002 9002 1000
a contact +25800 +42600 2003 9002 1000
a contact +36600 +42600 2004 9002 1000
a contact +25200 +42600 2005 9002 1000
a contact +0 +42600 2006 9002 1000
a contact +0 +42600 2007 9002 1000
a contact +0 +42600 2008 9002 1000
a contact +0 +42600 9002 2001 1000
a contact +0 +42600 9002 2002 1000
a contact +25800 +42600 9002 2003 1000
a contact +36600 +42600 9002 2004 1000
a contact +25200 +42600 9002 2005 1000
a contact +0 +42600 9002 2006 1000
a contact +0 +42600 9002 2007 1000
a contact +0 +42600 9002 2008 1000
a contact +36600 +44400 1001 9003 1000
a contact +36600 +44400 9003 1001 1000
a contact +26400 +45000 1001 2003 1000
a contact +36000 +45000 2001 2007 1000
a contact +36000 +45000 2002 2008 1000
a contact +26400 +45000 2003 1001 1000
a contact +30000 +45000 2003 9003 1000
a contact +36000 +45000 2007 2001 1000
a contact +36000 +45000 2008 2002 1000
a contact +30000 +45000 9003 2003 1000
a contact +26400 +45600 1001 2005 1000
a contact +26400 +45600 2005 1001 1000
a contact +30000 +45600 2005 9003 1000
a contact +30000 +45600 9003 2005 1000
a contact +26400 +46800 1001 2001 1000
a contact +26400 +46800 1001 2002 1000
a contact +36600 +46800 1001 2004 1000
a contact +46200 +46800 1001 2005 1000
a contact +26400 +46800 1001 2006 1000
a contact +26400 +46800 1001 2007 1000
a contact +26400 +46800 1001 2008 1000
a contact +26400 +46800 2001 1001 1000
a contact +26400 +46800 2002 1001 1000
a contact +36600 +46800 2004 1001 1000
a contact +46200 +46800 2005 1001 1000
a contact +26400 +46800 2006 1001 1000
a contact +26400 +46800 2007 1001 1000
a contact +26400 +46800 2008 1001 1000
a contact +42600 +48600 2001 2006 1000
a contact +42600 +48600 2002 2005 1000
a contact +42600 +48600 2003 2008 1000
a contact +42600 +48600 2004 2007 1000
a contact +42600 +48600 2005 2002 1000
a contact +42600 +48600 2006 2001 1000
a contact +42600 +48600 2007 2004 1000
a contact +42600 +48600 2008 2003 1000
a contact +41400 +49200 1001 9001 1000
a contact +42000 +49200 2001 2008 1000
a contact +42000 +49200 2002 2007 1000
a contact +42000 +49200 2007 2002 1000
a contact +42000 +49200 2008 2001 1000
a contact +41400 +49200 9001 1001 1000
a contact +47400 +54600 1001 9002 1000
a contact +47400 +54600 9002 1001 1000
a contact +49800 +55200 1001 2004 1000
a contact +46800 +55200 2001 2007 1000
a contact +46800 +55200 2002 2008 1000
a contact +49800 +55200 2004 1001 1000
a contact +52200 +55200 2004 9001 1000
a contact +36600 +55200 2004 9003 1000
a contact +46800 +55200 2007 2001 1000
a contact +46800 +55200 2008 2002 1000
a contact +52200 +55200 9001 2004 1000
a contact +36600 +55200 9003 2004 1000
a contact +49800 +55800 1001 2006 1000
a contact +49800 +55800 2006 1001 1000
a contact +52200 +55800 2006 9001 1000
a contact +30000 +55800 2006 9003 1000
a contact +52200 +55800 9001 2006 1000
a contact +30000 +55800 9003 2006 1000
a contact +53400 +59400 2001 2006 1000
a contact +53400 +59400 2002 2005 1000
a contact +53400 +59400 2003 2008 1000
a contact +53400 +59400 2004 2007 1000
a contact +53400 +59400 2005 2002 1000
a contact +53400 +59400 2006 2001 1000
a contact +53400 +59400 2007 2004 1000
a contact +53400 +59400 2008 2003 1000
a contact +52800 +60000 2001 2008 1000
a contact +52800 +60000 2002 2007 1000
a contact +52800 +60000 2007 2002 1000
a contact +52800 +60000 2008 2001 1000
a contact +55200 +63000 1001 9003 1000
a contact +55200 +63000 9003 1001 1000
a contact +49800 +65400 1001 2003 1000
a contact +49800 +65400 2003 1001 1000
a contact +52200 +65400 2003 9001 1000
a contact +46800 +65400 2003 9003 1000
a contact +52200 +65400 9001 2003 1000
a contact +46800 +65400 9003 2003 1000
a contact +57000 +66000 2001 2007 1000
a contact +57000 +66000 2002 2008 1000
a contact +57000 +66000 2007 2001 1000
a contact +57000 +66000 2008 2002 1000
a contact +49800 +66600 1001 2005 1000
a contact +49800 +66600 2005 1001 1000
a contact +52200 +66600 2005 9001 1000
a contact +46200 +66600 2005 9003 1000
a contact +52200 +66600 9001 2005 1000
a contact +46200 +66600 9003 2005 1000
a contact +60000 +67800 1001 9001 1000
a contact +60000 +67800 9001 1001 1000
a contact +63600 +69600 2001 2006 1000
a contact +63600 +69600 2002 2005 1000
a contact +63600 +69600 2003 2008 1000
a contact +63600 +69600 2004 2007 1000
a contact +63600 +69600 2005 2002 1000
a contact +63600 +69600 2006 2001 1000
a contact +63600 +69600 2007 2004 1000
a contact +63600 +69600 2008 2003 1000
a contact +63000 +70200 2001 2008 1000
a contact +63000 +70200 2002 2007 1000
a contact +63000 +70200 2007 2002 1000
a contact +63000 +70200 2008 2001 1000
a contact +49800 +70800 1001 2001 1000
a contact +49800 +70800 1001 2002 1000
a contact +67800 +70800 1001 2003 1000
a contact +57000 +70800 1001 2004 1000
a contact +67200 +70800 1001 2005 1000
a contact +56400 +70800 1001 2006 1000
a contact +49800 +70800 1001 2007 1000
a contact +49800 +70800 1001 2008 1000
a contact +49800 +70800 2001 1001 1000
a contact +49800 +70800 2002 1001 1000
a contact +67800 +70800 2003 1001 1000
a contact +57000 +70800 2004 1001 1000
a contact +67200 +70800 2005 1001 1000
a contact +56400 +70800 2006 1001 1000
a contact +49800 +70800 2007 1001 1000
a contact +49800 +70800 2008 1001 1000
a contact +65400 +73200 1001 9002 1000
a contact +65400 +73200 9002 1001 1000
a contact +73200 +76200 1001 2004 1000
a contact +67200 +76200 2001 2007 1000
a contact +67200 +76200 2002 2008 1000
a contact +73200 +76200 2004 1001 1000
a contact +57000 +76200 2004 9001 1000
a contact +57000 +76200 2004 9003 1000
a contact +67200 +76200 2007 2001 1000
a contact +67200 +76200 2008 2002 1000
a contact +57000 +76200 9001 2004 1000
a contact +57000 +76200 9003 2004 1000
a contact +73200 +76800 1001 2006 1000
a contact +73200 +76800 2006 1001 1000
a contact +56400 +76800 2006 9001 1000
a contact +56400 +76800 2006 9003 1000
a contact +56400 +76800 9001 2006 1000
a contact +56400 +76800 9003 2006 1000
a contact +30000 +78600 2001 9003 1000
a contact +30000 +78600 2002 9003 1000
a contact +67800 +78600 2003 9003 1000
a contact +78000 +78600 2004 9003 1000
a contact +67200 +78600 2005 9003 1000
a contact +77400 +78600 2006 9003 1000
a contact +30000 +78600 2007 9003 1000
a contact +30000 +78600 2008 9003 1000
a contact +30000 +78600 9003 2001 1000
a contact +30000 +78600 9003 2002 1000
a contact +67800 +78600 9003 2003 1000
a contact +78000 +78600 9003 2004 1000
a contact +67200 +78600 9003 2005 1000
a contact +77400 +78600 9003 2006 1000
a contact +30000 +78600 9003 2007 1000
a contact +30000 +78600 9003 2008 1000
a contact +73800 +79800 2001 2006 1000
a contact +73800 +79800 2002 2005 1000
a contact +73800 +79800 2003 2008 1000
a contact +73800 +79800 2004 2007 1000
a contact +73800 +79800 2005 2002 1000
a contact +73800 +79800 2006 2001 1000
a contact +73800 +79800 2007 2004 1000
a contact +73800 +79800 2008 2003 1000
a contact +73200 +80400 2001 2008 1000
a contact +73200 +80400 2002 2007 1000
a contact +73200 +80400 2007 2002 1000
a contact +73200 +80400 2008 2001 1000
a contact +73200 +81000 1001 9003 1000
a contact +73200 +81000 9003 1001 1000
a contact +78000 +85800 1001 9001 1000
a contact +78000 +85800 9001 1001 1000
a contact +73200 +86400 1001 2001 1000
a contact +73200 +86400 1001 2002 1000
a contact +73200 +86400 1001 2003 1000
a contact +78000 +86400 1001 2004 1000
a contact +73200 +86400 1001 2005 1000
a contact +77400 +86400 1001 2006 1000
a contact +73200 +86400 1001 2007 1000
a contact +73200 +86400 1001 2008 1000
a contact +84000 +86400 1001 9002 1000
a contact +73200 +86400 2001 1001 1000
a contact +0 +86400 2001 2003 1000
a contact +0 +86400 2001 2005 1000
a contact +84600 +86400 2001 2006 1000
a contact +78000 +86400 2001 2007 1000
a contact +84000 +86400 2001 2008 1000
a contact +52200 +86400 2001 9001 1000
a contact +78600 +86400 2001 9002 1000
a contact +73200 +86400 2002 1001 1000
a contact +0 +86400 2002 2004 1000
a contact +84600 +86400 2002 2005 1000
a contact +0 +86400 2002 2006 1000
a contact +84000 +86400 2002 2007 1000
a contact +78000 +86400 2002 2008 1000
a contact +52200 +86400 2002 9001 1000
a contact +78600 +86400 2002 9002 1000
a contact +73200 +86400 2003 1001 1000
a contact +0 +86400 2003 2001 1000
a contact +0 +86400 2003 2005 1000
a contact +0 +86400 2003 2007 1000
a contact +84600 +86400 2003 2008 1000
a contact +67800 +86400 2003 9001 1000
a contact +78600 +86400 2003 9002 1000
a contact +78000 +86400 2004 1001 1000
a contact +0 +86400 2004 2002 1000
a contact +0 +86400 2004 2006 1000
a contact +84600 +86400 2004 2007 1000
a contact +0 +86400 2004 2008 1000
a contact +78000 +86400 2004 9001 1000
a contact +78600 +86400 2004 9002 1000
a contact +73200 +86400 2005 1001 1000
a contact +0 +86400 2005 2001 1000
a contact +84600 +86400 2005 2002 1000
a contact +0 +86400 2005 2003 1000
a contact +0 +86400 2005 2007 1000
a contact +67200 +86400 2005 9001 1000
a contact +78600 +86400 2005 9002 1000
a contact +77400 +86400 2006 1001 1000
a contact +84600 +86400 2006 2001 1000
a contact +0 +86400 2006 2002 1000
a contact +0 +86400 2006 2004 1000
a contact +0 +86400 2006 2008 1000
a contact +77400 +86400 2006 9001 1000
a contact +78600 +86400 2006 9002 1000
a contact +73200 +86400 2007 1001 1000
a contact +78000 +86400 2007 2001 1000
a contact +84000 +86400 2007 2002 1000
a contact +0 +86400 2007 2003 1000
a contact +84600 +86400 2007 2004 1000
a contact +0 +86400 2007 2005 1000
a contact +52200 +86400 2007 9001 1000
a contact +78600 +86400 2007 9002 1000
a contact +73200 +86400 2008 1001 1000
a contact +84000 +86400 2008 2001 1000
a contact +78000 +86400 2008 2002 1000
a contact +84600 +86400 2008 2003 1000
a contact +0 +86400 2008 2004 1000
a contact +0 +86400 2008 2006 1000
a contact +52200 +86400 2008 9001 1000
a contact +78600 +86400 2008 9002 1000
a contact +52200 +86400 9001 2001 1000
a contact +52200 +86400 9001 2002 1000
a contact +67800 +86400 9001 2003 1000
a contact +78000 +86400 9001 2004 1000
a contact +67200 +86400 9001 2005 1000
a contact +77400 +86400 9001 2006 1000
a contact +52200 +86400 9001 2007 1000
a contact +52200 +86400 9001 2008 1000
a contact +84000 +86400 9002 1001 1000
a contact +78600 +86400 9002 2001 1000
a contact +78600 +86400 9002 2002 1000
a contact +78600 +86400 9002 2003 1000
a contact +78600 +86400 9002 2004 1000
a contact +78600 +86400 9002 2005 1000
a contact +78600 +86400 9002 2006 1000
a contact +78600 +86400 9002 2007 1000
a contact +78600 +86400 9002 2008 1000

a range +2400 +3000 1001 2003 1101.9294
a range +2400 +3000 2003 1001 1101.9294
a range +0 +3000 2003 9001 1101.8672
a range +0 +3000 2003 9002 1101.8704
a range +0 +3000 9001 2003 1101.8672
a range +0 +3000 9002 2003 1101.8704
a range +0 +3600 2001 2007 0.0478
a range +0 +3600 2002 2008 0.0478
a range +0 +3600 2007 2001 0.0478
a range +0 +3600 2008 2002 0.0478
a range +0 +7200 1001 9003 0.0593
a range +1200 +7200 2001 2006 0.0480
a range +1200 +7200 2002 2005 0.0480
a range +1200 +7200 2003 2008 0.0482
a range +1200 +7200 2004 2007 0.0482
a range +1200 +7200 2005 2002 0.0480
a range +1200 +7200 2006 2001 0.0480
a range +1200 +7200 2007 2004 0.0482
a range +1200 +7200 2008 2003 0.0482
a range +0 +7200 9003 1001 0.0593
a range +600 +7800 2001 2008 0.0488
a range +600 +7800 2002 2007 0.0488
a range +600 +7800 2007 2002 0.0488
a range +600 +7800 2008 2001 0.0488
a range +4200 +12000 1001 9001 0.0592
a range +4200 +12000 9001 1001 0.0592
a range +2400 +13800 1001 2004 1102.2393
a range +4800 +13800 2001 2007 0.0475
a range +4800 +13800 2002 2008 0.0475
a range +2400 +13800 2004 1001 1102.2393
a range +0 +13800 2004 9001 1102.2982
a range +0 +13800 2004 9002 1102.2804
a range +4800 +13800 2007 2001 0.0475
a range +4800 +13800 2008 2002 0.0475
a range +0 +13800 9001 2004 1102.2982
a range +0 +13800 9002 2004 1102.2804
a range +0 +15600 2001 9001 1102.3352
a range +0 +15600 2002 9001 1102.3564
a range +5400 +15600 2003 9001 1102.3231
a range +0 +15600 2005 9001 1102.3244
a range +0 +15600 2006 9001 1102.3672
a range +0 +15600 2007 9001 1102.3380
a range +0 +15600 2008 9001 1102.3536
a range +0 +15600 9001 2001 1102.3352
a range +0 +15600 9001 2002 1102.3564
a range +5400 +15600 9001 2003 1102.3231
a range +0 +15600 9001 2005 1102.3244
a range +0 +15600 9001 2006 1102.3672
a range +0 +15600 9001 2007 1102.3380
a range +0 +15600 9001 2008 1102.3536
a range +11400 +17400 2001 2006 0.0472
a range +11400 +17400 2002 2005 0.0472
a range +11400 +17400 2003 2008 0.0474
a range +11400 +17400 2004 2007 0.0474
a range +11400 +17400 2005 2002 0.0472
a range +11400 +17400 2006 2001 0.0472
a range +11400 +17400 2007 2004 0.0474
a range +11400 +17400 2008 2003 0.0474
a range +10200 +18000 1001 9002 0.0607
a range +10800 +18000 2001 2008 0.0477
a range +10800 +18000 2002 2007 0.0477
a range +10800 +18000 2007 2002 0.0477
a range +10800 +18000 2008 2001 0.0477
a range +10200 +18000 9002 1001 0.0607
a range +2400 +23400 1001 2001 1102.7095
a range +2400 +23400 1001 2002 1102.6889
a range +5400 +23400 1001 2003 1102.7218
a range +15600 +23400 1001 2004 1102.6766
a range +2400 +23400 1001 2005 1102.7209
a range +2400 +23400 1001 2006 1102.6775
a range +2400 +23400 1001 2007 1102.7071
a range +2400 +23400 1001 2008 1102.6912
a range +2400 +23400 2001 1001 1102.7095
a range +2400 +23400 2002 1001 1102.6889
a range +5400 +23400 2003 1001 1102.7218
a range +15600 +23400 2004 1001 1102.6766
a range +2400 +23400 2005 1001 1102.7209
a range +2400 +23400 2006 1001 1102.6775
a range +2400 +23400 2007 1001 1102.7071
a range +2400 +23400 2008 1001 1102.6912
a range +15600 +24000 2001 2007 0.0470
a range +15600 +24000 2002 2008 0.0470
a range +5400 +24000 2003 9002 1102.6751
a range +15600 +24000 2007 2001 0.0470
a range +15600 +24000 2008 2002 0.0470
a range +5400 +24000 9002 2003 1102.6751
a range +0 +24600 2005 9002 1102.6981
a range +0 +24600 9002 2005 1102.6981
a range +18000 +25800 1001 9003 0.0602
a range +18000 +25800 9003 1001 0.0602
a range +22200 +28200 2001 2006 0.0487
a range +22200 +28200 2002 2005 0.0487
a range +22200 +28200 2003 2008 0.0489
a range +22200 +28200 2004 2007 0.0489
a range +22200 +28200 2005 2002 0.0487
a range +22200 +28200 2006 2001 0.0487
a range +22200 +28200 2007 2004 0.0489
a range +22200 +28200 2008 2003 0.0489
a range +21600 +28800 2001 2008 0.0496
a range +21600 +28800 2002 2007 0.0496
a range +21600 +28800 2007 2002 0.0496
a range +21600 +28800 2008 2001 0.0496
a range +22800 +30600 1001 9001 0.0601
a range +22800 +30600 9001 1001 0.0601
a range +26400 +34200 1001 2004 1103.0331
a range +26400 +34200 2004 1001 1103.0331
a range +15600 +34200 2004 9002 1103.0774
a range +30000 +34200 2004 9003 1103.0811
a range +15600 +34200 9002 2004 1103.0774
a range +30000 +34200 9003 2004 1103.0811
a range +25800 +34800 2001 2007 0.0478
a range +25800 +34800 2002 2008 0.0478
a range +25800 +34800 2007 2001 0.0478
a range +25800 +34800 2008 2002 0.0478
a range +28800 +36600 1001 9002 0.0615
a range +28800 +36600 9002 1001 0.0615
a range +32400 +38400 2001 2006 0.0479
a range +32400 +38400 2002 2005 0.0479
a range +32400 +38400 2003 2008 0.0481
a range +32400 +38400 2004 2007 0.0481
a range +32400 +38400 2005 2002 0.0479
a range +32400 +38400 2006 2001 0.0479
a range +32400 +38400 2007 2004 0.0481
a range +32400 +38400 2008 2003 0.0481
a range +31800 +39000 2001 2008 0.0486
a range +31800 +39000 2002 2007 0.0486
a range +31800 +39000 2007 2002 0.0486
a range +31800 +39000 2008 2001 0.0486
a range +0 +42600 2001 9002 1103.3947
a range +0 +42600 2002 9002 1103.3811
a range +25800 +42600 2003 9002 1103.4033
a range +36600 +42600 2004 9002 1103.3725
a range +25200 +42600 2005 9002 1103.4029
a range +0 +42600 2006 9002 1103.3729
a range +0 +42600 2007 9002 1103.3935
a range +0 +42600 2008 9002 1103.3823
a range +0 +42600 9002 2001 1103.3947
a range +0 +42600 9002 2002 1103.3811
a range +25800 +42600 9002 2003 1103.4033
a range +36600 +42600 9002 2004 1103.3725
a range +25200 +42600 9002 2005 1103.4029
a range +0 +42600 9002 2006 1103.3729
a range +0 +42600 9002 2007 1103.3935
a range +0 +42600 9002 2008 1103.3823
a range +36600 +44400 1001 9003 0.0611
a range +36600 +44400 9003 1001 0.0611
a range +26400 +45000 1001 2003 1103.5406
a range +36000 +45000 2001 2007 0.0474
a range +36000 +45000 2002 2008 0.0474
a range +26400 +45000 2003 1001 1103.5406
a range +30000 +45000 2003 9003 1103.4865
a range +36000 +45000 2007 2001 0.0474
a range +36000 +45000 2008 2002 0.0474
a range +30000 +45000 9003 2003 1103.4865
a range +26400 +45600 1001 2005 1103.5694
a range +26400 +45600 2005 1001 1103.5694
a range +30000 +45600 2005 9003 1103.5084
a range +30000 +45600 9003 2005 1103.5084
a range +26400 +46800 1001 2001 1103.6119
a range +26400 +46800 1001 2002 1103.5908
a range +36600 +46800 1001 2004 1103.5786
a range +46200 +46800 1001 2005 1103.6230
a range +26400 +46800 1001 2006 1103.5797
a range +26400 +46800 1001 2007 1103.6093
a range +26400 +46800 1001 2008 1103.5934
a range +26400 +46800 2001 1001 1103.6119
a range +26400 +46800 2002 1001 1103.5908
a range +36600 +46800 2004 1001 1103.5786
a range +46200 +46800 2005 1001 1103.6230
a range +26400 +46800 2006 1001 1103.5797
a range +26400 +46800 2007 1001 1103.6093
a range +26400 +46800 2008 1001 1103.5934
a range +42600 +48600 2001 2006 0.0470
a range +42600 +48600 2002 2005 0.0470
a range +42600 +48600 2003 2008 0.0472
a range +42600 +48600 2004 2007 0.0472
a range +42600 +48600 2005 2002 0.0470
a range +42600 +48600 2006 2001 0.0470
a range +42600 +48600 2007 2004 0.0472
a range +42600 +48600 2008 2003 0.0472
a range +41400 +49200 1001 9001 0.0610
a range +42000 +49200 2001 2008 0.0474
a range +42000 +49200 2002 2007 0.0474
a range +42000 +49200 2007 2002 0.0474
a range +42000 +49200 2008 2001 0.0474
a range +41400 +49200 9001 1001 0.0610
a range +47400 +54600 1001 9002 0.0591
a range +47400 +54600 9002 1001 0.0591
a range +49800 +55200 1001 2004 1103.8739
a range +46800 +55200 2001 2007 0.0468
a range +46800 +55200 2002 2008 0.0468
a range +49800 +55200 2004 1001 1103.8739
a range +52200 +55200 2004 9001 1103.8927
a range +36600 +55200 2004 9003 1103.8757
a range +46800 +55200 2007 2001 0.0468
a range +46800 +55200 2008 2002 0.0468
a range +52200 +55200 9001 2004 1103.8927
a range +36600 +55200 9003 2004 1103.8757
a range +49800 +55800 1001 2006 1103.8879
a range +49800 +55800 2006 1001 1103.8879
a range +52200 +55800 2006 9001 1103.9146
a range +30000 +55800 2006 9003 1103.8985
a range +52200 +55800 9001 2006 1103.9146
a range +30000 +55800 9003 2006 1103.8985
a range +53400 +59400 2001 2006 0.0485
a range +53400 +59400 2002 2005 0.0485
a range +53400 +59400 2003 2008 0.0487
a range +53400 +59400 2004 2007 0.0487
a range +53400 +59400 2005 2002 0.0485
a range +53400 +59400 2006 2001 0.0485
a range +53400 +59400 2007 2004 0.0487
a range +53400 +59400 2008 2003 0.0487
a range +52800 +60000 2001 2008 0.0494
a range +52800 +60000 2002 2007 0.0494
a range +52800 +60000 2007 2002 0.0494
a range +52800 +60000 2008 2001 0.0494
a range +55200 +63000 1001 9003 0.0620
a range +55200 +63000 9003 1001 0.0620
a range +49800 +65400 1001 2003 1104.2806
a range +49800 +65400 2003 1001 1104.2806
a range +52200 +65400 2003 9001 1104.2733
a range +46800 +65400 2003 9003 1104.2741
a range +52200 +65400 9001 2003 1104.2733
a range +46800 +65400 9003 2003 1104.2741
a range +57000 +66000 2001 2007 0.0477
a range +57000 +66000 2002 2008 0.0477
a range +57000 +66000 2007 2001 0.0477
a range +57000 +66000 2008 2002 0.0477
a range +49800 +66600 1001 2005 1104.3456
a range +49800 +66600 2005 1001 1104.3456
a range +52200 +66600 2005 9001 1104.3184
a range +46200 +66600 2005 9003 1104.3215
a range +52200 +66600 9001 2005 1104.3184
a range +46200 +66600 9003 2005 1104.3215
a range +60000 +67800 1001 9001 0.0619
a range +60000 +67800 9001 1001 0.0619
a range +63600 +69600 2001 2006 0.0477
a range +63600 +69600 2002 2005 0.0477
a range +63600 +69600 2003 2008 0.0479
a range +63600 +69600 2004 2007 0.0479
a range +63600 +69600 2005 2002 0.0477
a range +63600 +69600 2006 2001 0.0477
a range +63600 +69600 2007 2004 0.0479
a range +63600 +69600 2008 2003 0.0479
a range +63000 +70200 2001 2008 0.0484
a range +63000 +70200 2002 2007 0.0484
a range +63000 +70200 2007 2002 0.0484
a range +63000 +70200 2008 2001 0.0484
a range +49800 +70800 1001 2001 1104.5310
a range +49800 +70800 1001 2002 1104.5251
a range +67800 +70800 1001 2003 1104.5338
a range +57000 +70800 1001 2004 1104.5223
a range +67200 +70800 1001 2005 1104.5332
a range +56400 +70800 1001 2006 1104.5229
a range +49800 +70800 1001 2007 1104.5299
a range +49800 +70800 1001 2008 1104.5262
a range +49800 +70800 2001 1001 1104.5310
a range +49800 +70800 2002 1001 1104.5251
a range +67800 +70800 2003 1001 1104.5338
a range +57000 +70800 2004 1001 1104.5223
a range +67200 +70800 2005 1001 1104.5332
a range +56400 +70800 2006 1001 1104.5229
a range +49800 +70800 2007 1001 1104.5299
a range +49800 +70800 2008 1001 1104.5262
a range +65400 +73200 1001 9002 0.0599
a range +65400 +73200 9002 1001 0.0599
a range +73200 +76200 1001 2004 1104.7221
a range +67200 +76200 2001 2007 0.0473
a range +67200 +76200 2002 2008 0.0473
a range +73200 +76200 2004 1001 1104.7221
a range +57000 +76200 2004 9001 1104.6845
a range +57000 +76200 2004 9003 1104.7034
a range +67200 +76200 2007 2001 0.0473
a range +67200 +76200 2008 2002 0.0473
a range +57000 +76200 9001 2004 1104.6845
a range +57000 +76200 9003 2004 1104.7034
a range +73200 +76800 1001 2006 1104.7355
a range +73200 +76800 2006 1001 1104.7355
a range +56400 +76800 2006 9001 1104.7070
a range +56400 +76800 2006 9003 1104.7267
a range +56400 +76800 9001 2006 1104.7070
a range +56400 +76800 9003 2006 1104.7267
a range +30000 +78600 2001 9003 1104.7652
a range +30000 +78600 2002 9003 1104.7845
a range +67800 +78600 2003 9003 1104.7539
a range +78000 +78600 2004 9003 1104.7958
a range +67200 +78600 2005 9003 1104.7550
a range +77400 +78600 2006 9003 1104.7947
a range +30000 +78600 2007 9003 1104.7675
a range +30000 +78600 2008 9003 1104.7822
a range +30000 +78600 9003 2001 1104.7652
a range +30000 +78600 9003 2002 1104.7845
a range +67800 +78600 9003 2003 1104.7539
a range +78000 +78600 9003 2004 1104.7958
a range +67200 +78600 9003 2005 1104.7550
a range +77400 +78600 9003 2006 1104.7947
a range +30000 +78600 9003 2007 1104.7675
a range +30000 +78600 9003 2008 1104.7822
a range +73800 +79800 2001 2006 0.0468
a range +73800 +79800 2002 2005 0.0468
a range +73800 +79800 2003 2008 0.0470
a range +73800 +79800 2004 2007 0.0470
a range +73800 +79800 2005 2002 0.0468
a range +73800 +79800 2006 2001 0.0468
a range +73800 +79800 2007 2004 0.0470
a range +73800 +79800 2008 2003 0.0470
a range +73200 +80400 2001 2008 0.0472
a range +73200 +80400 2002 2007 0.0472
a range +73200 +80400 2007 2002 0.0472
a range +73200 +80400 2008 2001 0.0472
a range +73200 +81000 1001 9003 0.0594
a range +73200 +81000 9003 1001 0.0594
a range +78000 +85800 1001 9001 0.0593
a range +78000 +85800 9001 1001 0.0593
a range +73200 +86400 1001 2001 1105.0404
a range +73200 +86400 1001 2002 1105.0191
a range +73200 +86400 1001 2003 1105.0534
a range +78000 +86400 1001 2004 1105.0060
a range +73200 +86400 1001 2005 1105.0526
a range +77400 +86400 1001 2006 1105.0069
a range +73200 +86400 1001 2007 1105.0383
a range +73200 +86400 1001 2008 1105.0212
a range +84000 +86400 1001 9002 0.0467
a range +73200 +86400 2001 1001 1105.0404
a range +0 +86400 2001 2003 0.0193
a range +0 +86400 2001 2005 0.0357
a range +84600 +86400 2001 2006 0.0377
a range +78000 +86400 2001 2007 0.0467
a range +84000 +86400 2001 2008 0.0226
a range +52200 +86400 2001 9001 1105.0683
a range +78600 +86400 2001 9002 1105.0755
a range +73200 +86400 2002 1001 1105.0191
a range +0 +86400 2002 2004 0.0193
a range +84600 +86400 2002 2005 0.0377
a range +0 +86400 2002 2006 0.0357
a range +84000 +86400 2002 2007 0.0226
a range +78000 +86400 2002 2008 0.0467
a range +52200 +86400 2002 9001 1105.0469
a range +78600 +86400 2002 9002 1105.0542
a range +73200 +86400 2003 1001 1105.0534
a range +0 +86400 2003 2001 0.0193
a range +0 +86400 2003 2005 0.0193
a range +0 +86400 2003 2007 0.0358
a range +84600 +86400 2003 2008 0.0376
a range +67800 +86400 2003 9001 1105.0813
a range +78600 +86400 2003 9002 1105.0885
a range +78000 +86400 2004 1001 1105.0060
a range +0 +86400 2004 2002 0.0193
a range +0 +86400 2004 2006 0.0193
a range +84600 +86400 2004 2007 0.0376
a range +0 +86400 2004 2008 0.0358
a range +78000 +86400 2004 9001 1105.0339
a range +78600 +86400 2004 9002 1105.0411
a range +73200 +86400 2005 1001 1105.0526
a range +0 +86400 2005 2001 0.0357
a range +84600 +86400 2005 2002 0.0377
a range +0 +86400 2005 2003 0.0193
a range +0 +86400 2005 2007 0.0194
a range +67200 +86400 2005 9001 1105.0805
a range +78600 +86400 2005 9002 1105.0877
a range +77400 +86400 2006 1001 1105.0069
a range +84600 +86400 2006 2001 0.0377
a range +0 +86400 2006 2002 0.0357
a range +0 +86400 2006 2004 0.0193
a range +0 +86400 2006 2008 0.0194
a range +77400 +86400 2006 9001 1105.0347
a range +78600 +86400 2006 9002 1105.0420
a range +73200 +86400 2007 1001 1105.0383
a range +78000 +86400 2007 2001 0.0467
a range +84000 +86400 2007 2002 0.0226
a range +0 +86400 2007 2003 0.0358
a range +84600 +86400 2007 2004 0.0376
a range +0 +86400 2007 2005 0.0194
a range +52200 +86400 2007 9001 1105.0661
a range +78600 +86400 2007 9002 1105.0734
a range +73200 +86400 2008 1001 1105.0212
a range +84000 +86400 2008 2001 0.0226
a range +78000 +86400 2008 2002 0.0467
a range +84600 +86400 2008 2003 0.0376
a range +0 +86400 2008 2004 0.0358
a range +0 +86400 2008 2006 0.0194
a range +52200 +86400 2008 9001 1105.0490
a range +78600 +86400 2008 9002 1105.0563
a range +52200 +86400 9001 2001 1105.0683
a range +52200 +86400 9001 2002 1105.0469
a range +67800 +86400 9001 2003 1105.0813
a range +78000 +86400 9001 2004 1105.0339
a range +67200 +86400 9001 2005 1105.0805
a range +77400 +86400 9001 2006 1105.0347
a range +52200 +86400 9001 2007 1105.0661
a range +52200 +86400 9001 2008 1105.0490
a range +84000 +86400 9002 1001 0.0467
a range +78600 +86400 9002 2001 1105.0755
a range +78600 +86400 9002 2002 1105.0542
a range +78600 +86400 9002 2003 1105.0885
a range +78600 +86400 9002 2004 1105.0411
a range +78600 +86400 9002 2005 1105.0877
a range +78600 +86400 9002 2006 1105.0420
a range +78600 +86400 9002 2007 1105.0734
a range +78600 +86400 9002 2008 1105.0563

a position +2400 +3000 1001 2003 -136144058.063213 0 -63168560.0864388 8215379.22133548 2397428.1599272 233960717.513873
a position +2400 +3000 2003 1001 8215379.22133548 2397428.1599272 233960717.513873 -136144058.063213 0 -63168560.0864388
a position +0 +3000 2003 9001 8215379.22133548 2397428.1599272 233960717.513873 -136140302.531251 3750.98291015625 -63149691.2572478
a position +0 +3000 2003 9002 8215379.22133548 2397428.1599272 233960717.513873 -136148307.666749 4196.68310546875 -63146866.2279509
a position +0 +3000 9001 2003 -136140302.531251 3750.98291015625 -63149691.2572478 8215379.22133548 2397428.1599272 233960717.513873
a position +0 +3000 9002 2003 -136148307.666749 4196.68310546875 -63146866.2279509 8215379.22133548 2397428.1599272 233960717.513873
a position +0 +3600 2001 2007 8203832.25914407 2398261.92705196 233957158.928017 8190595.58930509 2398668.14212735 233962653.818188
a position +0 +3600 2002 2008 8188348.6998089 2399782.0435983 233957158.928017 8201585.36964788 2399375.82852292 233951664.037846
a position +0 +3600 2007 2001 8190595.58930509 2398668.14212735 233962653.818188 8203832.25914407 2398261.92705196 233957158.928017
a position +0 +3600 2008 2002 8201585.36964788 2399375.82852292 233951664.037846 8188348.6998089 2399782.0435983 233957158.928017
a position +0 +7200 1001 9003 -136078247.560553 0 -63271243.2004694 -136095597.31772 -3748.65649414063 -63270027.7525483
a position +1200 +7200 2001 2006 8116520.82414765 2403018.03342963 233967671.528536 8112239.79881476 2389882.48616433 233963619.785034
a position +1200 +7200 2002 2005 8107958.77348184 2390027.93518535 233967671.528536 8112239.79881476 2403163.48245065 233971723.272039
a position +1200 +7200 2003 2008 8115186.3262599 2403091.75839631 233970618.055981 8115022.42927067 2389812.78486994 233964888.89808
a position +1200 +7200 2004 2007 8109293.2713696 2389954.21021867 233964725.001091 8109457.16835887 2403233.18374505 233970454.158992
a position +1200 +7200 2005 2002 8112239.79881476 2403163.48245065 233971723.272039 8107958.77348184 2390027.93518535 233967671.528536
a position +1200 +7200 2006 2001 8112239.79881476 2389882.48616433 233963619.785034 8116520.82414765 2403018.03342963 233967671.528536
a position +1200 +7200 2007 2004 8109457.16835887 2403233.18374505 233970454.158992 8109293.2713696 2389954.21021867 233964725.001091
a position +1200 +7200 2008 2003 8115022.42927067 2389812.78486994 233964888.89808 8115186.3262599 2403091.75839631 233970618.055981
a position +0 +7200 9003 1001 -136095597.31772 -3748.65649414063 -63270027.7525483 -136078247.560553 0 -63271243.2004694
a position +600 +7800 2001 2008 8101306.59666835 2403265.99000848 233969420.579707 8100147.70873655 2388797.5207998 233967537.45032
a position +600 +7800 2002 2007 8095222.56203023 2388946.91578833 233969420.579707 8096381.44996209 2403415.384997 233971303.709094
a position +600 +7800 2007 2002 8096381.44996209 2403415.384997 233971303.709094 8095222.56203023 2388946.91578833 233969420.579707
a position +600 +7800 2008 2001 8100147.70873655 2388797.5207998 233967537.45032 8101306.59666835 2403265.99000848 233969420.579707
a position +4200 +12000 1001 9001 -136025909.724736 0 -63380958.7155533 -136031994.068677 3750.98291015625 -63397207.5196607
a position +4200 +12000 9001 1001 -136031994.068677 3750.98291015625 -63397207.5196607 -136025909.724736 0 -63380958.7155533
a position +2400 +13800 1001 2004 -136011844.543324 0 -63426321.6149981 7963953.36408258 2390814.40670342 233992305.811211
a position +4800 +13800 2001 2007 7950834.52329336 2393201.05049464 233986863.182224 7963977.84160265 2392797.58127239 233981396.075718
a position +4800 +13800 2002 2008 7966186.94689889 2390680.24636972 233986863.182224 7953043.6285896 2391083.71559198 233992330.288731
a position +2400 +13800 2004 1001 7963953.36408258 2390814.40670342 233992305.811211 -136011844.543324 0 -63426321.6149981
a position +0 +13800 2004 9001 7963953.36408258 2390814.40670342 233992305.811211 -136010543.756277 3750.98291015625 -63446616.7317774
a position +0 +13800 2004 9002 7963953.36408258 2390814.40670342 233992305.811211 -136014145.776907 4196.68310546875 -63438929.8308985
a position +4800 +13800 2007 2001 7963977.84160265 2392797.58127239 233981396.075718 7950834.52329336 2393201.05049464 233986863.182224
a position +4800 +13800 2008 2002 7953043.6285896 2391083.71559198 233992330.288731 7966186.94689889 2390680.24636972 233986863.182224
a position +0 +13800 9001 2004 -136010543.756277 3750.98291015625 -63446616.7317774 7963953.36408258 2390814.40670342 233992305.811211
a position +0 +13800 9002 2004 -136014145.776907 4196.68310546875 -63438929.8308985 7963953.36408258 2390814.40670342 233992305.811211
a position +0 +15600 2001 9001 7909360.51239695 2387803.85913296 233992078.977685 -135989153.766107 3750.98291015625 -63495968.3965652
a position +0 +15600 2002 9001 7923807.49104979 2393577.60763843 233992078.977685 -135989153.766107 3750.98291015625 -63495968.3965652
a position +5400 +15600 2003 9001 7911512.62746845 2387678.2315462 233987007.60343 -135989153.766107 3750.98291015625 -63495968.3965652
a position +0 +15600 2005 9001 7916584.00172336 2387553.52159689 233984960.639171 -135989153.766107 3750.98291015625 -63495968.3965652
a position +0 +15600 2006 9001 7916584.00172336 2393827.94517451 233999197.316198 -135989153.766107 3750.98291015625 -63495968.3965652
a position +0 +15600 2007 9001 7921577.94510552 2387429.76727247 233987085.034303 -135989153.766107 3750.98291015625 -63495968.3965652
a position +0 +15600 2008 9001 7911590.0583412 2393951.69949893 233997072.921067 -135989153.766107 3750.98291015625 -63495968.3965652
a position +0 +15600 9001 2001 -135989153.766107 3750.98291015625 -63495968.3965652 7909360.51239695 2387803.85913296 233992078.977685
a position +0 +15600 9001 2002 -135989153.766107 3750.98291015625 -63495968.3965652 7923807.49104979 2393577.60763843 233992078.977685
a position +5400 +15600 9001 2003 -135989153.766107 3750.98291015625 -63495968.3965652 7911512.62746845 2387678.2315462 233987007.60343
a position +0 +15600 9001 2005 -135989153.766107 3750.98291015625 -63495968.3965652 7916584.00172336 2387553.52159689 233984960.639171
a position +0 +15600 9001 2006 -135989153.766107 3750.98291015625 -63495968.3965652 7916584.00172336 2393827.94517451 233999197.316198
a position +0 +15600 9001 2007 -135989153.766107 3750.98291015625 -63495968.3965652 7921577.94510552 2387429.76727247 233987085.034303
a position +0 +15600 9001 2008 -135989153.766107 3750.98291015625 -63495968.3965652 7911590.0583412 2393951.69949893 233997072.921067
a position +11400 +17400 2001 2006 7869963.87481311 2383236.91785488 233997286.934141 7874657.00314322 2395804.5672591 234001760.693335
a position +11400 +17400 2002 2005 7879350.13147337 2395644.55864222 233997286.934141 7874657.00314322 2383076.909238 233992813.174947
a position +11400 +17400 2003 2008 7871415.52528523 2383155.95634365 233994045.456283 7871572.59368466 2395881.67588092 234000371.343599
a position +11400 +17400 2004 2007 7877898.48100123 2395725.52015345 234000528.411999 7877741.41260176 2382999.80061618 233994202.524682
a position +11400 +17400 2005 2002 7874657.00314322 2383076.909238 233992813.174947 7879350.13147337 2395644.55864222 233997286.934141
a position +11400 +17400 2006 2001 7874657.00314322 2395804.5672591 234001760.693335 7869963.87481311 2383236.91785488 233997286.934141
a position +11400 +17400 2007 2004 7877741.41260176 2382999.80061618 233994202.524682 7877898.48100123 2395725.52015345 234000528.411999
a position +11400 +17400 2008 2003 7871572.59368466 2395881.67588092 234000371.343599 7871415.52528523 2383155.95634365 233994045.456283
a position +10200 +18000 1001 9002 -135978458.425487 0 -63547204.4255341 -135961812.84251 4196.68310546875 -63553246.5887415
a position +10800 +18000 2001 2008 7857181.46853551 2382076.81330473 233999021.177661 7858467.02796417 2396144.94245541 234001235.427955
a position +10800 +18000 2002 2007 7864181.08798016 2395971.29752078 233999021.177661 7862895.52855144 2381903.1683701 233996806.927367
a position +10800 +18000 2007 2002 7862895.52855144 2381903.1683701 233996806.927367 7864181.08798016 2395971.29752078 233999021.177661
a position +10800 +18000 2008 2001 7858467.02796417 2396144.94245541 234001235.427955 7857181.46853551 2382076.81330473 233999021.177661
a position +10200 +18000 9002 1001 -135961812.84251 4196.68310546875 -63553246.5887415 -135978458.425487 0 -63547204.4255341
a position +2400 +23400 1001 2001 -135910670.7603 0 -63716822.839966 7742037.03676514 2382182.66317453 234014590.176606
a position +2400 +23400 1001 2002 -135910670.7603 0 -63716822.839966 7727759.85115379 2388364.35671426 234014590.176606
a position +5400 +23400 1001 2003 -135910670.7603 0 -63716822.839966 7739983.56580304 2382307.71954857 234019675.298449
a position +15600 +23400 1001 2004 -135910670.7603 0 -63716822.839966 7729813.32211589 2388239.30034022 234009505.054762
a position +2400 +23400 1001 2005 -135910670.7603 0 -63716822.839966 7734898.44395946 2382433.67933089 234021832.28977
a position +2400 +23400 1001 2006 -135910670.7603 0 -63716822.839966 7734898.44395946 2388113.3405579 234007348.063441
a position +2400 +23400 1001 2007 -135910670.7603 0 -63716822.839966 7729743.23103574 2382560.50415333 234019745.389529
a position +2400 +23400 1001 2008 -135910670.7603 0 -63716822.839966 7740053.65688317 2387986.51573546 234009434.963682
a position +2400 +23400 2001 1001 7742037.03676514 2382182.66317453 234014590.176606 -135910670.7603 0 -63716822.839966
a position +2400 +23400 2002 1001 7727759.85115379 2388364.35671426 234014590.176606 -135910670.7603 0 -63716822.839966
a position +5400 +23400 2003 1001 7739983.56580304 2382307.71954857 234019675.298449 -135910670.7603 0 -63716822.839966
a position +15600 +23400 2004 1001 7729813.32211589 2388239.30034022 234009505.054762 -135910670.7603 0 -63716822.839966
a position +2400 +23400 2005 1001 7734898.44395946 2382433.67933089 234021832.28977 -135910670.7603 0 -63716822.839966
a position +2400 +23400 2006 1001 7734898.44395946 2388113.3405579 234007348.063441 -135910670.7603 0 -63716822.839966
a position +2400 +23400 2007 1001 7729743.23103574 2382560.50415333 234019745.389529 -135910670.7603 0 -63716822.839966
a position +2400 +23400 2008 1001 7740053.65688317 2387986.51573546 234009434.963682 -135910670.7603 0 -63716822.839966
a position +15600 +24000 2001 2007 7728500.77065337 2383101.29628734 234016315.710768 7715506.11204699 2383500.32182452 234021732.027573
a position +15600 +24000 2002 2008 7713344.08704895 2386612.18023807 234016315.710768 7726338.74565532 2386213.15470089 234010899.393964
a position +5400 +24000 2003 9002 7726301.97298319 2383233.82395098 234021695.2549 -135887290.874587 4196.68310546875 -63717175.4450915
a position +15600 +24000 2007 2001 7715506.11204699 2383500.32182452 234021732.027573 7728500.77065337 2383101.29628734 234016315.710768
a position +15600 +24000 2008 2002 7726338.74565532 2386213.15470089 234010899.393964 7713344.08704895 2386612.18023807 234016315.710768
a position +5400 +24000 9002 2003 -135887290.874587 4196.68310546875 -63717175.4450915 7726301.97298319 2383233.82395098 234021695.2549
a position +0 +24600 2005 9002 7706946.38501322 2384348.6718824 234025818.838403 -135879865.252118 4196.68310546875 -63733600.2208125
a position +0 +24600 9002 2005 -135879865.252118 4196.68310546875 -63733600.2208125 7706946.38501322 2384348.6718824 234025818.838403
a position +18000 +25800 1001 9003 -135871331.37608 0 -63786524.668048 -135874581.956806 -3748.65649414063 -63769160.2801776
a position +18000 +25800 9003 1001 -135874581.956806 -3748.65649414063 -63769160.2801776 -135871331.37608 0 -63786524.668048
a position +22200 +28200 2001 2006 7627032.39614096 2388644.80061375 234028370.065306 7623089.52150489 2375099.856142 234024663.618555
a position +22200 +28200 2002 2005 7619146.64686879 2375233.37554344 234028370.065306 7623089.52150489 2388778.32001518 234032076.512057
a position +22200 +28200 2003 2008 7625794.37697952 2388712.59195197 234031074.920781 7625625.57495611 2375036.21137498 234025834.011855
a position +22200 +28200 2004 2007 7620384.66603024 2375165.58420522 234025665.209831 7620553.4680537 2388841.9647822 234030906.118757
a position +22200 +28200 2005 2002 7623089.52150489 2388778.32001518 234032076.512057 7619146.64686879 2375233.37554344 234028370.065306
a position +22200 +28200 2006 2001 7623089.52150489 2375099.856142 234024663.618555 7627032.39614096 2388644.80061375 234028370.065306
a position +22200 +28200 2007 2004 7620553.4680537 2388841.9647822 234030906.118757 7620384.66603024 2375165.58420522 234025665.209831
a position +22200 +28200 2008 2003 7625625.57495611 2375036.21137498 234025834.011855 7625794.37697952 2388712.59195197 234031074.920781
a position +21600 +28800 2001 2008 7611784.74885088 2388828.13925932 234030088.632532 7610729.33431052 2374086.5501167 234028472.576217
a position +21600 +28800 2002 2007 7606441.80713981 2374216.35162494 234030088.632532 7607497.22168024 2388957.94076756 234031704.688847
a position +21600 +28800 2007 2002 7607497.22168024 2388957.94076756 234031704.688847 7606441.80713981 2374216.35162494 234030088.632532
a position +21600 +28800 2008 2001 7610729.33431052 2374086.5501167 234028472.576217 7611784.74885088 2388828.13925932 234030088.632532
a position +22800 +30600 1001 9001 -135794503.454478 0 -63905791.3320175 -135812034.204462 3750.98291015625 -63903976.2057921
a position +22800 +30600 9001 1001 -135812034.204462 3750.98291015625 -63903976.2057921 -135794503.454478 0 -63905791.3320175
a position +26400 +34200 1001 2004 -135751845.407668 0 -63986849.3632113 7488619.64033323 2375657.5056043 234050810.372716
a position +26400 +34200 2004 1001 7488619.64033323 2375657.5056043 234050810.372716 -135751845.407668 0 -63986849.3632113
a position +15600 +34200 2004 9002 7488619.64033323 2375657.5056043 234050810.372716 -135761982.435537 4196.68310546875 -63996755.8487851
a position +30000 +34200 2004 9003 7488619.64033323 2375657.5056043 234050810.372716 -135771331.961416 -3748.65649414063 -63993429.9577938
a position +15600 +34200 9002 2004 -135761982.435537 4196.68310546875 -63996755.8487851 7488619.64033323 2375657.5056043 234050810.372716
a position +30000 +34200 9003 2004 -135771331.961416 -3748.65649414063 -63993429.9577938 7488619.64033323 2375657.5056043 234050810.372716
a position +25800 +34800 2001 2007 7461618.61930368 2378219.07122922 234047226.410249 7474840.25406131 2377813.29249317 234041735.450528
a position +25800 +34800 2002 2008 7477079.96937727 2376487.59269867 234047226.410249 7463858.33461965 2376893.37143471 234052717.36997
a position +25800 +34800 2007 2001 7474840.25406131 2377813.29249317 234041735.450528 7461618.61930368 2378219.07122922 234047226.410249
a position +25800 +34800 2008 2002 7463858.33461965 2376893.37143471 234052717.36997 7477079.96937727 2376487.59269867 234047226.410249
a position +28800 +36600 1001 9002 -135731128.422644 0 -64044653.6384389 -135732809.733517 4196.68310546875 -64062537.0526338
a position +28800 +36600 9002 1001 -135732809.733517 4196.68310546875 -64062537.0526338 -135731128.422644 0 -64044653.6384389
a position +32400 +38400 2001 2006 7381120.21930099 2368415.59445161 234057467.280096 7385489.56690761 2381436.09140372 234061609.354083
a position +32400 +38400 2002 2005 7389858.91451427 2381287.52398721 234057467.280096 7385489.56690761 2368267.0270351 234053325.206109
a position +32400 +38400 2003 2008 7382479.86655255 2368340.31904988 234054457.579741 7382642.38222189 2381507.37770633 234060314.464782
a position +32400 +38400 2004 2007 7388499.2672627 2381362.79938894 234060476.980451 7388336.75159332 2368195.74073249 234054620.095411
a position +32400 +38400 2005 2002 7385489.56690761 2368267.0270351 234053325.206109 7389858.91451427 2381287.52398721 234057467.280096
a position +32400 +38400 2006 2001 7385489.56690761 2381436.09140372 234061609.354083 7381120.21930099 2368415.59445161 234057467.280096
a position +32400 +38400 2007 2004 7388336.75159332 2368195.74073249 234054620.095411 7388499.2672627 2381362.79938894 234060476.980451
a position +32400 +38400 2008 2003 7382642.38222189 2381507.37770633 234060314.464782 7382479.86655255 2368340.31904988 234054457.579741
a position +31800 +39000 2001 2008 7368373.31717047 2367317.25068484 234059171.044208 7369559.29849741 2381706.4380211 234061124.594911
a position +31800 +39000 2002 2007 7374652.38123018 2381551.88164367 234059171.044208 7373466.39990318 2367162.6943074 234057217.493505
a position +31800 +39000 2007 2002 7373466.39990318 2367162.6943074 234057217.493505 7374652.38123018 2381551.88164367 234059171.044208
a position +31800 +39000 2008 2001 7369559.29849741 2381706.4380211 234061124.594911 7368373.31717047 2367317.25068484 234059171.044208
a position +0 +42600 2001 9002 7292485.42446016 2365837.29740528 234069375.344397 -135660364.297881 4196.68310546875 -64226690.0348886
a position +0 +42600 2002 9002 7282818.51341696 2378027.54739792 234069375.344397 -135660364.297881 4196.68310546875 -64226690.0348886
a position +25800 +42600 2003 9002 7291144.43577179 2365922.58115265 234072867.811231 -135660364.297881 4196.68310546875 -64226690.0348886
a position +36600 +42600 2004 9002 7284159.50210532 2377942.26365055 234065882.877564 -135660364.297881 4196.68310546875 -64226690.0348886
a position +25200 +42600 2005 9002 7287651.96893854 2366009.69555574 234074418.572303 -135660364.297881 4196.68310546875 -64226690.0348886
a position +0 +42600 2006 9002 7287651.96893854 2377855.14924746 234064332.116492 -135660364.297881 4196.68310546875 -64226690.0348886
a position +0 +42600 2007 9002 7284013.320738 2366098.61407894 234073013.992598 -135660364.297881 4196.68310546875 -64226690.0348886
a position +0 +42600 2008 9002 7291290.61713907 2377766.23072425 234065736.696197 -135660364.297881 4196.68310546875 -64226690.0348886
a position +0 +42600 9002 2001 -135660364.297881 4196.68310546875 -64226690.0348886 7292485.42446016 2365837.29740528 234069375.344397
a position +0 +42600 9002 2002 -135660364.297881 4196.68310546875 -64226690.0348886 7282818.51341696 2378027.54739792 234069375.344397
a position +25800 +42600 9002 2003 -135660364.297881 4196.68310546875 -64226690.0348886 7291144.43577179 2365922.58115265 234072867.811231
a position +36600 +42600 9002 2004 -135660364.297881 4196.68310546875 -64226690.0348886 7284159.50210532 2377942.26365055 234065882.877564
a position +25200 +42600 9002 2005 -135660364.297881 4196.68310546875 -64226690.0348886 7287651.96893854 2366009.69555574 234074418.572303
a position +0 +42600 9002 2006 -135660364.297881 4196.68310546875 -64226690.0348886 7287651.96893854 2377855.14924746 234064332.116492
a position +0 +42600 9002 2007 -135660364.297881 4196.68310546875 -64226690.0348886 7284013.320738 2366098.61407894 234073013.992598
a position +0 +42600 9002 2008 -135660364.297881 4196.68310546875 -64226690.0348886 7291290.61713907 2377766.23072425 234065736.696197
a position +36600 +44400 1001 9003 -135659559.632302 0 -64274637.6778755 -135643325.033094 -3748.65649414063 -64267008.3837158
a position +36600 +44400 9003 1001 -135643325.033094 -3748.65649414063 -64267008.3837158 -135659559.632302 0 -64274637.6778755
a position +26400 +45000 1001 2003 -135651568.150111 0 -64293626.5479446 7237175.41539058 2369032.8726693 234081592.040777
a position +36000 +45000 2001 2007 7239402.45122542 2368899.00936015 234076160.797967 7226285.85327736 2369301.68357416 234081619.117269
a position +36000 +45000 2002 2008 7224085.89393477 2371629.29080395 234076160.797967 7237202.49188282 2371226.61658995 234070702.478664
a position +26400 +45000 2003 1001 7237175.41539058 2369032.8726693 234081592.040777 -135651568.150111 0 -64293626.5479446
a position +30000 +45000 2003 9003 7237175.41539058 2369032.8726693 234081592.040777 -135635735.374445 -3748.65649414063 -64283173.1469379
a position +36000 +45000 2007 2001 7226285.85327736 2369301.68357416 234081619.117269 7239402.45122542 2368899.00936015 234076160.797967
a position +36000 +45000 2008 2002 7237202.49188282 2371226.61658995 234070702.478664 7224085.89393477 2371629.29080395 234076160.797967
a position +30000 +45000 9003 2003 -135635735.374445 -3748.65649414063 -64283173.1469379 7237175.41539058 2369032.8726693 234081592.040777
a position +26400 +45600 1001 2005 -135643140.59147 0 -64312478.7522344 7217767.15611759 2370154.13880582 234085627.921389
a position +26400 +45600 2005 1001 7217767.15611759 2370154.13880582 234085627.921389 -135643140.59147 0 -64312478.7522344
a position +30000 +45600 2005 9003 7217767.15611759 2370154.13880582 234085627.921389 -135628141.657561 -3748.65649414063 -64299347.0189424
a position +30000 +45600 9003 2005 -135628141.657561 -3748.65649414063 -64299347.0189424 7217767.15611759 2370154.13880582 234085627.921389
a position +26400 +46800 1001 2001 -135625096.61368 0 -64349508.1544222 7197075.2924772 2371800.78605993 234081240.746552
a position +26400 +46800 1001 2002 -135625096.61368 0 -64349508.1544222 7182550.79293306 2366224.9204776 234081240.746552
a position +36600 +46800 1001 2004 -135625096.61368 0 -64349508.1544222 7184713.0438422 2366098.60135852 234076140.747689
a position +46200 +46800 1001 2005 -135625096.61368 0 -64349508.1544222 7189813.04270513 2372052.53658851 234088401.274906
a position +26400 +46800 1001 2006 -135625096.61368 0 -64349508.1544222 7189813.04270513 2365973.16994902 234074080.218197
a position +26400 +46800 1001 2007 -135625096.61368 0 -64349508.1544222 7184788.06757291 2372177.04208124 234086265.721684
a position +26400 +46800 1001 2008 -135625096.61368 0 -64349508.1544222 7194838.01783737 2365848.66445629 234076215.77142
a position +26400 +46800 2001 1001 7197075.2924772 2371800.78605993 234081240.746552 -135625096.61368 0 -64349508.1544222
a position +26400 +46800 2002 1001 7182550.79293306 2366224.9204776 234081240.746552 -135625096.61368 0 -64349508.1544222
a position +36600 +46800 2004 1001 7184713.0438422 2366098.60135852 234076140.747689 -135625096.61368 0 -64349508.1544222
a position +46200 +46800 2005 1001 7189813.04270513 2372052.53658851 234088401.274906 -135625096.61368 0 -64349508.1544222
a position +26400 +46800 2006 1001 7189813.04270513 2365973.16994902 234074080.218197 -135625096.61368 0 -64349508.1544222
a position +26400 +46800 2007 1001 7184788.06757291 2372177.04208124 234086265.721684 -135625096.61368 0 -64349508.1544222
a position +26400 +46800 2008 1001 7194838.01783737 2365848.66445629 234076215.77142 -135625096.61368 0 -64349508.1544222
a position +42600 +48600 2001 2006 7152659.10615837 2373900.61108431 234086312.85972 7147881.67215841 2361459.35298239 234081752.588688
a position +42600 +48600 2002 2005 7143104.2381584 2361622.34322997 234086312.85972 7147881.67215841 2374063.60133189 234090873.130752
a position +42600 +48600 2003 2008 7151183.55232512 2373983.05378442 234089614.739887 7151028.00688927 2361380.72512286 234083166.524989
a position +42600 +48600 2004 2007 7144579.79199167 2361539.90052985 234083010.979553 7144735.33742757 2374142.22919141 234089459.194451
a position +42600 +48600 2005 2002 7147881.67215841 2374063.60133189 234090873.130752 7143104.2381584 2361622.34322997 234086312.85972
a position +42600 +48600 2006 2001 7147881.67215841 2361459.35298239 234081752.588688 7152659.10615837 2373900.61108431 234086312.85972
a position +42600 +48600 2007 2004 7144735.33742757 2374142.22919141 234089459.194451 7144579.79199167 2361539.90052985 234083010.979553
a position +42600 +48600 2008 2003 7151028.00688927 2361380.72512286 234083166.524989 7151183.55232512 2373983.05378442 234089614.739887
a position +41400 +49200 1001 9001 -135585612.434762 0 -64419388.1194791 -135588308.02599 3750.98291015625 -64401695.6985587
a position +42000 +49200 2001 2008 7137498.87720086 2374243.12106071 234088001.822941 7136187.31979512 2360266.88642418 234085718.998554
a position +42000 +49200 2002 2007 7130310.11361471 2360445.54728477 234088001.822941 7131621.67102052 2374421.78192129 234090284.647329
a position +42000 +49200 2007 2002 7131621.67102052 2374421.78192129 234090284.647329 7130310.11361471 2360445.54728477 234088001.822941
a position +42000 +49200 2008 2001 7136187.31979512 2360266.88642418 234085718.998554 7137498.87720086 2374243.12106071 234088001.822941
a position +41400 +49200 9001 1001 -135588308.02599 3750.98291015625 -64401695.6985587 -135585612.434762 0 -64419388.1194791
a position +47400 +54600 1001 9002 -135499478.007239 0 -64552498.071336 -135516695.548295 4196.68310546875 -64552623.9541933
a position +47400 +54600 9002 1001 -135516695.548295 4196.68310546875 -64552623.9541933 -135499478.007239 0 -64552498.071336
a position +49800 +55200 1001 2004 -135491535.19284 0 -64565913.0968482 6999494.64382371 2361445.73539866 234110206.941507
a position +46800 +55200 2001 2007 6986577.62176261 2365031.2179342 234104843.575028 6999533.98716929 2364633.34272871 234099440.865204
a position +46800 +55200 2002 2008 7001684.93292714 2361313.6228274 234104843.575028 6988728.56752048 2361711.49803289 234110246.284852
a position +49800 +55200 2004 1001 6999494.64382371 2361445.73539866 234110206.941507 -135491535.19284 0 -64565913.0968482
a position +52200 +55200 2004 9001 6999494.64382371 2361445.73539866 234110206.941507 -135513871.338822 3750.98291015625 -64561529.1837875
a position +36600 +55200 2004 9003 6999494.64382371 2361445.73539866 234110206.941507 -135506455.466995 -3748.65649414063 -64559376.3419907
a position +46800 +55200 2007 2001 6999533.98716929 2364633.34272871 234099440.865204 6986577.62176261 2365031.2179342 234104843.575028
a position +46800 +55200 2008 2002 6988728.56752048 2361711.49803289 234110246.284852 7001684.93292714 2361313.6228274 234104843.575028
a position +52200 +55200 9001 2004 -135513871.338822 3750.98291015625 -64561529.1837875 6999494.64382371 2361445.73539866 234110206.941507
a position +36600 +55200 9003 2004 -135506455.466995 -3748.65649414063 -64559376.3419907 6999494.64382371 2361445.73539866 234110206.941507
a position +49800 +55800 1001 2006 -135484042.425456 0 -64579275.6737669 6980153.81163275 2362557.65032228 234114299.45407
a position +49800 +55800 2006 1001 6980153.81163275 2362557.65032228 234114299.45407 -135484042.425456 0 -64579275.6737669
a position +52200 +55800 2006 9001 6980153.81163275 2362557.65032228 234114299.45407 -135506364.250899 3750.98291015625 -64577525.9229092
a position +30000 +55800 2006 9003 6980153.81163275 2362557.65032228 234114299.45407 -135498860.726485 -3748.65649414063 -64575701.913876
a position +52200 +55800 9001 2006 -135506364.250899 3750.98291015625 -64577525.9229092 6980153.81163275 2362557.65032228 234114299.45407
a position +30000 +55800 9003 2006 -135498860.726485 -3748.65649414063 -64575701.913876 6980153.81163275 2362557.65032228 234114299.45407
a position +53400 +59400 2001 2006 6892254.36806912 2353600.3301581 234116581.006668 6896288.47416897 2367039.52194077 234120380.530803
a position +53400 +59400 2002 2005 6900322.58026886 2366902.78541643 234116581.006668 6896288.47416897 2353463.59363376 234112781.482533
a position +53400 +59400 2003 2008 6893518.44575019 2353530.93831297 234113810.978249 6893685.98241141 2367104.79894045 234119183.498426
a position +53400 +59400 2004 2007 6899058.50258777 2366972.17726155 234119351.035087 6898890.96592651 2353398.31663407 234113978.514911
a position +53400 +59400 2005 2002 6896288.47416897 2353463.59363376 234112781.482533 6900322.58026886 2366902.78541643 234116581.006668
a position +53400 +59400 2006 2001 6896288.47416897 2367039.52194077 234120380.530803 6892254.36806912 2353600.3301581 234116581.006668
a position +53400 +59400 2007 2004 6898890.96592651 2353398.31663407 234113978.514911 6899058.50258777 2366972.17726155 234119351.035087
a position +53400 +59400 2008 2003 6893685.98241141 2367104.79894045 234119183.498426 6893518.44575019 2353530.93831297 234113810.978249
a position +52800 +60000 2001 2008 6879539.80851864 2352565.53642989 234118254.300799 6880623.10091904 2367238.03916438 234119942.027755
a position +52800 +60000 2002 2007 6885081.84723066 2367102.97674497 234118254.300799 6883998.5548302 2352430.47401047 234116566.573844
a position +52800 +60000 2007 2002 6883998.5548302 2352430.47401047 234116566.573844 6885081.84723066 2367102.97674497 234118254.300799
a position +52800 +60000 2008 2001 6880623.10091904 2367238.03916438 234119942.027755 6879539.80851864 2352565.53642989 234118254.300799
a position +55200 +63000 1001 9003 -135419741.334141 0 -64758111.2902294 -135408111.539441 -3748.65649414063 -64772120.3243758
a position +55200 +63000 9003 1001 -135408111.539441 -3748.65649414063 -64772120.3243758 -135419741.334141 0 -64758111.2902294
a position +49800 +65400 1001 2003 -135398444.707335 0 -64830239.6088801 6761783.78675012 2353863.32466076 234138547.700164
a position +49800 +65400 2003 1001 6761783.78675012 2353863.32466076 234138547.700164 -135398444.707335 0 -64830239.6088801
a position +52200 +65400 2003 9001 6761783.78675012 2353863.32466076 234138547.700164 -135384968.621862 3750.98291015625 -64834265.8622863
a position +46800 +65400 2003 9003 6761783.78675012 2353863.32466076 234138547.700164 -135378072.46903 -3748.65649414063 -64837740.4797179
a position +52200 +65400 9001 2003 -135384968.621862 3750.98291015625 -64834265.8622863 6761783.78675012 2353863.32466076 234138547.700164
a position +46800 +65400 9003 2003 -135378072.46903 -3748.65649414063 -64837740.4797179 6761783.78675012 2353863.32466076 234138547.700164
a position +57000 +66000 2001 2007 6750251.09412885 2354689.50360888 234134939.369678 6737046.96162905 2355094.77028667 234140425.374327
a position +57000 +66000 2002 2008 6734814.83842749 2356632.02102765 234134939.369678 6748018.97092728 2356226.75434986 234129453.365029
a position +57000 +66000 2007 2001 6737046.96162905 2355094.77028667 234140425.374327 6750251.09412885 2354689.50360888 234134939.369678
a position +57000 +66000 2008 2002 6748018.97092728 2356226.75434986 234129453.365029 6734814.83842749 2356632.02102765 234134939.369678
a position +49800 +66600 1001 2005 -135385629.07401 0 -64867891.9850716 6728555.04140702 2355948.00275382 234144350.109968
a position +49800 +66600 2005 1001 6728555.04140702 2355948.00275382 234144350.109968 -135385629.07401 0 -64867891.9850716
a position +52200 +66600 2005 9001 6728555.04140702 2355948.00275382 234144350.109968 -135369663.375483 3750.98291015625 -64866495.6758802
a position +46200 +66600 2005 9003 6728555.04140702 2355948.00275382 234144350.109968 -135363099.881098 -3748.65649414063 -64870563.8979871
a position +52200 +66600 9001 2005 -135369663.375483 3750.98291015625 -64866495.6758802 6728555.04140702 2355948.00275382 234144350.109968
a position +46200 +66600 9003 2005 -135363099.881098 -3748.65649414063 -64870563.8979871 6728555.04140702 2355948.00275382 234144350.109968
a position +60000 +67800 1001 9001 -135371037.441231 0 -64905916.7676908 -135354339.701451 3750.98291015625 -64898761.3245524
a position +60000 +67800 9001 1001 -135354339.701451 3750.98291015625 -64898761.3245524 -135371037.441231 0 -64905916.7676908
a position +63600 +69600 2001 2006 6663121.8974475 2359531.92477855 234144908.633558 6658665.04289401 2346628.90778323 234140677.002004
a position +63600 +69600 2002 2005 6654208.18834048 2346780.56587233 234144908.633558 6658665.04289401 2359683.58286765 234149140.265112
a position +63600 +69600 2003 2008 6661737.35454436 2359608.73656884 234147980.945208 6661576.25052057 2346556.04977453 234141997.425932
a position +63600 +69600 2004 2007 6655592.73124363 2346703.75408204 234141836.321908 6655753.83526747 2359756.44087635 234147819.841185
a position +63600 +69600 2005 2002 6658665.04289401 2359683.58286765 234149140.265112 6654208.18834048 2346780.56587233 234144908.633558
a position +63600 +69600 2006 2001 6658665.04289401 2346628.90778323 234140677.002004 6663121.8974475 2359531.92477855 234144908.633558
a position +63600 +69600 2007 2004 6655753.83526747 2359756.44087635 234147819.841185 6655592.73124363 2346703.75408204 234141836.321908
a position +63600 +69600 2008 2003 6661576.25052057 2346556.04977453 234141997.425932 6661737.35454436 2359608.73656884 234147980.945208
a position +63000 +70200 2001 2008 6647923.42963433 2359812.56095095 234146567.131421 6646710.57621806 2345505.34053073 234144543.523938
a position +63000 +70200 2002 2007 6641450.50783518 2345665.02945665 234146567.131421 6642663.36125151 2359972.24987686 234148590.738904
a position +63000 +70200 2007 2002 6642663.36125151 2359972.24987686 234148590.738904 6641450.50783518 2345665.02945665 234146567.131421
a position +63000 +70200 2008 2001 6646710.57621806 2345505.34053073 234144543.523938 6647923.42963433 2359812.56095095 234146567.131421
a position +49800 +70800 1001 2001 -135327048.964195 0 -64998889.6097227 6632619.21635072 2359862.11994013 234148224.758986
a position +49800 +70800 1001 2002 -135327048.964195 0 -64998889.6097227 6628798.52340106 2344780.55273429 234148224.758986
a position +67800 +70800 1001 2003 -135327048.964195 0 -64998889.6097227 6631966.42442547 2359894.3115854 234149482.313535
a position +57000 +70800 1001 2004 -135327048.964195 0 -64998889.6097227 6629451.31532632 2344748.36108902 234146967.204436
a position +67200 +70800 1001 2005 -135327048.964195 0 -64998889.6097227 6630708.86987591 2359924.19642899 234149870.772177
a position +56400 +70800 1001 2006 -135327048.964195 0 -64998889.6097227 6630708.86987591 2344718.47624543 234146578.745795
a position +49800 +70800 1001 2007 -135327048.964195 0 -64998889.6097227 6629638.96478454 2359951.7653678 234149294.664077
a position +49800 +70800 1001 2008 -135327048.964195 0 -64998889.6097227 6631778.77496731 2344690.90730662 234147154.853894
a position +49800 +70800 2001 1001 6632619.21635072 2359862.11994013 234148224.758986 -135327048.964195 0 -64998889.6097227
a position +49800 +70800 2002 1001 6628798.52340106 2344780.55273429 234148224.758986 -135327048.964195 0 -64998889.6097227
a position +67800 +70800 2003 1001 6631966.42442547 2359894.3115854 234149482.313535 -135327048.964195 0 -64998889.6097227
a position +57000 +70800 2004 1001 6629451.31532632 2344748.36108902 234146967.204436 -135327048.964195 0 -64998889.6097227
a position +67200 +70800 2005 1001 6630708.86987591 2359924.19642899 234149870.772177 -135327048.964195 0 -64998889.6097227
a position +56400 +70800 2006 1001 6630708.86987591 2344718.47624543 234146578.745795 -135327048.964195 0 -64998889.6097227
a position +49800 +70800 2007 1001 6629638.96478454 2359951.7653678 234149294.664077 -135327048.964195 0 -64998889.6097227
a position +49800 +70800 2008 1001 6631778.77496731 2344690.90730662 234147154.853894 -135327048.964195 0 -64998889.6097227
a position +65400 +73200 1001 9002 -135286696.541666 0 -65067301.1918246 -135291241.859107 4196.68310546875 -65050427.9711443
a position +65400 +73200 9002 1001 -135291241.859107 4196.68310546875 -65050427.9711443 -135286696.541666 0 -65067301.1918246
a position +73200 +76200 1001 2004 -135236564.927446 0 -65142983.1858434 6510323.72054727 2347227.72995861 234168523.088102
a position +67200 +76200 2001 2007 6497265.96094886 2350033.4379417 234163104.244945 6510353.3909592 2349631.63387555 234157655.731376
a position +67200 +76200 2002 2008 6512543.79383247 2347094.1886531 234163104.244945 6499456.36382214 2347495.99271925 234168552.758514
a position +73200 +76200 2004 1001 6510323.72054727 2347227.72995861 234168523.088102 -135236564.927446 0 -65142983.1858434
a position +57000 +76200 2004 9001 6510323.72054727 2347227.72995861 234168523.088102 -135246857.279263 3750.98291015625 -65125651.2257639
a position +57000 +76200 2004 9003 6510323.72054727 2347227.72995861 234168523.088102 -135244496.140835 -3748.65649414063 -65133003.430842
a position +67200 +76200 2007 2001 6510353.3909592 2349631.63387555 234157655.731376 6497265.96094886 2350033.4379417 234163104.244945
a position +67200 +76200 2008 2002 6499456.36382214 2347495.99271925 234168552.758514 6512543.79383247 2347094.1886531 234163104.244945
a position +57000 +76200 9001 2004 -135246857.279263 3750.98291015625 -65125651.2257639 6510323.72054727 2347227.72995861 234168523.088102
a position +57000 +76200 9003 2004 -135244496.140835 -3748.65649414063 -65133003.430842 6510323.72054727 2347227.72995861 234168523.088102
a position +73200 +76800 1001 2006 -135227256.29201 0 -65156991.7253917 6490926.5344325 2348347.13976535 234172529.576017
a position +73200 +76800 2006 1001 6490926.5344325 2348347.13976535 234172529.576017 -135227256.29201 0 -65156991.7253917
a position +56400 +76800 2006 9001 6490926.5344325 2348347.13976535 234172529.576017 -135239184.284019 3750.98291015625 -65141924.3800975
a position +56400 +76800 2006 9003 6490926.5344325 2348347.13976535 234172529.576017 -135237149.373618 -3748.65649414063 -65149373.4755565
a position +56400 +76800 9001 2006 -135239184.284019 3750.98291015625 -65141924.3800975 6490926.5344325 2348347.13976535 234172529.576017
a position +56400 +76800 9003 2006 -135237149.373618 -3748.65649414063 -65149373.4755565 6490926.5344325 2348347.13976535 234172529.576017
a position +30000 +78600 2001 9003 6442294.8453471 2342935.10179362 234169694.723764 -135215148.854473 -3748.65649414063 -65198444.2041454
a position +30000 +78600 2002 9003 6455687.87674474 2350852.05032079 234169694.723764 -135215148.854473 -3748.65649414063 -65198444.2041454
a position +67800 +78600 2003 9003 6444305.78097401 2342818.83437466 234165009.143692 -135215148.854473 -3748.65649414063 -65198444.2041454
a position +78000 +78600 2004 9003 6453676.94111783 2350968.31773975 234174380.303836 -135215148.854473 -3748.65649414063 -65198444.2041454
a position +67200 +78600 2005 9003 6448991.36104591 2342703.80816169 234163140.436161 -135215148.854473 -3748.65649414063 -65198444.2041454
a position +77400 +78600 2006 9003 6448991.36104591 2351083.34395272 234176249.011367 -135215148.854473 -3748.65649414063 -65198444.2041454
a position +30000 +78600 2007 9003 6453573.53165531 2342590.05819241 234165112.553154 -135215148.854473 -3748.65649414063 -65198444.2041454
a position +30000 +78600 2008 9003 6444409.1904365 2351197.093922 234174276.894373 -135215148.854473 -3748.65649414063 -65198444.2041454
a position +30000 +78600 9003 2001 -135215148.854473 -3748.65649414063 -65198444.2041454 6442294.8453471 2342935.10179362 234169694.723764
a position +30000 +78600 9003 2002 -135215148.854473 -3748.65649414063 -65198444.2041454 6455687.87674474 2350852.05032079 234169694.723764
a position +67800 +78600 9003 2003 -135215148.854473 -3748.65649414063 -65198444.2041454 6444305.78097401 2342818.83437466 234165009.143692
a position +78000 +78600 9003 2004 -135215148.854473 -3748.65649414063 -65198444.2041454 6453676.94111783 2350968.31773975 234174380.303836
a position +67200 +78600 9003 2005 -135215148.854473 -3748.65649414063 -65198444.2041454 6448991.36104591 2342703.80816169 234163140.436161
a position +77400 +78600 9003 2006 -135215148.854473 -3748.65649414063 -65198444.2041454 6448991.36104591 2351083.34395272 234176249.011367
a position +30000 +78600 9003 2007 -135215148.854473 -3748.65649414063 -65198444.2041454 6453573.53165531 2342590.05819241 234165112.553154
a position +30000 +78600 9003 2008 -135215148.854473 -3748.65649414063 -65198444.2041454 6444409.1904365 2351197.093922 234174276.894373
a position +73800 +79800 2001 2006 6416173.61067765 2339985.10321379 234172984.742013 6421034.45887128 2352297.6484564 234177630.67393
a position +73800 +79800 2002 2005 6425895.30706494 2352131.70699235 234172984.742013 6421034.45887128 2339819.16174974 234168338.810096
a position +73800 +79800 2003 2008 6417672.79253152 2339901.19470873 234169623.075673 6417826.78597879 2352377.78088156 234176192.414906
a position +73800 +79800 2004 2007 6424396.12521105 2352215.61549741 234176346.408353 6424242.13176374 2339739.02932458 234169777.069121
a position +73800 +79800 2005 2002 6421034.45887128 2339819.16174974 234168338.810096 6425895.30706494 2352131.70699235 234172984.742013
a position +73800 +79800 2006 2001 6421034.45887128 2352297.6484564 234177630.67393 6416173.61067765 2339985.10321379 234172984.742013
a position +73800 +79800 2007 2004 6424242.13176374 2339739.02932458 234169777.069121 6424396.12521105 2352215.61549741 234176346.408353
a position +73800 +79800 2008 2003 6417826.78597879 2352377.78088156 234176192.414906 6417672.79253152 2339901.19470873 234169623.075673
a position +73200 +80400 2001 2008 6403367.68882348 2338791.76220448 234174628.445875 6404704.99946783 2352673.49434075 234176979.418378
a position +73200 +80400 2002 2007 6410744.2551177 2352489.85089258 234174628.445875 6409406.94447329 2338608.11875632 234172277.473372
a position +73200 +80400 2007 2002 6409406.94447329 2338608.11875632 234172277.473372 6410744.2551177 2352489.85089258 234174628.445875
a position +73200 +80400 2008 2001 6404704.99946783 2352673.49434075 234176979.418378 6403367.68882348 2338791.76220448 234174628.445875
a position +73200 +81000 1001 9003 -135173720.391126 0 -65251315.1672571 -135185897.416723 -3748.65649414063 -65263766.5251595
a position +73200 +81000 9003 1001 -135185897.416723 -3748.65649414063 -65263766.5251595 -135173720.391126 0 -65251315.1672571
a position +78000 +85800 1001 9001 -135133085.152245 0 -65371669.7326367 -135124630.710198 3750.98291015625 -65386848.2854662
a position +78000 +85800 9001 1001 -135124630.710198 3750.98291015625 -65386848.2854662 -135133085.152245 0 -65371669.7326367
a position +73200 +86400 1001 2001 -135128313.943497 0 -65388630.6738039 6274797.36199516 2339502.53561879 234191017.626751
a position +73200 +86400 1001 2002 -135128313.943497 0 -65388630.6738039 6259742.24231685 2343426.14817251 234191017.626751
a position +73200 +86400 1001 2003 -135128313.943497 0 -65388630.6738039 6272615.99016962 2339634.20844526 234196363.814764
a position +78000 +86400 1001 2004 -135128313.943497 0 -65388630.6738039 6261923.61414239 2343294.47534604 234185671.438737
a position +73200 +86400 1001 2005 -135128313.943497 0 -65388630.6738039 6267269.802156 2339766.43874789 234198609.067055
a position +77400 +86400 1001 2006 -135128313.943497 0 -65388630.6738039 6267269.802156 2343162.24504341 234183426.186446
a position +73200 +86400 1001 2007 -135128313.943497 0 -65388630.6738039 6261881.70746492 2339899.18624848 234196405.721442
a position +73200 +86400 1001 2008 -135128313.943497 0 -65388630.6738039 6272657.89684708 2343029.49754281 234185629.53206
a position +84000 +86400 1001 9002 -135128313.943497 0 -65388630.6738039 -135125392.026805 4196.68310546875 -65401677.5151614
a position +73200 +86400 2001 1001 6274797.36199516 2339502.53561879 234191017.626751 -135128313.943497 0 -65388630.6738039
a position +0 +86400 2001 2003 6274797.36199516 2339502.53561879 234191017.626751 6272615.99016962 2339634.20844526 234196363.814764
a position +0 +86400 2001 2005 6274797.36199516 2339502.53561879 234191017.626751 6267269.802156 2339766.43874789 234198609.067055
a position +84600 +86400 2001 2006 6274797.36199516 2339502.53561879 234191017.626751 6267269.802156 2343162.24504341 234183426.186446
a position +78000 +86400 2001 2007 6274797.36199516 2339502.53561879 234191017.626751 6261881.70746492 2339899.18624848 234196405.721442
a position +84000 +86400 2001 2008 6274797.36199516 2339502.53561879 234191017.626751 6272657.89684708 2343029.49754281 234185629.53206
a position +52200 +86400 2001 9001 6274797.36199516 2339502.53561879 234191017.626751 -135117043.787059 3750.98291015625 -65403216.9563235
a position +78600 +86400 2001 9002 6274797.36199516 2339502.53561879 234191017.626751 -135125392.026805 4196.68310546875 -65401677.5151614
a position +73200 +86400 2002 1001 6259742.24231685 2343426.14817251 234191017.626751 -135128313.943497 0 -65388630.6738039
a position +0 +86400 2002 2004 6259742.24231685 2343426.14817251 234191017.626751 6261923.61414239 2343294.47534604 234185671.438737
a position +84600 +86400 2002 2005 6259742.24231685 2343426.14817251 234191017.626751 6267269.802156 2339766.43874789 234198609.067055
a position +0 +86400 2002 2006 6259742.24231685 2343426.14817251 234191017.626751 6267269.802156 2343162.24504341 234183426.186446
a position +84000 +86400 2002 2007 6259742.24231685 2343426.14817251 234191017.626751 6261881.70746492 2339899.18624848 234196405.721442
a position +78000 +86400 2002 2008 6259742.24231685 2343426.14817251 234191017.626751 6272657.89684708 2343029.49754281 234185629.53206
a position +52200 +86400 2002 9001 6259742.24231685 2343426.14817251 234191017.626751 -135117043.787059 3750.98291015625 -65403216.9563235
a position +78600 +86400 2002 9002 6259742.24231685 2343426.14817251 234191017.626751 -135125392.026805 4196.68310546875 -65401677.5151614
a position +73200 +86400 2003 1001 6272615.99016962 2339634.20844526 234196363.814764 -135128313.943497 0 -65388630.6738039
a position +0 +86400 2003 2001 6272615.99016962 2339634.20844526 234196363.814764 6274797.36199516 2339502.53561879 234191017.626751
a position +0 +86400 2003 2005 6272615.99016962 2339634.20844526 234196363.814764 6267269.802156 2339766.43874789 234198609.067055
a position +0 +86400 2003 2007 6272615.99016962 2339634.20844526 234196363.814764 6261881.70746492 2339899.18624848 234196405.721442
a position +84600 +86400 2003 2008 6272615.99016962 2339634.20844526 234196363.814764 6272657.89684708 2343029.49754281 234185629.53206
a position +67800 +86400 2003 9001 6272615.99016962 2339634.20844526 234196363.814764 -135117043.787059 3750.98291015625 -65403216.9563235
a position +78600 +86400 2003 9002 6272615.99016962 2339634.20844526 234196363.814764 -135125392.026805 4196.68310546875 -65401677.5151614
a position +78000 +86400 2004 1001 6261923.61414239 2343294.47534604 234185671.438737 -135128313.943497 0 -65388630.6738039
a position +0 +86400 2004 2002 6261923.61414239 2343294.47534604 234185671.438737 6259742.24231685 2343426.14817251 234191017.626751
a position +0 +86400 2004 2006 6261923.61414239 2343294.47534604 234185671.438737 6267269.802156 2343162.24504341 234183426.186446
a position +84600 +86400 2004 2007 6261923.61414239 2343294.47534604 234185671.438737 6261881.70746492 2339899.18624848 234196405.721442
a position +0 +86400 2004 2008 6261923.61414239 2343294.47534604 234185671.438737 6272657.89684708 2343029.49754281 234185629.53206
a position +78000 +86400 2004 9001 6261923.61414239 2343294.47534604 234185671.438737 -135117043.787059 3750.98291015625 -65403216.9563235
a position +78600 +86400 2004 9002 6261923.61414239 2343294.47534604 234185671.438737 -135125392.026805 4196.68310546875 -65401677.5151614
a position +73200 +86400 2005 1001 6267269.802156 2339766.43874789 234198609.067055 -135128313.943497 0 -65388630.6738039
a position +0 +86400 2005 2001 6267269.802156 2339766.43874789 234198609.067055 6274797.36199516 2339502.53561879 234191017.626751
a position +84600 +86400 2005 2002 6267269.802156 2339766.43874789 234198609.067055 6259742.24231685 2343426.14817251 234191017.626751
a position +0 +86400 2005 2003 6267269.802156 2339766.43874789 234198609.067055 6272615.99016962 2339634.20844526 234196363.814764
a position +0 +86400 2005 2007 6267269.802156 2339766.43874789 234198609.067055 6261881.70746492 2339899.18624848 234196405.721442
a position +67200 +86400 2005 9001 6267269.802156 2339766.43874789 234198609.067055 -135117043.787059 3750.98291015625 -65403216.9563235
a position +78600 +86400 2005 9002 6267269.802156 2339766.43874789 234198609.067055 -135125392.026805 4196.68310546875 -65401677.5151614
a position +77400 +86400 2006 1001 6267269.802156 2343162.24504341 234183426.186446 -135128313.943497 0 -65388630.6738039
a position +84600 +86400 2006 2001 6267269.802156 2343162.24504341 234183426.186446 6274797.36199516 2339502.53561879 234191017.626751
a position +0 +86400 2006 2002 6267269.802156 2343162.24504341 234183426.186446 6259742.24231685 2343426.14817251 234191017.626751
a position +0 +86400 2006 2004 6267269.802156 2343162.24504341 234183426.186446 6261923.61414239 2343294.47534604 234185671.438737
a position +0 +86400 2006 2008 6267269.802156 2343162.24504341 234183426.186446 6272657.89684708 2343029.49754281 234185629.53206
a position +77400 +86400 2006 9001 6267269.802156 2343162.24504341 234183426.186446 -135117043.787059 3750.98291015625 -65403216.9563235
a position +78600 +86400 2006 9002 6267269.802156 2343162.24504341 234183426.186446 -135125392.026805 4196.68310546875 -65401677.5151614
a position +73200 +86400 2007 1001 6261881.70746492 2339899.18624848 234196405.721442 -135128313.943497 0 -65388630.6738039
a position +78000 +86400 2007 2001 6261881.70746492 2339899.18624848 234196405.721442 6274797.36199516 2339502.53561879 234191017.626751
a position +84000 +86400 2007 2002 6261881.70746492 2339899.18624848 234196405.721442 6259742.24231685 2343426.14817251 234191017.626751
a position +0 +86400 2007 2003 6261881.70746492 2339899.18624848 234196405.721442 6272615.99016962 2339634.20844526 234196363.814764
a position +84600 +86400 2007 2004 6261881.70746492 2339899.18624848 234196405.721442 6261923.61414239 2343294.47534604 234185671.438737
a position +0 +86400 2007 2005 6261881.70746492 2339899.18624848 234196405.721442 6267269.802156 2339766.43874789 234198609.067055
a position +52200 +86400 2007 9001 6261881.70746492 2339899.18624848 234196405.721442 -135117043.787059 3750.98291015625 -65403216.9563235
a position +78600 +86400 2007 9002 6261881.70746492 2339899.18624848 234196405.721442 -135125392.026805 4196.68310546875 -65401677.5151614
a position +73200 +86400 2008 1001 6272657.89684708 2343029.49754281 234185629.53206 -135128313.943497 0 -65388630.6738039
a position +84000 +86400 2008 2001 6272657.89684708 2343029.49754281 234185629.53206 6274797.36199516 2339502.53561879 234191017.626751
a position +78000 +86400 2008 2002 6272657.89684708 2343029.49754281 234185629.53206 6259742.24231685 2343426.14817251 234191017.626751
a position +84600 +86400 2008 2003 6272657.89684708 2343029.49754281 234185629.53206 6272615.99016962 2339634.20844526 234196363.814764
a position +0 +86400 2008 2004 6272657.89684708 2343029.49754281 234185629.53206 6261923.61414239 2343294.47534604 234185671.438737
a position +0 +86400 2008 2006 6272657.89684708 2343029.49754281 234185629.53206 6267269.802156 2343162.24504341 234183426.186446
a position +52200 +86400 2008 9001 6272657.89684708 2343029.49754281 234185629.53206 -135117043.787059 3750.98291015625 -65403216.9563235
a position +78600 +86400 2008 9002 6272657.89684708 2343029.49754281 234185629.53206 -135125392.026805 4196.68310546875 -65401677.5151614
a position +52200 +86400 9001 2001 -135117043.787059 3750.98291015625 -65403216.9563235 6274797.36199516 2339502.53561879 234191017.626751
a position +52200 +86400 9001 2002 -135117043.787059 3750.98291015625 -65403216.9563235 6259742.24231685 2343426.14817251 234191017.626751
a position +67800 +86400 9001 2003 -135117043.787059 3750.98291015625 -65403216.9563235 6272615.99016962 2339634.20844526 234196363.814764
a position +78000 +86400 9001 2004 -135117043.787059 3750.98291015625 -65403216.9563235 6261923.61414239 2343294.47534604 234185671.438737
a position +67200 +86400 9001 2005 -135117043.787059 3750.98291015625 -65403216.9563235 6267269.802156 2339766.43874789 234198609.067055
a position +77400 +86400 9001 2006 -135117043.787059 3750.98291015625 -65403216.9563235 6267269.802156 2343162.24504341 234183426.186446
a position +52200 +86400 9001 2007 -135117043.787059 3750.98291015625 -65403216.9563235 6261881.70746492 2339899.18624848 234196405.721442
a position +52200 +86400 9001 2008 -135117043.787059 3750.98291015625 -65403216.9563235 6272657.89684708 2343029.49754281 234185629.53206
a position +84000 +86400 9002 1001 -135125392.026805 4196.68310546875 -65401677.5151614 -135128313.943497 0 -65388630.6738039
a position +78600 +86400 9002 2001 -135125392.026805 4196.68310546875 -65401677.5151614 6274797.36199516 2339502.53561879 234191017.626751
a position +78600 +86400 9002 2002 -135125392.026805 4196.68310546875 -65401677.5151614 6259742.24231685 2343426.14817251 234191017.626751
a position +78600 +86400 9002 2003 -135125392.026805 4196.68310546875 -65401677.5151614 6272615.99016962 2339634.20844526 234196363.814764
a position +78600 +86400 9002 2004 -135125392.026805 4196.68310546875 -65401677.5151614 6261923.61414239 2343294.47534604 234185671.438737
a position +78600 +86400 9002 2005 -135125392.026805 4196.68310546875 -65401677.5151614 6267269.802156 2339766.43874789 234198609.067055
a position +78600 +86400 9002 2006 -135125392.026805 4196.68310546875 -65401677.5151614 6267269.802156 2343162.24504341 234183426.186446
a position +78600 +86400 9002 2007 -135125392.026805 4196.68310546875 -65401677.5151614 6261881.70746492 2339899.18624848 234196405.721442
a position +78600 +86400 9002 2008 -135125392.026805 4196.68310546875 -65401677.5151614 6272657.89684708 2343029.49754281 234185629.53206

