a contact +0 +600 1006 2013 50
a contact +0 +600 2013 1006 50
a contact +0 +1200 1003 2024 50
a contact +600 +1200 1006 2012 50
a contact +600 +1200 2012 1006 50
a contact +0 +1200 2024 1003 50
a contact +0 +2400 1002 2032 50
a contact +0 +2400 1005 9002 50
a contact +0 +2400 2032 1002 50
a contact +0 +2400 9002 1005 50
a contact +1200 +3000 1006 9005 50
a contact +1200 +3000 9005 1006 50
a contact +0 +3600 1001 2016 50
a contact +0 +3600 2016 1001 50
a contact +3000 +5400 1006 2015 50
a contact +3000 +5400 2015 1006 50
a contact +0 +8400 1004 9004 50
a contact +5400 +8400 1006 2026 50
a contact +5400 +8400 2026 1006 50
a contact +0 +8400 9004 1004 50
a contact +8400 +9000 1004 2009 50
a contact +8400 +9000 2009 1004 50
a contact +2400 +9600 1005 2013 50
a contact +2400 +9600 2013 1005 50
a contact +1200 +11400 1003 9001 50
a contact +9000 +11400 1004 2030 50
a contact +9000 +11400 2030 1004 50
a contact +1200 +11400 9001 1003 50
a contact +11400 +12000 1004 2027 50
a contact +9600 +12000 1005 2020 50
a contact +9600 +12000 2020 1005 50
a contact +11400 +12000 2027 1004 50
a contact +2400 +13800 1002 9002 50
a contact +2400 +13800 9002 1002 50
a contact +3600 +14400 1001 9005 50
a contact +3600 +14400 9005 1001 50
a contact +11400 +15000 1003 2007 50
a contact +12000 +15000 1005 9001 50
a contact +8400 +15000 1006 9004 50
a contact +11400 +15000 2007 1003 50
a contact +12000 +15000 9001 1005 50
a contact +8400 +15000 9004 1006 50
a contact +15000 +17400 1003 2030 50
a contact +15000 +17400 2030 1003 50
a contact +13800 +19200 1002 2002 50
a contact +15000 +19200 1006 9005 50
a contact +13800 +19200 2002 1002 50
a contact +15000 +19200 9005 1006 50
a contact +15000 +19800 1005 9002 50
a contact +15000 +19800 9002 1005 50
a contact +17400 +20400 1003 2032 50
a contact +17400 +20400 2032 1003 50
a contact +12000 +21600 1004 2017 50
a contact +12000 +21600 2017 1004 50
a contact +14400 +22200 1001 2015 50
a contact +21600 +22200 1004 2018 50
a contact +14400 +22200 2015 1001 50
a contact +21600 +22200 2018 1004 50
a contact +19200 +22800 1006 2027 50
a contact +19200 +22800 2027 1006 50
a contact +19200 +23400 1002 2028 50
a contact +20400 +23400 1003 2005 50
a contact +20400 +23400 2005 1003 50
a contact +19200 +23400 2028 1002 50
a contact +22200 +24000 1004 2020 50
a contact +22200 +24000 2020 1004 50
a contact +22800 +24600 1006 2026 50
a contact +22800 +24600 2026 1006 50
a contact +22200 +25200 1001 9002 50
a contact +22200 +25200 9002 1001 50
a contact +23400 +25800 1002 2029 50
a contact +19800 +25800 1005 2008 50
a contact +19800 +25800 2008 1005 50
a contact +23400 +25800 2029 1002 50
a contact +24600 +26400 1006 2031 50
a contact +24600 +26400 2031 1006 50
a contact +25800 +27000 1002 2001 50
a contact +23400 +27000 1003 2024 50
a contact +25800 +27000 2001 1002 50
a contact +23400 +27000 2024 1003 50
a contact +24000 +27600 1004 9005 50
a contact +25800 +27600 1005 2006 50
a contact +25800 +27600 2006 1005 50
a contact +24000 +27600 9005 1004 50
a contact +26400 +28200 1006 2026 50
a contact +26400 +28200 2026 1006 50
a contact +25200 +28800 1001 2014 50
a contact +25200 +28800 2014 1001 50
a contact +27600 +30000 1004 2031 50
a contact +28200 +30000 1006 2001 50
a contact +28200 +30000 2001 1006 50
a contact +27600 +30000 2031 1004 50
a contact +27600 +30600 1005 9005 50
a contact +27600 +30600 9005 1005 50
a contact +28800 +31800 1001 2028 50
a contact +27000 +31800 1002 9002 50
a contact +30000 +31800 1004 2023 50
a contact +30000 +31800 1006 9006 50
a contact +30000 +31800 2023 1004 50
a contact +28800 +31800 2028 1001 50
a contact +27000 +31800 9002 1002 50
a contact +30000 +31800 9006 1006 50
a contact +27000 +32400 1003 2022 50
a contact +27000 +32400 2022 1003 50
a contact +31800 +33000 1002 2023 50
a contact +31800 +33000 2023 1002 50
a contact +31800 +33600 1006 2021 50
a contact +31800 +33600 2021 1006 50
a contact +33600 +34200 1006 2012 50
a contact +33600 +34200 2012 1006 50
a contact +30600 +35400 1005 2009 50
a contact +30600 +35400 2009 1005 50
a contact +34200 +36000 1006 2004 50
a contact +34200 +36000 2004 1006 50
a contact +31800 +37800 1001 9003 50
a contact +35400 +37800 1005 2005 50
a contact +35400 +37800 2005 1005 50
a contact +31800 +37800 9003 1001 50
a contact +33000 +40800 1002 9005 50
a contact +37800 +40800 1005 2025 50
a contact +37800 +40800 2025 1005 50
a contact +33000 +40800 9005 1002 50
a contact +37800 +41400 1001 2011 50
a contact +37800 +41400 2011 1001 50
a contact +32400 +42000 1003 9006 50
a contact +31800 +42000 1004 9002 50
a contact +40800 +42000 1005 9005 50
a contact +31800 +42000 9002 1004 50
a contact +40800 +42000 9005 1005 50
a contact +32400 +42000 9006 1003 50
a contact +36000 +43200 1006 2027 50
a contact +36000 +43200 2027 1006 50
a contact +41400 +44400 1001 2024 50
a contact +40800 +44400 1002 9003 50
a contact +42000 +44400 1003 2009 50
a contact +42000 +44400 1004 2006 50
a contact +42000 +44400 1005 2001 50
a contact +42000 +44400 2001 1005 50
a contact +42000 +44400 2006 1004 50
a contact +42000 +44400 2009 1003 50
a contact +41400 +44400 2024 1001 50
a contact +40800 +44400 9003 1002 50
a contact +44400 +45000 1002 2002 50
a contact +44400 +45000 1003 2008 50
a contact +44400 +45000 2002 1002 50
a contact +44400 +45000 2008 1003 50
a contact +44400 +45600 1001 2011 50
a contact +44400 +45600 2011 1001 50
a contact +45000 +46200 1003 2003 50
a contact +44400 +46200 1004 2016 50
a contact +45000 +46200 2003 1003 50
a contact +44400 +46200 2016 1004 50
a contact +45000 +47400 1002 2032 50
a contact +43200 +47400 1006 9006 50
a contact +45000 +47400 2032 1002 50
a contact +43200 +47400 9006 1006 50
a contact +45600 +48000 1001 2025 50
a contact +46200 +48000 1003 2020 50
a contact +46200 +48000 2020 1003 50
a contact +45600 +48000 2025 1001 50
a contact +47400 +48600 1002 2010 50
a contact +46200 +48600 1004 2018 50
a contact +47400 +48600 2010 1002 50
a contact +46200 +48600 2018 1004 50
a contact +48000 +49800 1001 2023 50
a contact +44400 +49800 1005 9003 50
a contact +48000 +49800 2023 1001 50
a contact +44400 +49800 9003 1005 50
a contact +48600 +50400 1002 2006 50
a contact +48000 +50400 1003 2019 50
a contact +48600 +50400 2006 1002 50
a contact +48000 +50400 2019 1003 50
a contact +49800 +51000 1001 9003 50
a contact +47400 +51000 1006 2030 50
a contact +47400 +51000 2030 1006 50
a contact +49800 +51000 9003 1001 50
a contact +48600 +51600 1004 2010 50
a contact +48600 +51600 2010 1004 50
a contact +51000 +52200 1001 2011 50
a contact +51000 +52200 2011 1001 50
a contact +50400 +52800 1002 2021 50
a contact +50400 +52800 2021 1002 50
a contact +50400 +53400 1003 2003 50
a contact +50400 +53400 2003 1003 50
a contact +52800 +54000 1002 2025 50
a contact +51600 +54000 1004 2020 50
a contact +51600 +54000 2020 1004 50
a contact +52800 +54000 2025 1002 50
a contact +52200 +55200 1001 2004 50
a contact +52200 +55200 2004 1001 50
a contact +55200 +56400 1001 2026 50
a contact +55200 +56400 2026 1001 50
a contact +56400 +57000 1001 2003 50
a contact +56400 +57000 2003 1001 50
a contact +54000 +57600 1002 2011 50
a contact +54000 +57600 2011 1002 50
a contact +57000 +58800 1001 2025 50
a contact +57000 +58800 2025 1001 50
a contact +58800 +60600 1001 2006 50
a contact +58800 +60600 2006 1001 50
a contact +57600 +61200 1002 2012 50
a contact +51000 +61200 1006 9003 50
a contact +57600 +61200 2012 1002 50
a contact +51000 +61200 9003 1006 50
a contact +60600 +61800 1001 2004 50
a contact +54000 +61800 1004 9001 50
a contact +60600 +61800 2004 1001 50
a contact +54000 +61800 9001 1004 50
a contact +61200 +62400 1006 2028 50
a contact +61200 +62400 2028 1006 50
a contact +61800 +63000 1004 2008 50
a contact +61800 +63000 2008 1004 50
a contact +61200 +63600 1002 9003 50
a contact +61200 +63600 9003 1002 50
a contact +61800 +64200 1001 2029 50
a contact +61800 +64200 2029 1001 50
a contact +64200 +65400 1001 9003 50
a contact +63600 +65400 1002 2007 50
a contact +53400 +65400 1003 9004 50
a contact +63000 +65400 1004 9001 50
a contact +49800 +65400 1005 9006 50
a contact +63600 +65400 2007 1002 50
a contact +63000 +65400 9001 1004 50
a contact +64200 +65400 9003 1001 50
a contact +53400 +65400 9004 1003 50
a contact +49800 +65400 9006 1005 50
a contact +62400 +66000 1006 2003 50
a contact +62400 +66000 2003 1006 50
a contact +65400 +67800 1002 9004 50
a contact +65400 +67800 1005 2002 50
a contact +65400 +67800 2002 1005 50
a contact +65400 +67800 9004 1002 50
a contact +67800 +69000 1005 2018 50
a contact +67800 +69000 2018 1005 50
a contact +67800 +69600 1002 2004 50
a contact +67800 +69600 2004 1002 50
a contact +65400 +70800 1003 2031 50
a contact +66000 +70800 1006 9003 50
a contact +65400 +70800 2031 1003 50
a contact +66000 +70800 9003 1006 50
a contact +65400 +71400 1004 9006 50
a contact +69000 +71400 1005 2001 50
a contact +69000 +71400 2001 1005 50
a contact +65400 +71400 9006 1004 50
a contact +69600 +72600 1002 2005 50
a contact +69600 +72600 2005 1002 50
a contact +71400 +73800 1004 2007 50
a contact +70800 +73800 1006 2029 50
a contact +71400 +73800 2007 1004 50
a contact +70800 +73800 2029 1006 50
a contact +70800 +75000 1003 9004 50
a contact +73800 +75000 1006 9006 50
a contact +70800 +75000 9004 1003 50
a contact +73800 +75000 9006 1006 50
a contact +71400 +75600 1005 2019 50
a contact +71400 +75600 2019 1005 50
a contact +73800 +78000 1004 2014 50
a contact +73800 +78000 2014 1004 50
a contact +65400 +78600 1001 9001 50
a contact +72600 +78600 1002 9003 50
a contact +75000 +78600 1003 2010 50
a contact +75600 +78600 1005 9006 50
a contact +75000 +78600 2010 1003 50
a contact +65400 +78600 9001 1001 50
a contact +72600 +78600 9003 1002 50
a contact +75600 +78600 9006 1005 50
a contact +78600 +79800 1001 2019 50
a contact +78600 +79800 2019 1001 50
a contact +78600 +80400 1002 9001 50
a contact +78600 +80400 1003 2018 50
a contact +78600 +80400 1005 2021 50
a contact +78600 +80400 2018 1003 50
a contact +78600 +80400 2021 1005 50
a contact +78600 +80400 9001 1002 50
a contact +78000 +81000 1004 2015 50
a contact +78000 +81000 2015 1004 50
a contact +75000 +81600 1006 9004 50
a contact +75000 +81600 9004 1006 50
a contact +80400 +82800 1002 2021 50
a contact +80400 +82800 1005 2012 50
a contact +80400 +82800 2012 1005 50
a contact +80400 +82800 2021 1002 50
a contact +81600 +83400 1006 2018 50
a contact +81600 +83400 2018 1006 50
a contact +81000 +84000 1004 9002 50
a contact +81000 +84000 9002 1004 50
a contact +82800 +85200 1002 2022 50
a contact +82800 +85200 2022 1002 50
a contact +79800 +85800 1001 9005 50
a contact +79800 +85800 9005 1001 50
a contact +85800 +86400 1001 2012 50
a contact +85200 +86400 1002 9002 50
a contact +80400 +86400 1003 9001 50
a contact +84000 +86400 1004 2016 50
a contact +82800 +86400 1005 9004 50
a contact +83400 +86400 1006 2023 50
a contact +85800 +86400 2012 1001 50
a contact +84000 +86400 2016 1004 50
a contact +83400 +86400 2023 1006 50
a contact +80400 +86400 9001 1003 50
a contact +85200 +86400 9002 1002 50
a contact +82800 +86400 9004 1005 50

a range +0 +600 1006 2013 0.0549
a range +0 +600 2013 1006 0.0549
a range +0 +1200 1003 2024 0.0555
a range +600 +1200 1006 2012 0.0543
a range +600 +1200 2012 1006 0.0543
a range +0 +1200 2024 1003 0.0555
a range +0 +2400 1002 2032 0.054
a range +0 +2400 1005 9002 1102.0593
a range +0 +2400 2032 1002 0.054
a range +0 +2400 9002 1005 1102.0593
a range +1200 +3000 1006 9005 1101.8785
a range +1200 +3000 9005 1006 1101.8785
a range +0 +3600 1001 2016 0.0544
a range +0 +3600 2016 1001 0.0544
a range +3000 +5400 1006 2015 0.055
a range +3000 +5400 2015 1006 0.055
a range +0 +8400 1004 9004 1102.2575
a range +5400 +8400 1006 2026 0.0551
a range +5400 +8400 2026 1006 0.0551
a range +0 +8400 9004 1004 1102.2575
a range +8400 +9000 1004 2009 0.0555
a range +8400 +9000 2009 1004 0.0555
a range +2400 +9600 1005 2013 0.0558
a range +2400 +9600 2013 1005 0.0558
a range +1200 +11400 1003 9001 1102.3712
a range +9000 +11400 1004 2030 0.0541
a range +9000 +11400 2030 1004 0.0541
a range +1200 +11400 9001 1003 1102.3712
a range +11400 +12000 1004 2027 0.054
a range +9600 +12000 1005 2020 0.0541
a range +9600 +12000 2020 1005 0.0541
a range +11400 +12000 2027 1004 0.054
a range +2400 +13800 1002 9002 1102.6119
a range +2400 +13800 9002 1002 1102.6119
a range +3600 +14400 1001 9005 1102.7998
a range +3600 +14400 9005 1001 1102.7998
a range +11400 +15000 1003 2007 0.0549
a range +12000 +15000 1005 9001 1102.3509
a range +8400 +15000 1006 9004 1102.3204
a range +11400 +15000 2007 1003 0.0549
a range +12000 +15000 9001 1005 1102.3509
a range +8400 +15000 9004 1006 1102.3204
a range +15000 +17400 1003 2030 0.0551
a range +15000 +17400 2030 1003 0.0551
a range +13800 +19200 1002 2002 0.0559
a range +15000 +19200 1006 9005 1103.0142
a range +13800 +19200 2002 1002 0.0559
a range +15000 +19200 9005 1006 1103.0142
a range +15000 +19800 1005 9002 1103.2048
a range +15000 +19800 9002 1005 1103.2048
a range +17400 +20400 1003 2032 0.0554
a range +17400 +20400 2032 1003 0.0554
a range +12000 +21600 1004 2017 0.0543
a range +12000 +21600 2017 1004 0.0543
a range +14400 +22200 1001 2015 0.0547
a range +21600 +22200 1004 2018 0.0546
a range +14400 +22200 2015 1001 0.0547
a range +21600 +22200 2018 1004 0.0546
a range +19200 +22800 1006 2027 0.0553
a range +19200 +22800 2027 1006 0.0553
a range +19200 +23400 1002 2028 0.0553
a range +20400 +23400 1003 2005 0.0548
a range +20400 +23400 2005 1003 0.0548
a range +19200 +23400 2028 1002 0.0553
a range +22200 +24000 1004 2020 0.0547
a range +22200 +24000 2020 1004 0.0547
a range +22800 +24600 1006 2026 0.0551
a range +22800 +24600 2026 1006 0.0551
a range +22200 +25200 1001 9002 1102.7998
a range +22200 +25200 9002 1001 1102.7998
a range +23400 +25800 1002 2029 0.0542
a range +19800 +25800 1005 2008 0.0554
a range +19800 +25800 2008 1005 0.0554
a range +23400 +25800 2029 1002 0.0542
a range +24600 +26400 1006 2031 0.054
a range +24600 +26400 2031 1006 0.054
a range +25800 +27000 1002 2001 0.0544
a range +23400 +27000 1003 2024 0.0555
a range +25800 +27000 2001 1002 0.0544
a range +23400 +27000 2024 1003 0.0555
a range +24000 +27600 1004 9005 1103.3955
a range +25800 +27600 1005 2006 0.0559
a range +25800 +27600 2006 1005 0.0559
a range +24000 +27600 9005 1004 1103.3955
a range +26400 +28200 1006 2026 0.0551
a range +26400 +28200 2026 1006 0.0551
a range +25200 +28800 1001 2014 0.055
a range +25200 +28800 2014 1001 0.055
a range +27600 +30000 1004 2031 0.055
a range +28200 +30000 1006 2001 0.0548
a range +28200 +30000 2001 1006 0.0548
a range +27600 +30000 2031 1004 0.055
a range +27600 +30600 1005 9005 1103.2048
a range +27600 +30600 9005 1005 1103.2048
a range +28800 +31800 1001 2028 0.0547
a range +27000 +31800 1002 9002 1103.3678
a range +30000 +31800 1004 2023 0.0546
a range +30000 +31800 1006 9006 1103.0222
a range +30000 +31800 2023 1004 0.0546
a range +28800 +31800 2028 1001 0.0547
a range +27000 +31800 9002 1002 1103.3678
a range +30000 +31800 9006 1006 1103.0222
a range +27000 +32400 1003 2022 0.0557
a range +27000 +32400 2022 1003 0.0557
a range +31800 +33000 1002 2023 0.0555
a range +31800 +33000 2023 1002 0.0555
a range +31800 +33600 1006 2021 0.0552
a range +31800 +33600 2021 1006 0.0552
a range +33600 +34200 1006 2012 0.054
a range +33600 +34200 2012 1006 0.054
a range +30600 +35400 1005 2009 0.0542
a range +30600 +35400 2009 1005 0.0542
a range +34200 +36000 1006 2004 0.051
a range +34200 +36000 2004 1006 0.051
a range +31800 +37800 1001 9003 1103.9292
a range +35400 +37800 1005 2005 0.0544
a range +35400 +37800 2005 1005 0.0544
a range +31800 +37800 9003 1001 1103.9292
a range +33000 +40800 1002 9005 1103.3678
a range +37800 +40800 1005 2025 0.0542
a range +37800 +40800 2025 1005 0.0542
a range +33000 +40800 9005 1002 1103.3678
a range +37800 +41400 1001 2011 0.0383
a range +37800 +41400 2011 1001 0.0383
a range +32400 +42000 1003 9006 1103.5617
a range +31800 +42000 1004 9002 1103.3955
a range +40800 +42000 1005 9005 1103.408
a range +31800 +42000 9002 1004 1103.3955
a range +40800 +42000 9005 1005 1103.408
a range +32400 +42000 9006 1003 1103.5617
a range +36000 +43200 1006 2027 0.0553
a range +36000 +43200 2027 1006 0.0553
a range +41400 +44400 1001 2024 0.0471
a range +40800 +44400 1002 9003 1103.7444
a range +42000 +44400 1003 2009 0.0555
a range +42000 +44400 1004 2006 0.0543
a range +42000 +44400 1005 2001 0.0543
a range +42000 +44400 2001 1005 0.0543
a range +42000 +44400 2006 1004 0.0543
a range +42000 +44400 2009 1003 0.0555
a range +41400 +44400 2024 1001 0.0471
a range +40800 +44400 9003 1002 1103.7444
a range +44400 +45000 1002 2002 0.0559
a range +44400 +45000 1003 2008 0.051
a range +44400 +45000 2002 1002 0.0559
a range +44400 +45000 2008 1003 0.051
a range +44400 +45600 1001 2011 0.0383
a range +44400 +45600 2011 1001 0.0383
a range +45000 +46200 1003 2003 0.0543
a range +44400 +46200 1004 2016 0.0499
a range +45000 +46200 2003 1003 0.0543
a range +44400 +46200 2016 1004 0.0499
a range +45000 +47400 1002 2032 0.0506
a range +43200 +47400 1006 9006 1104.1161
a range +45000 +47400 2032 1002 0.0506
a range +43200 +47400 9006 1006 1104.1161
a range +45600 +48000 1001 2025 0.0553
a range +46200 +48000 1003 2020 0.0514
a range +46200 +48000 2020 1003 0.0514
a range +45600 +48000 2025 1001 0.0553
a range +47400 +48600 1002 2010 0.0552
a range +46200 +48600 1004 2018 0.0546
a range +47400 +48600 2010 1002 0.0552
a range +46200 +48600 2018 1004 0.0546
a range +48000 +49800 1001 2023 0.0555
a range +44400 +49800 1005 9003 1104.3298
a range +48000 +49800 2023 1001 0.0555
a range +44400 +49800 9003 1005 1104.3298
a range +48600 +50400 1002 2006 0.0346
a range +48000 +50400 1003 2019 0.0372
a range +48600 +50400 2006 1002 0.0346
a range +48000 +50400 2019 1003 0.0372
a range +49800 +51000 1001 9003 1103.9292
a range +47400 +51000 1006 2030 0.0441
a range +47400 +51000 2030 1006 0.0441
a range +49800 +51000 9003 1001 1103.9292
a range +48600 +51600 1004 2010 0.055
a range +48600 +51600 2010 1004 0.055
a range +51000 +52200 1001 2011 0.0383
a range +51000 +52200 2011 1001 0.0383
a range +50400 +52800 1002 2021 0.0547
a range +50400 +52800 2021 1002 0.0547
a range +50400 +53400 1003 2003 0.0543
a range +50400 +53400 2003 1003 0.0543
a range +52800 +54000 1002 2025 0.0546
a range +51600 +54000 1004 2020 0.0471
a range +51600 +54000 2020 1004 0.0471
a range +52800 +54000 2025 1002 0.0546
a range +52200 +55200 1001 2004 0.0468
a range +52200 +55200 2004 1001 0.0468
a range +55200 +56400 1001 2026 0.0542
a range +55200 +56400 2026 1001 0.0542
a range +56400 +57000 1001 2003 0.0376
a range +56400 +57000 2003 1001 0.0376
a range +54000 +57600 1002 2011 0.0366
a range +54000 +57600 2011 1002 0.0366
a range +57000 +58800 1001 2025 0.0553
a range +57000 +58800 2025 1001 0.0553
a range +58800 +60600 1001 2006 0.0547
a range +58800 +60600 2006 1001 0.0547
a range +57600 +61200 1002 2012 0.0502
a range +51000 +61200 1006 9003 1104.1161
a range +57600 +61200 2012 1002 0.0502
a range +51000 +61200 9003 1006 1104.1161
a range +60600 +61800 1001 2004 0.0468
a range +54000 +61800 1004 9001 1104.5083
a range +60600 +61800 2004 1001 0.0468
a range +54000 +61800 9001 1004 1104.5083
a range +61200 +62400 1006 2028 0.0421
a range +61200 +62400 2028 1006 0.0421
a range +61800 +63000 1004 2008 0.0468
a range +61800 +63000 2008 1004 0.0468
a range +61200 +63600 1002 9003 1104.7971
a range +61200 +63600 9003 1002 1104.7971
a range +61800 +64200 1001 2029 0.0199
a range +61800 +64200 2029 1001 0.0199
a range +64200 +65400 1001 9003 1104.7653
a range +63600 +65400 1002 2007 0.0406
a range +53400 +65400 1003 9004 1104.6917
a range +63000 +65400 1004 9001 1104.5083
a range +49800 +65400 1005 9006 1104.3298
a range +63600 +65400 2007 1002 0.0406
a range +63000 +65400 9001 1004 1104.5083
a range +64200 +65400 9003 1001 1104.7653
a range +53400 +65400 9004 1003 1104.6917
a range +49800 +65400 9006 1005 1104.3298
a range +62400 +66000 1006 2003 0.0364
a range +62400 +66000 2003 1006 0.0364
a range +65400 +67800 1002 9004 1104.8773
a range +65400 +67800 1005 2002 0.0346
a range +65400 +67800 2002 1005 0.0346
a range +65400 +67800 9004 1002 1104.8773
a range +67800 +69000 1005 2018 0.0549
a range +67800 +69000 2018 1005 0.0549
a range +67800 +69600 1002 2004 0.0364
a range +67800 +69600 2004 1002 0.0364
a range +65400 +70800 1003 2031 0.0401
a range +66000 +70800 1006 9003 1104.7431
a range +65400 +70800 2031 1003 0.0401
a range +66000 +70800 9003 1006 1104.7431
a range +65400 +71400 1004 9006 1104.52
a range +69000 +71400 1005 2001 0.0327
a range +69000 +71400 2001 1005 0.0327
a range +65400 +71400 9006 1004 1104.52
a range +69600 +72600 1002 2005 0.0327
a range +69600 +72600 2005 1002 0.0327
a range +71400 +73800 1004 2007 0.0376
a range +70800 +73800 1006 2029 0.0437
a range +71400 +73800 2007 1004 0.0376
a range +70800 +73800 2029 1006 0.0437
a range +70800 +75000 1003 9004 1104.6917
a range +73800 +75000 1006 9006 1104.7431
a range +70800 +75000 9004 1003 1104.6917
a range +73800 +75000 9006 1006 1104.7431
a range +71400 +75600 1005 2019 0.0425
a range +71400 +75600 2019 1005 0.0425
a range +73800 +78000 1004 2014 0.0246
a range +73800 +78000 2014 1004 0.0246
a range +65400 +78600 1001 9001 1105.0649
a range +72600 +78600 1002 9003 1104.7971
a range +75000 +78600 1003 2010 0.0391
a range +75600 +78600 1005 9006 1104.7526
a range +75000 +78600 2010 1003 0.0391
a range +65400 +78600 9001 1001 1105.0649
a range +72600 +78600 9003 1002 1104.7971
a range +75600 +78600 9006 1005 1104.7526
a range +78600 +79800 1001 2019 0.0545
a range +78600 +79800 2019 1001 0.0545
a range +78600 +80400 1002 9001 1104.8773
a range +78600 +80400 1003 2018 0.018
a range +78600 +80400 1005 2021 0.0326
a range +78600 +80400 2018 1003 0.018
a range +78600 +80400 2021 1005 0.0326
a range +78600 +80400 9001 1002 1104.8773
a range +78000 +81000 1004 2015 0.0383
a range +78000 +81000 2015 1004 0.0383
a range +75000 +81600 1006 9004 1105.068
a range +75000 +81600 9004 1006 1105.068
a range +80400 +82800 1002 2021 0.0491
a range +80400 +82800 1005 2012 0.031
a range +80400 +82800 2012 1005 0.031
a range +80400 +82800 2021 1002 0.0491
a range +81600 +83400 1006 2018 0.054
a range +81600 +83400 2018 1006 0.054
a range +81000 +84000 1004 9002 1105.0328
a range +81000 +84000 9002 1004 1105.0328
a range +82800 +85200 1002 2022 0.0476
a range +82800 +85200 2022 1002 0.0476
a range +79800 +85800 1001 9005 1105.0733
a range +79800 +85800 9005 1001 1105.0733
a range +85800 +86400 1001 2012 0.0499
a range +85200 +86400 1002 9002 1105.0864
a range +80400 +86400 1003 9001 1105.0472
a range +84000 +86400 1004 2016 0.0499
a range +82800 +86400 1005 9004 1105.0361
a range +83400 +86400 1006 2023 0.0372
a range +85800 +86400 2012 1001 0.0499
a range +84000 +86400 2016 1004 0.0499
a range +83400 +86400 2023 1006 0.0372
a range +80400 +86400 9001 1003 1105.0472
a range +85200 +86400 9002 1002 1105.0864
a range +82800 +86400 9004 1005 1105.0361
