a contact +0 +6000 2020 9004 50
a contact +0 +6000 9004 2020 50
a contact +0 +10200 2014 9001 50
a contact +0 +10200 9001 2014 50
a contact +0 +10800 2018 9002 50
a contact +0 +10800 9002 2018 50
a contact +0 +12000 2010 9005 50
a contact +0 +12000 9005 2010 50
a contact +6000 +12600 2008 9004 50
a contact +6000 +12600 9004 2008 50
a contact +10800 +14400 2014 9002 50
a contact +10800 +14400 9002 2014 50
a contact +12600 +15600 2001 9004 50
a contact +10200 +15600 2012 9001 50
a contact +10200 +15600 9001 2012 50
a contact +12600 +15600 9004 2001 50
a contact +14400 +21000 2011 9002 50
a contact +14400 +21000 9002 2011 50
a contact +21000 +24600 2022 9002 50
a contact +21000 +24600 9002 2022 50
a contact +12000 +25800 2002 9005 50
a contact +12000 +25800 9005 2002 50
a contact +25800 +30600 2024 9005 50
a contact +25800 +30600 9005 2024 50
a contact +30000 +33000 2006 9006 50
a contact +24600 +33000 2011 9002 50
a contact +24600 +33000 9002 2011 50
a contact +30000 +33000 9006 2006 50
a contact +33000 +38400 2017 9002 50
a contact +33000 +38400 9002 2017 50
a contact +33000 +40800 2024 9006 50
a contact +33000 +40800 9006 2024 50
a contact +30000 +42000 2003 9003 50
a contact +30000 +42000 9003 2003 50
a contact +30600 +42600 2009 9005 50
a contact +38400 +42600 2021 9002 50
a contact +38400 +42600 9002 2021 50
a contact +30600 +42600 9005 2009 50
a contact +42000 +46200 2023 9003 50
a contact +42000 +46200 9003 2023 50
a contact +40800 +52200 2007 9006 50
a contact +40800 +52200 9006 2007 50
a contact +46200 +54600 2021 9003 50
a contact +46200 +54600 9003 2021 50
a contact +52200 +57600 2016 9004 50
a contact +52200 +57600 9004 2016 50
a contact +52200 +60600 2001 9006 50
a contact +54600 +60600 2020 9003 50
a contact +54600 +60600 9003 2020 50
a contact +52200 +60600 9006 2001 50
a contact +57600 +63000 2008 9004 50
a contact +57600 +63000 9004 2008 50
a contact +60600 +63600 2018 9003 50
a contact +60600 +63600 9003 2018 50
a contact +52200 +65400 2019 9001 50
a contact +52200 +65400 9001 2019 50
a contact +63600 +71400 2004 9003 50
a contact +63600 +71400 9003 2004 50
a contact +60600 +72000 2015 9006 50
a contact +60600 +72000 9006 2015 50
a contact +65400 +74400 2006 9001 50
a contact +63000 +74400 2013 9004 50
a contact +65400 +74400 9001 2006 50
a contact +63000 +74400 9004 2013 50
a contact +72000 +78600 2012 9006 50
a contact +71400 +78600 2017 9003 50
a contact +71400 +78600 9003 2017 50
a contact +72000 +78600 9006 2012 50
a contact +74400 +81600 2023 9004 50
a contact +74400 +81600 9004 2023 50
a contact +81600 +86400 2004 9004 50
a contact +74400 +86400 2005 9001 50
a contact +78600 +86400 2016 9005 50
a contact +78600 +86400 2022 9002 50
a contact +74400 +86400 9001 2005 50
a contact +78600 +86400 9002 2022 50
a contact +81600 +86400 9004 2004 50
a contact +78600 +86400 9005 2016 50

a range +0 +6000 2020 9004 1102.3701
a range +0 +6000 9004 2020 1102.3701
a range +0 +10200 2014 9001 1102.3585
a range +0 +10200 9001 2014 1102.3585
a range +0 +10800 2018 9002 1102.5872
a range +0 +10800 9002 2018 1102.5872
a range +0 +12000 2010 9005 1103.3966
a range +0 +12000 9005 2010 1103.3966
a range +6000 +12600 2008 9004 1102.369
a range +6000 +12600 9004 2008 1102.369
a range +10800 +14400 2014 9002 1103.3991
a range +10800 +14400 9002 2014 1103.3991
a range +12600 +15600 2001 9004 1102.3367
a range +10200 +15600 2012 9001 1102.3378
a range +10200 +15600 9001 2012 1102.3378
a range +12600 +15600 9004 2001 1102.3367
a range +14400 +21000 2011 9002 1103.3806
a range +14400 +21000 9002 2011 1103.3806
a range +21000 +24600 2022 9002 1103.3922
a range +21000 +24600 9002 2022 1103.3922
a range +12000 +25800 2002 9005 1103.386
a range +12000 +25800 9005 2002 1103.386
a range +25800 +30600 2024 9005 1103.3762
a range +25800 +30600 9005 2024 1103.3762
a range +30000 +33000 2006 9006 1103.3266
a range +24600 +33000 2011 9002 1103.3806
a range +24600 +33000 9002 2011 1103.3806
a range +30000 +33000 9006 2006 1103.3266
a range +33000 +38400 2017 9002 1103.3632
a range +33000 +38400 9002 2017 1103.3632
a range +33000 +40800 2024 9006 1104.7648
a range +33000 +40800 9006 2024 1104.7648
a range +30000 +42000 2003 9003 1104.7688
a range +30000 +42000 9003 2003 1104.7688
a range +30600 +42600 2009 9005 1103.3698
a range +38400 +42600 2021 9002 1103.3736
a range +38400 +42600 9002 2021 1103.3736
a range +30600 +42600 9005 2009 1103.3698
a range +42000 +46200 2023 9003 1104.7751
a range +42000 +46200 9003 2023 1104.7751
a range +40800 +52200 2007 9006 1104.7571
a range +40800 +52200 9006 2007 1104.7571
a range +46200 +54600 2021 9003 1104.7449
a range +46200 +54600 9003 2021 1104.7449
a range +52200 +57600 2016 9004 1104.3927
a range +52200 +57600 9004 2016 1104.3927
a range +52200 +60600 2001 9006 1104.7848
a range +54600 +60600 2020 9003 1104.7875
a range +54600 +60600 9003 2020 1104.7875
a range +52200 +60600 9006 2001 1104.7848
a range +57600 +63000 2008 9004 1105.0486
a range +57600 +63000 9004 2008 1105.0486
a range +60600 +63600 2018 9003 1104.7567
a range +60600 +63600 9003 2018 1104.7567
a range +52200 +65400 2019 9001 1105.081
a range +52200 +65400 9001 2019 1105.081
a range +63600 +71400 2004 9003 1104.6064
a range +63600 +71400 9003 2004 1104.6064
a range +60600 +72000 2015 9006 1104.7796
a range +60600 +72000 9006 2015 1104.7796
a range +65400 +74400 2006 9001 1104.8458
a range +63000 +74400 2013 9004 1105.0453
a range +65400 +74400 9001 2006 1104.8458
a range +63000 +74400 9004 2013 1105.0453
a range +72000 +78600 2012 9006 1104.7752
a range +71400 +78600 2017 9003 1104.7639
a range +71400 +78600 9003 2017 1104.7639
a range +72000 +78600 9006 2012 1104.7752
a range +74400 +81600 2023 9004 1105.0457
a range +74400 +81600 9004 2023 1105.0457
a range +81600 +86400 2004 9004 1105.0381
a range +74400 +86400 2005 9001 1105.0788
a range +78600 +86400 2016 9005 1105.0449
a range +78600 +86400 2022 9002 1105.0716
a range +74400 +86400 9001 2005 1105.0788
a range +78600 +86400 9002 2022 1105.0716
a range +81600 +86400 9004 2004 1105.0381
a range +78600 +86400 9005 2016 1105.0449
