a contact +2400 +3000 2011 2024 1000
a contact +2400 +3000 2024 2011 1000
a contact +3000 +3600 2001 2007 1000
a contact +3000 +3600 2007 2001 1000
a contact +3600 +4200 1001 2005 1000
a contact +3600 +4200 2005 1001 1000
a contact +4200 +4800 2013 2018 1000
a contact +4200 +4800 2018 2013 1000
a contact +4800 +5400 2004 2026 1000
a contact +4800 +5400 2026 2004 1000
a contact +6600 +7200 2005 2022 1000
a contact +6600 +7200 2022 2005 1000
a contact +7800 +8400 1002 2010 1000
a contact +7800 +8400 2010 1002 1000
a contact +8400 +9000 1002 2011 1000
a contact +8400 +9000 2011 1002 1000
a contact +9600 +10200 2022 9002 1000
a contact +9600 +10200 9002 2022 1000
a contact +10200 +10800 1002 2013 1000
a contact +10200 +10800 2003 2022 1000
a contact +10200 +10800 2013 1002 1000
a contact +10200 +10800 2019 2026 1000
a contact +10200 +10800 2022 2003 1000
a contact +10200 +10800 2026 2019 1000
a contact +10800 +11400 2002 2026 1000
a contact +10800 +11400 2010 9001 1000
a contact +10800 +11400 2026 2002 1000
a contact +10800 +11400 9001 2010 1000
a contact +11400 +12000 2004 2020 1000
a contact +11400 +12000 2020 2004 1000
a contact +12000 +12600 2007 9002 1000
a contact +12000 +12600 9002 2007 1000
a contact +13200 +13800 1001 2013 1000
a contact +13200 +13800 2013 1001 1000
a contact +13800 +14400 2006 2019 1000
a contact +13800 +14400 2019 2006 1000
a contact +13800 +14400 2025 2026 1000
a contact +13800 +14400 2026 2025 1000
a contact +15600 +16200 2003 2004 1000
a contact +15600 +16200 2004 2003 1000
a contact +16200 +16800 2014 2021 1000
a contact +16200 +16800 2021 2014 1000

a range +2400 +3000 2011 2024 0.0359
a range +2400 +3000 2024 2011 0.0359
a range +3000 +3600 2001 2007 0.0211
a range +3000 +3600 2007 2001 0.0211
a range +3600 +4200 1001 2005 1102.6095
a range +3600 +4200 2005 1001 1102.6095
a range +4200 +4800 2013 2018 0.0363
a range +4200 +4800 2018 2013 0.0363
a range +4800 +5400 2004 2026 0.044
a range +4800 +5400 2026 2004 0.044
a range +6600 +7200 2005 2022 0.0448
a range +6600 +7200 2022 2005 0.0448
a range +7800 +8400 1002 2010 1102.276
a range +7800 +8400 2010 1002 1102.276
a range +8400 +9000 1002 2011 1102.229
a range +8400 +9000 2011 1002 1102.229
a range +9600 +10200 2022 9002 1102.5642
a range +9600 +10200 9002 2022 1102.5642
a range +10200 +10800 1002 2013 1102.2537
a range +10200 +10800 2003 2022 0.0451
a range +10200 +10800 2013 1002 1102.2537
a range +10200 +10800 2019 2026 0.0095
a range +10200 +10800 2022 2003 0.0451
a range +10200 +10800 2026 2019 0.0095
a range +10800 +11400 2002 2026 0.0456
a range +10800 +11400 2010 9001 1102.2963
a range +10800 +11400 2026 2002 0.0456
a range +10800 +11400 9001 2010 1102.2963
a range +11400 +12000 2004 2020 0.0432
a range +11400 +12000 2020 2004 0.0432
a range +12000 +12600 2007 9002 1102.5674
a range +12000 +12600 9002 2007 1102.5674
a range +13200 +13800 1001 2013 1102.623
a range +13200 +13800 2013 1001 1102.623
a range +13800 +14400 2006 2019 0.0152
a range +13800 +14400 2019 2006 0.0152
a range +13800 +14400 2025 2026 0.0211
a range +13800 +14400 2026 2025 0.0211
a range +15600 +16200 2003 2004 0.0211
a range +15600 +16200 2004 2003 0.0211
a range +16200 +16800 2014 2021 0.0177
a range +16200 +16800 2021 2014 0.0177
