a contact +0 +600 1001 9003 1200
a contact +0 +600 9003 1001 1200
a contact +0 +1800 1002 2044 50
a contact +0 +1800 1006 2011 50
a contact +0 +1800 2011 1006 50
a contact +0 +1800 2044 1002 50
a contact +600 +2400 1001 9003 1200
a contact +0 +2400 1005 2032 50
a contact +0 +2400 1006 2035 50
a contact +0 +2400 2032 1005 50
a contact +0 +2400 2035 1006 50
a contact +600 +2400 9003 1001 1200
a contact +0 +3600 1003 2038 50
a contact +1800 +3600 1006 2019 50
a contact +2400 +3600 1006 2018 50
a contact +2400 +3600 2018 1006 50
a contact +1800 +3600 2019 1006 50
a contact +0 +3600 2038 1003 50
a contact +2400 +4200 1001 2011 50
a contact +1800 +4200 1002 2037 50
a contact +0 +4200 1005 2009 50
a contact +3600 +4200 1006 9003 1200
a contact +0 +4200 2009 1005 50
a contact +2400 +4200 2011 1001 50
a contact +1800 +4200 2037 1002 50
a contact +3600 +4200 9003 1006 1200
a contact +0 +4800 1004 2006 50
a contact +4200 +4800 1006 9003 1200
a contact +0 +4800 2006 1004 50
a contact +4200 +4800 9003 1006 1200
a contact +0 +5400 1003 2040 50
a contact +0 +5400 2040 1003 50
a contact +4200 +6000 1005 2020 50
a contact +4200 +6000 2020 1005 50
a contact +4200 +6600 1002 2027 50
a contact +2400 +6600 1005 2041 50
a contact +4800 +6600 1006 9003 1200
a contact +4200 +6600 2027 1002 50
a contact +2400 +6600 2041 1005 50
a contact +4800 +6600 9003 1006 1200
a contact +4800 +7200 1004 2039 50
a contact +0 +7200 1004 2021 50
a contact +6000 +7200 1005 2035 50
a contact +0 +7200 2021 1004 50
a contact +6000 +7200 2035 1005 50
a contact +4800 +7200 2039 1004 50
a contact +4200 +7800 1001 2044 50
a contact +7200 +7800 1005 2010 50
a contact +6600 +7800 1005 2027 50
a contact +7200 +7800 2010 1005 50
a contact +6600 +7800 2027 1005 50
a contact +4200 +7800 2044 1001 50
a contact +0 +8400 1002 2030 50
a contact +7200 +8400 1004 2011 50
a contact +7200 +8400 2011 1004 50
a contact +0 +8400 2015 9001 50
a contact +0 +8400 2030 1002 50
a contact +0 +8400 9001 2015 50
a contact +8400 +9000 1004 2017 50
a contact +7200 +9000 1004 2002 50
a contact +7200 +9000 2002 1004 50
a contact +8400 +9000 2017 1004 50
a contact +3600 +9600 1003 2013 50
a contact +3600 +9600 2013 1003 50
a contact +7800 +10200 1001 2014 50
a contact +7800 +10200 1005 9003 1200
a contact +0 +10200 2005 9002 50
a contact +7800 +10200 2014 1001 50
a contact +0 +10200 9002 2005 50
a contact +7800 +10200 9003 1005 1200
a contact +9000 +10800 1004 2018 50
a contact +10200 +10800 1005 9003 1200
a contact +9000 +10800 2018 1004 50
a contact +10200 +10800 9003 1005 1200
a contact +6600 +11400 1002 2001 50
a contact +6600 +11400 2001 1002 50
a contact +2400 +12000 1001 2024 50
a contact +9000 +12000 1004 2022 50
a contact +10800 +12000 1004 2028 50
a contact +9000 +12000 2022 1004 50
a contact +2400 +12000 2024 1001 50
a contact +10800 +12000 2028 1004 50
a contact +5400 +12600 1003 2032 50
a contact +10800 +12600 1005 2020 50
a contact +8400 +12600 2007 9001 50
a contact +10800 +12600 2020 1005 50
a contact +5400 +12600 2032 1003 50
a contact +8400 +12600 9001 2007 50
a contact +9600 +13200 1003 2027 50
a contact +12000 +13200 1004 9003 1200
a contact +9600 +13200 2027 1003 50
a contact +12000 +13200 9003 1004 1200
a contact +10200 +13800 2014 9002 50
a contact +10200 +13800 9002 2014 50
a contact +13200 +14400 1004 9003 1200
a contact +13200 +14400 9003 1004 1200
a contact +11400 +15000 1002 2036 50
a contact +11400 +15000 2036 1002 50
a contact +13200 +15600 1003 2024 50
a contact +12600 +15600 1003 2028 50
a contact +6600 +15600 1006 2012 50
a contact +6600 +15600 2012 1006 50
a contact +12600 +15600 2019 9001 50
a contact +13200 +15600 2024 1003 50
a contact +12600 +15600 2028 1003 50
a contact +12600 +15600 9001 2019 50
a contact +15600 +16800 1003 9003 1200
a contact +15600 +16800 9003 1003 1200
a contact +16800 +17400 1003 9001 1200
a contact +16800 +17400 9001 1003 1200
a contact +10200 +18000 1001 2011 50
a contact +8400 +18000 1002 2034 50
a contact +16800 +18000 1003 9003 1200
a contact +12600 +18000 1005 2032 50
a contact +10800 +18000 1005 2023 50
a contact +6600 +18000 1006 2029 50
a contact +10200 +18000 2011 1001 50
a contact +10800 +18000 2023 1005 50
a contact +13800 +18000 2025 9002 50
a contact +6600 +18000 2029 1006 50
a contact +12600 +18000 2032 1005 50
a contact +8400 +18000 2034 1002 50
a contact +13800 +18000 9002 2025 50
a contact +16800 +18000 9003 1003 1200
a contact +12000 +18600 1001 2035 50
a contact +18000 +18600 1003 9003 1200
a contact +18000 +18600 1003 9001 1200
a contact +14400 +18600 1004 2020 50
a contact +14400 +18600 2020 1004 50
a contact +12000 +18600 2035 1001 50
a contact +18000 +18600 9001 1003 1200
a contact +18000 +18600 9003 1003 1200
a contact +15600 +19200 1006 2019 50
a contact +15600 +19200 2019 1006 50
a contact +15000 +19800 1002 2033 50
a contact +18000 +19800 1002 2023 50
a contact +18000 +19800 2023 1002 50
a contact +15000 +19800 2033 1002 50
a contact +18000 +21000 1001 2021 50
a contact +18000 +21000 1005 2040 50
a contact +18000 +21000 2021 1001 50
a contact +18000 +21000 2040 1005 50
a contact +18600 +21600 1003 2017 50
a contact +18600 +21600 2017 1003 50
a contact +19800 +22200 1002 9001 1200
a contact +19800 +22200 1002 9003 1200
a contact +19800 +22200 9001 1002 1200
a contact +19800 +22200 9003 1002 1200
a contact +18600 +23400 1001 2001 50
a contact +21000 +23400 1001 2012 50
a contact +18000 +23400 1005 2025 50
a contact +18000 +23400 1006 2011 50
a contact +18600 +23400 2001 1001 50
a contact +18000 +23400 2011 1006 50
a contact +21000 +23400 2012 1001 50
a contact +18000 +23400 2025 1005 50
a contact +18600 +24000 1004 2037 50
a contact +23400 +24000 1005 2020 50
a contact +23400 +24000 1006 2021 50
a contact +23400 +24000 2020 1005 50
a contact +23400 +24000 2021 1006 50
a contact +18600 +24000 2037 1004 50
a contact +24000 +24600 1005 2040 50
a contact +24000 +24600 2040 1005 50
a contact +24600 +25200 1001 9003 1200
a contact +22200 +25200 1002 2033 50
a contact +22200 +25200 2033 1002 50
a contact +24600 +25200 9003 1001 1200
a contact +25200 +25800 1001 9001 1200
a contact +25200 +25800 1001 9003 1200
a contact +25200 +25800 9001 1001 1200
a contact +25200 +25800 9003 1001 1200
a contact +25800 +26400 1001 9001 1200
a contact +25800 +26400 9001 1001 1200
a contact +18600 +27000 1003 2038 50
a contact +21600 +27000 1003 2016 50
a contact +21600 +27000 2016 1003 50
a contact +18600 +27000 2038 1003 50
a contact +26400 +27600 1001 2005 50
a contact +24000 +27600 1004 2009 50
a contact +19200 +27600 1006 2018 50
a contact +24000 +27600 1006 2003 50
a contact +24000 +27600 2003 1006 50
a contact +26400 +27600 2005 1001 50
a contact +24000 +27600 2009 1004 50
a contact +19200 +27600 2018 1006 50
a contact +27000 +28200 1003 2030 50
a contact +14400 +28200 1004 2008 50
a contact +14400 +28200 2008 1004 50
a contact +27000 +28200 2030 1003 50
a contact +24600 +28800 1005 2004 50
a contact +27600 +28800 1006 9003 1200
a contact +24600 +28800 2004 1005 50
a contact +27600 +28800 9003 1006 1200
a contact +27600 +29400 1001 2020 50
a contact +27600 +29400 1006 9001 1200
a contact +27600 +29400 2020 1001 50
a contact +27600 +29400 9001 1006 1200
a contact +22200 +30000 1002 2042 50
a contact +29400 +30000 1006 9001 1200
a contact +22200 +30000 2042 1002 50
a contact +29400 +30000 9001 1006 1200
a contact +18000 +30600 2034 9002 50
a contact +18000 +30600 9002 2034 50
a contact +25200 +31200 1002 2013 50
a contact +28800 +31200 1005 2037 50
a contact +21000 +31200 1005 2015 50
a contact +25200 +31200 2013 1002 50
a contact +21000 +31200 2015 1005 50
a contact +28800 +31200 2037 1005 50
a contact +29400 +31800 1001 2010 50
a contact +29400 +31800 2010 1001 50
a contact +30000 +32400 1002 2025 50
a contact +27000 +32400 1003 2029 50
a contact +31200 +32400 1005 9001 1200
a contact +30000 +32400 2025 1002 50
a contact +27000 +32400 2029 1003 50
a contact +31200 +32400 9001 1005 1200
a contact +32400 +33000 1003 2024 50
a contact +32400 +33000 1005 9001 1200
a contact +32400 +33000 2024 1003 50
a contact +32400 +33000 9001 1005 1200
a contact +27600 +33600 1004 2041 50
a contact +33000 +33600 1005 9001 1200
a contact +27600 +33600 2041 1004 50
a contact +33000 +33600 9001 1005 1200
a contact +33600 +34200 1005 9001 1200
a contact +30000 +34200 1006 2009 50
a contact +30000 +34200 2009 1006 50
a contact +30600 +34200 2021 9002 50
a contact +33600 +34200 9001 1005 1200
a contact +30600 +34200 9002 2021 50
a contact +33600 +35400 1004 2013 50
a contact +28200 +35400 1004 2007 50
a contact +28200 +35400 2007 1004 50
a contact +33600 +35400 2013 1004 50
a contact +31800 +37800 1001 2036 50
a contact +26400 +37800 1001 2023 50
a contact +32400 +37800 1002 2044 50
a contact +33000 +37800 1003 2006 50
a contact +35400 +37800 1004 9001 1200
a contact +34200 +37800 1005 2021 50
a contact +34200 +37800 1005 2014 50
a contact +34200 +37800 1006 2030 50
a contact +33000 +37800 2006 1003 50
a contact +34200 +37800 2014 1005 50
a contact +34200 +37800 2021 1005 50
a contact +26400 +37800 2023 1001 50
a contact +30000 +37800 2026 9003 50
a contact +34200 +37800 2030 1006 50
a contact +31800 +37800 2036 1001 50
a contact +32400 +37800 2044 1002 50
a contact +35400 +37800 9001 1004 1200
a contact +30000 +37800 9003 2026 50
a contact +31200 +38400 1002 2040 50
a contact +31200 +38400 2040 1002 50
a contact +28200 +39000 1003 2022 50
a contact +37800 +39000 1003 2021 50
a contact +34200 +39000 2008 9002 50
a contact +37800 +39000 2021 1003 50
a contact +28200 +39000 2022 1003 50
a contact +34200 +39000 9002 2008 50
a contact +38400 +39600 1002 2024 50
a contact +39000 +39600 2021 9002 50
a contact +38400 +39600 2024 1002 50
a contact +39000 +39600 9002 2021 50
a contact +37800 +40200 1001 2030 50
a contact +39000 +40200 1003 9001 1200
a contact +37800 +40200 2030 1001 50
a contact +39000 +40200 9001 1003 1200
a contact +40200 +42000 1001 2041 50
a contact +37800 +42000 1001 2003 50
a contact +39600 +42000 1002 2039 50
a contact +40200 +42000 1003 9001 1200
a contact +37800 +42000 2003 1001 50
a contact +39600 +42000 2039 1002 50
a contact +40200 +42000 2041 1001 50
a contact +40200 +42000 9001 1003 1200
a contact +39600 +42600 2005 9002 50
a contact +39600 +42600 9002 2005 50
a contact +42000 +43200 1001 2028 50
a contact +42000 +43200 1002 2030 50
a contact +37800 +43200 1002 2019 50
a contact +37800 +43200 1004 2033 50
a contact +37800 +43200 2019 1002 50
a contact +42000 +43200 2028 1001 50
a contact +42000 +43200 2030 1002 50
a contact +37800 +43200 2033 1004 50
a contact +42000 +44400 1001 2003 50
a contact +43200 +44400 1001 2005 50
a contact +43200 +44400 1002 9001 1200
a contact +43800 +44400 1002 9002 1200
a contact +42000 +44400 2003 1001 50
a contact +43200 +44400 2005 1001 50
a contact +43200 +44400 9001 1002 1200
a contact +43800 +44400 9002 1002 1200
a contact +44400 +45000 1002 9002 1200
a contact +44400 +45000 1002 9001 1200
a contact +37800 +45000 1006 2032 50
a contact +37800 +45000 2032 1006 50
a contact +44400 +45000 9001 1002 1200
a contact +44400 +45000 9002 1002 1200
a contact +45000 +45600 1002 9001 1200
a contact +45000 +45600 1002 9002 1200
a contact +30000 +45600 1006 2031 50
a contact +30000 +45600 2031 1006 50
a contact +45000 +45600 9001 1002 1200
a contact +45000 +45600 9002 1002 1200
a contact +44400 +46800 1001 2028 50
a contact +44400 +46800 1001 2003 50
a contact +44400 +46800 2003 1001 50
a contact +44400 +46800 2028 1001 50
a contact +37800 +47400 1005 2042 50
a contact +37800 +47400 2042 1005 50
a contact +47400 +48000 1001 9002 1200
a contact +45600 +48000 1002 2013 50
a contact +43200 +48000 1004 2006 50
a contact +45600 +48000 1006 2021 50
a contact +45000 +48000 1006 2017 50
a contact +43200 +48000 2006 1004 50
a contact +45600 +48000 2013 1002 50
a contact +45000 +48000 2017 1006 50
a contact +45600 +48000 2021 1006 50
a contact +47400 +48000 9002 1001 1200
a contact +46800 +48600 1001 9001 1200
a contact +42000 +48600 1003 2018 50
a contact +37800 +48600 2010 9003 50
a contact +42000 +48600 2018 1003 50
a contact +46800 +48600 9001 1001 1200
a contact +37800 +48600 9003 2010 50
a contact +48600 +49200 1001 9001 1200
a contact +48600 +49200 9001 1001 1200
a contact +48600 +49800 1001 9002 1200
a contact +48600 +49800 9002 1001 1200
a contact +48000 +51000 1004 2013 50
a contact +37800 +51000 1004 2034 50
a contact +48000 +51000 1006 2035 50
a contact +48000 +51000 1006 2011 50
a contact +48000 +51000 2011 1006 50
a contact +48000 +51000 2013 1004 50
a contact +37800 +51000 2034 1004 50
a contact +48000 +51000 2035 1006 50
a contact +47400 +51600 1005 2003 50
a contact +51000 +51600 1006 9002 1200
a contact +51000 +51600 1006 9001 1200
a contact +47400 +51600 2003 1005 50
a contact +51000 +51600 9001 1006 1200
a contact +51000 +51600 9002 1006 1200
a contact +45600 +52200 1002 2009 50
a contact +51000 +52200 1004 2006 50
a contact +51600 +52200 1006 9001 1200
a contact +51000 +52200 2006 1004 50
a contact +45600 +52200 2009 1002 50
a contact +51600 +52200 9001 1006 1200
a contact +48000 +52800 1002 2017 50
a contact +48600 +52800 1003 2042 50
a contact +37800 +52800 1005 2026 50
a contact +51600 +52800 1006 9002 1200
a contact +48000 +52800 2017 1002 50
a contact +37800 +52800 2026 1005 50
a contact +48600 +52800 2042 1003 50
a contact +51600 +52800 9002 1006 1200
a contact +52800 +53400 1006 9002 1200
a contact +52800 +53400 9002 1006 1200
a contact +49800 +54000 1001 2001 50
a contact +49800 +54000 2001 1001 50
a contact +48600 +54000 2039 9003 50
a contact +48600 +54000 9003 2039 50
a contact +52800 +54600 1005 2028 50
a contact +51600 +54600 1005 2013 50
a contact +51600 +54600 2013 1005 50
a contact +52800 +54600 2028 1005 50
a contact +52800 +55200 1003 2026 50
a contact +52200 +55200 1004 2034 50
a contact +52800 +55200 2026 1003 50
a contact +52200 +55200 2034 1004 50
a contact +52200 +55800 1002 2040 50
a contact +54600 +55800 1005 9002 1200
a contact +54000 +55800 2033 9003 50
a contact +52200 +55800 2040 1002 50
a contact +54600 +55800 9002 1005 1200
a contact +54000 +55800 9003 2033 50
a contact +55800 +56400 1005 9002 1200
a contact +55800 +56400 9002 1005 1200
a contact +56400 +57600 1005 9002 1200
a contact +56400 +57600 9002 1005 1200
a contact +52800 +58200 1002 2014 50
a contact +42000 +58200 1003 2016 50
a contact +53400 +58200 1006 2004 50
a contact +53400 +58200 2004 1006 50
a contact +55800 +58200 2006 9003 50
a contact +52800 +58200 2014 1002 50
a contact +42000 +58200 2016 1003 50
a contact +55800 +58200 9003 2006 50
a contact +55200 +58800 1004 2009 50
a contact +51000 +58800 1004 2044 50
a contact +55200 +58800 2009 1004 50
a contact +51000 +58800 2044 1004 50
a contact +54000 +60000 1001 2024 50
a contact +55200 +60000 1003 2010 50
a contact +58800 +60000 1004 9002 1200
a contact +55200 +60000 2010 1003 50
a contact +54000 +60000 2024 1001 50
a contact +58800 +60000 9002 1004 1200
a contact +57600 +60600 1005 2012 50
a contact +57600 +60600 1005 2038 50
a contact +57600 +60600 2012 1005 50
a contact +57600 +60600 2038 1005 50
a contact +58200 +61200 2023 9003 50
a contact +58200 +61200 9003 2023 50
a contact +58200 +61800 1003 2014 50
a contact +60000 +61800 1004 9002 1200
a contact +60600 +61800 1005 2022 50
a contact +58200 +61800 2014 1003 50
a contact +60600 +61800 2022 1005 50
a contact +60000 +61800 9002 1004 1200
a contact +60000 +62400 1001 2001 50
a contact +58200 +62400 1002 2004 50
a contact +55800 +62400 1002 2031 50
a contact +61800 +62400 1003 2005 50
a contact +60000 +62400 1003 2019 50
a contact +58200 +62400 1006 2034 50
a contact +53400 +62400 1006 2042 50
a contact +60000 +62400 2001 1001 50
a contact +58200 +62400 2004 1002 50
a contact +61800 +62400 2005 1003 50
a contact +60000 +62400 2019 1003 50
a contact +55800 +62400 2031 1002 50
a contact +58200 +62400 2034 1006 50
a contact +53400 +62400 2042 1006 50
a contact +62400 +63000 1003 9002 1200
a contact +61800 +63000 1005 2030 50
a contact +62400 +63000 1006 2035 50
a contact +61800 +63000 2030 1005 50
a contact +62400 +63000 2035 1006 50
a contact +52200 +63000 2043 9001 50
a contact +52200 +63000 9001 2043 50
a contact +62400 +63000 9002 1003 1200
a contact +63000 +64200 1003 9002 1200
a contact +61800 +64200 1004 2028 50
a contact +62400 +64200 1006 2022 50
a contact +62400 +64200 2022 1006 50
a contact +61800 +64200 2028 1004 50
a contact +63000 +64200 9002 1003 1200
a contact +60600 +64800 1005 2027 50
a contact +60600 +64800 2027 1005 50
a contact +61200 +64800 2029 9003 50
a contact +61200 +64800 9003 2029 50
a contact +64200 +65400 1003 9002 1200
a contact +64200 +65400 9002 1003 1200
a contact +63000 +66000 2035 9001 50
a contact +63000 +66000 9001 2035 50
a contact +62400 +66600 1002 2015 50
a contact +62400 +66600 1002 2010 50
a contact +62400 +66600 2010 1002 50
a contact +62400 +66600 2015 1002 50
a contact +64800 +67200 2011 9003 50
a contact +64800 +67200 9003 2011 50
a contact +66600 +67800 1002 9002 1200
a contact +63000 +67800 1005 2004 50
a contact +64200 +67800 1006 2014 50
a contact +63000 +67800 2004 1005 50
a contact +64200 +67800 2014 1006 50
a contact +66000 +67800 2025 9001 50
a contact +66000 +67800 9001 2025 50
a contact +66600 +67800 9002 1002 1200
a contact +67800 +68400 1002 9002 1200
a contact +64200 +68400 1004 2018 50
a contact +64800 +68400 1005 2020 50
a contact +64200 +68400 2018 1004 50
a contact +64800 +68400 2020 1005 50
a contact +67800 +68400 9002 1002 1200
a contact +49800 +69000 1001 2002 50
a contact +49800 +69000 2002 1001 50
a contact +68400 +69600 1002 9002 1200
a contact +63000 +69600 1006 2001 50
a contact +63000 +69600 2001 1006 50
a contact +68400 +69600 9002 1002 1200
a contact +65400 +70200 1003 2030 50
a contact +65400 +70200 2030 1003 50
a contact +69000 +70800 1001 2029 50
a contact +62400 +70800 1001 2037 50
a contact +69000 +70800 2029 1001 50
a contact +62400 +70800 2037 1001 50
a contact +68400 +71400 1005 2025 50
a contact +68400 +71400 2025 1005 50
a contact +70800 +72000 1001 9002 1200
a contact +70800 +72000 9002 1001 1200
a contact +67800 +72600 1006 2008 50
a contact +67800 +72600 2008 1006 50
a contact +72000 +73200 1001 9002 1200
a contact +70200 +73200 1003 2039 50
a contact +69600 +73200 1006 2019 50
a contact +69600 +73200 2019 1006 50
a contact +70200 +73200 2039 1003 50
a contact +72000 +73200 9002 1001 1200
a contact +68400 +73800 1004 2027 50
a contact +68400 +73800 2027 1004 50
a contact +73800 +74400 1004 2022 50
a contact +71400 +74400 1005 2012 50
a contact +72600 +74400 1006 2006 50
a contact +73200 +74400 1006 2025 50
a contact +72600 +74400 2006 1006 50
a contact +71400 +74400 2012 1005 50
a contact +73800 +74400 2022 1004 50
a contact +73200 +74400 2025 1006 50
a contact +69600 +75000 1002 2017 50
a contact +65400 +75000 1003 2043 50
a contact +61800 +75000 1004 2038 50
a contact +69600 +75000 2017 1002 50
a contact +61800 +75000 2038 1004 50
a contact +65400 +75000 2043 1003 50
a contact +74400 +76200 1006 9002 1200
a contact +74400 +76200 9002 1006 1200
a contact +75000 +76800 1004 2003 50
a contact +75000 +76800 2003 1004 50
a contact +75000 +77400 1002 2005 50
a contact +73200 +77400 1003 2020 50
a contact +67800 +77400 1005 2016 50
a contact +75000 +77400 2005 1002 50
a contact +67800 +77400 2016 1005 50
a contact +73200 +77400 2020 1003 50
a contact +67200 +77400 2028 9003 50
a contact +67800 +77400 2041 9001 50
a contact +67800 +77400 9001 2041 50
a contact +67200 +77400 9003 2028 50
a contact +73200 +78600 1001 2039 50
a contact +77400 +78600 1005 2024 50
a contact +74400 +78600 1005 2025 50
a contact +77400 +78600 2024 1005 50
a contact +74400 +78600 2025 1005 50
a contact +77400 +78600 2035 9003 50
a contact +73200 +78600 2039 1001 50
a contact +77400 +78600 9003 2035 50
a contact +78600 +79200 1001 2022 50
a contact +74400 +79200 1004 2012 50
a contact +77400 +79200 2008 9001 50
a contact +74400 +79200 2012 1004 50
a contact +78600 +79200 2022 1001 50
a contact +77400 +79200 9001 2008 50
a contact +77400 +79800 1003 2033 50
a contact +77400 +79800 1006 2006 50
a contact +77400 +79800 2006 1006 50
a contact +77400 +79800 2033 1003 50
a contact +77400 +80400 1002 2020 50
a contact +79200 +80400 1004 2024 50
a contact +76800 +80400 1004 2019 50
a contact +76800 +80400 2019 1004 50
a contact +77400 +80400 2020 1002 50
a contact +79200 +80400 2024 1004 50
a contact +75000 +81000 1003 2002 50
a contact +79800 +81000 1003 2022 50
a contact +79800 +81000 1005 9003 1200
a contact +77400 +81000 1006 2044 50
a contact +75000 +81000 2002 1003 50
a contact +79800 +81000 2022 1003 50
a contact +77400 +81000 2044 1006 50
a contact +79800 +81000 9003 1005 1200
a contact +80400 +82200 1004 2028 50
a contact +80400 +82200 1004 2041 50
a contact +79800 +82200 1006 2008 50
a contact +79800 +82200 2008 1006 50
a contact +80400 +82200 2028 1004 50
a contact +80400 +82200 2041 1004 50
a contact +73200 +82800 1001 2007 50
a contact +79200 +82800 2003 9001 50
a contact +73200 +82800 2007 1001 50
a contact +78600 +82800 2035 9002 50
a contact +79200 +82800 9001 2003 50
a contact +78600 +82800 9002 2035 50
a contact +79200 +83400 1001 2004 50
a contact +79200 +83400 2004 1001 50
a contact +82800 +84000 1004 9003 1200
a contact +82800 +84000 9003 1004 1200
a contact +84000 +84600 1004 9003 1200
a contact +84000 +84600 9003 1004 1200
a contact +84600 +85200 1004 9003 1200
a contact +84600 +85200 9003 1004 1200
a contact +83400 +86400 1001 2011 50
a contact +82800 +86400 1001 2037 50
a contact +80400 +86400 1002 2012 50
a contact +69600 +86400 1002 2036 50
a contact +81000 +86400 1003 2033 50
a contact +81000 +86400 1003 2027 50
a contact +85200 +86400 1004 2007 50
a contact +85200 +86400 1004 2020 50
a contact +81000 +86400 1005 2040 50
a contact +81000 +86400 1005 2043 50
a contact +81000 +86400 1006 2017 50
a contact +82200 +86400 1006 2039 50
a contact +82800 +86400 2005 9002 50
a contact +85200 +86400 2007 1004 50
a contact +83400 +86400 2011 1001 50
a contact +80400 +86400 2012 1002 50
a contact +81000 +86400 2017 1006 50
a contact +85200 +86400 2020 1004 50
a contact +82800 +86400 2022 9001 50
a contact +81000 +86400 2027 1003 50
a contact +81000 +86400 2033 1003 50
a contact +69600 +86400 2036 1002 50
a contact +82800 +86400 2037 1001 50
a contact +82200 +86400 2039 1006 50
a contact +81000 +86400 2040 1005 50
a contact +81000 +86400 2043 1005 50
a contact +82800 +86400 9001 2022 50
a contact +82800 +86400 9002 2005 50

a range +0 +600 1001 9003 0.0593
a range +0 +600 9003 1001 0.0593
a range +0 +1800 1002 2044 1102.5577
a range +0 +1800 1006 2011 1101.9421
a range +0 +1800 2011 1006 1101.9421
a range +0 +1800 2044 1002 1102.5577
a range +600 +2400 1001 9003 0.0593
a range +0 +2400 1005 2032 1102.1204
a range +0 +2400 1006 2035 1101.9408
a range +0 +2400 2032 1005 1102.1204
a range +0 +2400 2035 1006 1101.9408
a range +600 +2400 9003 1001 0.0593
a range +0 +3600 1003 2038 1102.4059
a range +1800 +3600 1006 2019 1101.9157
a range +2400 +3600 1006 2018 1101.9093
a range +2400 +3600 2018 1006 1101.9093
a range +1800 +3600 2019 1006 1101.9157
a range +0 +3600 2038 1003 1102.4059
a range +2400 +4200 1001 2011 1102.7053
a range +1800 +4200 1002 2037 1102.5698
a range +0 +4200 1005 2009 1102.1066
a range +3600 +4200 1006 9003 0.0624
a range +0 +4200 2009 1005 1102.1066
a range +2400 +4200 2011 1001 1102.7053
a range +1800 +4200 2037 1002 1102.5698
a range +3600 +4200 9003 1006 0.0624
a range +0 +4800 1004 2006 1102.2664
a range +4200 +4800 1006 9003 0.0624
a range +0 +4800 2006 1004 1102.2664
a range +4200 +4800 9003 1006 0.0624
a range +0 +5400 1003 2040 1102.4047
a range +0 +5400 2040 1003 1102.4047
a range +4200 +6000 1005 2020 1102.1181
a range +4200 +6000 2020 1005 1102.1181
a range +4200 +6600 1002 2027 1102.5775
a range +2400 +6600 1005 2041 1102.101
a range +4800 +6600 1006 9003 0.0624
a range +4200 +6600 2027 1002 1102.5775
a range +2400 +6600 2041 1005 1102.101
a range +4800 +6600 9003 1006 0.0624
a range +4800 +7200 1004 2039 1102.2653
a range +0 +7200 1004 2021 1102.0461
a range +6000 +7200 1005 2035 1102.0954
a range +0 +7200 2021 1004 1102.0461
a range +6000 +7200 2035 1005 1102.0954
a range +4800 +7200 2039 1004 1102.2653
a range +4200 +7800 1001 2044 1102.7042
a range +7200 +7800 1005 2010 1102.1084
a range +6600 +7800 1005 2027 1102.075
a range +7200 +7800 2010 1005 1102.1084
a range +6600 +7800 2027 1005 1102.075
a range +4200 +7800 2044 1001 1102.7042
a range +0 +8400 1002 2030 1102.5424
a range +7200 +8400 1004 2011 1102.2573
a range +7200 +8400 2011 1004 1102.2573
a range +0 +8400 2015 9001 1102.3582
a range +0 +8400 2030 1002 1102.5424
a range +0 +8400 9001 2015 1102.3582
a range +8400 +9000 1004 2017 1102.274
a range +7200 +9000 1004 2002 1102.2492
a range +7200 +9000 2002 1004 1102.2492
a range +8400 +9000 2017 1004 1102.274
a range +3600 +9600 1003 2013 1102.3842
a range +3600 +9600 2013 1003 1102.3842
a range +7800 +10200 1001 2014 1102.5776
a range +7800 +10200 1005 9003 0.062
a range +0 +10200 2005 9002 1103.3902
a range +7800 +10200 2014 1001 1102.5776
a range +0 +10200 9002 2005 1103.3902
a range +7800 +10200 9003 1005 0.062
a range +9000 +10800 1004 2018 1102.2829
a range +10200 +10800 1005 9003 0.062
a range +9000 +10800 2018 1004 1102.2829
a range +10200 +10800 9003 1005 0.062
a range +6600 +11400 1002 2001 1102.5622
a range +6600 +11400 2001 1002 1102.5622
a range +2400 +12000 1001 2024 1102.6958
a range +9000 +12000 1004 2022 1102.2531
a range +10800 +12000 1004 2028 1102.2737
a range +9000 +12000 2022 1004 1102.2531
a range +2400 +12000 2024 1001 1102.6958
a range +10800 +12000 2028 1004 1102.2737
a range +5400 +12600 1003 2032 1102.3809
a range +10800 +12600 1005 2020 1102.9391
a range +8400 +12600 2007 9001 1102.3548
a range +10800 +12600 2020 1005 1102.9391
a range +5400 +12600 2032 1003 1102.3809
a range +8400 +12600 9001 2007 1102.3548
a range +9600 +13200 1003 2027 1102.4192
a range +12000 +13200 1004 9003 0.0615
a range +9600 +13200 2027 1003 1102.4192
a range +12000 +13200 9003 1004 0.0615
a range +10200 +13800 2014 9002 1102.5349
a range +10200 +13800 9002 2014 1102.5349
a range +13200 +14400 1004 9003 0.0615
a range +13200 +14400 9003 1004 0.0615
a range +11400 +15000 1002 2036 1102.5696
a range +11400 +15000 2036 1002 1102.5696
a range +13200 +15600 1003 2024 1102.3851
a range +12600 +15600 1003 2028 1102.4214
a range +6600 +15600 1006 2012 1102.7117
a range +6600 +15600 2012 1006 1102.7117
a range +12600 +15600 2019 9001 1102.3536
a range +13200 +15600 2024 1003 1102.3851
a range +12600 +15600 2028 1003 1102.4214
a range +12600 +15600 9001 2019 1102.3536
a range +15600 +16800 1003 9003 0.0611
a range +15600 +16800 9003 1003 0.0611
a range +16800 +17400 1003 9001 0.061
a range +16800 +17400 9001 1003 0.061
a range +10200 +18000 1001 2011 1102.7053
a range +8400 +18000 1002 2034 1102.5624
a range +16800 +18000 1003 9003 0.0611
a range +12600 +18000 1005 2032 1103.0159
a range +10800 +18000 1005 2023 1102.6836
a range +6600 +18000 1006 2029 1102.8534
a range +10200 +18000 2011 1001 1102.7053
a range +10800 +18000 2023 1005 1102.6836
a range +13800 +18000 2025 9002 1103.4105
a range +6600 +18000 2029 1006 1102.8534
a range +12600 +18000 2032 1005 1103.0159
a range +8400 +18000 2034 1002 1102.5624
a range +13800 +18000 9002 2025 1103.4105
a range +16800 +18000 9003 1003 0.0611
a range +12000 +18600 1001 2035 1102.7076
a range +18000 +18600 1003 9003 0.0611
a range +18000 +18600 1003 9001 0.061
a range +14400 +18600 1004 2020 1102.8817
a range +14400 +18600 2020 1004 1102.8817
a range +12000 +18600 2035 1001 1102.7076
a range +18000 +18600 9001 1003 0.061
a range +18000 +18600 9003 1003 0.0611
a range +15600 +19200 1006 2019 1102.8663
a range +15600 +19200 2019 1006 1102.8663
a range +15000 +19800 1002 2033 1102.551
a range +18000 +19800 1002 2023 1102.5639
a range +18000 +19800 2023 1002 1102.5639
a range +15000 +19800 2033 1002 1102.551
a range +18000 +21000 1001 2021 1102.6999
a range +18000 +21000 1005 2040 1103.0055
a range +18000 +21000 2021 1001 1102.6999
a range +18000 +21000 2040 1005 1103.0055
a range +18600 +21600 1003 2017 1103.1462
a range +18600 +21600 2017 1003 1103.1462
a range +19800 +22200 1002 9001 0.0605
a range +19800 +22200 1002 9003 0.0607
a range +19800 +22200 9001 1002 0.0605
a range +19800 +22200 9003 1002 0.0607
a range +18600 +23400 1001 2001 1102.7095
a range +21000 +23400 1001 2012 1102.7218
a range +18000 +23400 1005 2025 1102.9767
a range +18000 +23400 1006 2011 1102.8733
a range +18600 +23400 2001 1001 1102.7095
a range +18000 +23400 2011 1006 1102.8733
a range +21000 +23400 2012 1001 1102.7218
a range +18000 +23400 2025 1005 1102.9767
a range +18600 +24000 1004 2037 1103.1654
a range +23400 +24000 1005 2020 1102.9391
a range +23400 +24000 1006 2021 1102.8861
a range +23400 +24000 2020 1005 1102.9391
a range +23400 +24000 2021 1006 1102.8861
a range +18600 +24000 2037 1004 1103.1654
a range +24000 +24600 1005 2040 1103.0055
a range +24000 +24600 2040 1005 1103.0055
a range +24600 +25200 1001 9003 0.0602
a range +22200 +25200 1002 2033 1103.4711
a range +22200 +25200 2033 1002 1103.4711
a range +24600 +25200 9003 1001 0.0602
a range +25200 +25800 1001 9001 0.0601
a range +25200 +25800 1001 9003 0.0602
a range +25200 +25800 9001 1001 0.0601
a range +25200 +25800 9003 1001 0.0602
a range +25800 +26400 1001 9001 0.0601
a range +25800 +26400 9001 1001 0.0601
a range +18600 +27000 1003 2038 1103.3089
a range +21600 +27000 1003 2016 1103.24
a range +21600 +27000 2016 1003 1103.24
a range +18600 +27000 2038 1003 1103.3089
a range +26400 +27600 1001 2005 1103.5916
a range +24000 +27600 1004 2009 1103.1643
a range +19200 +27600 1006 2018 1102.8526
a range +24000 +27600 1006 2003 1102.858
a range +24000 +27600 2003 1006 1102.858
a range +26400 +27600 2005 1001 1103.5916
a range +24000 +27600 2009 1004 1103.1643
a range +19200 +27600 2018 1006 1102.8526
a range +27000 +28200 1003 2030 1102.9841
a range +14400 +28200 1004 2008 1103.1702
a range +14400 +28200 2008 1004 1103.1702
a range +27000 +28200 2030 1003 1102.9841
a range +24600 +28800 1005 2004 1102.9902
a range +27600 +28800 1006 9003 0.0598
a range +24600 +28800 2004 1005 1102.9902
a range +27600 +28800 9003 1006 0.0598
a range +27600 +29400 1001 2020 1102.9138
a range +27600 +29400 1006 9001 0.0597
a range +27600 +29400 2020 1001 1102.9138
a range +27600 +29400 9001 1006 0.0597
a range +22200 +30000 1002 2042 1103.4577
a range +29400 +30000 1006 9001 0.0597
a range +22200 +30000 2042 1002 1103.4577
a range +29400 +30000 9001 1006 0.0597
a range +18000 +30600 2034 9002 1103.3935
a range +18000 +30600 9002 2034 1103.3935
a range +25200 +31200 1002 2013 1103.4883
a range +28800 +31200 1005 2037 1102.9927
a range +21000 +31200 1005 2015 1102.9789
a range +25200 +31200 2013 1002 1103.4883
a range +21000 +31200 2015 1005 1102.9789
a range +28800 +31200 2037 1005 1102.9927
a range +29400 +31800 1001 2010 1103.6092
a range +29400 +31800 2010 1001 1103.6092
a range +30000 +32400 1002 2025 1103.4851
a range +27000 +32400 1003 2029 1103.0806
a range +31200 +32400 1005 9001 0.0592
a range +30000 +32400 2025 1002 1103.4851
a range +27000 +32400 2029 1003 1103.0806
a range +31200 +32400 9001 1005 0.0592
a range +32400 +33000 1003 2024 1103.305
a range +32400 +33000 1005 9001 0.0592
a range +32400 +33000 2024 1003 1103.305
a range +32400 +33000 9001 1005 0.0592
a range +27600 +33600 1004 2041 1103.1683
a range +33000 +33600 1005 9001 0.0592
a range +27600 +33600 2041 1004 1103.1683
a range +33000 +33600 9001 1005 0.0592
a range +33600 +34200 1005 9001 0.0592
a range +30000 +34200 1006 2009 1103.7757
a range +30000 +34200 2009 1006 1103.7757
a range +30600 +34200 2021 9002 1103.377
a range +33600 +34200 9001 1005 0.0592
a range +30600 +34200 9002 2021 1103.377
a range +33600 +35400 1004 2013 1103.1438
a range +28200 +35400 1004 2007 1103.1739
a range +28200 +35400 2007 1004 1103.1739
a range +33600 +35400 2013 1004 1103.1438
a range +31800 +37800 1001 2036 1103.6016
a range +26400 +37800 1001 2023 1103.5694
a range +32400 +37800 1002 2044 1103.4667
a range +33000 +37800 1003 2006 1103.3082
a range +35400 +37800 1004 9001 0.0623
a range +34200 +37800 1005 2021 1103.6167
a range +34200 +37800 1005 2014 1103.3006
a range +34200 +37800 1006 2030 1103.7836
a range +33000 +37800 2006 1003 1103.3082
a range +34200 +37800 2014 1005 1103.3006
a range +34200 +37800 2021 1005 1103.6167
a range +26400 +37800 2023 1001 1103.5694
a range +30000 +37800 2026 9003 1104.0854
a range +34200 +37800 2030 1006 1103.7836
a range +31800 +37800 2036 1001 1103.6016
a range +32400 +37800 2044 1002 1103.4667
a range +35400 +37800 9001 1004 0.0623
a range +30000 +37800 9003 2026 1104.0854
a range +31200 +38400 1002 2040 1103.4561
a range +31200 +38400 2040 1002 1103.4561
a range +28200 +39000 1003 2022 1103.2805
a range +37800 +39000 1003 2021 1103.2763
a range +34200 +39000 2008 9002 1103.3767
a range +37800 +39000 2021 1003 1103.2763
a range +28200 +39000 2022 1003 1103.2805
a range +34200 +39000 9002 2008 1103.3767
a range +38400 +39600 1002 2024 1103.4873
a range +39000 +39600 2021 9002 1103.377
a range +38400 +39600 2024 1002 1103.4873
a range +39000 +39600 9002 2021 1103.377
a range +37800 +40200 1001 2030 1103.594
a range +39000 +40200 1003 9001 0.0618
a range +37800 +40200 2030 1001 1103.594
a range +39000 +40200 9001 1003 0.0618
a range +40200 +42000 1001 2041 1103.5987
a range +37800 +42000 1001 2003 1103.6022
a range +39600 +42000 1002 2039 1103.4592
a range +40200 +42000 1003 9001 0.0618
a range +37800 +42000 2003 1001 1103.6022
a range +39600 +42000 2039 1002 1103.4592
a range +40200 +42000 2041 1001 1103.5987
a range +40200 +42000 9001 1003 0.0618
a range +39600 +42600 2005 9002 1103.3902
a range +39600 +42600 9002 2005 1103.3902
a range +42000 +43200 1001 2028 1103.5781
a range +42000 +43200 1002 2030 1103.4409
a range +37800 +43200 1002 2019 1103.4398
a range +37800 +43200 1004 2033 1103.5339
a range +37800 +43200 2019 1002 1103.4398
a range +42000 +43200 2028 1001 1103.5781
a range +42000 +43200 2030 1002 1103.4409
a range +37800 +43200 2033 1004 1103.5339
a range +42000 +44400 1001 2003 1103.6022
a range +43200 +44400 1001 2005 1103.5916
a range +43200 +44400 1002 9001 0.0614
a range +43800 +44400 1002 9002 0.0595
a range +42000 +44400 2003 1001 1103.6022
a range +43200 +44400 2005 1001 1103.5916
a range +43200 +44400 9001 1002 0.0614
a range +43800 +44400 9002 1002 0.0595
a range +44400 +45000 1002 9002 0.0595
a range +44400 +45000 1002 9001 0.0614
a range +37800 +45000 1006 2032 1103.7049
a range +37800 +45000 2032 1006 1103.7049
a range +44400 +45000 9001 1002 0.0614
a range +44400 +45000 9002 1002 0.0595
a range +45000 +45600 1002 9001 0.0614
a range +45000 +45600 1002 9002 0.0595
a range +30000 +45600 1006 2031 1103.788
a range +30000 +45600 2031 1006 1103.788
a range +45000 +45600 9001 1002 0.0614
a range +45000 +45600 9002 1002 0.0595
a range +44400 +46800 1001 2028 1103.5781
a range +44400 +46800 1001 2003 1103.6022
a range +44400 +46800 2003 1001 1103.6022
a range +44400 +46800 2028 1001 1103.5781
a range +37800 +47400 1005 2042 1103.9062
a range +37800 +47400 2042 1005 1103.9062
a range +47400 +48000 1001 9002 0.0591
a range +45600 +48000 1002 2013 1104.2439
a range +43200 +48000 1004 2006 1104.0745
a range +45600 +48000 1006 2021 1103.6753
a range +45000 +48000 1006 2017 1103.7594
a range +43200 +48000 2006 1004 1104.0745
a range +45600 +48000 2013 1002 1104.2439
a range +45000 +48000 2017 1006 1103.7594
a range +45600 +48000 2021 1006 1103.6753
a range +47400 +48000 9002 1001 0.0591
a range +46800 +48600 1001 9001 0.061
a range +42000 +48600 1003 2018 1103.825
a range +37800 +48600 2010 9003 1104.7658
a range +42000 +48600 2018 1003 1103.825
a range +46800 +48600 9001 1001 0.061
a range +37800 +48600 9003 2010 1104.7658
a range +48600 +49200 1001 9001 0.061
a range +48600 +49200 9001 1001 0.061
a range +48600 +49800 1001 9002 0.0591
a range +48600 +49800 9002 1001 0.0591
a range +48000 +51000 1004 2013 1104.0614
a range +37800 +51000 1004 2034 1104.0594
a range +48000 +51000 1006 2035 1103.7592
a range +48000 +51000 1006 2011 1103.7702
a range +48000 +51000 2011 1006 1103.7702
a range +48000 +51000 2013 1004 1104.0614
a range +37800 +51000 2034 1004 1104.0594
a range +48000 +51000 2035 1006 1103.7592
a range +47400 +51600 1005 2003 1103.8933
a range +51000 +51600 1006 9002 0.062
a range +51000 +51600 1006 9001 0.0606
a range +47400 +51600 2003 1005 1103.8933
a range +51000 +51600 9001 1006 0.0606
a range +51000 +51600 9002 1006 0.062
a range +45600 +52200 1002 2009 1104.3641
a range +51000 +52200 1004 2006 1104.0745
a range +51600 +52200 1006 9001 0.0606
a range +51000 +52200 2006 1004 1104.0745
a range +45600 +52200 2009 1002 1104.3641
a range +51600 +52200 9001 1006 0.0606
a range +48000 +52800 1002 2017 1103.8811
a range +48600 +52800 1003 2042 1104.1936
a range +37800 +52800 1005 2026 1103.8959
a range +51600 +52800 1006 9002 0.062
a range +48000 +52800 2017 1002 1103.8811
a range +37800 +52800 2026 1005 1103.8959
a range +48600 +52800 2042 1003 1104.1936
a range +51600 +52800 9002 1006 0.062
a range +52800 +53400 1006 9002 0.062
a range +52800 +53400 9002 1006 0.062
a range +49800 +54000 1001 2001 1104.531
a range +49800 +54000 2001 1001 1104.531
a range +48600 +54000 2039 9003 1104.7832
a range +48600 +54000 9003 2039 1104.7832
a range +52800 +54600 1005 2028 1103.92
a range +51600 +54600 1005 2013 1103.8776
a range +51600 +54600 2013 1005 1103.8776
a range +52800 +54600 2028 1005 1103.92
a range +52800 +55200 1003 2026 1104.1401
a range +52200 +55200 1004 2034 1104.0594
a range +52800 +55200 2026 1003 1104.1401
a range +52200 +55200 2034 1004 1104.0594
a range +52200 +55800 1002 2040 1104.3571
a range +54600 +55800 1005 9002 0.0616
a range +54000 +55800 2033 9003 1104.3928
a range +52200 +55800 2040 1002 1104.3571
a range +54600 +55800 9002 1005 0.0616
a range +54000 +55800 9003 2033 1104.3928
a range +55800 +56400 1005 9002 0.0616
a range +55800 +56400 9002 1005 0.0616
a range +56400 +57600 1005 9002 0.0616
a range +56400 +57600 9002 1005 0.0616
a range +52800 +58200 1002 2014 1104.1474
a range +42000 +58200 1003 2016 1104.0141
a range +53400 +58200 1006 2004 1104.659
a range +53400 +58200 2004 1006 1104.659
a range +55800 +58200 2006 9003 1104.7856
a range +52800 +58200 2014 1002 1104.1474
a range +42000 +58200 2016 1003 1104.0141
a range +55800 +58200 9003 2006 1104.7856
a range +55200 +58800 1004 2009 1104.0579
a range +51000 +58800 1004 2044 1104.0567
a range +55200 +58800 2009 1004 1104.0579
a range +51000 +58800 2044 1004 1104.0567
a range +54000 +60000 1001 2024 1104.216
a range +55200 +60000 1003 2010 1104.1941
a range +58800 +60000 1004 9002 0.0612
a range +55200 +60000 2010 1003 1104.1941
a range +54000 +60000 2024 1001 1104.216
a range +58800 +60000 9002 1004 0.0612
a range +57600 +60600 1005 2012 1104.2372
a range +57600 +60600 1005 2038 1104.8365
a range +57600 +60600 2012 1005 1104.2372
a range +57600 +60600 2038 1005 1104.8365
a range +58200 +61200 2023 9003 1104.3215
a range +58200 +61200 9003 2023 1104.3215
a range +58200 +61800 1003 2014 1104.1986
a range +60000 +61800 1004 9002 0.0612
a range +60600 +61800 1005 2022 1104.3198
a range +58200 +61800 2014 1003 1104.1986
a range +60600 +61800 2022 1005 1104.3198
a range +60000 +61800 9002 1004 0.0612
a range +60000 +62400 1001 2001 1104.531
a range +58200 +62400 1002 2004 1104.3632
a range +55800 +62400 1002 2031 1104.3638
a range +61800 +62400 1003 2005 1104.2075
a range +60000 +62400 1003 2019 1104.179
a range +58200 +62400 1006 2034 1104.6587
a range +53400 +62400 1006 2042 1104.6719
a range +60000 +62400 2001 1001 1104.531
a range +58200 +62400 2004 1002 1104.3632
a range +61800 +62400 2005 1003 1104.2075
a range +60000 +62400 2019 1003 1104.179
a range +55800 +62400 2031 1002 1104.3638
a range +58200 +62400 2034 1006 1104.6587
a range +53400 +62400 2042 1006 1104.6719
a range +62400 +63000 1003 9002 0.0608
a range +61800 +63000 1005 2030 1104.6129
a range +62400 +63000 1006 2035 1104.6567
a range +61800 +63000 2030 1005 1104.6129
a range +62400 +63000 2035 1006 1104.6567
a range +52200 +63000 2043 9001 1105.0594
a range +52200 +63000 9001 2043 1105.0594
a range +62400 +63000 9002 1003 0.0608
a range +63000 +64200 1003 9002 0.0608
a range +61800 +64200 1004 2028 1104.7463
a range +62400 +64200 1006 2022 1104.3509
a range +62400 +64200 2022 1006 1104.3509
a range +61800 +64200 2028 1004 1104.7463
a range +63000 +64200 9002 1003 0.0608
a range +60600 +64800 1005 2027 1104.8506
a range +60600 +64800 2027 1005 1104.8506
a range +61200 +64800 2029 9003 1104.6789
a range +61200 +64800 9003 2029 1104.6789
a range +64200 +65400 1003 9002 0.0608
a range +64200 +65400 9002 1003 0.0608
a range +63000 +66000 2035 9001 1105.0658
a range +63000 +66000 9001 2035 1105.0658
a range +62400 +66600 1002 2015 1104.3602
a range +62400 +66600 1002 2010 1104.3703
a range +62400 +66600 2010 1002 1104.3703
a range +62400 +66600 2015 1002 1104.3602
a range +64800 +67200 2011 9003 1104.7638
a range +64800 +67200 9003 2011 1104.7638
a range +66600 +67800 1002 9002 0.0603
a range +63000 +67800 1005 2004 1104.835
a range +64200 +67800 1006 2014 1104.643
a range +63000 +67800 2004 1005 1104.835
a range +64200 +67800 2014 1006 1104.643
a range +66000 +67800 2025 9001 1104.9633
a range +66000 +67800 9001 2025 1104.9633
a range +66600 +67800 9002 1002 0.0603
a range +67800 +68400 1002 9002 0.0603
a range +64200 +68400 1004 2018 1104.6191
a range +64800 +68400 1005 2020 1104.4849
a range +64200 +68400 2018 1004 1104.6191
a range +64800 +68400 2020 1005 1104.4849
a range +67800 +68400 9002 1002 0.0603
a range +49800 +69000 1001 2002 1104.5247
a range +49800 +69000 2002 1001 1104.5247
a range +68400 +69600 1002 9002 0.0603
a range +63000 +69600 1006 2001 1104.6572
a range +63000 +69600 2001 1006 1104.6572
a range +68400 +69600 9002 1002 0.0603
a range +65400 +70200 1003 2030 1104.5562
a range +65400 +70200 2030 1003 1104.5562
a range +69000 +70800 1001 2029 1104.5296
a range +62400 +70800 1001 2037 1104.5194
a range +69000 +70800 2029 1001 1104.5296
a range +62400 +70800 2037 1001 1104.5194
a range +68400 +71400 1005 2025 1104.8312
a range +68400 +71400 2025 1005 1104.8312
a range +70800 +72000 1001 9002 0.0599
a range +70800 +72000 9002 1001 0.0599
a range +67800 +72600 1006 2008 1104.6764
a range +67800 +72600 2008 1006 1104.6764
a range +72000 +73200 1001 9002 0.0599
a range +70200 +73200 1003 2039 1105.1204
a range +69600 +73200 1006 2019 1104.6346
a range +69600 +73200 2019 1006 1104.6346
a range +70200 +73200 2039 1003 1105.1204
a range +72000 +73200 9002 1001 0.0599
a range +68400 +73800 1004 2027 1104.8743
a range +68400 +73800 2027 1004 1104.8743
a range +73800 +74400 1004 2022 1104.9533
a range +71400 +74400 1005 2012 1104.8072
a range +72600 +74400 1006 2006 1104.671
a range +73200 +74400 1006 2025 1104.6441
a range +72600 +74400 2006 1006 1104.671
a range +71400 +74400 2012 1005 1104.8072
a range +73800 +74400 2022 1004 1104.9533
a range +73200 +74400 2025 1006 1104.6441
a range +69600 +75000 1002 2017 1104.6797
a range +65400 +75000 1003 2043 1105.1299
a range +61800 +75000 1004 2038 1104.9715
a range +69600 +75000 2017 1002 1104.6797
a range +61800 +75000 2038 1004 1104.9715
a range +65400 +75000 2043 1003 1105.1299
a range +74400 +76200 1006 9002 0.0595
a range +74400 +76200 9002 1006 0.0595
a range +75000 +76800 1004 2003 1104.9756
a range +75000 +76800 2003 1004 1104.9756
a range +75000 +77400 1002 2005 1105.0825
a range +73200 +77400 1003 2020 1105.1189
a range +67800 +77400 1005 2016 1104.8514
a range +75000 +77400 2005 1002 1105.0825
a range +67800 +77400 2016 1005 1104.8514
a range +73200 +77400 2020 1003 1105.1189
a range +67200 +77400 2028 9003 1104.7505
a range +67800 +77400 2041 9001 1105.0505
a range +67800 +77400 9001 2041 1105.0505
a range +67200 +77400 9003 2028 1104.7505
a range +73200 +78600 1001 2039 1105.0221
a range +77400 +78600 1005 2024 1104.8182
a range +74400 +78600 1005 2025 1104.8312
a range +77400 +78600 2024 1005 1104.8182
a range +74400 +78600 2025 1005 1104.8312
a range +77400 +78600 2035 9003 1104.7712
a range +73200 +78600 2039 1001 1105.0221
a range +77400 +78600 9003 2035 1104.7712
a range +78600 +79200 1001 2022 1105.0465
a range +74400 +79200 1004 2012 1104.9668
a range +77400 +79200 2008 9001 1105.0484
a range +74400 +79200 2012 1004 1104.9668
a range +78600 +79200 2022 1001 1105.0465
a range +77400 +79200 9001 2008 1105.0484
a range +77400 +79800 1003 2033 1105.1445
a range +77400 +79800 1006 2006 1105.0037
a range +77400 +79800 2006 1006 1105.0037
a range +77400 +79800 2033 1003 1105.1445
a range +77400 +80400 1002 2020 1105.078
a range +79200 +80400 1004 2024 1104.9795
a range +76800 +80400 1004 2019 1104.9459
a range +76800 +80400 2019 1004 1104.9459
a range +77400 +80400 2020 1002 1105.078
a range +79200 +80400 2024 1004 1104.9795
a range +75000 +81000 1003 2002 1105.1387
a range +79800 +81000 1003 2022 1105.1448
a range +79800 +81000 1005 9003 0.0551
a range +77400 +81000 1006 2044 1105.0192
a range +75000 +81000 2002 1003 1105.1387
a range +79800 +81000 2022 1003 1105.1448
a range +77400 +81000 2044 1006 1105.0192
a range +79800 +81000 9003 1005 0.0551
a range +80400 +82200 1004 2028 1104.9702
a range +80400 +82200 1004 2041 1104.9583
a range +79800 +82200 1006 2008 1105.0039
a range +79800 +82200 2008 1006 1105.0039
a range +80400 +82200 2028 1004 1104.9702
a range +80400 +82200 2041 1004 1104.9583
a range +73200 +82800 1001 2007 1105.0187
a range +79200 +82800 2003 9001 1105.0647
a range +73200 +82800 2007 1001 1105.0187
a range +78600 +82800 2035 9002 1105.0731
a range +79200 +82800 9001 2003 1105.0647
a range +78600 +82800 9002 2035 1105.0731
a range +79200 +83400 1001 2004 1105.0312
a range +79200 +83400 2004 1001 1105.0312
a range +82800 +84000 1004 9003 0.0435
a range +82800 +84000 9003 1004 0.0435
a range +84000 +84600 1004 9003 0.0435
a range +84000 +84600 9003 1004 0.0435
a range +84600 +85200 1004 9003 0.0435
a range +84600 +85200 9003 1004 0.0435
a range +83400 +86400 1001 2011 1105.0371
a range +82800 +86400 1001 2037 1105.0304
a range +80400 +86400 1002 2012 1105.1109
a range +69600 +86400 1002 2036 1105.0926
a range +81000 +86400 1003 2033 1105.1445
a range +81000 +86400 1003 2027 1105.1171
a range +85200 +86400 1004 2007 1105.1004
a range +85200 +86400 1004 2020 1105.1022
a range +81000 +86400 1005 2040 1105.0452
a range +81000 +86400 1005 2043 1105.0557
a range +81000 +86400 1006 2017 1104.992
a range +82200 +86400 1006 2039 1105.0054
a range +82800 +86400 2005 9002 1105.0601
a range +85200 +86400 2007 1004 1105.1004
a range +83400 +86400 2011 1001 1105.0371
a range +80400 +86400 2012 1002 1105.1109
a range +81000 +86400 2017 1006 1104.992
a range +85200 +86400 2020 1004 1105.1022
a range +82800 +86400 2022 9001 1105.0743
a range +81000 +86400 2027 1003 1105.1171
a range +81000 +86400 2033 1003 1105.1445
a range +69600 +86400 2036 1002 1105.0926
a range +82800 +86400 2037 1001 1105.0304
a range +82200 +86400 2039 1006 1105.0054
a range +81000 +86400 2040 1005 1105.0452
a range +81000 +86400 2043 1005 1105.0557
a range +82800 +86400 9001 2022 1105.0743
a range +82800 +86400 9002 2005 1105.0601
