num_k=58
num_nodes=12
duration=6.0 hours
ipn_node_to_planet_map={0: '1'}
nodes=['1001', '2001', '2002', '2003', '2004', '2005', '2006', '2007', '2008', '9001', '9002', '9003']
oi to node={0: 0, 1: 0, 2: 1, 3: 2, 4: 3, 5: 4, 6: 5, 7: 6, 8: 7, 9: 8, 10: 9, 11: 10, 12: 11}
node to oi={0: [0, 1], 1: [2], 2: [3], 3: [4], 4: [5], 5: [6], 6: [7], 7: [8], 8: [9], 9: [10], 10: [11], 11: [12]}

  0,1,2,3,4,5,6,7,8,9,10,11,12,
0 *,0,0,0,0,0,0,0,0,0,0,0,1,
1 0,*,0,0,0,0,0,0,0,0,0,0,1,
2 0,0,*,0,1,0,1,1,1,1,1,1,0,
3 0,0,0,*,0,1,1,1,1,1,1,1,0,
4 0,0,1,0,*,0,1,0,1,1,0,0,0,
5 0,0,0,1,0,*,0,1,1,1,1,1,0,
6 0,0,1,1,1,0,*,0,1,0,1,1,0,
7 0,0,1,1,0,1,0,*,0,1,1,1,0,
8 0,0,1,1,1,1,1,0,*,0,1,1,0,
9 0,0,1,1,1,1,0,1,0,*,1,1,0,
10 0,0,1,1,0,1,1,1,1,1,*,0,0,
11 0,0,1,1,0,1,1,1,1,1,0,*,0,
12 1,1,0,0,0,0,0,0,0,0,0,0,*,
k=1
t=500

  0,1,2,3,4,5,6,7,8,9,10,11,12,
0 *,0,0,0,0,0,0,0,0,0,0,0,1,
1 0,*,0,0,0,0,0,0,0,0,0,0,1,
2 0,0,*,0,1,0,1,1,1,1,1,1,0,
3 0,0,0,*,0,1,1,1,1,1,1,1,0,
4 0,0,1,0,*,0,1,0,1,1,0,0,0,
5 0,0,0,1,0,*,0,1,1,1,1,1,0,
6 0,0,1,1,1,0,*,0,1,0,1,1,0,
7 0,0,1,1,0,1,0,*,0,1,1,1,0,
8 0,0,1,1,1,1,1,0,*,0,1,1,0,
9 0,0,1,1,1,1,0,1,0,*,1,1,0,
10 0,0,1,1,0,1,1,1,1,1,*,0,0,
11 0,0,1,1,0,1,1,1,1,1,0,*,0,
12 1,1,0,0,0,0,0,0,0,0,0,0,*,
k=2
t=100

  0,1,2,3,4,5,6,7,8,9,10,11,12,
0 *,0,0,0,0,0,0,0,0,0,0,0,1,
1 0,*,0,0,0,0,0,0,0,0,0,0,1,
2 0,0,*,0,1,0,1,1,0,1,1,1,0,
3 0,0,0,*,0,1,1,1,1,0,1,1,0,
4 0,0,1,0,*,0,1,0,1,1,0,0,0,
5 0,0,0,1,0,*,0,1,1,1,1,1,0,
6 0,0,1,1,1,0,*,0,1,0,0,0,0,
7 0,0,1,1,0,1,0,*,0,1,1,1,0,
8 0,0,0,1,1,1,1,0,*,0,1,1,0,
9 0,0,1,0,1,1,0,1,0,*,1,1,0,
10 0,0,1,1,0,1,0,1,1,1,*,0,0,
11 0,0,1,1,0,1,0,1,1,1,0,*,0,
12 1,1,0,0,0,0,0,0,0,0,0,0,*,
k=3
t=500

  0,1,2,3,4,5,6,7,8,9,10,11,12,
0 *,0,0,0,0,0,0,0,0,0,0,0,1,
1 0,*,0,0,0,0,0,0,0,0,0,0,1,
2 0,0,*,0,1,0,1,1,0,1,1,1,0,
3 0,0,0,*,0,1,1,1,1,0,1,1,0,
4 0,0,1,0,*,0,1,0,1,1,0,0,0,
5 0,0,0,1,0,*,0,1,1,1,1,1,0,
6 0,0,1,1,1,0,*,0,1,0,0,0,0,
7 0,0,1,1,0,1,0,*,0,1,1,1,0,
8 0,0,0,1,1,1,1,0,*,0,1,1,0,
9 0,0,1,0,1,1,0,1,0,*,1,1,0,
10 0,0,1,1,0,1,0,1,1,1,*,0,0,
11 0,0,1,1,0,1,0,1,1,1,0,*,0,
12 1,1,0,0,0,0,0,0,0,0,0,0,*,
k=4
t=500

  0,1,2,3,4,5,6,7,8,9,10,11,12,
0 *,0,0,0,0,0,0,0,0,0,0,0,1,
1 0,*,0,0,0,0,0,0,0,0,0,0,1,
2 0,0,*,0,1,0,1,1,0,1,1,1,0,
3 0,0,0,*,0,1,1,1,1,0,1,1,0,
4 0,0,1,0,*,0,1,0,1,1,0,0,0,
5 0,0,0,1,0,*,0,1,1,1,1,1,0,
6 0,0,1,1,1,0,*,0,1,0,0,0,0,
7 0,0,1,1,0,1,0,*,0,1,1,1,0,
8 0,0,0,1,1,1,1,0,*,0,1,1,0,
9 0,0,1,0,1,1,0,1,0,*,1,1,0,
10 0,0,1,1,0,1,0,1,1,1,*,0,0,
11 0,0,1,1,0,1,0,1,1,1,0,*,0,
12 1,1,0,0,0,0,0,0,0,0,0,0,*,
k=5
t=200

  0,1,2,3,4,5,6,7,8,9,10,11,12,
0 *,0,0,0,0,0,0,0,0,0,0,0,1,
1 0,*,0,0,0,0,0,0,0,0,0,0,1,
2 0,0,*,0,1,0,1,1,0,1,1,1,0,
3 0,0,0,*,0,1,1,1,1,0,1,1,0,
4 0,0,1,0,*,0,1,0,1,1,0,0,0,
5 0,0,0,1,0,*,0,1,1,1,1,1,0,
6 0,0,1,1,1,0,*,0,1,0,1,1,0,
7 0,0,1,1,0,1,0,*,0,1,1,1,0,
8 0,0,0,1,1,1,1,0,*,0,1,1,0,
9 0,0,1,0,1,1,0,1,0,*,1,1,0,
10 0,0,1,1,0,1,1,1,1,1,*,0,0,
11 0,0,1,1,0,1,1,1,1,1,0,*,0,
12 1,1,0,0,0,0,0,0,0,0,0,0,*,
k=6
t=500

  0,1,2,3,4,5,6,7,8,9,10,11,12,
0 *,0,0,0,0,0,0,0,0,0,0,0,1,
1 0,*,0,0,0,0,0,0,0,0,0,0,1,
2 0,0,*,0,1,0,1,1,0,1,1,1,0,
3 0,0,0,*,0,1,1,1,1,0,1,1,0,
4 0,0,1,0,*,0,1,0,1,1,0,0,0,
5 0,0,0,1,0,*,0,1,1,1,1,1,0,
6 0,0,1,1,1,0,*,0,1,0,1,1,0,
7 0,0,1,1,0,1,0,*,0,1,1,1,0,
8 0,0,0,1,1,1,1,0,*,0,1,1,0,
9 0,0,1,0,1,1,0,1,0,*,1,1,0,
10 0,0,1,1,0,1,1,1,1,1,*,0,0,
11 0,0,1,1,0,1,1,1,1,1,0,*,0,
12 1,1,0,0,0,0,0,0,0,0,0,0,*,
k=7
t=100

  0,1,2,3,4,5,6,7,8,9,10,11,12,
0 *,0,1,1,1,1,1,1,1,1,0,0,1,
1 0,*,1,1,1,1,1,1,1,1,0,0,1,
2 1,1,*,0,1,0,1,1,1,1,1,1,0,
3 1,1,0,*,0,1,1,1,1,1,1,1,0,
4 1,1,1,0,*,0,1,0,1,1,1,1,0,
5 1,1,0,1,0,*,0,1,1,1,1,1,0,
6 1,1,1,1,1,0,*,0,1,0,1,1,0,
7 1,1,1,1,0,1,0,*,0,1,1,1,0,
8 1,1,1,1,1,1,1,0,*,0,1,1,0,
9 1,1,1,1,1,1,0,1,0,*,1,1,0,
10 0,0,1,1,1,1,1,1,1,1,*,0,0,
11 0,0,1,1,1,1,1,1,1,1,0,*,0,
12 1,1,0,0,0,0,0,0,0,0,0,0,*,
k=8
t=500

  0,1,2,3,4,5,6,7,8,9,10,11,12,
0 *,0,1,1,1,1,1,1,1,1,0,0,1,
1 0,*,1,1,1,1,1,1,1,1,0,0,1,
2 1,1,*,0,1,0,1,1,1,1,1,1,0,
3 1,1,0,*,0,1,1,1,1,1,1,1,0,
4 1,1,1,0,*,0,1,0,1,1,1,1,0,
5 1,1,0,1,0,*,0,1,1,1,1,1,0,
6 1,1,1,1,1,0,*,0,1,0,1,1,0,
7 1,1,1,1,0,1,0,*,0,1,1,1,0,
8 1,1,1,1,1,1,1,0,*,0,1,1,0,
9 1,1,1,1,1,1,0,1,0,*,1,1,0,
10 0,0,1,1,1,1,1,1,1,1,*,0,0,
11 0,0,1,1,1,1,1,1,1,1,0,*,0,
12 1,1,0,0,0,0,0,0,0,0,0,0,*,
k=9
t=500

  0,1,2,3,4,5,6,7,8,9,10,11,12,
0 *,0,1,1,1,1,1,1,1,1,0,0,1,
1 0,*,1,1,1,1,1,1,1,1,0,0,1,
2 1,1,*,0,1,0,1,1,1,1,1,1,0,
3 1,1,0,*,0,1,1,1,1,1,1,1,0,
4 1,1,1,0,*,0,1,0,1,1,1,1,0,
5 1,1,0,1,0,*,0,1,1,1,1,1,0,
6 1,1,1,1,1,0,*,0,1,0,1,1,0,
7 1,1,1,1,0,1,0,*,0,1,1,1,0,
8 1,1,1,1,1,1,1,0,*,0,1,1,0,
9 1,1,1,1,1,1,0,1,0,*,1,1,0,
10 0,0,1,1,1,1,1,1,1,1,*,0,0,
11 0,0,1,1,1,1,1,1,1,1,0,*,0,
12 1,1,0,0,0,0,0,0,0,0,0,0,*,
k=10
t=200

  0,1,2,3,4,5,6,7,8,9,10,11,12,
0 *,0,1,1,1,1,1,1,1,1,0,0,1,
1 0,*,1,1,1,1,1,1,1,1,0,0,1,
2 1,1,*,0,1,0,1,0,1,1,1,1,0,
3 1,1,0,*,0,1,0,1,1,1,1,1,0,
4 1,1,1,0,*,0,1,0,1,0,1,1,0,
5 1,1,0,1,0,*,0,1,0,1,1,1,0,
6 1,1,1,0,1,0,*,0,1,0,1,1,0,
7 1,1,0,1,0,1,0,*,0,1,1,1,0,
8 1,1,1,1,1,0,1,0,*,0,1,1,0,
9 1,1,1,1,0,1,0,1,0,*,1,1,0,
10 0,0,1,1,1,1,1,1,1,1,*,0,0,
11 0,0,1,1,1,1,1,1,1,1,0,*,0,
12 1,1,0,0,0,0,0,0,0,0,0,0,*,
k=11
t=500

  0,1,2,3,4,5,6,7,8,9,10,11,12,
0 *,0,1,1,1,1,1,1,1,1,0,0,1,
1 0,*,1,1,1,1,1,1,1,1,0,0,1,
2 1,1,*,0,1,0,1,0,1,1,1,1,0,
3 1,1,0,*,0,1,0,1,1,1,1,1,0,
4 1,1,1,0,*,0,1,0,1,0,1,1,0,
5 1,1,0,1,0,*,0,1,0,1,1,1,0,
6 1,1,1,0,1,0,*,0,1,0,1,1,0,
7 1,1,0,1,0,1,0,*,0,1,1,1,0,
8 1,1,1,1,1,0,1,0,*,0,1,1,0,
9 1,1,1,1,0,1,0,1,0,*,1,1,0,
10 0,0,1,1,1,1,1,1,1,1,*,0,0,
11 0,0,1,1,1,1,1,1,1,1,0,*,0,
12 1,1,0,0,0,0,0,0,0,0,0,0,*,
k=12
t=100

  0,1,2,3,4,5,6,7,8,9,10,11,12,
0 *,0,1,1,1,1,1,1,1,1,1,0,1,
1 0,*,1,1,1,1,1,1,1,1,1,0,1,
2 1,1,*,0,1,0,1,0,1,0,1,1,0,
3 1,1,0,*,0,1,0,1,0,1,1,1,0,
4 1,1,1,0,*,0,1,0,1,0,1,1,0,
5 1,1,0,1,0,*,0,1,0,1,1,1,0,
6 1,1,1,0,1,0,*,0,1,0,1,1,0,
7 1,1,0,1,0,1,0,*,0,1,1,1,0,
8 1,1,1,0,1,0,1,0,*,0,1,1,0,
9 1,1,0,1,0,1,0,1,0,*,1,1,0,
10 1,1,1,1,1,1,1,1,1,1,*,0,0,
11 0,0,1,1,1,1,1,1,1,1,0,*,0,
12 1,1,0,0,0,0,0,0,0,0,0,0,*,
k=13
t=500

  0,1,2,3,4,5,6,7,8,9,10,11,12,
0 *,0,1,1,1,1,1,1,1,1,1,0,1,
1 0,*,1,1,1,1,1,1,1,1,1,0,1,
2 1,1,*,0,1,0,1,0,1,0,1,1,0,
3 1,1,0,*,0,1,0,1,0,1,1,1,0,
4 1,1,1,0,*,0,1,0,1,0,1,1,0,
5 1,1,0,1,0,*,0,1,0,1,1,1,0,
6 1,1,1,0,1,0,*,0,1,0,1,1,0,
7 1,1,0,1,0,1,0,*,0,1,1,1,0,
8 1,1,1,0,1,0,1,0,*,0,1,1,0,
9 1,1,0,1,0,1,0,1,0,*,1,1,0,
10 1,1,1,1,1,1,1,1,1,1,*,0,0,
11 0,0,1,1,1,1,1,1,1,1,0,*,0,
12 1,1,0,0,0,0,0,0,0,0,0,0,*,
k=14
t=500

  0,1,2,3,4,5,6,7,8,9,10,11,12,
0 *,0,1,1,1,1,1,1,1,1,1,0,1,
1 0,*,1,1,1,1,1,1,1,1,1,0,1,
2 1,1,*,0,1,0,1,0,1,0,1,1,0,
3 1,1,0,*,0,1,0,1,0,1,1,1,0,
4 1,1,1,0,*,0,1,0,1,0,1,1,0,
5 1,1,0,1,0,*,0,1,0,1,1,1,0,
6 1,1,1,0,1,0,*,0,1,0,1,1,0,
7 1,1,0,1,0,1,0,*,0,1,1,1,0,
8 1,1,1,0,1,0,1,0,*,0,1,1,0,
9 1,1,0,1,0,1,0,1,0,*,1,1,0,
10 1,1,1,1,1,1,1,1,1,1,*,0,0,
11 0,0,1,1,1,1,1,1,1,1,0,*,0,
12 1,1,0,0,0,0,0,0,0,0,0,0,*,
k=15
t=500

  0,1,2,3,4,5,6,7,8,9,10,11,12,
0 *,0,1,1,1,1,1,1,1,1,1,0,1,
1 0,*,1,1,1,1,1,1,1,1,1,0,1,
2 1,1,*,0,1,0,1,0,1,0,1,1,0,
3 1,1,0,*,0,1,0,1,0,1,1,1,0,
4 1,1,1,0,*,0,1,0,1,0,1,1,0,
5 1,1,0,1,0,*,0,1,0,1,1,1,0,
6 1,1,1,0,1,0,*,0,1,0,1,1,0,
7 1,1,0,1,0,1,0,*,0,1,1,1,0,
8 1,1,1,0,1,0,1,0,*,0,1,1,0,
9 1,1,0,1,0,1,0,1,0,*,1,1,0,
10 1,1,1,1,1,1,1,1,1,1,*,0,0,
11 0,0,1,1,1,1,1,1,1,1,0,*,0,
12 1,1,0,0,0,0,0,0,0,0,0,0,*,
k=16
t=500

  0,1,2,3,4,5,6,7,8,9,10,11,12,
0 *,0,1,1,1,1,1,1,1,1,1,0,1,
1 0,*,1,1,1,1,1,1,1,1,1,0,1,
2 1,1,*,0,1,0,1,0,1,0,1,1,0,
3 1,1,0,*,0,1,0,1,0,1,1,1,0,
4 1,1,1,0,*,0,1,0,1,0,1,1,0,
5 1,1,0,1,0,*,0,1,0,1,1,1,0,
6 1,1,1,0,1,0,*,0,1,0,1,1,0,
7 1,1,0,1,0,1,0,*,0,1,1,1,0,
8 1,1,1,0,1,0,1,0,*,0,1,1,0,
9 1,1,0,1,0,1,0,1,0,*,1,1,0,
10 1,1,1,1,1,1,1,1,1,1,*,0,0,
11 0,0,1,1,1,1,1,1,1,1,0,*,0,
12 1,1,0,0,0,0,0,0,0,0,0,0,*,
k=17
t=500

  0,1,2,3,4,5,6,7,8,9,10,11,12,
0 *,0,1,1,1,1,1,1,1,1,1,0,1,
1 0,*,1,1,1,1,1,1,1,1,1,0,1,
2 1,1,*,0,1,0,1,0,1,0,1,1,0,
3 1,1,0,*,0,1,0,1,0,1,1,1,0,
4 1,1,1,0,*,0,1,0,1,0,1,1,0,
5 1,1,0,1,0,*,0,1,0,1,1,1,0,
6 1,1,1,0,1,0,*,0,1,0,1,1,0,
7 1,1,0,1,0,1,0,*,0,1,1,1,0,
8 1,1,1,0,1,0,1,0,*,0,1,1,0,
9 1,1,0,1,0,1,0,1,0,*,1,1,0,
10 1,1,1,1,1,1,1,1,1,1,*,0,0,
11 0,0,1,1,1,1,1,1,1,1,0,*,0,
12 1,1,0,0,0,0,0,0,0,0,0,0,*,
k=18
t=500

  0,1,2,3,4,5,6,7,8,9,10,11,12,
0 *,0,1,1,1,1,1,1,1,1,1,0,0,
1 0,*,1,1,1,1,1,1,1,1,1,0,0,
2 1,1,*,0,1,0,1,0,1,0,1,1,0,
3 1,1,0,*,0,1,0,1,0,1,1,1,0,
4 1,1,1,0,*,0,1,0,1,0,1,1,0,
5 1,1,0,1,0,*,0,1,0,1,1,1,0,
6 1,1,1,0,1,0,*,0,1,0,1,1,0,
7 1,1,0,1,0,1,0,*,0,1,1,1,0,
8 1,1,1,0,1,0,1,0,*,0,1,1,0,
9 1,1,0,1,0,1,0,1,0,*,1,1,0,
10 1,1,1,1,1,1,1,1,1,1,*,0,0,
11 0,0,1,1,1,1,1,1,1,1,0,*,0,
12 0,0,0,0,0,0,0,0,0,0,0,0,*,
k=19
t=500

  0,1,2,3,4,5,6,7,8,9,10,11,12,
0 *,0,1,1,1,1,1,1,1,1,1,0,0,
1 0,*,1,1,1,1,1,1,1,1,1,0,0,
2 1,1,*,0,1,0,1,0,1,0,1,1,0,
3 1,1,0,*,0,1,0,1,0,1,1,1,0,
4 1,1,1,0,*,0,1,0,1,0,1,1,0,
5 1,1,0,1,0,*,0,1,0,1,1,1,0,
6 1,1,1,0,1,0,*,0,1,0,1,1,0,
7 1,1,0,1,0,1,0,*,0,1,1,1,0,
8 1,1,1,0,1,0,1,0,*,0,1,1,0,
9 1,1,0,1,0,1,0,1,0,*,1,1,0,
10 1,1,1,1,1,1,1,1,1,1,*,0,0,
11 0,0,1,1,1,1,1,1,1,1,0,*,0,
12 0,0,0,0,0,0,0,0,0,0,0,0,*,
k=20
t=100

  0,1,2,3,4,5,6,7,8,9,10,11,12,
0 *,0,1,1,1,1,1,1,1,1,1,0,0,
1 0,*,1,1,1,1,1,1,1,1,1,0,0,
2 1,1,*,0,1,0,1,0,1,1,1,1,0,
3 1,1,0,*,0,1,0,1,1,1,1,1,0,
4 1,1,1,0,*,0,1,0,1,0,1,1,0,
5 1,1,0,1,0,*,0,1,0,1,1,1,0,
6 1,1,1,0,1,0,*,0,1,0,1,1,0,
7 1,1,0,1,0,1,0,*,0,1,1,1,0,
8 1,1,1,1,1,0,1,0,*,0,1,1,0,
9 1,1,1,1,0,1,0,1,0,*,1,1,0,
10 1,1,1,1,1,1,1,1,1,1,*,0,0,
11 0,0,1,1,1,1,1,1,1,1,0,*,0,
12 0,0,0,0,0,0,0,0,0,0,0,0,*,
k=21
t=500

  0,1,2,3,4,5,6,7,8,9,10,11,12,
0 *,0,1,1,1,1,1,1,1,1,1,0,0,
1 0,*,1,1,1,1,1,1,1,1,1,0,0,
2 1,1,*,0,1,0,1,0,1,1,1,1,0,
3 1,1,0,*,0,1,0,1,1,1,1,1,0,
4 1,1,1,0,*,0,1,0,1,0,1,1,0,
5 1,1,0,1,0,*,0,1,0,1,1,1,0,
6 1,1,1,0,1,0,*,0,1,0,1,1,0,
7 1,1,0,1,0,1,0,*,0,1,1,1,0,
8 1,1,1,1,1,0,1,0,*,0,1,1,0,
9 1,1,1,1,0,1,0,1,0,*,1,1,0,
10 1,1,1,1,1,1,1,1,1,1,*,0,0,
11 0,0,1,1,1,1,1,1,1,1,0,*,0,
12 0,0,0,0,0,0,0,0,0,0,0,0,*,
k=22
t=100

  0,1,2,3,4,5,6,7,8,9,10,11,12,
0 *,0,1,1,1,1,1,1,1,1,1,0,0,
1 0,*,1,1,1,1,1,1,1,1,1,0,0,
2 1,1,*,0,1,0,1,1,1,1,1,1,0,
3 1,1,0,*,0,1,1,1,1,1,1,1,0,
4 1,1,1,0,*,0,1,0,1,1,1,1,0,
5 1,1,0,1,0,*,0,1,1,1,1,1,0,
6 1,1,1,1,1,0,*,0,1,0,1,1,0,
7 1,1,1,1,0,1,0,*,0,1,1,1,0,
8 1,1,1,1,1,1,1,0,*,0,1,1,0,
9 1,1,1,1,1,1,0,1,0,*,1,1,0,
10 1,1,1,1,1,1,1,1,1,1,*,0,0,
11 0,0,1,1,1,1,1,1,1,1,0,*,0,
12 0,0,0,0,0,0,0,0,0,0,0,0,*,
k=23
t=500

  0,1,2,3,4,5,6,7,8,9,10,11,12,
0 *,0,1,1,1,1,1,1,1,1,1,0,0,
1 0,*,1,1,1,1,1,1,1,1,1,0,0,
2 1,1,*,0,1,0,1,1,1,1,1,1,0,
3 1,1,0,*,0,1,1,1,1,1,1,1,0,
4 1,1,1,0,*,0,1,0,1,1,1,1,0,
5 1,1,0,1,0,*,0,1,1,1,1,1,0,
6 1,1,1,1,1,0,*,0,1,0,1,1,0,
7 1,1,1,1,0,1,0,*,0,1,1,1,0,
8 1,1,1,1,1,1,1,0,*,0,1,1,0,
9 1,1,1,1,1,1,0,1,0,*,1,1,0,
10 1,1,1,1,1,1,1,1,1,1,*,0,0,
11 0,0,1,1,1,1,1,1,1,1,0,*,0,
12 0,0,0,0,0,0,0,0,0,0,0,0,*,
k=24
t=500

  0,1,2,3,4,5,6,7,8,9,10,11,12,
0 *,0,1,1,1,1,1,1,1,1,1,0,0,
1 0,*,1,1,1,1,1,1,1,1,1,0,0,
2 1,1,*,0,1,0,1,1,1,1,1,1,0,
3 1,1,0,*,0,1,1,1,1,1,1,1,0,
4 1,1,1,0,*,0,1,0,1,1,1,1,0,
5 1,1,0,1,0,*,0,1,1,1,1,1,0,
6 1,1,1,1,1,0,*,0,1,0,1,1,0,
7 1,1,1,1,0,1,0,*,0,1,1,1,0,
8 1,1,1,1,1,1,1,0,*,0,1,1,0,
9 1,1,1,1,1,1,0,1,0,*,1,1,0,
10 1,1,1,1,1,1,1,1,1,1,*,0,0,
11 0,0,1,1,1,1,1,1,1,1,0,*,0,
12 0,0,0,0,0,0,0,0,0,0,0,0,*,
k=25
t=200

  0,1,2,3,4,5,6,7,8,9,10,11,12,
0 *,0,1,1,1,0,1,1,1,1,1,0,0,
1 0,*,1,1,1,0,1,1,1,1,1,0,0,
2 1,1,*,0,1,0,1,1,0,1,1,1,0,
3 1,1,0,*,0,1,1,1,1,0,1,1,0,
4 1,1,1,0,*,0,1,0,1,1,1,1,0,
5 0,0,0,1,0,*,0,1,1,1,0,0,0,
6 1,1,1,1,1,0,*,0,1,0,1,1,0,
7 1,1,1,1,0,1,0,*,0,1,1,1,0,
8 1,1,0,1,1,1,1,0,*,0,1,1,0,
9 1,1,1,0,1,1,0,1,0,*,1,1,0,
10 1,1,1,1,1,0,1,1,1,1,*,0,0,
11 0,0,1,1,1,0,1,1,1,1,0,*,0,
12 0,0,0,0,0,0,0,0,0,0,0,0,*,
k=26
t=500

  0,1,2,3,4,5,6,7,8,9,10,11,12,
0 *,0,1,1,1,0,1,1,1,1,1,0,0,
1 0,*,1,1,1,0,1,1,1,1,1,0,0,
2 1,1,*,0,1,0,1,1,0,1,1,1,0,
3 1,1,0,*,0,1,1,1,1,0,1,1,0,
4 1,1,1,0,*,0,1,0,1,1,1,1,0,
5 0,0,0,1,0,*,0,1,1,1,0,0,0,
6 1,1,1,1,1,0,*,0,1,0,1,1,0,
7 1,1,1,1,0,1,0,*,0,1,1,1,0,
8 1,1,0,1,1,1,1,0,*,0,1,1,0,
9 1,1,1,0,1,1,0,1,0,*,1,1,0,
10 1,1,1,1,1,0,1,1,1,1,*,0,0,
11 0,0,1,1,1,0,1,1,1,1,0,*,0,
12 0,0,0,0,0,0,0,0,0,0,0,0,*,
k=27
t=100

  0,1,2,3,4,5,6,7,8,9,10,11,12,
0 *,0,1,1,1,0,1,0,1,1,1,1,0,
1 0,*,1,1,1,0,1,0,1,1,1,1,0,
2 1,1,*,0,1,0,1,1,0,1,1,1,0,
3 1,1,0,*,0,1,1,1,1,0,1,1,0,
4 1,1,1,0,*,0,1,0,1,1,1,1,0,
5 0,0,0,1,0,*,0,1,1,1,0,0,0,
6 1,1,1,1,1,0,*,0,1,0,1,1,0,
7 0,0,1,1,0,1,0,*,0,1,0,0,0,
8 1,1,0,1,1,1,1,0,*,0,1,1,0,
9 1,1,1,0,1,1,0,1,0,*,1,1,0,
10 1,1,1,1,1,0,1,0,1,1,*,0,0,
11 1,1,1,1,1,0,1,0,1,1,0,*,0,
12 0,0,0,0,0,0,0,0,0,0,0,0,*,
k=28
t=500

  0,1,2,3,4,5,6,7,8,9,10,11,12,
0 *,0,1,1,1,0,1,0,1,1,1,1,0,
1 0,*,1,1,1,0,1,0,1,1,1,1,0,
2 1,1,*,0,1,0,1,1,0,1,1,1,0,
3 1,1,0,*,0,1,1,1,1,0,1,1,0,
4 1,1,1,0,*,0,1,0,1,1,1,1,0,
5 0,0,0,1,0,*,0,1,1,1,0,0,0,
6 1,1,1,1,1,0,*,0,1,0,1,1,0,
7 0,0,1,1,0,1,0,*,0,1,0,0,0,
8 1,1,0,1,1,1,1,0,*,0,1,1,0,
9 1,1,1,0,1,1,0,1,0,*,1,1,0,
10 1,1,1,1,1,0,1,0,1,1,*,0,0,
11 1,1,1,1,1,0,1,0,1,1,0,*,0,
12 0,0,0,0,0,0,0,0,0,0,0,0,*,
k=29
t=500

  0,1,2,3,4,5,6,7,8,9,10,11,12,
0 *,0,1,1,1,0,1,0,1,1,1,1,0,
1 0,*,1,1,1,0,1,0,1,1,1,1,0,
2 1,1,*,0,1,0,1,1,0,1,1,1,0,
3 1,1,0,*,0,1,1,1,1,0,1,1,0,
4 1,1,1,0,*,0,1,0,1,1,1,1,0,
5 0,0,0,1,0,*,0,1,1,1,0,0,0,
6 1,1,1,1,1,0,*,0,1,0,1,1,0,
7 0,0,1,1,0,1,0,*,0,1,0,0,0,
8 1,1,0,1,1,1,1,0,*,0,1,1,0,
9 1,1,1,0,1,1,0,1,0,*,1,1,0,
10 1,1,1,1,1,0,1,0,1,1,*,0,0,
11 1,1,1,1,1,0,1,0,1,1,0,*,0,
12 0,0,0,0,0,0,0,0,0,0,0,0,*,
k=30
t=200

  0,1,2,3,4,5,6,7,8,9,10,11,12,
0 *,0,1,1,1,0,1,1,1,1,1,1,0,
1 0,*,1,1,1,0,1,1,1,1,1,1,0,
2 1,1,*,0,1,0,1,1,1,1,1,1,0,
3 1,1,0,*,0,1,1,1,1,1,1,1,0,
4 1,1,1,0,*,0,1,0,1,1,1,1,0,
5 0,0,0,1,0,*,0,1,1,1,0,0,0,
6 1,1,1,1,1,0,*,0,1,0,1,1,0,
7 1,1,1,1,0,1,0,*,0,1,1,1,0,
8 1,1,1,1,1,1,1,0,*,0,1,1,0,
9 1,1,1,1,1,1,0,1,0,*,1,1,0,
10 1,1,1,1,1,0,1,1,1,1,*,0,0,
11 1,1,1,1,1,0,1,1,1,1,0,*,0,
12 0,0,0,0,0,0,0,0,0,0,0,0,*,
k=31
t=500

  0,1,2,3,4,5,6,7,8,9,10,11,12,
0 *,0,1,1,1,0,1,1,1,1,1,1,0,
1 0,*,1,1,1,0,1,1,1,1,1,1,0,
2 1,1,*,0,1,0,1,1,1,1,1,1,0,
3 1,1,0,*,0,1,1,1,1,1,1,1,0,
4 1,1,1,0,*,0,1,0,1,1,1,1,0,
5 0,0,0,1,0,*,0,1,1,1,0,0,0,
6 1,1,1,1,1,0,*,0,1,0,1,1,0,
7 1,1,1,1,0,1,0,*,0,1,1,1,0,
8 1,1,1,1,1,1,1,0,*,0,1,1,0,
9 1,1,1,1,1,1,0,1,0,*,1,1,0,
10 1,1,1,1,1,0,1,1,1,1,*,0,0,
11 1,1,1,1,1,0,1,1,1,1,0,*,0,
12 0,0,0,0,0,0,0,0,0,0,0,0,*,
k=32
t=100

  0,1,2,3,4,5,6,7,8,9,10,11,12,
0 *,0,1,1,1,1,1,1,1,1,0,1,0,
1 0,*,1,1,1,1,1,1,1,1,0,1,0,
2 1,1,*,0,1,0,1,1,1,1,1,1,0,
3 1,1,0,*,0,1,1,1,1,1,1,1,0,
4 1,1,1,0,*,0,1,0,1,1,1,1,0,
5 1,1,0,1,0,*,0,1,1,1,1,1,0,
6 1,1,1,1,1,0,*,0,1,0,1,1,0,
7 1,1,1,1,0,1,0,*,0,1,1,1,0,
8 1,1,1,1,1,1,1,0,*,0,1,1,0,
9 1,1,1,1,1,1,0,1,0,*,1,1,0,
10 0,0,1,1,1,1,1,1,1,1,*,0,0,
11 1,1,1,1,1,1,1,1,1,1,0,*,0,
12 0,0,0,0,0,0,0,0,0,0,0,0,*,
k=33
t=500

  0,1,2,3,4,5,6,7,8,9,10,11,12,
0 *,0,1,1,1,1,1,1,1,1,0,1,0,
1 0,*,1,1,1,1,1,1,1,1,0,1,0,
2 1,1,*,0,1,0,1,1,1,1,1,1,0,
3 1,1,0,*,0,1,1,1,1,1,1,1,0,
4 1,1,1,0,*,0,1,0,1,1,1,1,0,
5 1,1,0,1,0,*,0,1,1,1,1,1,0,
6 1,1,1,1,1,0,*,0,1,0,1,1,0,
7 1,1,1,1,0,1,0,*,0,1,1,1,0,
8 1,1,1,1,1,1,1,0,*,0,1,1,0,
9 1,1,1,1,1,1,0,1,0,*,1,1,0,
10 0,0,1,1,1,1,1,1,1,1,*,0,0,
11 1,1,1,1,1,1,1,1,1,1,0,*,0,
12 0,0,0,0,0,0,0,0,0,0,0,0,*,
k=34
t=500

  0,1,2,3,4,5,6,7,8,9,10,11,12,
0 *,0,1,1,1,1,1,1,1,1,0,1,0,
1 0,*,1,1,1,1,1,1,1,1,0,1,0,
2 1,1,*,0,1,0,1,1,1,1,1,1,0,
3 1,1,0,*,0,1,1,1,1,1,1,1,0,
4 1,1,1,0,*,0,1,0,1,1,1,1,0,
5 1,1,0,1,0,*,0,1,1,1,1,1,0,
6 1,1,1,1,1,0,*,0,1,0,1,1,0,
7 1,1,1,1,0,1,0,*,0,1,1,1,0,
8 1,1,1,1,1,1,1,0,*,0,1,1,0,
9 1,1,1,1,1,1,0,1,0,*,1,1,0,
10 0,0,1,1,1,1,1,1,1,1,*,0,0,
11 1,1,1,1,1,1,1,1,1,1,0,*,0,
12 0,0,0,0,0,0,0,0,0,0,0,0,*,
k=35
t=200

  0,1,2,3,4,5,6,7,8,9,10,11,12,
0 *,0,1,1,1,1,1,1,1,1,0,1,0,
1 0,*,1,1,1,1,1,1,1,1,0,1,0,
2 1,1,*,0,1,0,1,0,1,1,1,1,0,
3 1,1,0,*,0,1,0,1,1,1,1,1,0,
4 1,1,1,0,*,0,1,0,1,0,1,1,0,
5 1,1,0,1,0,*,0,1,0,1,1,1,0,
6 1,1,1,0,1,0,*,0,1,0,1,1,0,
7 1,1,0,1,0,1,0,*,0,1,1,1,0,
8 1,1,1,1,1,0,1,0,*,0,1,1,0,
9 1,1,1,1,0,1,0,1,0,*,1,1,0,
10 0,0,1,1,1,1,1,1,1,1,*,0,0,
11 1,1,1,1,1,1,1,1,1,1,0,*,0,
12 0,0,0,0,0,0,0,0,0,0,0,0,*,
k=36
t=500

  0,1,2,3,4,5,6,7,8,9,10,11,12,
0 *,0,1,1,1,1,1,1,1,1,0,1,0,
1 0,*,1,1,1,1,1,1,1,1,0,1,0,
2 1,1,*,0,1,0,1,0,1,1,1,1,0,
3 1,1,0,*,0,1,0,1,1,1,1,1,0,
4 1,1,1,0,*,0,1,0,1,0,1,1,0,
5 1,1,0,1,0,*,0,1,0,1,1,1,0,
6 1,1,1,0,1,0,*,0,1,0,1,1,0,
7 1,1,0,1,0,1,0,*,0,1,1,1,0,
8 1,1,1,1,1,0,1,0,*,0,1,1,0,
9 1,1,1,1,0,1,0,1,0,*,1,1,0,
10 0,0,1,1,1,1,1,1,1,1,*,0,0,
11 1,1,1,1,1,1,1,1,1,1,0,*,0,
12 0,0,0,0,0,0,0,0,0,0,0,0,*,
k=37
t=100

  0,1,2,3,4,5,6,7,8,9,10,11,12,
0 *,0,1,1,1,1,1,1,1,1,0,1,0,
1 0,*,1,1,1,1,1,1,1,1,0,1,0,
2 1,1,*,0,1,0,1,0,1,0,1,1,0,
3 1,1,0,*,0,1,0,1,0,1,1,1,0,
4 1,1,1,0,*,0,1,0,1,0,1,1,0,
5 1,1,0,1,0,*,0,1,0,1,1,1,0,
6 1,1,1,0,1,0,*,0,1,0,1,1,0,
7 1,1,0,1,0,1,0,*,0,1,1,1,0,
8 1,1,1,0,1,0,1,0,*,0,1,1,0,
9 1,1,0,1,0,1,0,1,0,*,1,1,0,
10 0,0,1,1,1,1,1,1,1,1,*,0,0,
11 1,1,1,1,1,1,1,1,1,1,0,*,0,
12 0,0,0,0,0,0,0,0,0,0,0,0,*,
k=38
t=500

  0,1,2,3,4,5,6,7,8,9,10,11,12,
0 *,0,1,1,1,1,1,1,1,1,0,1,0,
1 0,*,1,1,1,1,1,1,1,1,0,1,0,
2 1,1,*,0,1,0,1,0,1,0,1,1,0,
3 1,1,0,*,0,1,0,1,0,1,1,1,0,
4 1,1,1,0,*,0,1,0,1,0,1,1,0,
5 1,1,0,1,0,*,0,1,0,1,1,1,0,
6 1,1,1,0,1,0,*,0,1,0,1,1,0,
7 1,1,0,1,0,1,0,*,0,1,1,1,0,
8 1,1,1,0,1,0,1,0,*,0,1,1,0,
9 1,1,0,1,0,1,0,1,0,*,1,1,0,
10 0,0,1,1,1,1,1,1,1,1,*,0,0,
11 1,1,1,1,1,1,1,1,1,1,0,*,0,
12 0,0,0,0,0,0,0,0,0,0,0,0,*,
k=39
t=500

  0,1,2,3,4,5,6,7,8,9,10,11,12,
0 *,0,1,1,1,1,1,1,1,1,0,1,0,
1 0,*,1,1,1,1,1,1,1,1,0,1,0,
2 1,1,*,0,1,0,1,0,1,0,1,1,0,
3 1,1,0,*,0,1,0,1,0,1,1,1,0,
4 1,1,1,0,*,0,1,0,1,0,1,1,0,
5 1,1,0,1,0,*,0,1,0,1,1,1,0,
6 1,1,1,0,1,0,*,0,1,0,1,1,0,
7 1,1,0,1,0,1,0,*,0,1,1,1,0,
8 1,1,1,0,1,0,1,0,*,0,1,1,0,
9 1,1,0,1,0,1,0,1,0,*,1,1,0,
10 0,0,1,1,1,1,1,1,1,1,*,0,0,
11 1,1,1,1,1,1,1,1,1,1,0,*,0,
12 0,0,0,0,0,0,0,0,0,0,0,0,*,
k=40
t=500

  0,1,2,3,4,5,6,7,8,9,10,11,12,
0 *,0,1,1,1,1,1,1,1,1,0,1,0,
1 0,*,1,1,1,1,1,1,1,1,0,1,0,
2 1,1,*,0,1,0,1,0,1,0,1,1,0,
3 1,1,0,*,0,1,0,1,0,1,1,1,0,
4 1,1,1,0,*,0,1,0,1,0,1,1,0,
5 1,1,0,1,0,*,0,1,0,1,1,1,0,
6 1,1,1,0,1,0,*,0,1,0,1,1,0,
7 1,1,0,1,0,1,0,*,0,1,1,1,0,
8 1,1,1,0,1,0,1,0,*,0,1,1,0,
9 1,1,0,1,0,1,0,1,0,*,1,1,0,
10 0,0,1,1,1,1,1,1,1,1,*,0,0,
11 1,1,1,1,1,1,1,1,1,1,0,*,0,
12 0,0,0,0,0,0,0,0,0,0,0,0,*,
k=41
t=300

  0,1,2,3,4,5,6,7,8,9,10,11,12,
0 *,0,1,1,1,1,1,1,1,1,0,1,0,
1 0,*,1,1,1,1,1,1,1,1,0,1,0,
2 1,1,*,0,1,0,1,0,1,0,0,1,0,
3 1,1,0,*,0,1,0,1,0,1,0,1,0,
4 1,1,1,0,*,0,1,0,1,0,0,1,0,
5 1,1,0,1,0,*,0,1,0,1,0,1,0,
6 1,1,1,0,1,0,*,0,1,0,0,1,0,
7 1,1,0,1,0,1,0,*,0,1,0,1,0,
8 1,1,1,0,1,0,1,0,*,0,0,1,0,
9 1,1,0,1,0,1,0,1,0,*,0,1,0,
10 0,0,0,0,0,0,0,0,0,0,*,0,0,
11 1,1,1,1,1,1,1,1,1,1,0,*,0,
12 0,0,0,0,0,0,0,0,0,0,0,0,*,
k=42
t=500

  0,1,2,3,4,5,6,7,8,9,10,11,12,
0 *,0,1,1,1,1,1,1,1,1,0,1,0,
1 0,*,1,1,1,1,1,1,1,1,0,1,0,
2 1,1,*,0,1,0,1,0,1,0,0,1,0,
3 1,1,0,*,0,1,0,1,0,1,0,1,0,
4 1,1,1,0,*,0,1,0,1,0,0,1,0,
5 1,1,0,1,0,*,0,1,0,1,0,1,0,
6 1,1,1,0,1,0,*,0,1,0,0,1,0,
7 1,1,0,1,0,1,0,*,0,1,0,1,0,
8 1,1,1,0,1,0,1,0,*,0,0,1,0,
9 1,1,0,1,0,1,0,1,0,*,0,1,0,
10 0,0,0,0,0,0,0,0,0,0,*,0,0,
11 1,1,1,1,1,1,1,1,1,1,0,*,0,
12 0,0,0,0,0,0,0,0,0,0,0,0,*,
k=43
t=500

  0,1,2,3,4,5,6,7,8,9,10,11,12,
0 *,0,1,1,1,1,1,1,1,1,0,1,0,
1 0,*,1,1,1,1,1,1,1,1,0,1,0,
2 1,1,*,0,1,0,1,0,1,0,0,1,0,
3 1,1,0,*,0,1,0,1,0,1,0,1,0,
4 1,1,1,0,*,0,1,0,1,0,0,1,0,
5 1,1,0,1,0,*,0,1,0,1,0,1,0,
6 1,1,1,0,1,0,*,0,1,0,0,1,0,
7 1,1,0,1,0,1,0,*,0,1,0,1,0,
8 1,1,1,0,1,0,1,0,*,0,0,1,0,
9 1,1,0,1,0,1,0,1,0,*,0,1,0,
10 0,0,0,0,0,0,0,0,0,0,*,0,0,
11 1,1,1,1,1,1,1,1,1,1,0,*,0,
12 0,0,0,0,0,0,0,0,0,0,0,0,*,
k=44
t=200

  0,1,2,3,4,5,6,7,8,9,10,11,12,
0 *,0,1,1,1,1,1,1,1,1,0,1,0,
1 0,*,1,1,1,1,1,1,1,1,0,1,0,
2 1,1,*,0,1,0,1,0,1,1,0,1,0,
3 1,1,0,*,0,1,0,1,1,1,0,1,0,
4 1,1,1,0,*,0,1,0,1,0,0,1,0,
5 1,1,0,1,0,*,0,1,0,1,0,1,0,
6 1,1,1,0,1,0,*,0,1,0,0,1,0,
7 1,1,0,1,0,1,0,*,0,1,0,1,0,
8 1,1,1,1,1,0,1,0,*,0,0,1,0,
9 1,1,1,1,0,1,0,1,0,*,0,1,0,
10 0,0,0,0,0,0,0,0,0,0,*,0,0,
11 1,1,1,1,1,1,1,1,1,1,0,*,0,
12 0,0,0,0,0,0,0,0,0,0,0,0,*,
k=45
t=500

  0,1,2,3,4,5,6,7,8,9,10,11,12,
0 *,0,1,1,1,1,1,1,1,1,0,1,0,
1 0,*,1,1,1,1,1,1,1,1,0,1,0,
2 1,1,*,0,1,0,1,0,1,1,0,1,0,
3 1,1,0,*,0,1,0,1,1,1,0,1,0,
4 1,1,1,0,*,0,1,0,1,0,0,1,0,
5 1,1,0,1,0,*,0,1,0,1,0,1,0,
6 1,1,1,0,1,0,*,0,1,0,0,1,0,
7 1,1,0,1,0,1,0,*,0,1,0,1,0,
8 1,1,1,1,1,0,1,0,*,0,0,1,0,
9 1,1,1,1,0,1,0,1,0,*,0,1,0,
10 0,0,0,0,0,0,0,0,0,0,*,0,0,
11 1,1,1,1,1,1,1,1,1,1,0,*,0,
12 0,0,0,0,0,0,0,0,0,0,0,0,*,
k=46
t=100

  0,1,2,3,4,5,6,7,8,9,10,11,12,
0 *,0,1,1,1,1,1,1,1,1,0,1,0,
1 0,*,1,1,1,1,1,1,1,1,0,1,0,
2 1,1,*,0,1,0,1,1,1,1,0,1,0,
3 1,1,0,*,0,1,1,1,1,1,0,1,0,
4 1,1,1,0,*,0,1,0,1,1,0,1,0,
5 1,1,0,1,0,*,0,1,1,1,0,1,0,
6 1,1,1,1,1,0,*,0,1,0,0,1,0,
7 1,1,1,1,0,1,0,*,0,1,0,1,0,
8 1,1,1,1,1,1,1,0,*,0,0,1,0,
9 1,1,1,1,1,1,0,1,0,*,0,1,0,
10 0,0,0,0,0,0,0,0,0,0,*,0,0,
11 1,1,1,1,1,1,1,1,1,1,0,*,0,
12 0,0,0,0,0,0,0,0,0,0,0,0,*,
k=47
t=500

  0,1,2,3,4,5,6,7,8,9,10,11,12,
0 *,0,1,1,1,1,1,1,1,1,0,1,0,
1 0,*,1,1,1,1,1,1,1,1,0,1,0,
2 1,1,*,0,1,0,1,1,1,1,0,1,0,
3 1,1,0,*,0,1,1,1,1,1,0,1,0,
4 1,1,1,0,*,0,1,0,1,1,0,1,0,
5 1,1,0,1,0,*,0,1,1,1,0,1,0,
6 1,1,1,1,1,0,*,0,1,0,0,1,0,
7 1,1,1,1,0,1,0,*,0,1,0,1,0,
8 1,1,1,1,1,1,1,0,*,0,0,1,0,
9 1,1,1,1,1,1,0,1,0,*,0,1,0,
10 0,0,0,0,0,0,0,0,0,0,*,0,0,
11 1,1,1,1,1,1,1,1,1,1,0,*,0,
12 0,0,0,0,0,0,0,0,0,0,0,0,*,
k=48
t=100

  0,1,2,3,4,5,6,7,8,9,10,11,12,
0 *,0,1,1,1,1,1,1,1,1,0,0,1,
1 0,*,1,1,1,1,1,1,1,1,0,0,1,
2 1,1,*,0,1,0,1,1,1,1,0,1,0,
3 1,1,0,*,0,1,1,1,1,1,0,1,0,
4 1,1,1,0,*,0,1,0,1,1,0,1,0,
5 1,1,0,1,0,*,0,1,1,1,0,1,0,
6 1,1,1,1,1,0,*,0,1,0,0,1,0,
7 1,1,1,1,0,1,0,*,0,1,0,1,0,
8 1,1,1,1,1,1,1,0,*,0,0,1,0,
9 1,1,1,1,1,1,0,1,0,*,0,1,0,
10 0,0,0,0,0,0,0,0,0,0,*,0,0,
11 0,0,1,1,1,1,1,1,1,1,0,*,0,
12 1,1,0,0,0,0,0,0,0,0,0,0,*,
k=49
t=500

  0,1,2,3,4,5,6,7,8,9,10,11,12,
0 *,0,1,1,1,1,1,1,1,1,0,0,1,
1 0,*,1,1,1,1,1,1,1,1,0,0,1,
2 1,1,*,0,1,0,1,1,1,1,0,1,0,
3 1,1,0,*,0,1,1,1,1,1,0,1,0,
4 1,1,1,0,*,0,1,0,1,1,0,1,0,
5 1,1,0,1,0,*,0,1,1,1,0,1,0,
6 1,1,1,1,1,0,*,0,1,0,0,1,0,
7 1,1,1,1,0,1,0,*,0,1,0,1,0,
8 1,1,1,1,1,1,1,0,*,0,0,1,0,
9 1,1,1,1,1,1,0,1,0,*,0,1,0,
10 0,0,0,0,0,0,0,0,0,0,*,0,0,
11 0,0,1,1,1,1,1,1,1,1,0,*,0,
12 1,1,0,0,0,0,0,0,0,0,0,0,*,
k=50
t=500

  0,1,2,3,4,5,6,7,8,9,10,11,12,
0 *,0,1,1,1,1,1,1,1,1,0,0,1,
1 0,*,1,1,1,1,1,1,1,1,0,0,1,
2 1,1,*,0,1,0,1,1,1,1,0,1,0,
3 1,1,0,*,0,1,1,1,1,1,0,1,0,
4 1,1,1,0,*,0,1,0,1,1,0,1,0,
5 1,1,0,1,0,*,0,1,1,1,0,1,0,
6 1,1,1,1,1,0,*,0,1,0,0,1,0,
7 1,1,1,1,0,1,0,*,0,1,0,1,0,
8 1,1,1,1,1,1,1,0,*,0,0,1,0,
9 1,1,1,1,1,1,0,1,0,*,0,1,0,
10 0,0,0,0,0,0,0,0,0,0,*,0,0,
11 0,0,1,1,1,1,1,1,1,1,0,*,0,
12 1,1,0,0,0,0,0,0,0,0,0,0,*,
k=51
t=200

  0,1,2,3,4,5,6,7,8,9,10,11,12,
0 *,0,1,1,0,1,1,1,1,1,0,0,1,
1 0,*,1,1,0,1,1,1,1,1,0,0,1,
2 1,1,*,0,1,0,1,1,0,1,0,1,0,
3 1,1,0,*,0,1,1,1,1,0,0,1,0,
4 0,0,1,0,*,0,1,0,1,1,0,0,0,
5 1,1,0,1,0,*,0,1,1,1,0,1,0,
6 1,1,1,1,1,0,*,0,1,0,0,1,0,
7 1,1,1,1,0,1,0,*,0,1,0,1,0,
8 1,1,0,1,1,1,1,0,*,0,0,1,0,
9 1,1,1,0,1,1,0,1,0,*,0,1,0,
10 0,0,0,0,0,0,0,0,0,0,*,0,0,
11 0,0,1,1,0,1,1,1,1,1,0,*,0,
12 1,1,0,0,0,0,0,0,0,0,0,0,*,
k=52
t=500

  0,1,2,3,4,5,6,7,8,9,10,11,12,
0 *,0,1,1,0,1,1,1,1,1,0,0,1,
1 0,*,1,1,0,1,1,1,1,1,0,0,1,
2 1,1,*,0,1,0,1,1,0,1,0,1,0,
3 1,1,0,*,0,1,1,1,1,0,0,1,0,
4 0,0,1,0,*,0,1,0,1,1,0,0,0,
5 1,1,0,1,0,*,0,1,1,1,0,1,0,
6 1,1,1,1,1,0,*,0,1,0,0,1,0,
7 1,1,1,1,0,1,0,*,0,1,0,1,0,
8 1,1,0,1,1,1,1,0,*,0,0,1,0,
9 1,1,1,0,1,1,0,1,0,*,0,1,0,
10 0,0,0,0,0,0,0,0,0,0,*,0,0,
11 0,0,1,1,0,1,1,1,1,1,0,*,0,
12 1,1,0,0,0,0,0,0,0,0,0,0,*,
k=53
t=100

  0,1,2,3,4,5,6,7,8,9,10,11,12,
0 *,0,1,1,0,1,0,1,1,1,0,0,1,
1 0,*,1,1,0,1,0,1,1,1,0,0,1,
2 1,1,*,0,1,0,1,1,0,1,0,1,0,
3 1,1,0,*,0,1,1,1,1,0,0,1,0,
4 0,0,1,0,*,0,1,0,1,1,0,0,0,
5 1,1,0,1,0,*,0,1,1,1,0,1,0,
6 0,0,1,1,1,0,*,0,1,0,0,0,0,
7 1,1,1,1,0,1,0,*,0,1,0,1,0,
8 1,1,0,1,1,1,1,0,*,0,0,1,0,
9 1,1,1,0,1,1,0,1,0,*,0,1,0,
10 0,0,0,0,0,0,0,0,0,0,*,0,0,
11 0,0,1,1,0,1,0,1,1,1,0,*,0,
12 1,1,0,0,0,0,0,0,0,0,0,0,*,
k=54
t=500

  0,1,2,3,4,5,6,7,8,9,10,11,12,
0 *,0,1,1,0,1,0,1,1,1,0,0,1,
1 0,*,1,1,0,1,0,1,1,1,0,0,1,
2 1,1,*,0,1,0,1,1,0,1,0,1,0,
3 1,1,0,*,0,1,1,1,1,0,0,1,0,
4 0,0,1,0,*,0,1,0,1,1,0,0,0,
5 1,1,0,1,0,*,0,1,1,1,0,1,0,
6 0,0,1,1,1,0,*,0,1,0,0,0,0,
7 1,1,1,1,0,1,0,*,0,1,0,1,0,
8 1,1,0,1,1,1,1,0,*,0,0,1,0,
9 1,1,1,0,1,1,0,1,0,*,0,1,0,
10 0,0,0,0,0,0,0,0,0,0,*,0,0,
11 0,0,1,1,0,1,0,1,1,1,0,*,0,
12 1,1,0,0,0,0,0,0,0,0,0,0,*,
k=55
t=500

  0,1,2,3,4,5,6,7,8,9,10,11,12,
0 *,0,1,1,0,1,0,1,1,1,0,0,1,
1 0,*,1,1,0,1,0,1,1,1,0,0,1,
2 1,1,*,0,1,0,1,1,0,1,0,1,0,
3 1,1,0,*,0,1,1,1,1,0,0,1,0,
4 0,0,1,0,*,0,1,0,1,1,0,0,0,
5 1,1,0,1,0,*,0,1,1,1,0,1,0,
6 0,0,1,1,1,0,*,0,1,0,0,0,0,
7 1,1,1,1,0,1,0,*,0,1,0,1,0,
8 1,1,0,1,1,1,1,0,*,0,0,1,0,
9 1,1,1,0,1,1,0,1,0,*,0,1,0,
10 0,0,0,0,0,0,0,0,0,0,*,0,0,
11 0,0,1,1,0,1,0,1,1,1,0,*,0,
12 1,1,0,0,0,0,0,0,0,0,0,0,*,
k=56
t=200

  0,1,2,3,4,5,6,7,8,9,10,11,12,
0 *,0,1,1,1,1,1,1,1,1,0,0,1,
1 0,*,1,1,1,1,1,1,1,1,0,0,1,
2 1,1,*,0,1,0,1,1,1,1,0,1,0,
3 1,1,0,*,0,1,1,1,1,1,0,1,0,
4 1,1,1,0,*,0,1,0,1,1,0,1,0,
5 1,1,0,1,0,*,0,1,1,1,0,1,0,
6 1,1,1,1,1,0,*,0,1,0,0,1,0,
7 1,1,1,1,0,1,0,*,0,1,0,1,0,
8 1,1,1,1,1,1,1,0,*,0,0,1,0,
9 1,1,1,1,1,1,0,1,0,*,0,1,0,
10 0,0,0,0,0,0,0,0,0,0,*,0,0,
11 0,0,1,1,1,1,1,1,1,1,0,*,0,
12 1,1,0,0,0,0,0,0,0,0,0,0,*,
k=57
t=500

  0,1,2,3,4,5,6,7,8,9,10,11,12,
0 *,0,1,1,1,1,1,1,1,1,0,0,1,
1 0,*,1,1,1,1,1,1,1,1,0,0,1,
2 1,1,*,0,1,0,1,1,1,1,0,1,0,
3 1,1,0,*,0,1,1,1,1,1,0,1,0,
4 1,1,1,0,*,0,1,0,1,1,0,1,0,
5 1,1,0,1,0,*,0,1,1,1,0,1,0,
6 1,1,1,1,1,0,*,0,1,0,0,1,0,
7 1,1,1,1,0,1,0,*,0,1,0,1,0,
8 1,1,1,1,1,1,1,0,*,0,0,1,0,
9 1,1,1,1,1,1,0,1,0,*,0,1,0,
10 0,0,0,0,0,0,0,0,0,0,*,0,0,
11 0,0,1,1,1,1,1,1,1,1,0,*,0,
12 1,1,0,0,0,0,0,0,0,0,0,0,*,
k=58
t=100

