a contact +1100 +2300 2006 2008 1000
a contact +1100 +2300 2008 2006 1000
a contact +4200 +4700 2001 2007 1000
a contact +4200 +4700 2007 2001 1000
a contact +7200 +7700 2001 2007 1000
a contact +7200 +7700 2007 2001 1000
a contact +13700 +13800 2001 2007 1000
a contact +13700 +13800 2007 2001 1000
a contact +15600 +16100 2001 2007 1000
a contact +15600 +16100 2007 2001 1000
a contact +21500 +21600 2001 2007 1000
a contact +21500 +21600 2007 2001 1000

a range +1100 +2300 2006 2008 0.0155
a range +1100 +2300 2008 2006 0.0155
a range +4200 +4700 2001 2007 0.0432
a range +4200 +4700 2007 2001 0.0432
a range +7200 +7700 2001 2007 0.0432
a range +7200 +7700 2007 2001 0.0432
a range +13700 +13800 2001 2007 0.0439
a range +13700 +13800 2007 2001 0.0439
a range +15600 +16100 2001 2007 0.0439
a range +15600 +16100 2007 2001 0.0439
a range +21500 +21600 2001 2007 0.0374
a range +21500 +21600 2007 2001 0.0374
