a contact +0 +1200 1001 2004 1000
a contact +0 +1200 2004 1001 1000
a contact +0 +1800 1003 2003 1000
a contact +0 +1800 2003 1003 1000
a contact +0 +2400 2001 2003 1000
a contact +0 +2400 2002 2004 1000
a contact +0 +2400 2003 2001 1000
a contact +0 +2400 2004 2002 1000
a contact +0 +3000 1002 2002 1000
a contact +0 +3000 2002 1002 1000
a contact +0 +7800 1003 9001 1000
a contact +0 +7800 1003 9002 1000
a contact +0 +7800 9001 1003 1000
a contact +0 +7800 9002 1003 1000
a contact +0 +12000 1002 2001 1000
a contact +0 +12000 1003 2002 1000
a contact +0 +12000 2001 1002 1000
a contact +0 +12000 2002 1003 1000
a contact +5400 +13200 1001 2004 1000
a contact +5400 +13200 2001 2003 1000
a contact +5400 +13200 2002 2004 1000
a contact +5400 +13200 2003 2001 1000
a contact +5400 +13200 2004 1001 1000
a contact +5400 +13200 2004 2002 1000
a contact +6600 +15000 1003 2003 1000
a contact +6600 +15000 2003 1003 1000
a contact +1200 +15600 1001 9001 1000
a contact +0 +15600 1002 9001 1000
a contact +10800 +15600 1003 9001 1000
a contact +0 +15600 2001 9001 1000
a contact +0 +15600 2002 9001 1000
a contact +0 +15600 2003 9001 1000
a contact +0 +15600 2004 9001 1000
a contact +1200 +15600 9001 1001 1000
a contact +0 +15600 9001 1002 1000
a contact +10800 +15600 9001 1003 1000
a contact +0 +15600 9001 2001 1000
a contact +0 +15600 9001 2002 1000
a contact +0 +15600 9001 2003 1000
a contact +0 +15600 9001 2004 1000
a contact +0 +17400 1002 9002 1000
a contact +0 +17400 9002 1002 1000
a contact +0 +21600 1001 1002 1000
a contact +0 +21600 1001 1003 1000
a contact +0 +21600 1001 2001 1000
a contact +0 +21600 1001 2002 1000
a contact +0 +21600 1001 2003 1000
a contact +17400 +21600 1001 2004 1000
a contact +1200 +21600 1001 9002 1000
a contact +0 +21600 1002 1001 1000
a contact +0 +21600 1002 1003 1000
a contact +16800 +21600 1002 2001 1000
a contact +6600 +21600 1002 2002 1000
a contact +0 +21600 1002 2003 1000
a contact +0 +21600 1002 2004 1000
a contact +21000 +21600 1002 9002 1000
a contact +0 +21600 1003 1001 1000
a contact +0 +21600 1003 1002 1000
a contact +0 +21600 1003 2001 1000
a contact +15000 +21600 1003 2002 1000
a contact +16800 +21600 1003 2003 1000
a contact +0 +21600 1003 2004 1000
a contact +10800 +21600 1003 9002 1000
a contact +0 +21600 2001 1001 1000
a contact +16800 +21600 2001 1002 1000
a contact +0 +21600 2001 1003 1000
a contact +0 +21600 2001 2002 1000
a contact +16200 +21600 2001 2003 1000
a contact +0 +21600 2001 2004 1000
a contact +0 +21600 2001 9002 1000
a contact +0 +21600 2002 1001 1000
a contact +6600 +21600 2002 1002 1000
a contact +15000 +21600 2002 1003 1000
a contact +0 +21600 2002 2001 1000
a contact +0 +21600 2002 2003 1000
a contact +16200 +21600 2002 2004 1000
a contact +0 +21600 2002 9002 1000
a contact +0 +21600 2003 1001 1000
a contact +0 +21600 2003 1002 1000
a contact +16800 +21600 2003 1003 1000
a contact +16200 +21600 2003 2001 1000
a contact +0 +21600 2003 2002 1000
a contact +0 +21600 2003 2004 1000
a contact +0 +21600 2003 9002 1000
a contact +17400 +21600 2004 1001 1000
a contact +0 +21600 2004 1002 1000
a contact +0 +21600 2004 1003 1000
a contact +0 +21600 2004 2001 1000
a contact +16200 +21600 2004 2002 1000
a contact +0 +21600 2004 2003 1000
a contact +0 +21600 2004 9002 1000
a contact +1200 +21600 9002 1001 1000
a contact +21000 +21600 9002 1002 1000
a contact +10800 +21600 9002 1003 1000
a contact +0 +21600 9002 2001 1000
a contact +0 +21600 9002 2002 1000
a contact +0 +21600 9002 2003 1000
a contact +0 +21600 9002 2004 1000

a range +0 +1200 1001 2004 0.0544
a range +0 +1200 2004 1001 0.0544
a range +0 +1800 1003 2003 0.0550
a range +0 +1800 2003 1003 0.0550
a range +0 +2400 2001 2003 0.0469
a range +0 +2400 2002 2004 0.0473
a range +0 +2400 2003 2001 0.0469
a range +0 +2400 2004 2002 0.0473
a range +0 +3000 1002 2002 0.0549
a range +0 +3000 2002 1002 0.0549
a range +0 +7800 1003 9001 1102.0661
a range +0 +7800 1003 9002 1102.0593
a range +0 +7800 9001 1003 1102.0661
a range +0 +7800 9002 1003 1102.0593
a range +0 +12000 1002 2001 0.0545
a range +0 +12000 1003 2002 0.0549
a range +0 +12000 2001 1002 0.0545
a range +0 +12000 2002 1003 0.0549
a range +5400 +13200 1001 2004 0.0556
a range +5400 +13200 2001 2003 0.0492
a range +5400 +13200 2002 2004 0.0494
a range +5400 +13200 2003 2001 0.0492
a range +5400 +13200 2004 1001 0.0556
a range +5400 +13200 2004 2002 0.0494
a range +6600 +15000 1003 2003 0.0543
a range +6600 +15000 2003 1003 0.0543
a range +1200 +15600 1001 9001 1102.3154
a range +0 +15600 1002 9001 1102.3712
a range +10800 +15600 1003 9001 1102.3509
a range +0 +15600 2001 9001 1102.3348
a range +0 +15600 2002 9001 1102.3244
a range +0 +15600 2003 9001 1102.3566
a range +0 +15600 2004 9001 1102.3667
a range +1200 +15600 9001 1001 1102.3154
a range +0 +15600 9001 1002 1102.3712
a range +10800 +15600 9001 1003 1102.3509
a range +0 +15600 9001 2001 1102.3348
a range +0 +15600 9001 2002 1102.3244
a range +0 +15600 9001 2003 1102.3566
a range +0 +15600 9001 2004 1102.3667
a range +0 +17400 1002 9002 1102.4258
a range +0 +17400 9002 1002 1102.4258
a range +0 +21600 1001 1002 0.0565
a range +0 +21600 1001 1003 0.0565
a range +0 +21600 1001 2001 0.0282
a range +0 +21600 1001 2002 0.0451
a range +0 +21600 1001 2003 0.0522
a range +17400 +21600 1001 2004 0.0377
a range +1200 +21600 1001 9002 1102.5601
a range +0 +21600 1002 1001 0.0565
a range +0 +21600 1002 1003 0.0565
a range +16800 +21600 1002 2001 0.0443
a range +6600 +21600 1002 2002 0.0275
a range +0 +21600 1002 2003 0.0389
a range +0 +21600 1002 2004 0.0526
a range +21000 +21600 1002 9002 1102.5843
a range +0 +21600 1003 1001 0.0565
a range +0 +21600 1003 1002 0.0565
a range +0 +21600 1003 2001 0.0496
a range +15000 +21600 1003 2002 0.0492
a range +16800 +21600 1003 2003 0.0313
a range +0 +21600 1003 2004 0.0320
a range +10800 +21600 1003 9002 1102.5280
a range +0 +21600 2001 1001 0.0282
a range +16800 +21600 2001 1002 0.0443
a range +0 +21600 2001 1003 0.0496
a range +0 +21600 2001 2002 0.0216
a range +16200 +21600 2001 2003 0.0309
a range +0 +21600 2001 2004 0.0221
a range +0 +21600 2001 9002 1102.5628
a range +0 +21600 2002 1001 0.0451
a range +6600 +21600 2002 1002 0.0275
a range +15000 +21600 2002 1003 0.0492
a range +0 +21600 2002 2001 0.0216
a range +0 +21600 2002 2003 0.0222
a range +16200 +21600 2002 2004 0.0317
a range +0 +21600 2002 9002 1102.5717
a range +0 +21600 2003 1001 0.0522
a range +0 +21600 2003 1002 0.0389
a range +16800 +21600 2003 1003 0.0313
a range +16200 +21600 2003 2001 0.0309
a range +0 +21600 2003 2002 0.0222
a range +0 +21600 2003 2004 0.0227
a range +0 +21600 2003 9002 1102.5514
a range +17400 +21600 2004 1001 0.0377
a range +0 +21600 2004 1002 0.0526
a range +0 +21600 2004 1003 0.0320
a range +0 +21600 2004 2001 0.0221
a range +16200 +21600 2004 2002 0.0317
a range +0 +21600 2004 2003 0.0227
a range +0 +21600 2004 9002 1102.5423
a range +1200 +21600 9002 1001 1102.5601
a range +21000 +21600 9002 1002 1102.5843
a range +10800 +21600 9002 1003 1102.5280
a range +0 +21600 9002 2001 1102.5628
a range +0 +21600 9002 2002 1102.5717
a range +0 +21600 9002 2003 1102.5514
a range +0 +21600 9002 2004 1102.5423

a position +0 +1200 1001 2004 8252212.87255345 2400687.80736832 233959909.572045 8251707.07725798 2395283.14568573 233944545.417865
a position +0 +1200 2004 1001 8251707.07725798 2395283.14568573 233944545.417865 8252212.87255345 2400687.80736832 233959909.572045
a position +0 +1800 1003 2003 8246952.6465033 2400271.36526276 233947921.658567 8231621.17168409 2395847.24747742 233952122.725502
a position +0 +1800 2003 1003 8231621.17168409 2395847.24747742 233952122.725502 8246952.6465033 2400271.36526276 233947921.658567
a position +0 +2400 2001 2003 8231011.44690811 2396407.36776774 233953467.080459 8216953.24241656 2396652.41834567 233953815.594409
a position +0 +2400 2002 2004 8224214.74629086 2396529.38656284 233960677.931688 8223879.12602146 2396776.42563998 233946505.649814
a position +0 +2400 2003 2001 8216953.24241656 2396652.41834567 233953815.594409 8231011.44690811 2396407.36776774 233953467.080459
a position +0 +2400 2004 2002 8223879.12602146 2396776.42563998 233946505.649814 8224214.74629086 2396529.38656284 233960677.931688
a position +0 +3000 1002 2002 8203880.52773819 2399438.45423938 233947829.14184 8210170.69708224 2397430.91496568 233962918.534947
a position +0 +3000 2002 1002 8210170.69708224 2397430.91496568 233962918.534947 8203880.52773819 2399438.45423938 233947829.14184
a position +0 +7800 1003 9001 8104599.46904653 2396106.45289839 233976870.278595 -136082309.466185 3750.98291015625 -63281756.7519451
a position +0 +7800 1003 9002 8104599.46904653 2396106.45289839 233976870.278595 -136088846.56262 4196.68310546875 -63276341.0945354
a position +0 +7800 9001 1003 -136082309.466185 3750.98291015625 -63281756.7519451 8104599.46904653 2396106.45289839 233976870.278595
a position +0 +7800 9002 1003 -136088846.56262 4196.68310546875 -63276341.0945354 8104599.46904653 2396106.45289839 233976870.278595
a position +0 +12000 1002 2001 8009690.24655298 2393190.48334178 233978475.688472 7994516.11926785 2398228.7274326 233981903.590741
a position +0 +12000 1003 2002 7998550.66180598 2393190.48334178 233991234.848894 8000178.60710627 2398124.76456414 233975631.316654
a position +0 +12000 2001 1002 7994516.11926785 2398228.7274326 233981903.590741 8009690.24655298 2393190.48334178 233978475.688472
a position +0 +12000 2002 1003 8000178.60710627 2398124.76456414 233975631.316654 7998550.66180598 2393190.48334178 233991234.848894
a position +5400 +13200 1001 2004 7966994.89561362 2392357.26897508 233977031.251788 7972603.20409408 2394588.81537308 233992573.973447
a position +5400 +13200 2001 2003 7965162.2838663 2394975.18479176 233985260.040856 7979897.25130249 2394718.33746191 233984999.103346
a position +5400 +13200 2002 2004 7972355.76507374 2394847.1403462 233977754.235709 7972603.20409408 2394588.81537308 233992573.973447
a position +5400 +13200 2003 2001 7979897.25130249 2394718.33746191 233984999.103346 7965162.2838663 2394975.18479176 233985260.040856
a position +5400 +13200 2004 1001 7972603.20409408 2394588.81537308 233992573.973447 7966994.89561362 2392357.26897508 233977031.251788
a position +5400 +13200 2004 2002 7972603.20409408 2394588.81537308 233992573.973447 7972355.76507374 2394847.1403462 233977754.235709
a position +6600 +15000 1003 2003 7923302.86513206 2391107.38063589 233996896.287097 7938126.37292221 2389305.15847885 233990435.700669
a position +6600 +15000 2003 1003 7938126.37292221 2389305.15847885 233990435.700669 7923302.86513206 2391107.38063589 233996896.287097
a position +1200 +15600 1001 9001 7915776.852001 2390690.73338572 233982333.345313 -135989153.766107 3750.98291015625 -63495968.3965652
a position +0 +15600 1002 9001 7925427.5417945 2390690.73338572 233996252.781706 -135989153.766107 3750.98291015625 -63495968.3965652
a position +10800 +15600 1003 9001 7908547.61137463 2390690.73338572 233997650.806035 -135989153.766107 3750.98291015625 -63495968.3965652
a position +0 +15600 2001 9001 7909360.51239695 2387807.81549379 233991927.89036 -135989153.766107 3750.98291015625 -63495968.3965652
a position +0 +15600 2002 9001 7916741.66388782 2387682.36007527 233984906.971434 -135989153.766107 3750.98291015625 -63495968.3965652
a position +0 +15600 2003 9001 7923702.34023681 2387557.82103661 233992243.166664 -135989153.766107 3750.98291015625 -63495968.3965652
a position +0 +15600 2004 9001 7916413.33594355 2387434.23631319 233999141.480145 -135989153.766107 3750.98291015625 -63495968.3965652
a position +1200 +15600 9001 1001 -135989153.766107 3750.98291015625 -63495968.3965652 7915776.852001 2390690.73338572 233982333.345313
a position +0 +15600 9001 1002 -135989153.766107 3750.98291015625 -63495968.3965652 7925427.5417945 2390690.73338572 233996252.781706
a position +10800 +15600 9001 1003 -135989153.766107 3750.98291015625 -63495968.3965652 7908547.61137463 2390690.73338572 233997650.806035
a position +0 +15600 9001 2001 -135989153.766107 3750.98291015625 -63495968.3965652 7909360.51239695 2387807.81549379 233991927.89036
a position +0 +15600 9001 2002 -135989153.766107 3750.98291015625 -63495968.3965652 7916741.66388782 2387682.36007527 233984906.971434
a position +0 +15600 9001 2003 -135989153.766107 3750.98291015625 -63495968.3965652 7923702.34023681 2387557.82103661 233992243.166664
a position +0 +15600 9001 2004 -135989153.766107 3750.98291015625 -63495968.3965652 7916413.33594355 2387434.23631319 233999141.480145
a position +0 +17400 1002 9002 7881284.12664444 2389440.73824856 234004477.905918 -135969284.563896 4196.68310546875 -63536891.5489618
a position +0 +17400 9002 1002 -135969284.563896 4196.68310546875 -63536891.5489618 7881284.12664444 2389440.73824856 234004477.905918
a position +0 +21600 1001 1002 7785945.73730347 2386523.77172079 234005877.767628 7775324.17876016 2386523.77172079 234019071.289413
a position +0 +21600 1001 1003 7785945.73730347 2386523.77172079 234005877.767628 7769209.03300001 2386523.77172079 234003275.988994
a position +0 +21600 1001 2001 7785945.73730347 2386523.77172079 234005877.767628 7781341.37214447 2380197.85661277 234009076.821516
a position +0 +21600 1001 2002 7785945.73730347 2386523.77172079 234005877.767628 7777153.66902456 2380277.51067834 234014033.270756
a position +0 +21600 1001 2003 7785945.73730347 2386523.77172079 234005877.767628 7772092.93678658 2380359.06741539 234009731.427141
a position +17400 +21600 1001 2004 7785945.73730347 2386523.77172079 234005877.767628 7776507.61051223 2380442.50198123 234004567.953453
a position +1200 +21600 1001 9002 7785945.73730347 2386523.77172079 234005877.767628 -135917047.667428 4196.68310546875 -63651528.4206634
a position +0 +21600 1002 1001 7775324.17876016 2386523.77172079 234019071.289413 7785945.73730347 2386523.77172079 234005877.767628
a position +0 +21600 1002 1003 7775324.17876016 2386523.77172079 234019071.289413 7769209.03300001 2386523.77172079 234003275.988994
a position +16800 +21600 1002 2001 7775324.17876016 2386523.77172079 234019071.289413 7781341.37214447 2380197.85661277 234009076.821516
a position +6600 +21600 1002 2002 7775324.17876016 2386523.77172079 234019071.289413 7777153.66902456 2380277.51067834 234014033.270756
a position +0 +21600 1002 2003 7775324.17876016 2386523.77172079 234019071.289413 7772092.93678658 2380359.06741539 234009731.427141
a position +0 +21600 1002 2004 7775324.17876016 2386523.77172079 234019071.289413 7776507.61051223 2380442.50198123 234004567.953453
a position +21000 +21600 1002 9002 7775324.17876016 2386523.77172079 234019071.289413 -135917047.667428 4196.68310546875 -63651528.4206634
a position +0 +21600 1003 1001 7769209.03300001 2386523.77172079 234003275.988994 7785945.73730347 2386523.77172079 234005877.767628
a position +0 +21600 1003 1002 7769209.03300001 2386523.77172079 234003275.988994 7775324.17876016 2386523.77172079 234019071.289413
a position +0 +21600 1003 2001 7769209.03300001 2386523.77172079 234003275.988994 7781341.37214447 2380197.85661277 234009076.821516
a position +15000 +21600 1003 2002 7769209.03300001 2386523.77172079 234003275.988994 7777153.66902456 2380277.51067834 234014033.270756
a position +16800 +21600 1003 2003 7769209.03300001 2386523.77172079 234003275.988994 7772092.93678658 2380359.06741539 234009731.427141
a position +0 +21600 1003 2004 7769209.03300001 2386523.77172079 234003275.988994 7776507.61051223 2380442.50198123 234004567.953453
a position +10800 +21600 1003 9002 7769209.03300001 2386523.77172079 234003275.988994 -135917047.667428 4196.68310546875 -63651528.4206634
a position +0 +21600 2001 1001 7781341.37214447 2380197.85661277 234009076.821516 7785945.73730347 2386523.77172079 234005877.767628
a position +16800 +21600 2001 1002 7781341.37214447 2380197.85661277 234009076.821516 7775324.17876016 2386523.77172079 234019071.289413
a position +0 +21600 2001 1003 7781341.37214447 2380197.85661277 234009076.821516 7769209.03300001 2386523.77172079 234003275.988994
a position +0 +21600 2001 2002 7781341.37214447 2380197.85661277 234009076.821516 7777153.66902456 2380277.51067834 234014033.270756
a position +16200 +21600 2001 2003 7781341.37214447 2380197.85661277 234009076.821516 7772092.93678658 2380359.06741539 234009731.427141
a position +0 +21600 2001 2004 7781341.37214447 2380197.85661277 234009076.821516 7776507.61051223 2380442.50198123 234004567.953453
a position +0 +21600 2001 9002 7781341.37214447 2380197.85661277 234009076.821516 -135917047.667428 4196.68310546875 -63651528.4206634
a position +0 +21600 2002 1001 7777153.66902456 2380277.51067834 234014033.270756 7785945.73730347 2386523.77172079 234005877.767628
a position +6600 +21600 2002 1002 7777153.66902456 2380277.51067834 234014033.270756 7775324.17876016 2386523.77172079 234019071.289413
a position +15000 +21600 2002 1003 7777153.66902456 2380277.51067834 234014033.270756 7769209.03300001 2386523.77172079 234003275.988994
a position +0 +21600 2002 2001 7777153.66902456 2380277.51067834 234014033.270756 7781341.37214447 2380197.85661277 234009076.821516
a position +0 +21600 2002 2003 7777153.66902456 2380277.51067834 234014033.270756 7772092.93678658 2380359.06741539 234009731.427141
a position +16200 +21600 2002 2004 7777153.66902456 2380277.51067834 234014033.270756 7776507.61051223 2380442.50198123 234004567.953453
a position +0 +21600 2002 9002 7777153.66902456 2380277.51067834 234014033.270756 -135917047.667428 4196.68310546875 -63651528.4206634
a position +0 +21600 2003 1001 7772092.93678658 2380359.06741539 234009731.427141 7785945.73730347 2386523.77172079 234005877.767628
a position +0 +21600 2003 1002 7772092.93678658 2380359.06741539 234009731.427141 7775324.17876016 2386523.77172079 234019071.289413
a position +16800 +21600 2003 1003 7772092.93678658 2380359.06741539 234009731.427141 7769209.03300001 2386523.77172079 234003275.988994
a position +16200 +21600 2003 2001 7772092.93678658 2380359.06741539 234009731.427141 7781341.37214447 2380197.85661277 234009076.821516
a position +0 +21600 2003 2002 7772092.93678658 2380359.06741539 234009731.427141 7777153.66902456 2380277.51067834 234014033.270756
a position +0 +21600 2003 2004 7772092.93678658 2380359.06741539 234009731.427141 7776507.61051223 2380442.50198123 234004567.953453
a position +0 +21600 2003 9002 7772092.93678658 2380359.06741539 234009731.427141 -135917047.667428 4196.68310546875 -63651528.4206634
a position +17400 +21600 2004 1001 7776507.61051223 2380442.50198123 234004567.953453 7785945.73730347 2386523.77172079 234005877.767628
a position +0 +21600 2004 1002 7776507.61051223 2380442.50198123 234004567.953453 7775324.17876016 2386523.77172079 234019071.289413
a position +0 +21600 2004 1003 7776507.61051223 2380442.50198123 234004567.953453 7769209.03300001 2386523.77172079 234003275.988994
a position +0 +21600 2004 2001 7776507.61051223 2380442.50198123 234004567.953453 7781341.37214447 2380197.85661277 234009076.821516
a position +16200 +21600 2004 2002 7776507.61051223 2380442.50198123 234004567.953453 7777153.66902456 2380277.51067834 234014033.270756
a position +0 +21600 2004 2003 7776507.61051223 2380442.50198123 234004567.953453 7772092.93678658 2380359.06741539 234009731.427141
a position +0 +21600 2004 9002 7776507.61051223 2380442.50198123 234004567.953453 -135917047.667428 4196.68310546875 -63651528.4206634
a position +1200 +21600 9002 1001 -135917047.667428 4196.68310546875 -63651528.4206634 7785945.73730347 2386523.77172079 234005877.767628
a position +21000 +21600 9002 1002 -135917047.667428 4196.68310546875 -63651528.4206634 7775324.17876016 2386523.77172079 234019071.289413
a position +10800 +21600 9002 1003 -135917047.667428 4196.68310546875 -63651528.4206634 7769209.03300001 2386523.77172079 234003275.988994
a position +0 +21600 9002 2001 -135917047.667428 4196.68310546875 -63651528.4206634 7781341.37214447 2380197.85661277 234009076.821516
a position +0 +21600 9002 2002 -135917047.667428 4196.68310546875 -63651528.4206634 7777153.66902456 2380277.51067834 234014033.270756
a position +0 +21600 9002 2003 -135917047.667428 4196.68310546875 -63651528.4206634 7772092.93678658 2380359.06741539 234009731.427141
a position +0 +21600 9002 2004 -135917047.667428 4196.68310546875 -63651528.4206634 7776507.61051223 2380442.50198123 234004567.953453

