a contact +0 +1200 1001 2002 50
a contact +0 +1200 2002 1001 50
a contact +0 +15600 1002 9001 50
a contact +0 +15600 9001 1002 50
a contact +1200 +26400 1001 9002 50
a contact +15600 +26400 1002 2002 50
a contact +15600 +26400 2002 1002 50
a contact +1200 +26400 9002 1001 50
a contact +26400 +32400 1001 2002 50
a contact +0 +32400 1003 2004 50
a contact +26400 +32400 2002 1001 50
a contact +0 +32400 2004 1003 50
a contact +32400 +40200 1001 9003 50
a contact +32400 +40200 9003 1001 50
a contact +32400 +40800 1003 2002 50
a contact +32400 +40800 2002 1003 50
a contact +26400 +42600 1002 9002 50
a contact +26400 +42600 9002 1002 50
a contact +40200 +53400 1001 2003 50
a contact +40200 +53400 2003 1001 50
a contact +53400 +54000 1001 9001 50
a contact +53400 +54000 9001 1001 50
a contact +42600 +55800 1002 2001 50
a contact +42600 +55800 2001 1002 50
a contact +55800 +58800 1002 9001 50
a contact +55800 +58800 9001 1002 50
a contact +54000 +60000 1001 2003 50
a contact +54000 +60000 2003 1001 50
a contact +60000 +61800 1001 9001 50
a contact +60000 +61800 9001 1001 50
a contact +61800 +62400 1001 2003 50
a contact +61800 +62400 2003 1001 50
a contact +62400 +63000 1001 9001 50
a contact +58800 +63000 1002 2001 50
a contact +58800 +63000 2001 1002 50
a contact +62400 +63000 9001 1001 50
a contact +63000 +64200 1001 2003 50
a contact +63000 +64200 1002 9001 50
a contact +63000 +64200 2003 1001 50
a contact +63000 +64200 9001 1002 50
a contact +64200 +65400 1001 9001 50
a contact +64200 +65400 9001 1001 50
a contact +64200 +66600 1002 2001 50
a contact +40800 +66600 1003 9003 50
a contact +64200 +66600 2001 1002 50
a contact +40800 +66600 9003 1003 50
a contact +65400 +67200 1001 2003 50
a contact +65400 +67200 2003 1001 50
a contact +67200 +67800 1001 9001 50
a contact +66600 +67800 1002 9003 50
a contact +67200 +67800 9001 1001 50
a contact +66600 +67800 9003 1002 50
a contact +67800 +68400 1002 2001 50
a contact +67800 +68400 2001 1002 50
a contact +67800 +69000 1001 9003 50
a contact +68400 +69000 1002 9001 50
a contact +68400 +69000 9001 1002 50
a contact +67800 +69000 9003 1001 50
a contact +69000 +69600 1002 2001 50
a contact +66600 +69600 1003 2002 50
a contact +69000 +69600 2001 1002 50
a contact +66600 +69600 2002 1003 50
a contact +69000 +70200 1001 2003 50
a contact +69600 +70200 1002 9001 50
a contact +69000 +70200 2003 1001 50
a contact +69600 +70200 9001 1002 50
a contact +70200 +70800 1001 9001 50
a contact +70200 +70800 9001 1001 50
a contact +70200 +72600 1002 2001 50
a contact +70200 +72600 2001 1002 50
a contact +72600 +74400 1002 9001 50
a contact +72600 +74400 9001 1002 50
a contact +74400 +75000 1002 2001 50
a contact +74400 +75000 2001 1002 50
a contact +75000 +75600 1002 9001 50
a contact +75000 +75600 9001 1002 50
a contact +70800 +77400 1001 2003 50
a contact +70800 +77400 2003 1001 50
a contact +77400 +78600 1001 9001 50
a contact +69600 +78600 1003 9003 50
a contact +77400 +78600 9001 1001 50
a contact +69600 +78600 9003 1003 50
a contact +78600 +79200 1001 9002 50
a contact +78600 +79200 9002 1001 50
a contact +79200 +79800 1001 2003 50
a contact +78600 +79800 1003 9001 50
a contact +79200 +79800 2003 1001 50
a contact +78600 +79800 9001 1003 50
a contact +79800 +81000 1001 9001 50
a contact +79800 +81000 1003 9002 50
a contact +79800 +81000 9001 1001 50
a contact +79800 +81000 9002 1003 50
a contact +75600 +81600 1002 2001 50
a contact +81000 +81600 1003 9001 50
a contact +75600 +81600 2001 1002 50
a contact +81000 +81600 9001 1003 50
a contact +81600 +82200 1002 9001 50
a contact +81600 +82200 9001 1002 50
a contact +82200 +82800 1002 2001 50
a contact +82200 +82800 2001 1002 50
a contact +82800 +83400 1002 9001 50
a contact +81600 +83400 1003 9002 50
a contact +82800 +83400 9001 1002 50
a contact +81600 +83400 9002 1003 50
a contact +81000 +84000 1001 2003 50
a contact +83400 +84000 1003 9001 50
a contact +81000 +84000 2003 1001 50
a contact +83400 +84000 9001 1003 50
a contact +84000 +84600 1001 9001 50
a contact +84000 +84600 1003 9002 50
a contact +84000 +84600 9001 1001 50
a contact +84000 +84600 9002 1003 50
a contact +83400 +85200 1002 2001 50
a contact +84600 +85200 1003 9001 50
a contact +83400 +85200 2001 1002 50
a contact +84600 +85200 9001 1003 50
a contact +84600 +86400 1001 2003 50
a contact +85200 +86400 1002 9001 50
a contact +85200 +86400 1003 9002 50
a contact +84600 +86400 2003 1001 50
a contact +85200 +86400 9001 1002 50
a contact +85200 +86400 9002 1003 50

a range +0 +1200 1001 2002 0.0543
a range +0 +1200 2002 1001 0.0543
a range +0 +15600 1002 9001 1102.3712
a range +0 +15600 9001 1002 1102.3712
a range +1200 +26400 1001 9002 1102.7998
a range +15600 +26400 1002 2002 0.0555
a range +15600 +26400 2002 1002 0.0555
a range +1200 +26400 9002 1001 1102.7998
a range +26400 +32400 1001 2002 0.0543
a range +0 +32400 1003 2004 0.0542
a range +26400 +32400 2002 1001 0.0543
a range +0 +32400 2004 1003 0.0542
a range +32400 +40200 1001 9003 1103.9292
a range +32400 +40200 9003 1001 1103.9292
a range +32400 +40800 1003 2002 0.0542
a range +32400 +40800 2002 1003 0.0542
a range +26400 +42600 1002 9002 1103.4001
a range +26400 +42600 9002 1002 1103.4001
a range +40200 +53400 1001 2003 0.052
a range +40200 +53400 2003 1001 0.052
a range +53400 +54000 1001 9001 1103.9444
a range +53400 +54000 9001 1001 1103.9444
a range +42600 +55800 1002 2001 0.054
a range +42600 +55800 2001 1002 0.054
a range +55800 +58800 1002 9001 1104.6917
a range +55800 +58800 9001 1002 1104.6917
a range +54000 +60000 1001 2003 0.052
a range +54000 +60000 2003 1001 0.052
a range +60000 +61800 1001 9001 1105.0649
a range +60000 +61800 9001 1001 1105.0649
a range +61800 +62400 1001 2003 0.052
a range +61800 +62400 2003 1001 0.052
a range +62400 +63000 1001 9001 1105.0649
a range +58800 +63000 1002 2001 0.054
a range +58800 +63000 2001 1002 0.054
a range +62400 +63000 9001 1001 1105.0649
a range +63000 +64200 1001 2003 0.052
a range +63000 +64200 1002 9001 1104.6917
a range +63000 +64200 2003 1001 0.052
a range +63000 +64200 9001 1002 1104.6917
a range +64200 +65400 1001 9001 1105.0649
a range +64200 +65400 9001 1001 1105.0649
a range +64200 +66600 1002 2001 0.054
a range +40800 +66600 1003 9003 1104.3298
a range +64200 +66600 2001 1002 0.054
a range +40800 +66600 9003 1003 1104.3298
a range +65400 +67200 1001 2003 0.052
a range +65400 +67200 2003 1001 0.052
a range +67200 +67800 1001 9001 1105.0649
a range +66600 +67800 1002 9003 1104.7107
a range +67200 +67800 9001 1001 1105.0649
a range +66600 +67800 9003 1002 1104.7107
a range +67800 +68400 1002 2001 0.054
a range +67800 +68400 2001 1002 0.054
a range +67800 +69000 1001 9003 1104.7653
a range +68400 +69000 1002 9001 1104.6917
a range +68400 +69000 9001 1002 1104.6917
a range +67800 +69000 9003 1001 1104.7653
a range +69000 +69600 1002 2001 0.054
a range +66600 +69600 1003 2002 0.0542
a range +69000 +69600 2001 1002 0.054
a range +66600 +69600 2002 1003 0.0542
a range +69000 +70200 1001 2003 0.052
a range +69600 +70200 1002 9001 1104.6917
a range +69000 +70200 2003 1001 0.052
a range +69600 +70200 9001 1002 1104.6917
a range +70200 +70800 1001 9001 1105.0649
a range +70200 +70800 9001 1001 1105.0649
a range +70200 +72600 1002 2001 0.054
a range +70200 +72600 2001 1002 0.054
a range +72600 +74400 1002 9001 1104.6917
a range +72600 +74400 9001 1002 1104.6917
a range +74400 +75000 1002 2001 0.054
a range +74400 +75000 2001 1002 0.054
a range +75000 +75600 1002 9001 1104.6917
a range +75000 +75600 9001 1002 1104.6917
a range +70800 +77400 1001 2003 0.052
a range +70800 +77400 2003 1001 0.052
a range +77400 +78600 1001 9001 1105.0649
a range +69600 +78600 1003 9003 1104.7526
a range +77400 +78600 9001 1001 1105.0649
a range +69600 +78600 9003 1003 1104.7526
a range +78600 +79200 1001 9002 1105.0733
a range +78600 +79200 9002 1001 1105.0733
a range +79200 +79800 1001 2003 0.052
a range +78600 +79800 1003 9001 1105.0361
a range +79200 +79800 2003 1001 0.052
a range +78600 +79800 9001 1003 1105.0361
a range +79800 +81000 1001 9001 1105.0649
a range +79800 +81000 1003 9002 1105.0433
a range +79800 +81000 9001 1001 1105.0649
a range +79800 +81000 9002 1003 1105.0433
a range +75600 +81600 1002 2001 0.0552
a range +81000 +81600 1003 9001 1105.0361
a range +75600 +81600 2001 1002 0.0552
a range +81000 +81600 9001 1003 1105.0361
a range +81600 +82200 1002 9001 1105.0472
a range +81600 +82200 9001 1002 1105.0472
a range +82200 +82800 1002 2001 0.0552
a range +82200 +82800 2001 1002 0.0552
a range +82800 +83400 1002 9001 1105.0472
a range +81600 +83400 1003 9002 1105.0433
a range +82800 +83400 9001 1002 1105.0472
a range +81600 +83400 9002 1003 1105.0433
a range +81000 +84000 1001 2003 0.052
a range +83400 +84000 1003 9001 1105.0361
a range +81000 +84000 2003 1001 0.052
a range +83400 +84000 9001 1003 1105.0361
a range +84000 +84600 1001 9001 1105.0649
a range +84000 +84600 1003 9002 1105.0433
a range +84000 +84600 9001 1001 1105.0649
a range +84000 +84600 9002 1003 1105.0433
a range +83400 +85200 1002 2001 0.0552
a range +84600 +85200 1003 9001 1105.0361
a range +83400 +85200 2001 1002 0.0552
a range +84600 +85200 9001 1003 1105.0361
a range +84600 +86400 1001 2003 0.052
a range +85200 +86400 1002 9001 1105.0472
a range +85200 +86400 1003 9002 1105.0433
a range +84600 +86400 2003 1001 0.052
a range +85200 +86400 9001 1002 1105.0472
a range +85200 +86400 9002 1003 1105.0433
