a contact +0 +1200 1001 9003 1200
a contact +0 +1200 9003 1001 1200
a contact +1200 +2400 1001 9003 1200
a contact +1200 +2400 9003 1001 1200
a contact +0 +6000 1002 2015 50
a contact +0 +6000 1004 2017 50
a contact +0 +6000 1004 2011 50
a contact +0 +6000 2011 1004 50
a contact +0 +6000 2015 1002 50
a contact +0 +6000 2017 1004 50
a contact +0 +6600 1003 2018 50
a contact +0 +6600 2018 1003 50
a contact +6000 +7200 1002 2013 50
a contact +6000 +7200 2013 1002 50
a contact +2400 +7800 1001 2024 50
a contact +6000 +7800 1004 9003 1200
a contact +2400 +7800 2024 1001 50
a contact +6000 +7800 9003 1004 1200
a contact +7800 +8400 1004 9003 1200
a contact +7800 +8400 9003 1004 1200
a contact +6600 +10200 1003 2020 50
a contact +6600 +10200 2020 1003 50
a contact +7200 +10800 1002 2030 50
a contact +0 +10800 1003 2014 50
a contact +0 +10800 2014 1003 50
a contact +7200 +10800 2030 1002 50
a contact +0 +11400 1002 2026 50
a contact +0 +11400 2026 1002 50
a contact +10200 +12000 1003 2021 50
a contact +10800 +12000 1003 2010 50
a contact +10800 +12000 2010 1003 50
a contact +10200 +12000 2021 1003 50
a contact +8400 +12600 1004 2024 50
a contact +0 +12600 2002 9002 50
a contact +0 +12600 2022 9001 50
a contact +8400 +12600 2024 1004 50
a contact +0 +12600 9001 2022 50
a contact +0 +12600 9002 2002 50
a contact +12000 +13200 1003 9003 1200
a contact +12000 +13200 9003 1003 1200
a contact +10800 +14400 1002 2005 50
a contact +13200 +14400 1003 9003 1200
a contact +10800 +14400 2005 1002 50
a contact +13200 +14400 9003 1003 1200
a contact +11400 +15000 1002 2018 50
a contact +11400 +15000 2018 1002 50
a contact +2400 +15600 1001 2029 50
a contact +2400 +15600 2029 1001 50
a contact +12600 +15600 2030 9001 50
a contact +12600 +15600 9001 2030 50
a contact +15000 +17400 1002 2009 50
a contact +14400 +17400 1002 2011 50
a contact +15000 +17400 2009 1002 50
a contact +14400 +17400 2011 1002 50
a contact +8400 +18000 1004 2019 50
a contact +8400 +18000 2019 1004 50
a contact +18000 +18600 1002 9001 1200
a contact +17400 +18600 1002 9003 1200
a contact +18000 +18600 9001 1002 1200
a contact +17400 +18600 9003 1002 1200
a contact +18600 +19800 1002 9003 1200
a contact +18600 +19800 1002 9001 1200
a contact +18600 +19800 9001 1002 1200
a contact +18600 +19800 9003 1002 1200
a contact +7800 +21000 1001 2027 50
a contact +7800 +21000 2027 1001 50
a contact +14400 +22200 1003 2003 50
a contact +14400 +22200 2003 1003 50
a contact +12600 +22800 1004 2032 50
a contact +12600 +22800 2032 1004 50
a contact +21000 +23400 1001 2023 50
a contact +15600 +23400 1001 2017 50
a contact +15600 +23400 2017 1001 50
a contact +21000 +23400 2023 1001 50
a contact +12600 +23400 2025 9002 50
a contact +12600 +23400 9002 2025 50
a contact +18000 +24600 1004 2021 50
a contact +18000 +24600 2021 1004 50
a contact +23400 +25800 1001 9001 1200
a contact +24000 +25800 1001 9003 1200
a contact +23400 +25800 9001 1001 1200
a contact +24000 +25800 9003 1001 1200
a contact +25800 +26400 1001 9001 1200
a contact +25800 +26400 9001 1001 1200
a contact +22800 +29400 1004 2015 50
a contact +24600 +29400 1004 2023 50
a contact +22800 +29400 2015 1004 50
a contact +24600 +29400 2023 1004 50
a contact +14400 +30000 1003 2007 50
a contact +29400 +30000 1004 9003 1200
a contact +29400 +30000 1004 9001 1200
a contact +14400 +30000 2007 1003 50
a contact +29400 +30000 9001 1004 1200
a contact +29400 +30000 9003 1004 1200
a contact +22200 +30600 1003 2011 50
a contact +22200 +30600 2011 1003 50
a contact +30600 +31200 1003 2016 50
a contact +30600 +31200 2016 1003 50
a contact +20400 +31800 1002 2013 50
a contact +20400 +31800 2013 1002 50
a contact +20400 +32400 1002 2022 50
a contact +30600 +32400 1004 9001 1200
a contact +20400 +32400 2022 1002 50
a contact +30600 +32400 9001 1004 1200
a contact +23400 +33600 2029 9002 50
a contact +23400 +33600 9002 2029 50
a contact +31200 +34200 1003 2023 50
a contact +31200 +34200 2023 1003 50
a contact +26400 +34800 1001 2004 50
a contact +32400 +34800 1004 2030 50
a contact +26400 +34800 2004 1001 50
a contact +32400 +34800 2030 1004 50
a contact +34200 +35400 1003 2021 50
a contact +30000 +35400 1003 2028 50
a contact +34200 +35400 2021 1003 50
a contact +30000 +35400 2028 1003 50
a contact +26400 +36000 1001 2031 50
a contact +26400 +36000 2031 1001 50
a contact +32400 +36600 1004 2010 50
a contact +32400 +36600 2010 1004 50
a contact +35400 +37800 1003 9001 1200
a contact +35400 +37800 9001 1003 1200
a contact +30000 +39000 2027 9003 50
a contact +30000 +39000 9003 2027 50
a contact +36000 +40200 1001 2009 50
a contact +36000 +40200 2009 1001 50
a contact +31800 +41400 1002 2025 50
a contact +32400 +41400 1002 2016 50
a contact +32400 +41400 2016 1002 50
a contact +31800 +41400 2025 1002 50
a contact +37800 +42000 1003 2013 50
a contact +37800 +42000 2013 1003 50
a contact +33600 +42600 2001 9002 50
a contact +33600 +42600 9002 2001 50
a contact +42600 +43200 1002 9002 1200
a contact +41400 +43200 1002 9001 1200
a contact +41400 +43200 9001 1002 1200
a contact +42600 +43200 9002 1002 1200
a contact +43200 +43800 1002 9001 1200
a contact +43200 +43800 1002 9002 1200
a contact +43200 +43800 9001 1002 1200
a contact +43200 +43800 9002 1002 1200
a contact +40200 +44400 1001 2032 50
a contact +39000 +44400 2021 9003 50
a contact +40200 +44400 2032 1001 50
a contact +39000 +44400 9003 2021 50
a contact +43800 +46200 1002 2031 50
a contact +34800 +46200 1004 2018 50
a contact +34800 +46200 2018 1004 50
a contact +43800 +46200 2031 1002 50
a contact +44400 +46800 1001 2021 50
a contact +34800 +46800 1001 2005 50
a contact +34800 +46800 2005 1001 50
a contact +44400 +46800 2021 1001 50
a contact +46800 +47400 1001 9001 1200
a contact +46800 +47400 9001 1001 1200
a contact +48000 +49200 1001 9001 1200
a contact +48000 +49200 9001 1001 1200
a contact +48000 +49800 1001 9002 1200
a contact +48000 +49800 9002 1001 1200
a contact +43800 +51600 1002 2004 50
a contact +37800 +51600 1003 2023 50
a contact +46200 +51600 1004 2014 50
a contact +43800 +51600 2004 1002 50
a contact +46200 +51600 2014 1004 50
a contact +37800 +51600 2023 1003 50
a contact +46200 +52200 1002 2019 50
a contact +46200 +52200 2019 1002 50
a contact +42000 +52800 1003 2029 50
a contact +51600 +52800 1004 2031 50
a contact +36600 +52800 1004 2028 50
a contact +36600 +52800 2028 1004 50
a contact +42000 +52800 2029 1003 50
a contact +51600 +52800 2031 1004 50
a contact +51600 +54600 1003 2024 50
a contact +52200 +54600 2009 9001 50
a contact +44400 +54600 2012 9003 50
a contact +51600 +54600 2024 1003 50
a contact +52200 +54600 9001 2009 50
a contact +44400 +54600 9003 2012 50
a contact +52800 +55800 1004 9002 1200
a contact +52800 +55800 9002 1004 1200
a contact +52800 +58800 1003 2007 50
a contact +54600 +58800 1003 2011 50
a contact +52800 +58800 2007 1003 50
a contact +54600 +58800 2011 1003 50
a contact +52200 +60600 1002 2003 50
a contact +52200 +60600 2003 1002 50
a contact +58800 +61800 1003 9002 1200
a contact +58800 +61800 9002 1003 1200
a contact +49800 +62400 1001 2008 50
a contact +49800 +62400 1001 2001 50
a contact +60600 +62400 1002 2010 50
a contact +49800 +62400 2001 1001 50
a contact +49800 +62400 2008 1001 50
a contact +54600 +62400 2009 9003 50
a contact +60600 +62400 2010 1002 50
a contact +54600 +62400 2024 9001 50
a contact +54600 +62400 9001 2024 50
a contact +54600 +62400 9003 2009 50
a contact +62400 +64800 1002 2013 50
a contact +51600 +64800 1002 2005 50
a contact +51600 +64800 2005 1002 50
a contact +62400 +64800 2013 1002 50
a contact +61800 +65400 1003 2016 50
a contact +61800 +65400 2016 1003 50
a contact +62400 +65400 2024 9003 50
a contact +62400 +65400 9003 2024 50
a contact +62400 +66000 2026 9001 50
a contact +62400 +66000 9001 2026 50
a contact +64800 +67200 1002 9002 1200
a contact +64800 +67200 9002 1002 1200
a contact +62400 +67800 1001 2003 50
a contact +62400 +67800 2003 1001 50
a contact +66000 +68400 2007 9001 50
a contact +66000 +68400 9001 2007 50
a contact +55800 +69000 1004 2006 50
a contact +55800 +69000 2006 1004 50
a contact +55800 +70200 1004 2020 50
a contact +55800 +70200 2020 1004 50
a contact +67800 +70800 1001 2013 50
a contact +62400 +70800 1001 2004 50
a contact +62400 +70800 2004 1001 50
a contact +67800 +70800 2013 1001 50
a contact +70800 +71400 1001 9002 1200
a contact +61800 +71400 1003 2012 50
a contact +61800 +71400 2012 1003 50
a contact +70800 +71400 9002 1001 1200
a contact +71400 +72000 1001 9002 1200
a contact +71400 +72000 9002 1001 1200
a contact +67200 +72600 1002 2014 50
a contact +65400 +72600 1003 2008 50
a contact +65400 +72600 2008 1003 50
a contact +67200 +72600 2014 1002 50
a contact +72000 +73200 1001 9002 1200
a contact +68400 +73200 2021 9001 50
a contact +68400 +73200 9001 2021 50
a contact +72000 +73200 9002 1001 1200
a contact +65400 +73800 2010 9003 50
a contact +65400 +73800 9003 2010 50
a contact +72600 +75000 1002 2017 50
a contact +72600 +75000 2017 1002 50
a contact +72600 +76200 1003 2020 50
a contact +70200 +76200 1004 2019 50
a contact +69000 +76200 1004 2031 50
a contact +70200 +76200 2019 1004 50
a contact +72600 +76200 2020 1003 50
a contact +69000 +76200 2031 1004 50
a contact +76200 +78000 1004 9002 1200
a contact +76200 +78000 9002 1004 1200
a contact +73800 +78600 2009 9003 50
a contact +73800 +78600 9003 2009 50
a contact +78600 +79200 1004 9003 1200
a contact +78600 +79200 9003 1004 1200
a contact +67200 +79800 1002 2026 50
a contact +67200 +79800 2026 1002 50
a contact +71400 +82200 1003 2002 50
a contact +76200 +82200 1003 2010 50
a contact +71400 +82200 2002 1003 50
a contact +76200 +82200 2010 1003 50
a contact +73200 +82800 2015 9001 50
a contact +73200 +82800 9001 2015 50
a contact +73200 +83400 1001 2030 50
a contact +75000 +83400 1002 2016 50
a contact +75000 +83400 2016 1002 50
a contact +73200 +83400 2030 1001 50
a contact +73200 +84000 1001 2006 50
a contact +73200 +84000 2006 1001 50
a contact +78600 +84000 2029 9002 50
a contact +78600 +84000 9002 2029 50
a contact +79800 +84600 1002 2021 50
a contact +79800 +84600 2021 1002 50
a contact +82800 +85200 1003 9003 1200
a contact +82800 +85200 9003 1003 1200
a contact +84000 +86400 1001 2030 50
a contact +83400 +86400 1001 2012 50
a contact +84600 +86400 1002 2008 50
a contact +83400 +86400 1002 2019 50
a contact +85200 +86400 1003 2031 50
a contact +85200 +86400 1003 2025 50
a contact +79200 +86400 1004 2032 50
a contact +79200 +86400 1004 2017 50
a contact +84000 +86400 2005 9002 50
a contact +84600 +86400 2008 1002 50
a contact +83400 +86400 2012 1001 50
a contact +79200 +86400 2017 1004 50
a contact +83400 +86400 2019 1002 50
a contact +82800 +86400 2023 9001 50
a contact +85200 +86400 2025 1003 50
a contact +84000 +86400 2030 1001 50
a contact +85200 +86400 2031 1003 50
a contact +79200 +86400 2032 1004 50
a contact +82800 +86400 9001 2023 50
a contact +84000 +86400 9002 2005 50

a range +0 +1200 1001 9003 0.0593
a range +0 +1200 9003 1001 0.0593
a range +1200 +2400 1001 9003 0.0593
a range +1200 +2400 9003 1001 0.0593
a range +0 +6000 1002 2015 1102.0329
a range +0 +6000 1004 2017 1102.0467
a range +0 +6000 1004 2011 1102.0136
a range +0 +6000 2011 1004 1102.0136
a range +0 +6000 2015 1002 1102.0329
a range +0 +6000 2017 1004 1102.0467
a range +0 +6600 1003 2018 1102.2372
a range +0 +6600 2018 1003 1102.2372
a range +6000 +7200 1002 2013 1102.3122
a range +6000 +7200 2013 1002 1102.3122
a range +2400 +7800 1001 2024 1102.7084
a range +6000 +7800 1004 9003 0.0604
a range +2400 +7800 2024 1001 1102.7084
a range +6000 +7800 9003 1004 0.0604
a range +7800 +8400 1004 9003 0.0604
a range +7800 +8400 9003 1004 0.0604
a range +6600 +10200 1003 2020 1102.2629
a range +6600 +10200 2020 1003 1102.2629
a range +7200 +10800 1002 2030 1102.4655
a range +0 +10800 1003 2014 1102.2308
a range +0 +10800 2014 1003 1102.2308
a range +7200 +10800 2030 1002 1102.4655
a range +0 +11400 1002 2026 1102.4684
a range +0 +11400 2026 1002 1102.4684
a range +10200 +12000 1003 2021 1102.2786
a range +10800 +12000 1003 2010 1102.236
a range +10800 +12000 2010 1003 1102.236
a range +10200 +12000 2021 1003 1102.2786
a range +8400 +12600 1004 2024 1102.95
a range +0 +12600 2002 9002 1103.399
a range +0 +12600 2022 9001 1102.3544
a range +8400 +12600 2024 1004 1102.95
a range +0 +12600 9001 2022 1102.3544
a range +0 +12600 9002 2002 1103.399
a range +12000 +13200 1003 9003 0.0615
a range +12000 +13200 9003 1003 0.0615
a range +10800 +14400 1002 2005 1102.4739
a range +13200 +14400 1003 9003 0.0615
a range +10800 +14400 2005 1002 1102.4739
a range +13200 +14400 9003 1003 0.0615
a range +11400 +15000 1002 2018 1102.4708
a range +11400 +15000 2018 1002 1102.4708
a range +2400 +15600 1001 2029 1102.6912
a range +2400 +15600 2029 1001 1102.6912
a range +12600 +15600 2030 9001 1102.3489
a range +12600 +15600 9001 2030 1102.3489
a range +15000 +17400 1002 2009 1102.4523
a range +14400 +17400 1002 2011 1102.4866
a range +15000 +17400 2009 1002 1102.4523
a range +14400 +17400 2011 1002 1102.4866
a range +8400 +18000 1004 2019 1102.9082
a range +8400 +18000 2019 1004 1102.9082
a range +18000 +18600 1002 9001 0.0625
a range +17400 +18600 1002 9003 0.0591
a range +18000 +18600 9001 1002 0.0625
a range +17400 +18600 9003 1002 0.0591
a range +18600 +19800 1002 9003 0.0591
a range +18600 +19800 1002 9001 0.0625
a range +18600 +19800 9001 1002 0.0625
a range +18600 +19800 9003 1002 0.0591
a range +7800 +21000 1001 2027 1102.7024
a range +7800 +21000 2027 1001 1102.7024
a range +14400 +22200 1003 2003 1103.1639
a range +14400 +22200 2003 1003 1103.1639
a range +12600 +22800 1004 2032 1102.9382
a range +12600 +22800 2032 1004 1102.9382
a range +21000 +23400 1001 2023 1102.6905
a range +15600 +23400 1001 2017 1102.7209
a range +15600 +23400 2017 1001 1102.7209
a range +21000 +23400 2023 1001 1102.6905
a range +12600 +23400 2025 9002 1103.3935
a range +12600 +23400 9002 2025 1103.3935
a range +18000 +24600 1004 2021 1102.928
a range +18000 +24600 2021 1004 1102.928
a range +23400 +25800 1001 9001 0.0601
a range +24000 +25800 1001 9003 0.0602
a range +23400 +25800 9001 1001 0.0601
a range +24000 +25800 9003 1001 0.0602
a range +25800 +26400 1001 9001 0.0601
a range +25800 +26400 9001 1001 0.0601
a range +22800 +29400 1004 2015 1102.9555
a range +24600 +29400 1004 2023 1102.9545
a range +22800 +29400 2015 1004 1102.9555
a range +24600 +29400 2023 1004 1102.9545
a range +14400 +30000 1003 2007 1103.1627
a range +29400 +30000 1004 9003 0.0613
a range +29400 +30000 1004 9001 0.0612
a range +14400 +30000 2007 1003 1103.1627
a range +29400 +30000 9001 1004 0.0612
a range +29400 +30000 9003 1004 0.0613
a range +22200 +30600 1003 2011 1103.1653
a range +22200 +30600 2011 1003 1103.1653
a range +30600 +31200 1003 2016 1103.1447
a range +30600 +31200 2016 1003 1103.1447
a range +20400 +31800 1002 2013 1103.0515
a range +20400 +31800 2013 1002 1103.0515
a range +20400 +32400 1002 2022 1102.9624
a range +30600 +32400 1004 9001 0.0612
a range +20400 +32400 2022 1002 1102.9624
a range +30600 +32400 9001 1004 0.0612
a range +23400 +33600 2029 9002 1103.3823
a range +23400 +33600 9002 2029 1103.3823
a range +31200 +34200 1003 2023 1103.1611
a range +31200 +34200 2023 1003 1103.1611
a range +26400 +34800 1001 2004 1103.5912
a range +32400 +34800 1004 2030 1103.8418
a range +26400 +34800 2004 1001 1103.5912
a range +32400 +34800 2030 1004 1103.8418
a range +34200 +35400 1003 2021 1103.1866
a range +30000 +35400 1003 2028 1103.17
a range +34200 +35400 2021 1003 1103.1866
a range +30000 +35400 2028 1003 1103.17
a range +26400 +36000 1001 2031 1103.6047
a range +26400 +36000 2031 1001 1103.6047
a range +32400 +36600 1004 2010 1103.3249
a range +32400 +36600 2010 1004 1103.3249
a range +35400 +37800 1003 9001 0.0623
a range +35400 +37800 9001 1003 0.0623
a range +30000 +39000 2027 9003 1104.7795
a range +30000 +39000 9003 2027 1104.7795
a range +36000 +40200 1001 2009 1103.5406
a range +36000 +40200 2009 1001 1103.5406
a range +31800 +41400 1002 2025 1103.3981
a range +32400 +41400 1002 2016 1103.3842
a range +32400 +41400 2016 1002 1103.3842
a range +31800 +41400 2025 1002 1103.3981
a range +37800 +42000 1003 2013 1103.9124
a range +37800 +42000 2013 1003 1103.9124
a range +33600 +42600 2001 9002 1103.3947
a range +33600 +42600 9002 2001 1103.3947
a range +42600 +43200 1002 9002 0.0613
a range +41400 +43200 1002 9001 0.0599
a range +41400 +43200 9001 1002 0.0599
a range +42600 +43200 9002 1002 0.0613
a range +43200 +43800 1002 9001 0.0599
a range +43200 +43800 1002 9002 0.0613
a range +43200 +43800 9001 1002 0.0599
a range +43200 +43800 9002 1002 0.0613
a range +40200 +44400 1001 2032 1103.6093
a range +39000 +44400 2021 9003 1103.8985
a range +40200 +44400 2032 1001 1103.6093
a range +39000 +44400 9003 2021 1103.8985
a range +43800 +46200 1002 2031 1104.2928
a range +34800 +46200 1004 2018 1103.8101
a range +34800 +46200 2018 1004 1103.8101
a range +43800 +46200 2031 1002 1104.2928
a range +44400 +46800 1001 2021 1103.5797
a range +34800 +46800 1001 2005 1103.5908
a range +34800 +46800 2005 1001 1103.5908
a range +44400 +46800 2021 1001 1103.5797
a range +46800 +47400 1001 9001 0.061
a range +46800 +47400 9001 1001 0.061
a range +48000 +49200 1001 9001 0.061
a range +48000 +49200 9001 1001 0.061
a range +48000 +49800 1001 9002 0.0591
a range +48000 +49800 9002 1001 0.0591
a range +43800 +51600 1002 2004 1104.2935
a range +37800 +51600 1003 2023 1104.047
a range +46200 +51600 1004 2014 1103.8573
a range +43800 +51600 2004 1002 1104.2935
a range +46200 +51600 2014 1004 1103.8573
a range +37800 +51600 2023 1003 1104.047
a range +46200 +52200 1002 2019 1104.145
a range +46200 +52200 2019 1002 1104.145
a range +42000 +52800 1003 2029 1104.0705
a range +51600 +52800 1004 2031 1103.8402
a range +36600 +52800 1004 2028 1103.8319
a range +36600 +52800 2028 1004 1103.8319
a range +42000 +52800 2029 1003 1104.0705
a range +51600 +52800 2031 1004 1103.8402
a range +51600 +54600 1003 2024 1104.0416
a range +52200 +54600 2009 9001 1104.2733
a range +44400 +54600 2012 9003 1103.9684
a range +51600 +54600 2024 1003 1104.0416
a range +52200 +54600 9001 2009 1104.2733
a range +44400 +54600 9003 2012 1103.9684
a range +52800 +55800 1004 9002 0.0601
a range +52800 +55800 9002 1004 0.0601
a range +52800 +58800 1003 2007 1104.0568
a range +54600 +58800 1003 2011 1104.0834
a range +52800 +58800 2007 1003 1104.0568
a range +54600 +58800 2011 1003 1104.0834
a range +52200 +60600 1002 2003 1104.302
a range +52200 +60600 2003 1002 1104.302
a range +58800 +61800 1003 9002 0.0612
a range +58800 +61800 9002 1003 0.0612
a range +49800 +62400 1001 2008 1104.5377
a range +49800 +62400 1001 2001 1104.531
a range +60600 +62400 1002 2010 1104.2379
a range +49800 +62400 2001 1001 1104.531
a range +49800 +62400 2008 1001 1104.5377
a range +54600 +62400 2009 9003 1104.2741
a range +60600 +62400 2010 1002 1104.2379
a range +54600 +62400 2024 9001 1104.4091
a range +54600 +62400 9001 2024 1104.4091
a range +54600 +62400 9003 2009 1104.2741
a range +62400 +64800 1002 2013 1104.2749
a range +51600 +64800 1002 2005 1104.2868
a range +51600 +64800 2005 1002 1104.2868
a range +62400 +64800 2013 1002 1104.2749
a range +61800 +65400 1003 2016 1104.3631
a range +61800 +65400 2016 1003 1104.3631
a range +62400 +65400 2024 9003 1104.4166
a range +62400 +65400 9003 2024 1104.4166
a range +62400 +66000 2026 9001 1105.065
a range +62400 +66000 9001 2026 1105.065
a range +64800 +67200 1002 9002 0.0622
a range +64800 +67200 9002 1002 0.0622
a range +62400 +67800 1001 2003 1104.5173
a range +62400 +67800 2003 1001 1104.5173
a range +66000 +68400 2007 9001 1105.0546
a range +66000 +68400 9001 2007 1105.0546
a range +55800 +69000 1004 2006 1104.7431
a range +55800 +69000 2006 1004 1104.7431
a range +55800 +70200 1004 2020 1104.7475
a range +55800 +70200 2020 1004 1104.7475
a range +67800 +70800 1001 2013 1104.5223
a range +62400 +70800 1001 2004 1104.5184
a range +62400 +70800 2004 1001 1104.5184
a range +67800 +70800 2013 1001 1104.5223
a range +70800 +71400 1001 9002 0.0599
a range +61800 +71400 1003 2012 1104.8115
a range +61800 +71400 2012 1003 1104.8115
a range +70800 +71400 9002 1001 0.0599
a range +71400 +72000 1001 9002 0.0599
a range +71400 +72000 9002 1001 0.0599
a range +67200 +72600 1002 2014 1104.5773
a range +65400 +72600 1003 2008 1104.9577
a range +65400 +72600 2008 1003 1104.9577
a range +67200 +72600 2014 1002 1104.5773
a range +72000 +73200 1001 9002 0.0599
a range +68400 +73200 2021 9001 1104.707
a range +68400 +73200 9001 2021 1104.707
a range +72000 +73200 9002 1001 0.0599
a range +65400 +73800 2010 9003 1104.769
a range +65400 +73800 9003 2010 1104.769
a range +72600 +75000 1002 2017 1105.1363
a range +72600 +75000 2017 1002 1105.1363
a range +72600 +76200 1003 2020 1104.8431
a range +70200 +76200 1004 2019 1104.73
a range +69000 +76200 1004 2031 1104.7352
a range +70200 +76200 2019 1004 1104.73
a range +72600 +76200 2020 1003 1104.8431
a range +69000 +76200 2031 1004 1104.7352
a range +76200 +78000 1004 9002 0.061
a range +76200 +78000 9002 1004 0.061
a range +73800 +78600 2009 9003 1104.7539
a range +73800 +78600 9003 2009 1104.7539
a range +78600 +79200 1004 9003 0.0605
a range +78600 +79200 9003 1004 0.0605
a range +67200 +79800 1002 2026 1105.1208
a range +67200 +79800 2026 1002 1105.1208
a range +71400 +82200 1003 2002 1104.9734
a range +76200 +82200 1003 2010 1104.9836
a range +71400 +82200 2002 1003 1104.9734
a range +76200 +82200 2010 1003 1104.9836
a range +73200 +82800 2015 9001 1105.0517
a range +73200 +82800 9001 2015 1105.0517
a range +73200 +83400 1001 2030 1105.0223
a range +75000 +83400 1002 2016 1105.126
a range +75000 +83400 2016 1002 1105.126
a range +73200 +83400 2030 1001 1105.0223
a range +73200 +84000 1001 2006 1105.0201
a range +73200 +84000 2006 1001 1105.0201
a range +78600 +84000 2029 9002 1105.0563
a range +78600 +84000 9002 2029 1105.0563
a range +79800 +84600 1002 2021 1105.0905
a range +79800 +84600 2021 1002 1105.0905
a range +82800 +85200 1003 9003 0.0435
a range +82800 +85200 9003 1003 0.0435
a range +84000 +86400 1001 2030 1105.0223
a range +83400 +86400 1001 2012 1105.0172
a range +84600 +86400 1002 2008 1105.1188
a range +83400 +86400 1002 2019 1105.1187
a range +85200 +86400 1003 2031 1105.1095
a range +85200 +86400 1003 2025 1105.12
a range +79200 +86400 1004 2032 1105.0324
a range +79200 +86400 1004 2017 1105.0506
a range +84000 +86400 2005 9002 1105.0542
a range +84600 +86400 2008 1002 1105.1188
a range +83400 +86400 2012 1001 1105.0172
a range +79200 +86400 2017 1004 1105.0506
a range +83400 +86400 2019 1002 1105.1187
a range +82800 +86400 2023 9001 1105.0523
a range +85200 +86400 2025 1003 1105.12
a range +84000 +86400 2030 1001 1105.0223
a range +85200 +86400 2031 1003 1105.1095
a range +79200 +86400 2032 1004 1105.0324
a range +82800 +86400 9001 2023 1105.0523
a range +84000 +86400 9002 2005 1105.0542
