a contact +0 +600 2018 9001 50
a contact +0 +600 9001 2018 50
a contact +0 +1200 2036 9004 50
a contact +0 +1200 9004 2036 50
a contact +0 +1800 2007 9010 50
a contact +0 +1800 2011 9005 50
a contact +600 +1800 2037 9001 50
a contact +0 +1800 2046 9008 50
a contact +600 +1800 9001 2037 50
a contact +0 +1800 9005 2011 50
a contact +0 +1800 9008 2046 50
a contact +0 +1800 9010 2007 50
a contact +0 +3000 2014 9011 50
a contact +0 +3000 9011 2014 50
a contact +3000 +3600 2003 9011 25
a contact +3000 +3600 9011 2003 25
a contact +0 +4200 2004 9002 50
a contact +1200 +4200 2021 9004 50
a contact +0 +4200 2048 9007 50
a contact +0 +4200 9002 2004 50
a contact +1200 +4200 9004 2021 50
a contact +0 +4200 9007 2048 50
a contact +1800 +4800 2026 9008 50
a contact +1800 +4800 9008 2026 50
a contact +1800 +5400 2041 9001 50
a contact +1800 +5400 2043 9010 50
a contact +1800 +5400 9001 2041 50
a contact +1800 +5400 9010 2043 50
a contact +4200 +6000 2012 9004 50
a contact +4200 +6000 2032 9007 50
a contact +3600 +6000 2035 9011 50
a contact +4200 +6000 9004 2012 50
a contact +4200 +6000 9007 2032 50
a contact +3600 +6000 9011 2035 50
a contact +6000 +6600 2003 9007 25
a contact +4800 +6600 2005 9008 50
a contact +6000 +6600 9007 2003 25
a contact +4800 +6600 9008 2005 50
a contact +6600 +7800 2009 9008 50
a contact +1800 +7800 2015 9005 50
a contact +6600 +7800 2016 9007 50
a contact +5400 +7800 2045 9001 50
a contact +5400 +7800 9001 2045 50
a contact +1800 +7800 9005 2015 50
a contact +6600 +7800 9007 2016 50
a contact +6600 +7800 9008 2009 50
a contact +4200 +8400 2029 9002 50
a contact +6000 +8400 2035 9004 50
a contact +6000 +8400 2038 9011 50
a contact +4200 +8400 9002 2029 50
a contact +6000 +8400 9004 2035 50
a contact +6000 +8400 9011 2038 50
a contact +7800 +9000 2003 9008 25
a contact +5400 +9000 2014 9010 50
a contact +7800 +9000 9008 2003 25
a contact +5400 +9000 9010 2014 50
a contact +8400 +10200 2024 9011 50
a contact +8400 +10200 9011 2024 50
a contact +8400 +10800 2010 9002 50
a contact +9000 +10800 2034 9008 50
a contact +8400 +10800 9002 2010 50
a contact +9000 +10800 9008 2034 50
a contact +8400 +11400 2004 9004 50
a contact +9000 +11400 2044 9010 50
a contact +8400 +11400 9004 2004 50
a contact +9000 +11400 9010 2044 50
a contact +10800 +12000 2015 9002 50
a contact +10800 +12000 9002 2015 50
a contact +7800 +12600 2040 9007 50
a contact +7800 +12600 9007 2040 50
a contact +11400 +13800 2019 9004 50
a contact +12600 +13800 2034 9007 50
a contact +11400 +13800 9004 2019 50
a contact +12600 +13800 9007 2034 50
a contact +10800 +14400 2022 9008 50
a contact +12000 +14400 2029 9002 50
a contact +10200 +14400 2046 9011 50
a contact +7800 +14400 2047 9001 50
a contact +7800 +14400 9001 2047 50
a contact +12000 +14400 9002 2029 50
a contact +10800 +14400 9008 2022 50
a contact +10200 +14400 9011 2046 50
a contact +13800 +15000 2011 9007 50
a contact +13800 +15000 9007 2011 50
a contact +13800 +15600 2006 9004 50
a contact +14400 +15600 2008 9001 50
a contact +15000 +15600 2018 9007 50
a contact +11400 +15600 2039 9010 50
a contact +7800 +15600 2048 9005 50
a contact +14400 +15600 9001 2008 50
a contact +13800 +15600 9004 2006 50
a contact +7800 +15600 9005 2048 50
a contact +15000 +15600 9007 2018 50
a contact +11400 +15600 9010 2039 50
a contact +14400 +16200 2034 9011 50
a contact +14400 +16200 9011 2034 50
a contact +14400 +18000 2016 9002 50
a contact +14400 +18000 9002 2016 50
a contact +15600 +18600 2005 9005 50
a contact +18000 +18600 2027 9002 50
a contact +18000 +18600 9002 2027 50
a contact +15600 +18600 9005 2005 50
a contact +16200 +19800 2048 9011 50
a contact +16200 +19800 9011 2048 50
a contact +18600 +21000 2044 9002 50
a contact +18600 +21000 9002 2044 50
a contact +21000 +21600 2006 9002 50
a contact +21000 +21600 9002 2006 50
a contact +21600 +22800 2036 9002 50
a contact +21600 +22800 9002 2036 50
a contact +19800 +24000 2037 9011 50
a contact +22800 +24000 2038 9002 50
a contact +22800 +24000 9002 2038 50
a contact +19800 +24000 9011 2037 50
a contact +24000 +24600 2002 9002 25
a contact +18600 +24600 2008 9005 50
a contact +24000 +24600 9002 2002 25
a contact +18600 +24600 9005 2008 50
a contact +24600 +27000 2004 9002 50
a contact +24600 +27000 9002 2004 50
a contact +27000 +28200 2018 9002 50
a contact +27000 +28200 9002 2018 50
a contact +30000 +30600 2003 9009 25
a contact +28200 +30600 2028 9002 50
a contact +24600 +30600 2031 9005 50
a contact +28200 +30600 9002 2028 50
a contact +24600 +30600 9005 2031 50
a contact +30000 +30600 9009 2003 25
a contact +30000 +31200 2002 9012 25
a contact +30000 +31200 2014 9006 50
a contact +30000 +31200 2030 9003 50
a contact +30600 +31200 2036 9009 50
a contact +30000 +31200 9003 2030 50
a contact +30000 +31200 9006 2014 50
a contact +30600 +31200 9009 2036 50
a contact +30000 +31200 9012 2002 25
a contact +30600 +32400 2007 9002 50
a contact +31200 +32400 2032 9012 50
a contact +31200 +32400 2035 9009 50
a contact +31200 +32400 2037 9003 50
a contact +30600 +32400 9002 2007 50
a contact +31200 +32400 9003 2037 50
a contact +31200 +32400 9009 2035 50
a contact +31200 +32400 9012 2032 50
a contact +31200 +33600 2012 9006 50
a contact +32400 +33600 2018 9002 50
a contact +32400 +33600 9002 2018 50
a contact +31200 +33600 9006 2012 50
a contact +32400 +34200 2044 9009 50
a contact +32400 +34200 9009 2044 50
a contact +32400 +34800 2007 9003 50
a contact +32400 +34800 2039 9012 50
a contact +32400 +34800 9003 2007 50
a contact +32400 +34800 9012 2039 50
a contact +14400 +35400 2046 9008 50
a contact +14400 +35400 9008 2046 50
a contact +34800 +36600 2002 9012 25
a contact +30600 +36600 2020 9005 50
a contact +30600 +36600 9005 2020 50
a contact +34800 +36600 9012 2002 25
a contact +36600 +37200 2005 9012 50
a contact +33600 +37200 2010 9006 50
a contact +33600 +37200 9006 2010 50
a contact +36600 +37200 9012 2005 50
a contact +36600 +37800 2002 9005 25
a contact +35400 +37800 2018 9008 50
a contact +36600 +37800 9005 2002 25
a contact +35400 +37800 9008 2018 50
a contact +37200 +38400 2006 9006 50
a contact +34800 +38400 2033 9003 50
a contact +34200 +38400 2036 9009 50
a contact +34800 +38400 9003 2033 50
a contact +37200 +38400 9006 2006 50
a contact +34200 +38400 9009 2036 50
a contact +37800 +39000 2013 9005 50
a contact +37800 +39000 2015 9008 50
a contact +33600 +39000 2025 9002 50
a contact +38400 +39000 2037 9003 50
a contact +33600 +39000 9002 2025 50
a contact +38400 +39000 9003 2037 50
a contact +37800 +39000 9005 2013 50
a contact +37800 +39000 9008 2015 50
a contact +39000 +39600 2015 9002 50
a contact +37200 +39600 2016 9012 50
a contact +39000 +39600 9002 2015 50
a contact +37200 +39600 9012 2016 50
a contact +39000 +40800 2009 9003 50
a contact +39000 +40800 2038 9005 50
a contact +39000 +40800 9003 2009 50
a contact +39000 +40800 9005 2038 50
a contact +40800 +41400 2003 9005 25
a contact +39000 +41400 2019 9008 50
a contact +40800 +41400 9005 2003 25
a contact +39000 +41400 9008 2019 50
a contact +39600 +42000 2006 9012 50
a contact +39600 +42000 9012 2006 50
a contact +41400 +42600 2002 9005 25
a contact +39600 +42600 2024 9002 50
a contact +40800 +42600 2036 9003 50
a contact +41400 +42600 2038 9008 50
a contact +24000 +42600 2048 9011 50
a contact +39600 +42600 9002 2024 50
a contact +40800 +42600 9003 2036 50
a contact +41400 +42600 9005 2002 25
a contact +41400 +42600 9008 2038 50
a contact +24000 +42600 9011 2048 50
a contact +38400 +43200 2033 9006 50
a contact +38400 +43200 9006 2033 50
a contact +38400 +43800 2020 9009 50
a contact +38400 +43800 9009 2020 50
a contact +43800 +44400 2005 9009 50
a contact +43800 +44400 9009 2005 50
a contact +44400 +46200 2009 9009 50
a contact +43200 +46200 2041 9006 50
a contact +43200 +46200 9006 2041 50
a contact +44400 +46200 9009 2009 50
a contact +42000 +46800 2027 9012 50
a contact +42000 +46800 9012 2027 50
a contact +46200 +47400 2008 9006 50
a contact +46200 +47400 9006 2008 50
a contact +46200 +48000 2041 9009 50
a contact +46200 +48000 9009 2041 50
a contact +47400 +49800 2035 9006 50
a contact +47400 +49800 9006 2035 50
a contact +48000 +50400 2032 9009 50
a contact +48000 +50400 9009 2032 50
a contact +50400 +51600 2044 9009 50
a contact +50400 +51600 9009 2044 50
a contact +52200 +52800 2001 9001 25
a contact +52200 +52800 2002 9004 25
a contact +46800 +52800 2011 9012 50
a contact +52200 +52800 9001 2001 25
a contact +52200 +52800 9004 2002 25
a contact +46800 +52800 9012 2011 50
a contact +52800 +53400 2026 9012 50
a contact +52800 +53400 9012 2026 50
a contact +52200 +54000 2003 9007 25
a contact +49800 +54000 2034 9006 50
a contact +52800 +54000 2041 9004 50
a contact +52200 +54000 2047 9010 50
a contact +52800 +54000 9004 2041 50
a contact +49800 +54000 9006 2034 50
a contact +52200 +54000 9007 2003 25
a contact +52200 +54000 9010 2047 50
a contact +52800 +54600 2037 9001 50
a contact +52800 +54600 9001 2037 50
a contact +54000 +55200 2023 9006 50
a contact +54000 +55200 2042 9007 50
a contact +54000 +55200 9006 2023 50
a contact +54000 +55200 9007 2042 50
a contact +54000 +55800 2040 9004 50
a contact +54000 +55800 9004 2040 50
a contact +55800 +56400 2024 9004 50
a contact +55200 +56400 2025 9006 50
a contact +55800 +56400 9004 2024 50
a contact +55200 +56400 9006 2025 50
a contact +55200 +57000 2001 9007 25
a contact +54000 +57000 2011 9010 50
a contact +55200 +57000 9007 2001 25
a contact +54000 +57000 9010 2011 50
a contact +53400 +57600 2008 9012 50
a contact +51600 +57600 2012 9009 50
a contact +56400 +57600 2042 9004 50
a contact +56400 +57600 9004 2042 50
a contact +51600 +57600 9009 2012 50
a contact +53400 +57600 9012 2008 50
a contact +57600 +58200 2021 9004 50
a contact +57000 +58200 2025 9007 50
a contact +57600 +58200 9004 2021 50
a contact +57000 +58200 9007 2025 50
a contact +57600 +58800 2003 9012 25
a contact +57600 +58800 9012 2003 25
a contact +57000 +59400 2043 9010 50
a contact +57000 +59400 9010 2043 50
a contact +59400 +60000 2001 9010 25
a contact +58200 +60000 2044 9004 50
a contact +58200 +60000 9004 2044 50
a contact +59400 +60000 9010 2001 25
a contact +54600 +60600 2013 9001 50
a contact +58200 +60600 2024 9007 50
a contact +56400 +60600 2029 9006 50
a contact +42600 +60600 2048 9003 50
a contact +54600 +60600 9001 2013 50
a contact +42600 +60600 9003 2048 50
a contact +56400 +60600 9006 2029 50
a contact +58200 +60600 9007 2024 50
a contact +60000 +61200 2018 9010 50
a contact +58800 +61200 2025 9012 50
a contact +60000 +61200 2031 9004 50
a contact +60000 +61200 9004 2031 50
a contact +60000 +61200 9010 2018 50
a contact +58800 +61200 9012 2025 50
a contact +57600 +61800 2022 9009 50
a contact +57600 +61800 9009 2022 50
a contact +61200 +62400 2016 9004 50
a contact +61800 +62400 2018 9009 50
a contact +61200 +62400 2027 9010 50
a contact +61200 +62400 9004 2016 50
a contact +61800 +62400 9009 2018 50
a contact +61200 +62400 9010 2027 50
a contact +61200 +63000 2001 9012 25
a contact +62400 +63000 2003 9009 25
a contact +62400 +63000 9009 2003 25
a contact +61200 +63000 9012 2001 25
a contact +62400 +63600 2032 9004 50
a contact +60600 +63600 2033 9007 50
a contact +62400 +63600 9004 2032 50
a contact +60600 +63600 9007 2033 50
a contact +63600 +64200 2003 9007 25
a contact +63000 +64200 2010 9012 50
a contact +63600 +64200 9007 2003 25
a contact +63000 +64200 9012 2010 50
a contact +63000 +64800 2005 9009 50
a contact +63000 +64800 9009 2005 50
a contact +64800 +65400 2001 9009 25
a contact +64200 +65400 2026 9012 50
a contact +60600 +65400 2029 9001 50
a contact +60600 +65400 2048 9006 50
a contact +60600 +65400 9001 2029 50
a contact +60600 +65400 9006 2048 50
a contact +64800 +65400 9009 2001 25
a contact +64200 +65400 9012 2026 50
a contact +63600 +66600 2023 9004 50
a contact +63600 +66600 9004 2023 50
a contact +66600 +67200 2038 9004 50
a contact +66600 +67200 9004 2038 50
a contact +67200 +67800 2001 9004 25
a contact +65400 +67800 2027 9012 50
a contact +67200 +67800 9004 2001 25
a contact +65400 +67800 9012 2027 50
a contact +65400 +68400 2028 9001 50
a contact +65400 +68400 9001 2028 50
a contact +67800 +69000 2012 9004 50
a contact +67800 +69000 9004 2012 50
a contact +62400 +69600 2042 9010 50
a contact +62400 +69600 9010 2042 50
a contact +68400 +70800 2021 9001 50
a contact +69600 +70800 2039 9010 50
a contact +67800 +70800 2040 9012 50
a contact +64200 +70800 2045 9007 50
a contact +68400 +70800 9001 2021 50
a contact +64200 +70800 9007 2045 50
a contact +69600 +70800 9010 2039 50
a contact +67800 +70800 9012 2040 50
a contact +70800 +71400 2002 9007 25
a contact +70800 +71400 9007 2002 25
a contact +70800 +72000 2001 9010 25
a contact +70800 +72000 2022 9001 50
a contact +70800 +72000 9001 2022 50
a contact +70800 +72000 9010 2001 25
a contact +70800 +72600 2009 9012 50
a contact +65400 +72600 2014 9006 50
a contact +71400 +72600 2024 9007 50
a contact +65400 +72600 9006 2014 50
a contact +71400 +72600 9007 2024 50
a contact +70800 +72600 9012 2009 50
a contact +72000 +73200 2029 9001 50
a contact +72000 +73200 9001 2029 50
a contact +69000 +73800 2017 9004 50
a contact +60600 +73800 2030 9003 50
a contact +72000 +73800 2043 9010 50
a contact +60600 +73800 9003 2030 50
a contact +69000 +73800 9004 2017 50
a contact +72000 +73800 9010 2043 50
a contact +73800 +74400 2001 9003 25
a contact +73200 +74400 2012 9001 50
a contact +72600 +74400 2013 9007 50
a contact +72600 +74400 2025 9012 50
a contact +72600 +74400 2028 9006 50
a contact +65400 +74400 2048 9009 50
a contact +73200 +74400 9001 2012 50
a contact +73800 +74400 9003 2001 25
a contact +72600 +74400 9006 2028 50
a contact +72600 +74400 9007 2013 50
a contact +65400 +74400 9009 2048 50
a contact +72600 +74400 9012 2025 50
a contact +74400 +75000 2001 9009 25
a contact +74400 +75000 9009 2001 25
a contact +74400 +75600 2013 9006 50
a contact +73800 +75600 2020 9004 50
a contact +74400 +75600 2046 9007 50
a contact +73800 +75600 9004 2020 50
a contact +74400 +75600 9006 2013 50
a contact +74400 +75600 9007 2046 50
a contact +73800 +76200 2009 9010 50
a contact +74400 +76200 2039 9012 50
a contact +73800 +76200 9010 2009 50
a contact +74400 +76200 9012 2039 50
a contact +76200 +76800 2035 9012 50
a contact +76200 +76800 9012 2035 50
a contact +74400 +77400 2006 9003 50
a contact +75600 +77400 2026 9007 50
a contact +75600 +77400 2038 9006 50
a contact +74400 +77400 9003 2006 50
a contact +75600 +77400 9006 2038 50
a contact +75600 +77400 9007 2026 50
a contact +77400 +78000 2002 9007 25
a contact +75000 +78000 2023 9009 50
a contact +77400 +78000 9007 2002 25
a contact +75000 +78000 9009 2023 50
a contact +78000 +78600 2003 9009 25
a contact +75600 +78600 2019 9004 50
a contact +77400 +78600 2029 9006 50
a contact +77400 +78600 2032 9003 50
a contact +76800 +78600 2043 9012 50
a contact +77400 +78600 9003 2032 50
a contact +75600 +78600 9004 2019 50
a contact +77400 +78600 9006 2029 50
a contact +78000 +78600 9009 2003 25
a contact +76800 +78600 9012 2043 50
a contact +78600 +79200 2001 9008 25
a contact +78600 +79200 2003 9002 25
a contact +76200 +79200 2033 9010 50
a contact +78600 +79200 9002 2003 25
a contact +78600 +79200 9008 2001 25
a contact +76200 +79200 9010 2033 50
a contact +78600 +79800 2002 9005 25
a contact +78600 +79800 9005 2002 25
a contact +79200 +80400 2009 9010 50
a contact +78000 +80400 2026 9007 50
a contact +78000 +80400 9007 2026 50
a contact +79200 +80400 9010 2009 50
a contact +78600 +81000 2008 9004 50
a contact +78600 +81000 9004 2008 50
a contact +79200 +81600 2032 9002 50
a contact +79200 +81600 9002 2032 50
a contact +78600 +82200 2010 9011 50
a contact +81000 +82200 2018 9004 50
a contact +79200 +82200 2028 9008 50
a contact +79800 +82200 2030 9005 50
a contact +80400 +82200 2047 9010 50
a contact +74400 +82200 2048 9001 50
a contact +74400 +82200 9001 2048 50
a contact +81000 +82200 9004 2018 50
a contact +79800 +82200 9005 2030 50
a contact +79200 +82200 9008 2028 50
a contact +80400 +82200 9010 2047 50
a contact +78600 +82200 9011 2010 50
a contact +82200 +82800 2012 9008 50
a contact +80400 +82800 2014 9007 50
a contact +80400 +82800 9007 2014 50
a contact +82200 +82800 9008 2012 50
a contact +82200 +84000 2021 9004 50
a contact +82200 +84000 9004 2021 50
a contact +82800 +84600 2030 9008 50
a contact +82200 +84600 2031 9010 50
a contact +82800 +84600 9008 2030 50
a contact +82200 +84600 9010 2031 50
a contact +81600 +85200 2022 9002 50
a contact +81600 +85200 9002 2022 50
a contact +82800 +85800 2007 9007 50
a contact +82800 +85800 9007 2007 50
a contact +85200 +86400 2005 9002 50
a contact +85800 +86400 2016 9007 50
a contact +82200 +86400 2017 9011 50
a contact +84000 +86400 2019 9004 50
a contact +84600 +86400 2021 9010 50
a contact +84600 +86400 2023 9008 50
a contact +82200 +86400 2045 9005 50
a contact +82200 +86400 2047 9001 50
a contact +82200 +86400 9001 2047 50
a contact +85200 +86400 9002 2005 50
a contact +84000 +86400 9004 2019 50
a contact +82200 +86400 9005 2045 50
a contact +85800 +86400 9007 2016 50
a contact +84600 +86400 9008 2023 50
a contact +84600 +86400 9010 2021 50
a contact +82200 +86400 9011 2017 50

a range +0 +600 2018 9001 1102.3223
a range +0 +600 9001 2018 1102.3223
a range +0 +1200 2036 9004 1102.3737
a range +0 +1200 9004 2036 1102.3737
a range +0 +1800 2007 9010 1102.3449
a range +0 +1800 2011 9005 1101.8242
a range +600 +1800 2037 9001 1102.3488
a range +0 +1800 2046 9008 1103.3838
a range +600 +1800 9001 2037 1102.3488
a range +0 +1800 9005 2011 1101.8242
a range +0 +1800 9008 2046 1103.3838
a range +0 +1800 9010 2007 1102.3449
a range +0 +3000 2014 9011 1103.4054
a range +0 +3000 9011 2014 1103.4054
a range +3000 +3600 2003 9011 1103.3863
a range +3000 +3600 9011 2003 1103.3863
a range +0 +4200 2004 9002 1103.3782
a range +1200 +4200 2021 9004 1102.3452
a range +0 +4200 2048 9007 1102.3509
a range +0 +4200 9002 2004 1103.3782
a range +1200 +4200 9004 2021 1102.3452
a range +0 +4200 9007 2048 1102.3509
a range +1800 +4800 2026 9008 1103.3989
a range +1800 +4800 9008 2026 1103.3989
a range +1800 +5400 2041 9001 1102.3177
a range +1800 +5400 2043 9010 1102.3574
a range +1800 +5400 9001 2041 1102.3177
a range +1800 +5400 9010 2043 1102.3574
a range +4200 +6000 2012 9004 1102.3574
a range +4200 +6000 2032 9007 1102.0401
a range +3600 +6000 2035 9011 1102.5872
a range +4200 +6000 9004 2012 1102.3574
a range +4200 +6000 9007 2032 1102.0401
a range +3600 +6000 9011 2035 1102.5872
a range +6000 +6600 2003 9007 1102.3458
a range +4800 +6600 2005 9008 1103.3804
a range +6000 +6600 9007 2003 1102.3458
a range +4800 +6600 9008 2005 1103.3804
a range +6600 +7800 2009 9008 1102.0733
a range +1800 +7800 2015 9005 1103.3819
a range +6600 +7800 2016 9007 1102.3524
a range +5400 +7800 2045 9001 1102.3408
a range +5400 +7800 9001 2045 1102.3408
a range +1800 +7800 9005 2015 1103.3819
a range +6600 +7800 9007 2016 1102.3524
a range +6600 +7800 9008 2009 1102.0733
a range +4200 +8400 2029 9002 1103.3767
a range +6000 +8400 2035 9004 1102.3504
a range +6000 +8400 2038 9011 1103.4031
a range +4200 +8400 9002 2029 1103.3767
a range +6000 +8400 9004 2035 1102.3504
a range +6000 +8400 9011 2038 1103.4031
a range +7800 +9000 2003 9008 1103.3863
a range +5400 +9000 2014 9010 1102.3624
a range +7800 +9000 9008 2003 1103.3863
a range +5400 +9000 9010 2014 1102.3624
a range +8400 +10200 2024 9011 1103.3952
a range +8400 +10200 9011 2024 1103.3952
a range +8400 +10800 2010 9002 1102.7215
a range +9000 +10800 2034 9008 1102.7752
a range +8400 +10800 9002 2010 1102.7215
a range +9000 +10800 9008 2034 1102.7752
a range +8400 +11400 2004 9004 1102.355
a range +9000 +11400 2044 9010 1102.3528
a range +8400 +11400 9004 2004 1102.355
a range +9000 +11400 9010 2044 1102.3528
a range +10800 +12000 2015 9002 1103.3819
a range +10800 +12000 9002 2015 1103.3819
a range +7800 +12600 2040 9007 1102.3404
a range +7800 +12600 9007 2040 1102.3404
a range +11400 +13800 2019 9004 1102.354
a range +12600 +13800 2034 9007 1102.3228
a range +11400 +13800 9004 2019 1102.354
a range +12600 +13800 9007 2034 1102.3228
a range +10800 +14400 2022 9008 1103.3792
a range +12000 +14400 2029 9002 1103.3767
a range +10200 +14400 2046 9011 1103.3838
a range +7800 +14400 2047 9001 1102.3393
a range +7800 +14400 9001 2047 1102.3393
a range +12000 +14400 9002 2029 1103.3767
a range +10800 +14400 9008 2022 1103.3792
a range +10200 +14400 9011 2046 1103.3838
a range +13800 +15000 2011 9007 1102.3324
a range +13800 +15000 9007 2011 1102.3324
a range +13800 +15600 2006 9004 1102.3455
a range +14400 +15600 2008 9001 1102.3584
a range +15000 +15600 2018 9007 1102.3223
a range +11400 +15600 2039 9010 1102.3696
a range +7800 +15600 2048 9005 1103.381
a range +14400 +15600 9001 2008 1102.3584
a range +13800 +15600 9004 2006 1102.3455
a range +7800 +15600 9005 2048 1103.381
a range +15000 +15600 9007 2018 1102.3223
a range +11400 +15600 9010 2039 1102.3696
a range +14400 +16200 2034 9011 1102.7752
a range +14400 +16200 9011 2034 1102.7752
a range +14400 +18000 2016 9002 1103.3649
a range +14400 +18000 9002 2016 1103.3649
a range +15600 +18600 2005 9005 1103.3804
a range +18000 +18600 2027 9002 1103.399
a range +18000 +18600 9002 2027 1103.399
a range +15600 +18600 9005 2005 1103.3804
a range +16200 +19800 2048 9011 1103.381
a range +16200 +19800 9011 2048 1103.381
a range +18600 +21000 2044 9002 1103.3995
a range +18600 +21000 9002 2044 1103.3995
a range +21000 +21600 2006 9002 1103.3897
a range +21000 +21600 9002 2006 1103.3897
a range +21600 +22800 2036 9002 1103.4127
a range +21600 +22800 9002 2036 1103.4127
a range +19800 +24000 2037 9011 1103.3715
a range +22800 +24000 2038 9002 1103.4031
a range +22800 +24000 9002 2038 1103.4031
a range +19800 +24000 9011 2037 1103.3715
a range +24000 +24600 2002 9002 1103.3956
a range +18600 +24600 2008 9005 1102.9575
a range +24000 +24600 9002 2002 1103.3956
a range +18600 +24600 9005 2008 1102.9575
a range +24600 +27000 2004 9002 1103.3782
a range +24600 +27000 9002 2004 1103.3782
a range +27000 +28200 2018 9002 1103.3925
a range +27000 +28200 9002 2018 1103.3925
a range +30000 +30600 2003 9009 1104.7712
a range +28200 +30600 2028 9002 1103.3875
a range +24600 +30600 2031 9005 1103.3462
a range +28200 +30600 9002 2028 1103.3875
a range +24600 +30600 9005 2031 1103.3462
a range +30000 +30600 9009 2003 1104.7712
a range +30000 +31200 2002 9012 1104.7809
a range +30000 +31200 2014 9006 1104.7798
a range +30000 +31200 2030 9003 1104.7876
a range +30600 +31200 2036 9009 1103.4921
a range +30000 +31200 9003 2030 1104.7876
a range +30000 +31200 9006 2014 1104.7798
a range +30600 +31200 9009 2036 1103.4921
a range +30000 +31200 9012 2002 1104.7809
a range +30600 +32400 2007 9002 1103.101
a range +31200 +32400 2032 9012 1103.132
a range +31200 +32400 2035 9009 1103.6743
a range +31200 +32400 2037 9003 1104.7922
a range +30600 +32400 9002 2007 1103.101
a range +31200 +32400 9003 2037 1104.7922
a range +31200 +32400 9009 2035 1103.6743
a range +31200 +32400 9012 2032 1103.132
a range +31200 +33600 2012 9006 1103.2149
a range +32400 +33600 2018 9002 1103.3925
a range +32400 +33600 9002 2018 1103.3925
a range +31200 +33600 9006 2012 1103.2149
a range +32400 +34200 2044 9009 1104.7853
a range +32400 +34200 9009 2044 1104.7853
a range +32400 +34800 2007 9003 1103.1032
a range +32400 +34800 2039 9012 1104.7868
a range +32400 +34800 9003 2007 1103.1032
a range +32400 +34800 9012 2039 1104.7868
a range +14400 +35400 2046 9008 1103.3838
a range +14400 +35400 9008 2046 1103.3838
a range +34800 +36600 2002 9012 1104.7809
a range +30600 +36600 2020 9005 1103.3889
a range +30600 +36600 9005 2020 1103.3889
a range +34800 +36600 9012 2002 1104.7809
a range +36600 +37200 2005 9012 1104.769
a range +33600 +37200 2010 9006 1103.4622
a range +33600 +37200 9006 2010 1103.4622
a range +36600 +37200 9012 2005 1104.769
a range +36600 +37800 2002 9005 1103.3956
a range +35400 +37800 2018 9008 1103.3925
a range +36600 +37800 9005 2002 1103.3956
a range +35400 +37800 9008 2018 1103.3925
a range +37200 +38400 2006 9006 1104.7787
a range +34800 +38400 2033 9003 1104.0213
a range +34200 +38400 2036 9009 1103.4921
a range +34800 +38400 9003 2033 1104.0213
a range +37200 +38400 9006 2006 1104.7787
a range +34200 +38400 9009 2036 1103.4921
a range +37800 +39000 2013 9005 1103.4111
a range +37800 +39000 2015 9008 1103.3819
a range +33600 +39000 2025 9002 1103.3876
a range +38400 +39000 2037 9003 1104.7922
a range +33600 +39000 9002 2025 1103.3876
a range +38400 +39000 9003 2037 1104.7922
a range +37800 +39000 9005 2013 1103.4111
a range +37800 +39000 9008 2015 1103.3819
a range +39000 +39600 2015 9002 1103.3819
a range +37200 +39600 2016 9012 1104.7927
a range +39000 +39600 9002 2015 1103.3819
a range +37200 +39600 9012 2016 1104.7927
a range +39000 +40800 2009 9003 1103.5992
a range +39000 +40800 2038 9005 1103.4031
a range +39000 +40800 9003 2009 1103.5992
a range +39000 +40800 9005 2038 1103.4031
a range +40800 +41400 2003 9005 1103.3863
a range +39000 +41400 2019 9008 1103.3967
a range +40800 +41400 9005 2003 1103.3863
a range +39000 +41400 9008 2019 1103.3967
a range +39600 +42000 2006 9012 1104.7787
a range +39600 +42000 9012 2006 1104.7787
a range +41400 +42600 2002 9005 1103.3956
a range +39600 +42600 2024 9002 1103.3952
a range +40800 +42600 2036 9003 1103.4921
a range +41400 +42600 2038 9008 1103.4031
a range +24000 +42600 2048 9011 1103.381
a range +39600 +42600 9002 2024 1103.3952
a range +40800 +42600 9003 2036 1103.4921
a range +41400 +42600 9005 2002 1103.3956
a range +41400 +42600 9008 2038 1103.4031
a range +24000 +42600 9011 2048 1103.381
a range +38400 +43200 2033 9006 1104.0213
a range +38400 +43200 9006 2033 1104.0213
a range +38400 +43800 2020 9009 1104.7749
a range +38400 +43800 9009 2020 1104.7749
a range +43800 +44400 2005 9009 1104.769
a range +43800 +44400 9009 2005 1104.769
a range +44400 +46200 2009 9009 1103.5992
a range +43200 +46200 2041 9006 1104.7451
a range +43200 +46200 9006 2041 1104.7451
a range +44400 +46200 9009 2009 1103.5992
a range +42000 +46800 2027 9012 1104.7621
a range +42000 +46800 9012 2027 1104.7621
a range +46200 +47400 2008 9006 1103.7133
a range +46200 +47400 9006 2008 1103.7133
a range +46200 +48000 2041 9009 1104.7451
a range +46200 +48000 9009 2041 1104.7451
a range +47400 +49800 2035 9006 1103.6743
a range +47400 +49800 9006 2035 1103.6743
a range +48000 +50400 2032 9009 1104.2095
a range +48000 +50400 9009 2032 1104.2095
a range +50400 +51600 2044 9009 1104.7853
a range +50400 +51600 9009 2044 1104.7853
a range +52200 +52800 2001 9001 1105.0488
a range +52200 +52800 2002 9004 1105.049
a range +46800 +52800 2011 9012 1104.1087
a range +52200 +52800 9001 2001 1105.0488
a range +52200 +52800 9004 2002 1105.049
a range +46800 +52800 9012 2011 1104.1087
a range +52800 +53400 2026 9012 1104.7705
a range +52800 +53400 9012 2026 1104.7705
a range +52200 +54000 2003 9007 1105.0576
a range +49800 +54000 2034 9006 1103.8352
a range +52800 +54000 2041 9004 1105.0637
a range +52200 +54000 2047 9010 1105.0633
a range +52800 +54000 9004 2041 1105.0637
a range +49800 +54000 9006 2034 1103.8352
a range +52200 +54000 9007 2003 1105.0576
a range +52200 +54000 9010 2047 1105.0633
a range +52800 +54600 2037 9001 1105.0814
a range +52800 +54600 9001 2037 1105.0814
a range +54000 +55200 2023 9006 1104.7747
a range +54000 +55200 2042 9007 1105.0863
a range +54000 +55200 9006 2023 1104.7747
a range +54000 +55200 9007 2042 1105.0863
a range +54000 +55800 2040 9004 1105.0354
a range +54000 +55800 9004 2040 1105.0354
a range +55800 +56400 2024 9004 1105.0569
a range +55200 +56400 2025 9006 1104.7831
a range +55800 +56400 9004 2024 1105.0569
a range +55200 +56400 9006 2025 1104.7831
a range +55200 +57000 2001 9007 1105.0488
a range +54000 +57000 2011 9010 1104.1158
a range +55200 +57000 9007 2001 1105.0488
a range +54000 +57000 9010 2011 1104.1158
a range +53400 +57600 2008 9012 1104.4878
a range +51600 +57600 2012 9009 1103.9681
a range +56400 +57600 2042 9004 1105.0863
a range +56400 +57600 9004 2042 1105.0863
a range +51600 +57600 9009 2012 1103.9681
a range +53400 +57600 9012 2008 1104.4878
a range +57600 +58200 2021 9004 1105.0578
a range +57000 +58200 2025 9007 1105.0456
a range +57600 +58200 9004 2021 1105.0578
a range +57000 +58200 9007 2025 1105.0456
a range +57600 +58800 2003 9012 1104.7712
a range +57600 +58800 9012 2003 1104.7712
a range +57000 +59400 2043 9010 1105.0639
a range +57000 +59400 9010 2043 1105.0639
a range +59400 +60000 2001 9010 1105.0488
a range +58200 +60000 2044 9004 1105.0525
a range +58200 +60000 9004 2044 1105.0525
a range +59400 +60000 9010 2001 1105.0488
a range +54600 +60600 2013 9001 1105.0815
a range +58200 +60600 2024 9007 1105.0569
a range +56400 +60600 2029 9006 1104.7795
a range +42600 +60600 2048 9003 1104.7753
a range +54600 +60600 9001 2013 1105.0815
a range +42600 +60600 9003 2048 1104.7753
a range +56400 +60600 9006 2029 1104.7795
a range +58200 +60600 9007 2024 1105.0569
a range +60000 +61200 2018 9010 1105.0657
a range +58800 +61200 2025 9012 1104.7831
a range +60000 +61200 2031 9004 1104.3926
a range +60000 +61200 9004 2031 1104.3926
a range +60000 +61200 9010 2018 1105.0657
a range +58800 +61200 9012 2025 1104.7831
a range +57600 +61800 2022 9009 1104.7831
a range +57600 +61800 9009 2022 1104.7831
a range +61200 +62400 2016 9004 1105.0338
a range +61800 +62400 2018 9009 1104.7523
a range +61200 +62400 2027 9010 1105.0602
a range +61200 +62400 9004 2016 1105.0338
a range +61800 +62400 9009 2018 1104.7523
a range +61200 +62400 9010 2027 1105.0602
a range +61200 +63000 2001 9012 1104.7848
a range +62400 +63000 2003 9009 1104.7712
a range +62400 +63000 9009 2003 1104.7712
a range +61200 +63000 9012 2001 1104.7848
a range +62400 +63600 2032 9004 1104.2121
a range +60600 +63600 2033 9007 1105.0868
a range +62400 +63600 9004 2032 1104.2121
a range +60600 +63600 9007 2033 1105.0868
a range +63600 +64200 2003 9007 1105.0576
a range +63000 +64200 2010 9012 1104.2262
a range +63600 +64200 9007 2003 1105.0576
a range +63000 +64200 9012 2010 1104.2262
a range +63000 +64800 2005 9009 1104.769
a range +63000 +64800 9009 2005 1104.769
a range +64800 +65400 2001 9009 1104.7848
a range +64200 +65400 2026 9012 1104.7705
a range +60600 +65400 2029 9001 1105.0675
a range +60600 +65400 2048 9006 1104.7753
a range +60600 +65400 9001 2029 1105.0675
a range +60600 +65400 9006 2048 1104.7753
a range +64800 +65400 9009 2001 1104.7848
a range +64200 +65400 9012 2026 1104.7705
a range +63600 +66600 2023 9004 1105.0492
a range +63600 +66600 9004 2023 1105.0492
a range +66600 +67200 2038 9004 1105.0516
a range +66600 +67200 9004 2038 1105.0516
a range +67200 +67800 2001 9004 1105.0488
a range +65400 +67800 2027 9012 1104.7621
a range +67200 +67800 9004 2001 1105.0488
a range +65400 +67800 9012 2027 1104.7621
a range +65400 +68400 2028 9001 1105.0698
a range +65400 +68400 9001 2028 1105.0698
a range +67800 +69000 2012 9004 1104.7058
a range +67800 +69000 9004 2012 1104.7058
a range +62400 +69600 2042 9010 1105.0863
a range +62400 +69600 9010 2042 1105.0863
a range +68400 +70800 2021 9001 1105.0578
a range +69600 +70800 2039 9010 1105.0294
a range +67800 +70800 2040 9012 1104.7556
a range +64200 +70800 2045 9007 1105.0456
a range +68400 +70800 9001 2021 1105.0578
a range +64200 +70800 9007 2045 1105.0456
a range +69600 +70800 9010 2039 1105.0294
a range +67800 +70800 9012 2040 1104.7556
a range +70800 +71400 2002 9007 1105.049
a range +70800 +71400 9007 2002 1105.049
a range +70800 +72000 2001 9010 1105.0488
a range +70800 +72000 2022 9001 1105.0494
a range +70800 +72000 9001 2022 1105.0494
a range +70800 +72000 9010 2001 1105.0488
a range +70800 +72600 2009 9012 1104.7519
a range +65400 +72600 2014 9006 1104.7798
a range +71400 +72600 2024 9007 1105.0569
a range +65400 +72600 9006 2014 1104.7798
a range +71400 +72600 9007 2024 1105.0569
a range +70800 +72600 9012 2009 1104.7519
a range +72000 +73200 2029 9001 1105.0675
a range +72000 +73200 9001 2029 1105.0675
a range +69000 +73800 2017 9004 1105.042
a range +60600 +73800 2030 9003 1104.7876
a range +72000 +73800 2043 9010 1105.0639
a range +60600 +73800 9003 2030 1104.7876
a range +69000 +73800 9004 2017 1105.042
a range +72000 +73800 9010 2043 1105.0639
a range +73800 +74400 2001 9003 1104.7848
a range +73200 +74400 2012 9001 1104.7058
a range +72600 +74400 2013 9007 1105.0815
a range +72600 +74400 2025 9012 1104.7831
a range +72600 +74400 2028 9006 1104.7672
a range +65400 +74400 2048 9009 1104.7753
a range +73200 +74400 9001 2012 1104.7058
a range +73800 +74400 9003 2001 1104.7848
a range +72600 +74400 9006 2028 1104.7672
a range +72600 +74400 9007 2013 1105.0815
a range +65400 +74400 9009 2048 1104.7753
a range +72600 +74400 9012 2025 1104.7831
a range +74400 +75000 2001 9009 1104.7848
a range +74400 +75000 9009 2001 1104.7848
a range +74400 +75600 2013 9006 1104.7575
a range +73800 +75600 2020 9004 1105.066
a range +74400 +75600 2046 9007 1105.0506
a range +73800 +75600 9004 2020 1105.066
a range +74400 +75600 9006 2013 1104.7575
a range +74400 +75600 9007 2046 1105.0506
a range +73800 +76200 2009 9010 1105.0789
a range +74400 +76200 2039 9012 1104.7868
a range +73800 +76200 9010 2009 1105.0789
a range +74400 +76200 9012 2039 1104.7868
a range +76200 +76800 2035 9012 1104.7567
a range +76200 +76800 9012 2035 1104.7567
a range +74400 +77400 2006 9003 1104.7787
a range +75600 +77400 2026 9007 1105.0475
a range +75600 +77400 2038 9006 1104.8046
a range +74400 +77400 9003 2006 1104.7787
a range +75600 +77400 9006 2038 1104.8046
a range +75600 +77400 9007 2026 1105.0475
a range +77400 +78000 2002 9007 1105.049
a range +75000 +78000 2023 9009 1104.7747
a range +77400 +78000 9007 2002 1105.049
a range +75000 +78000 9009 2023 1104.7747
a range +78000 +78600 2003 9009 1104.7712
a range +75600 +78600 2019 9004 1105.0656
a range +77400 +78600 2029 9006 1104.7795
a range +77400 +78600 2032 9003 1104.7454
a range +76800 +78600 2043 9012 1104.7854
a range +77400 +78600 9003 2032 1104.7454
a range +75600 +78600 9004 2019 1105.0656
a range +77400 +78600 9006 2029 1104.7795
a range +78000 +78600 9009 2003 1104.7712
a range +76800 +78600 9012 2043 1104.7854
a range +78600 +79200 2001 9008 1105.056
a range +78600 +79200 2003 9002 1105.0648
a range +76200 +79200 2033 9010 1105.0868
a range +78600 +79200 9002 2003 1105.0648
a range +78600 +79200 9008 2001 1105.056
a range +76200 +79200 9010 2033 1105.0868
a range +78600 +79800 2002 9005 1105.0563
a range +78600 +79800 9005 2002 1105.0563
a range +79200 +80400 2009 9010 1105.0789
a range +78000 +80400 2026 9007 1105.0475
a range +78000 +80400 9007 2026 1105.0475
a range +79200 +80400 9010 2009 1105.0789
a range +78600 +81000 2008 9004 1105.0599
a range +78600 +81000 9004 2008 1105.0599
a range +79200 +81600 2032 9002 1105.0746
a range +79200 +81600 9002 2032 1105.0746
a range +78600 +82200 2010 9011 1104.9984
a range +81000 +82200 2018 9004 1105.0657
a range +79200 +82200 2028 9008 1105.0771
a range +79800 +82200 2030 9005 1105.0624
a range +80400 +82200 2047 9010 1105.0633
a range +74400 +82200 2048 9001 1105.0696
a range +74400 +82200 9001 2048 1105.0696
a range +81000 +82200 9004 2018 1105.0657
a range +79800 +82200 9005 2030 1105.0624
a range +79200 +82200 9008 2028 1105.0771
a range +80400 +82200 9010 2047 1105.0633
a range +78600 +82200 9011 2010 1104.9984
a range +82200 +82800 2012 9008 1105.0431
a range +80400 +82800 2014 9007 1105.0725
a range +80400 +82800 9007 2014 1105.0725
a range +82200 +82800 9008 2012 1105.0431
a range +82200 +84000 2021 9004 1105.0578
a range +82200 +84000 9004 2021 1105.0578
a range +82800 +84600 2030 9008 1105.0624
a range +82200 +84600 2031 9010 1105.0366
a range +82800 +84600 9008 2030 1105.0624
a range +82200 +84600 9010 2031 1105.0366
a range +81600 +85200 2022 9002 1105.0566
a range +81600 +85200 9002 2022 1105.0566
a range +82800 +85800 2007 9007 1105.0388
a range +82800 +85800 9007 2007 1105.0388
a range +85200 +86400 2005 9002 1105.0732
a range +85800 +86400 2016 9007 1105.0338
a range +82200 +86400 2017 9011 1105.0493
a range +84000 +86400 2019 9004 1105.0656
a range +84600 +86400 2021 9010 1105.0578
a range +84600 +86400 2023 9008 1105.0564
a range +82200 +86400 2045 9005 1105.0529
a range +82200 +86400 2047 9001 1105.0633
a range +82200 +86400 9001 2047 1105.0633
a range +85200 +86400 9002 2005 1105.0732
a range +84000 +86400 9004 2019 1105.0656
a range +82200 +86400 9005 2045 1105.0529
a range +85800 +86400 9007 2016 1105.0338
a range +84600 +86400 9008 2023 1105.0564
a range +84600 +86400 9010 2021 1105.0578
a range +82200 +86400 9011 2017 1105.0493
