a contact +0 +1800 2006 9005 50
a contact +0 +1800 9005 2006 50
a contact +0 +3600 2007 9008 50
a contact +0 +3600 9008 2007 50
a contact +1800 +5400 2027 9005 50
a contact +1800 +5400 9005 2027 50
a contact +0 +7800 2037 9004 50
a contact +0 +7800 9004 2037 50
a contact +3600 +9000 2021 9008 50
a contact +3600 +9000 9008 2021 50
a contact +9000 +11400 2014 9008 50
a contact +9000 +11400 9008 2014 50
a contact +0 +12000 2015 9002 50
a contact +11400 +12000 2027 9008 50
a contact +0 +12000 9002 2015 50
a contact +11400 +12000 9008 2027 50
a contact +0 +12600 2019 9001 50
a contact +0 +12600 9001 2019 50
a contact +12600 +15600 2022 9001 50
a contact +0 +15600 2023 9007 50
a contact +7800 +15600 2030 9004 50
a contact +12600 +15600 9001 2022 50
a contact +7800 +15600 9004 2030 50
a contact +0 +15600 9007 2023 50
a contact +12000 +16800 2040 9002 50
a contact +12000 +16800 9002 2040 50
a contact +16800 +26400 2025 9002 50
a contact +16800 +26400 9002 2025 50
a contact +12000 +28800 2016 9008 50
a contact +12000 +28800 9008 2016 50
a contact +30000 +30600 2002 9003 25
a contact +30000 +30600 2003 9009 25
a contact +30000 +30600 9003 2002 25
a contact +30000 +30600 9009 2003 25
a contact +30000 +34200 2029 9006 50
a contact +30000 +34200 9006 2029 50
a contact +30600 +36000 2018 9003 50
a contact +26400 +36000 2038 9002 50
a contact +26400 +36000 9002 2038 50
a contact +30600 +36000 9003 2018 50
a contact +28800 +36600 2035 9008 50
a contact +28800 +36600 9008 2035 50
a contact +34200 +37800 2032 9006 50
a contact +34200 +37800 9006 2032 50
a contact +5400 +38400 2004 9005 50
a contact +36000 +38400 2010 9003 50
a contact +36000 +38400 9003 2010 50
a contact +5400 +38400 9005 2004 50
a contact +38400 +39600 2003 9003 25
a contact +38400 +39600 9003 2003 25
a contact +36600 +40800 2007 9008 50
a contact +36600 +40800 9008 2007 50
a contact +36000 +42600 2028 9002 50
a contact +38400 +42600 2037 9005 50
a contact +40800 +42600 2040 9008 50
a contact +36000 +42600 9002 2028 50
a contact +38400 +42600 9005 2037 50
a contact +40800 +42600 9008 2040 50
a contact +40200 +46800 2013 9003 50
a contact +40200 +46800 9003 2013 50
a contact +30600 +47400 2014 9009 50
a contact +30600 +47400 9009 2014 50
a contact +37800 +48600 2020 9006 50
a contact +37800 +48600 9006 2020 50
a contact +48600 +52200 2026 9006 50
a contact +46800 +52200 2031 9003 50
a contact +46800 +52200 9003 2031 50
a contact +48600 +52200 9006 2026 50
a contact +52200 +52800 2003 9001 25
a contact +52200 +52800 9001 2003 25
a contact +52200 +54000 2002 9004 25
a contact +52800 +54000 2028 9006 50
a contact +52200 +54000 9004 2002 25
a contact +52800 +54000 9006 2028 50
a contact +52200 +54600 2021 9007 50
a contact +52200 +54600 9007 2021 50
a contact +54000 +56400 2009 9004 50
a contact +52800 +56400 2018 9001 50
a contact +47400 +56400 2034 9009 50
a contact +52800 +56400 9001 2018 50
a contact +54000 +56400 9004 2009 50
a contact +47400 +56400 9009 2034 50
a contact +56400 +59400 2008 9001 50
a contact +56400 +59400 9001 2008 50
a contact +56400 +63000 2031 9009 50
a contact +56400 +63000 9009 2031 50
a contact +54000 +63600 2012 9006 50
a contact +54000 +63600 9006 2012 50
a contact +52200 +64200 2017 9003 50
a contact +52200 +64200 9003 2017 50
a contact +63000 +67800 2004 9009 50
a contact +64200 +67800 2010 9003 50
a contact +64200 +67800 9003 2010 50
a contact +63000 +67800 9009 2004 50
a contact +59400 +69600 2016 9001 50
a contact +54600 +69600 2024 9007 50
a contact +59400 +69600 9001 2016 50
a contact +54600 +69600 9007 2024 50
a contact +67800 +70200 2010 9009 50
a contact +67800 +70200 9009 2010 50
a contact +56400 +72000 2011 9004 50
a contact +56400 +72000 9004 2011 50
a contact +69600 +73200 2029 9007 50
a contact +69600 +73200 9007 2029 50
a contact +69600 +74400 2022 9001 50
a contact +70200 +74400 2032 9009 50
a contact +67800 +74400 2033 9003 50
a contact +69600 +74400 9001 2022 50
a contact +67800 +74400 9003 2033 50
a contact +70200 +74400 9009 2032 50
a contact +74400 +76200 2001 9001 25
a contact +74400 +76200 9001 2001 25
a contact +74400 +76800 2003 9009 25
a contact +73200 +76800 2008 9007 50
a contact +73200 +76800 9007 2008 50
a contact +74400 +76800 9009 2003 25
a contact +63600 +77400 2005 9006 50
a contact +72000 +77400 2009 9004 50
a contact +72000 +77400 9004 2009 50
a contact +63600 +77400 9006 2005 50
a contact +76200 +78000 2032 9001 50
a contact +76200 +78000 9001 2032 50
a contact +77400 +78600 2013 9006 50
a contact +76800 +78600 2025 9009 50
a contact +74400 +78600 2026 9003 50
a contact +74400 +78600 9003 2026 50
a contact +77400 +78600 9006 2013 50
a contact +76800 +78600 9009 2025 50
a contact +78000 +79200 2008 9001 50
a contact +78000 +79200 9001 2008 50
a contact +78600 +80400 2003 9005 25
a contact +78600 +80400 9005 2003 25
a contact +79200 +81600 2006 9001 50
a contact +79200 +81600 9001 2006 50
a contact +81600 +82800 2024 9001 50
a contact +80400 +82800 2027 9005 50
a contact +81600 +82800 9001 2024 50
a contact +80400 +82800 9005 2027 50
a contact +78600 +84000 2002 9002 25
a contact +82800 +84000 2003 9005 25
a contact +78600 +84000 9002 2002 25
a contact +82800 +84000 9005 2003 25
a contact +78600 +84600 2001 9008 25
a contact +76800 +84600 2039 9007 50
a contact +76800 +84600 9007 2039 50
a contact +78600 +84600 9008 2001 25
a contact +84000 +85200 2027 9005 50
a contact +77400 +85200 2036 9004 50
a contact +77400 +85200 9004 2036 50
a contact +84000 +85200 9005 2027 50
a contact +84600 +86400 2004 9007 50
a contact +82800 +86400 2006 9001 50
a contact +84000 +86400 2026 9002 50
a contact +85200 +86400 2031 9004 50
a contact +85200 +86400 2033 9005 50
a contact +84600 +86400 2040 9008 50
a contact +82800 +86400 9001 2006 50
a contact +84000 +86400 9002 2026 50
a contact +85200 +86400 9004 2031 50
a contact +85200 +86400 9005 2033 50
a contact +84600 +86400 9007 2004 50
a contact +84600 +86400 9008 2040 50

a range +0 +1800 2006 9005 1102.3249
a range +0 +1800 9005 2006 1102.3249
a range +0 +3600 2007 9008 1102.1639
a range +0 +3600 9008 2007 1102.1639
a range +1800 +5400 2027 9005 1102.0121
a range +1800 +5400 9005 2027 1102.0121
a range +0 +7800 2037 9004 1102.3501
a range +0 +7800 9004 2037 1102.3501
a range +3600 +9000 2021 9008 1103.3884
a range +3600 +9000 9008 2021 1103.3884
a range +9000 +11400 2014 9008 1103.3651
a range +9000 +11400 9008 2014 1103.3651
a range +0 +12000 2015 9002 1103.3892
a range +11400 +12000 2027 9008 1103.1075
a range +0 +12000 9002 2015 1103.3892
a range +11400 +12000 9008 2027 1103.1075
a range +0 +12600 2019 9001 1102.3365
a range +0 +12600 9001 2019 1102.3365
a range +12600 +15600 2022 9001 1102.3567
a range +0 +15600 2023 9007 1102.3561
a range +7800 +15600 2030 9004 1102.371
a range +12600 +15600 9001 2022 1102.3567
a range +7800 +15600 9004 2030 1102.371
a range +0 +15600 9007 2023 1102.3561
a range +12000 +16800 2040 9002 1103.379
a range +12000 +16800 9002 2040 1103.379
a range +16800 +26400 2025 9002 1103.3754
a range +16800 +26400 9002 2025 1103.3754
a range +12000 +28800 2016 9008 1103.3965
a range +12000 +28800 9008 2016 1103.3965
a range +30000 +30600 2002 9003 1104.7786
a range +30000 +30600 2003 9009 1104.7672
a range +30000 +30600 9003 2002 1104.7786
a range +30000 +30600 9009 2003 1104.7672
a range +30000 +34200 2029 9006 1103.743
a range +30000 +34200 9006 2029 1103.743
a range +30600 +36000 2018 9003 1104.7844
a range +26400 +36000 2038 9002 1103.3909
a range +26400 +36000 9002 2038 1103.3909
a range +30600 +36000 9003 2018 1104.7844
a range +28800 +36600 2035 9008 1103.3588
a range +28800 +36600 9008 2035 1103.3588
a range +34200 +37800 2032 9006 1104.8035
a range +34200 +37800 9006 2032 1104.8035
a range +5400 +38400 2004 9005 1103.3782
a range +36000 +38400 2010 9003 1103.2372
a range +36000 +38400 9003 2010 1103.2372
a range +5400 +38400 9005 2004 1103.3782
a range +38400 +39600 2003 9003 1104.7672
a range +38400 +39600 9003 2003 1104.7672
a range +36600 +40800 2007 9008 1103.3664
a range +36600 +40800 9008 2007 1103.3664
a range +36000 +42600 2028 9002 1103.3585
a range +38400 +42600 2037 9005 1103.3996
a range +40800 +42600 2040 9008 1103.379
a range +36000 +42600 9002 2028 1103.3585
a range +38400 +42600 9005 2037 1103.3996
a range +40800 +42600 9008 2040 1103.379
a range +40200 +46800 2013 9003 1104.7988
a range +40200 +46800 9003 2013 1104.7988
a range +30600 +47400 2014 9009 1104.7801
a range +30600 +47400 9009 2014 1104.7801
a range +37800 +48600 2020 9006 1104.768
a range +37800 +48600 9006 2020 1104.768
a range +48600 +52200 2026 9006 1104.3991
a range +46800 +52200 2031 9003 1104.7923
a range +46800 +52200 9003 2031 1104.7923
a range +48600 +52200 9006 2026 1104.3991
a range +52200 +52800 2003 9001 1105.0623
a range +52200 +52800 9001 2003 1105.0623
a range +52200 +54000 2002 9004 1105.0507
a range +52800 +54000 2028 9006 1103.9513
a range +52200 +54000 9004 2002 1105.0507
a range +52800 +54000 9006 2028 1103.9513
a range +52200 +54600 2021 9007 1105.0453
a range +52200 +54600 9007 2021 1105.0453
a range +54000 +56400 2009 9004 1104.1607
a range +52800 +56400 2018 9001 1105.054
a range +47400 +56400 2034 9009 1104.7459
a range +52800 +56400 9001 2018 1105.054
a range +54000 +56400 9004 2009 1104.1607
a range +47400 +56400 9009 2034 1104.7459
a range +56400 +59400 2008 9001 1104.295
a range +56400 +59400 9001 2008 1104.295
a range +56400 +63000 2031 9009 1104.7923
a range +56400 +63000 9009 2031 1104.7923
a range +54000 +63600 2012 9006 1104.7851
a range +54000 +63600 9006 2012 1104.7851
a range +52200 +64200 2017 9003 1104.7767
a range +52200 +64200 9003 2017 1104.7767
a range +63000 +67800 2004 9009 1104.766
a range +64200 +67800 2010 9003 1104.7743
a range +64200 +67800 9003 2010 1104.7743
a range +63000 +67800 9009 2004 1104.766
a range +59400 +69600 2016 9001 1105.0659
a range +54600 +69600 2024 9007 1105.0698
a range +59400 +69600 9001 2016 1105.0659
a range +54600 +69600 9007 2024 1105.0698
a range +67800 +70200 2010 9009 1104.7743
a range +67800 +70200 9009 2010 1104.7743
a range +56400 +72000 2011 9004 1105.0813
a range +56400 +72000 9004 2011 1105.0813
a range +69600 +73200 2029 9007 1104.8293
a range +69600 +73200 9007 2029 1104.8293
a range +69600 +74400 2022 9001 1105.0498
a range +70200 +74400 2032 9009 1104.8035
a range +67800 +74400 2033 9003 1104.7738
a range +69600 +74400 9001 2022 1105.0498
a range +67800 +74400 9003 2033 1104.7738
a range +70200 +74400 9009 2032 1104.8035
a range +74400 +76200 2001 9001 1105.0485
a range +74400 +76200 9001 2001 1105.0485
a range +74400 +76800 2003 9009 1104.7672
a range +73200 +76800 2008 9007 1105.0568
a range +73200 +76800 9007 2008 1105.0568
a range +74400 +76800 9009 2003 1104.7672
a range +63600 +77400 2005 9006 1104.7769
a range +72000 +77400 2009 9004 1104.892
a range +72000 +77400 9004 2009 1104.892
a range +63600 +77400 9006 2005 1104.7769
a range +76200 +78000 2032 9001 1105.0469
a range +76200 +78000 9001 2032 1105.0469
a range +77400 +78600 2013 9006 1104.7988
a range +76800 +78600 2025 9009 1104.7867
a range +74400 +78600 2026 9003 1104.7569
a range +74400 +78600 9003 2026 1104.7569
a range +77400 +78600 9006 2013 1104.7988
a range +76800 +78600 9009 2025 1104.7867
a range +78000 +79200 2008 9001 1105.0568
a range +78000 +79200 9001 2008 1105.0568
a range +78600 +80400 2003 9005 1105.0696
a range +78600 +80400 9005 2003 1105.0696
a range +79200 +81600 2006 9001 1105.0381
a range +79200 +81600 9001 2006 1105.0381
a range +81600 +82800 2024 9001 1105.0698
a range +80400 +82800 2027 9005 1105.0792
a range +81600 +82800 9001 2024 1105.0698
a range +80400 +82800 9005 2027 1105.0792
a range +78600 +84000 2002 9002 1105.0579
a range +82800 +84000 2003 9005 1105.0696
a range +78600 +84000 9002 2002 1105.0579
a range +82800 +84000 9005 2003 1105.0696
a range +78600 +84600 2001 9008 1105.0558
a range +76800 +84600 2039 9007 1105.0582
a range +76800 +84600 9007 2039 1105.0582
a range +78600 +84600 9008 2001 1105.0558
a range +84000 +85200 2027 9005 1105.0792
a range +77400 +85200 2036 9004 1105.0645
a range +77400 +85200 9004 2036 1105.0645
a range +84000 +85200 9005 2027 1105.0792
a range +84600 +86400 2004 9007 1105.0675
a range +82800 +86400 2006 9001 1105.0381
a range +84000 +86400 2026 9002 1105.0447
a range +85200 +86400 2031 9004 1105.0813
a range +85200 +86400 2033 9005 1105.0348
a range +84600 +86400 2040 9008 1105.0764
a range +82800 +86400 9001 2006 1105.0381
a range +84000 +86400 9002 2026 1105.0447
a range +85200 +86400 9004 2031 1105.0813
a range +85200 +86400 9005 2033 1105.0348
a range +84600 +86400 9007 2004 1105.0675
a range +84600 +86400 9008 2040 1105.0764
