a contact +0 +500 2003 9001 1000
a contact +0 +500 9001 2003 1000
a contact +2100 +2400 2002 9001 1000
a contact +1600 +2400 2003 9002 1000
a contact +2100 +2400 9001 2002 1000
a contact +1600 +2400 9002 2003 1000
a contact +3000 +3600 2003 9002 1000
a contact +3000 +3600 9002 2003 1000
a contact +4200 +4800 1001 2003 1000
a contact +4200 +4800 2003 1001 1000
a contact +6000 +6600 2003 9002 1000
a contact +6000 +6600 9002 2003 1000
a contact +8400 +9000 2001 2003 1000
a contact +8400 +9000 2003 2001 1000
a contact +10600 +11300 1001 9002 1000
a contact +11200 +11300 2002 2004 1000
a contact +11200 +11300 2004 2002 1000
a contact +10600 +11300 9002 1001 1000
a contact +11300 +11900 2001 2004 1000
a contact +11300 +11900 2002 9001 1000
a contact +11300 +11900 2004 2001 1000
a contact +11300 +11900 9001 2002 1000
a contact +14400 +15000 2001 2003 1000
a contact +14400 +15000 2003 2001 1000
a contact +15000 +15300 2002 9001 1000
a contact +15000 +15300 9001 2002 1000
a contact +21000 +21600 2001 2004 1000
a contact +21000 +21600 2004 2001 1000
a contact +22600 +23200 1001 9001 1000
a contact +22600 +23200 9001 1001 1000
a contact +23200 +23800 2002 2004 1000
a contact +23200 +23800 2004 2002 1000
a contact +27800 +28400 2001 9002 1000
a contact +27800 +28400 9002 2001 1000
a contact +28400 +29000 1001 9002 1000
a contact +28400 +29000 2002 2004 1000
a contact +28400 +29000 2004 2002 1000
a contact +28400 +29000 9002 1001 1000
a contact +31700 +32300 2001 9003 1000
a contact +31700 +32300 9003 2001 1000
a contact +40400 +41100 2004 9003 1000
a contact +40400 +41100 9003 2004 1000
a contact +41100 +41700 2001 2004 1000
a contact +41100 +41700 2004 2001 1000
a contact +45900 +46500 2001 2004 1000
a contact +45900 +46500 2004 2001 1000
a contact +46500 +46700 1001 9001 1000
a contact +46500 +46700 9001 1001 1000
a contact +46900 +47300 1001 9002 1000
a contact +46900 +47300 9002 1001 1000
a contact +47900 +48500 1001 9002 1000
a contact +47900 +48500 9002 1001 1000
a contact +49500 +50100 2001 9003 1000
a contact +49500 +50100 9003 2001 1000
a contact +51300 +51900 2001 2003 1000
a contact +51300 +51900 2003 2001 1000
a contact +52500 +53100 1001 2003 1000
a contact +52500 +53100 2003 1001 1000
a contact +56500 +57600 2001 9001 1000
a contact +56500 +57600 9001 2001 1000
a contact +59300 +59500 2001 2004 1000
a contact +59300 +59500 2002 9001 1000
a contact +59300 +59500 2004 2001 1000
a contact +59300 +59500 9001 2002 1000
a contact +59300 +60100 1001 2003 1000
a contact +59300 +60100 2003 1001 1000
a contact +62500 +63100 1001 2003 1000
a contact +62500 +63100 2003 1001 1000
a contact +64900 +65300 1001 2003 1000
a contact +64900 +65300 2003 1001 1000
a contact +66800 +67400 2001 9003 1000
a contact +66800 +67400 2003 9001 1000
a contact +66800 +67400 9001 2003 1000
a contact +66800 +67400 9003 2001 1000
a contact +68500 +69100 2002 9001 1000
a contact +68500 +69100 9001 2002 1000
a contact +71500 +72100 2001 9003 1000
a contact +71500 +72100 2003 9001 1000
a contact +71500 +72100 9001 2003 1000
a contact +71500 +72100 9003 2001 1000
a contact +72100 +72700 2002 9001 1000
a contact +72100 +72700 9001 2002 1000
a contact +75400 +75600 2003 9001 1000
a contact +75400 +75600 9001 2003 1000
a contact +75900 +76500 2001 9001 1000
a contact +75900 +76500 9001 2001 1000
a contact +77100 +77300 2003 9001 1000
a contact +77100 +77300 9001 2003 1000
a contact +78000 +78200 2002 2004 1000
a contact +78000 +78200 2004 2002 1000
a contact +78400 +79000 2003 9002 1000
a contact +78400 +79000 9002 2003 1000
a contact +79000 +79600 2004 9002 1000
a contact +79000 +79600 9002 2004 1000
a contact +82200 +82800 1001 2004 1000
a contact +82200 +82800 2001 9001 1000
a contact +82200 +82800 2002 9002 1000
a contact +82200 +82800 2004 1001 1000
a contact +82200 +82800 9001 2001 1000
a contact +82200 +82800 9002 2002 1000
a contact +85600 +85800 2001 2003 1000
a contact +85600 +85800 2003 2001 1000

a range +0 +500 2003 9001 1101.7661
a range +0 +500 9001 2003 1101.7661
a range +2100 +2400 2002 9001 1102.335
a range +1600 +2400 2003 9002 1102.4935
a range +2100 +2400 9001 2002 1102.335
a range +1600 +2400 9002 2003 1102.4935
a range +3000 +3600 2003 9002 1102.4935
a range +3000 +3600 9002 2003 1102.4935
a range +4200 +4800 1001 2003 1102.5215
a range +4200 +4800 2003 1001 1102.5215
a range +6000 +6600 2003 9002 1102.4935
a range +6000 +6600 9002 2003 1102.4935
a range +8400 +9000 2001 2003 0.0337
a range +8400 +9000 2003 2001 0.0337
a range +10600 +11300 1001 9002 0.0591
a range +11200 +11300 2002 2004 0.0337
a range +11200 +11300 2004 2002 0.0337
a range +10600 +11300 9002 1001 0.0591
a range +11300 +11900 2001 2004 0.0431
a range +11300 +11900 2002 9001 1102.335
a range +11300 +11900 2004 2001 0.0431
a range +11300 +11900 9001 2002 1102.335
a range +14400 +15000 2001 2003 0.0337
a range +14400 +15000 2003 2001 0.0337
a range +15000 +15300 2002 9001 1102.335
a range +15000 +15300 9001 2002 1102.335
a range +21000 +21600 2001 2004 0.043
a range +21000 +21600 2004 2001 0.043
a range +22600 +23200 1001 9001 0.0595
a range +22600 +23200 9001 1001 0.0595
a range +23200 +23800 2002 2004 0.0337
a range +23200 +23800 2004 2002 0.0337
a range +27800 +28400 2001 9002 1103.3763
a range +27800 +28400 9002 2001 1103.3763
a range +28400 +29000 1001 9002 0.0594
a range +28400 +29000 2002 2004 0.0337
a range +28400 +29000 2004 2002 0.0337
a range +28400 +29000 9002 1001 0.0594
a range +31700 +32300 2001 9003 1104.7676
a range +31700 +32300 9003 2001 1104.7676
a range +40400 +41100 2004 9003 1104.7658
a range +40400 +41100 9003 2004 1104.7658
a range +41100 +41700 2001 2004 0.0432
a range +41100 +41700 2004 2001 0.0432
a range +45900 +46500 2001 2004 0.0432
a range +45900 +46500 2004 2001 0.0432
a range +46500 +46700 1001 9001 0.0593
a range +46500 +46700 9001 1001 0.0593
a range +46900 +47300 1001 9002 0.0591
a range +46900 +47300 9002 1001 0.0591
a range +47900 +48500 1001 9002 0.0591
a range +47900 +48500 9002 1001 0.0591
a range +49500 +50100 2001 9003 1104.7676
a range +49500 +50100 9003 2001 1104.7676
a range +51300 +51900 2001 2003 0.0337
a range +51300 +51900 2003 2001 0.0337
a range +52500 +53100 1001 2003 1103.9173
a range +52500 +53100 2003 1001 1103.9173
a range +56500 +57600 2001 9001 1105.0474
a range +56500 +57600 9001 2001 1105.0474
a range +59300 +59500 2001 2004 0.0434
a range +59300 +59500 2002 9001 1104.6512
a range +59300 +59500 2004 2001 0.0434
a range +59300 +59500 9001 2002 1104.6512
a range +59300 +60100 1001 2003 1104.4967
a range +59300 +60100 2003 1001 1104.4967
a range +62500 +63100 1001 2003 1104.4967
a range +62500 +63100 2003 1001 1104.4967
a range +64900 +65300 1001 2003 1104.4967
a range +64900 +65300 2003 1001 1104.4967
a range +66800 +67400 2001 9003 1104.7676
a range +66800 +67400 2003 9001 1104.6705
a range +66800 +67400 9001 2003 1104.6705
a range +66800 +67400 9003 2001 1104.7676
a range +68500 +69100 2002 9001 1104.6512
a range +68500 +69100 9001 2002 1104.6512
a range +71500 +72100 2001 9003 1104.7676
a range +71500 +72100 2003 9001 1104.6705
a range +71500 +72100 9001 2003 1104.6705
a range +71500 +72100 9003 2001 1104.7676
a range +72100 +72700 2002 9001 1104.6512
a range +72100 +72700 9001 2002 1104.6512
a range +75400 +75600 2003 9001 1104.6705
a range +75400 +75600 9001 2003 1104.6705
a range +75900 +76500 2001 9001 1105.0474
a range +75900 +76500 9001 2001 1105.0474
a range +77100 +77300 2003 9001 1105.036
a range +77100 +77300 9001 2003 1105.036
a range +78000 +78200 2002 2004 0.0337
a range +78000 +78200 2004 2002 0.0337
a range +78400 +79000 2003 9002 1105.0432
a range +78400 +79000 9002 2003 1105.0432
a range +79000 +79600 2004 9002 1105.0567
a range +79000 +79600 9002 2004 1105.0567
a range +82200 +82800 1001 2004 1105.0216
a range +82200 +82800 2001 9001 1105.0474
a range +82200 +82800 2002 9002 1105.0424
a range +82200 +82800 2004 1001 1105.0216
a range +82200 +82800 9001 2001 1105.0474
a range +82200 +82800 9002 2002 1105.0424
a range +85600 +85800 2001 2003 0.0337
a range +85600 +85800 2003 2001 0.0337
