num_k=178
num_nodes=8
duration=24.0 hours
ipn_node_to_planet_map={0: '1'}
nodes=['1001', '2001', '2002', '2003', '2004', '9001', '9002', '9003']
oi to node={0: 0, 1: 0, 2: 1, 3: 2, 4: 3, 5: 4, 6: 5, 7: 6, 8: 7}
node to oi={0: [0, 1], 1: [2], 2: [3], 3: [4], 4: [5], 5: [6], 6: [7], 7: [8]}

  0,1,2,3,4,5,6,7,8,
0 *,0,0,0,0,0,0,0,1,
1 0,*,0,0,0,0,0,0,1,
2 0,0,*,0,0,0,1,1,0,
3 0,0,0,*,0,0,0,0,0,
4 0,0,0,0,*,0,1,1,0,
5 0,0,0,0,0,*,1,1,0,
6 0,0,0,0,0,0,*,0,0,
7 0,0,0,0,0,0,0,*,0,
8 0,0,0,0,0,0,0,0,*,
k=1
t=200

  0,1,2,3,4,5,6,7,8,
0 *,0,0,0,0,0,0,0,1,
1 0,*,0,0,0,0,0,0,1,
2 0,0,*,0,0,0,1,1,0,
3 0,0,0,*,0,0,0,0,0,
4 0,0,0,0,*,0,1,1,0,
5 0,0,0,0,0,*,1,1,0,
6 0,0,0,0,0,0,*,0,0,
7 0,0,0,0,0,0,0,*,0,
8 0,0,0,0,0,0,0,0,*,
k=2
t=300

  0,1,2,3,4,5,6,7,8,
0 *,0,0,0,0,0,0,0,1,
1 0,*,0,0,0,0,0,0,1,
2 0,0,*,0,0,0,1,1,0,
3 0,0,0,*,0,0,0,0,0,
4 0,0,0,0,*,0,0,0,0,
5 0,0,0,0,0,*,1,1,0,
6 0,0,0,0,0,0,*,0,0,
7 0,0,0,0,0,0,0,*,0,
8 0,0,0,0,0,0,0,0,*,
k=3
t=600

  0,1,2,3,4,5,6,7,8,
0 *,0,0,0,0,0,0,0,1,
1 0,*,0,0,0,0,0,0,1,
2 0,0,*,0,0,0,1,1,0,
3 0,0,0,*,0,0,0,0,0,
4 0,0,0,0,*,0,0,0,0,
5 0,0,0,0,0,*,1,1,0,
6 0,0,0,0,0,0,*,0,0,
7 0,0,0,0,0,0,0,*,0,
8 0,0,0,0,0,0,0,0,*,
k=4
t=500

  0,1,2,3,4,5,6,7,8,
0 *,0,0,0,0,0,0,0,1,
1 0,*,0,0,0,0,0,0,1,
2 0,0,*,0,0,0,1,1,0,
3 0,0,0,*,0,0,0,0,0,
4 0,0,0,0,*,0,1,1,0,
5 0,0,0,0,0,*,1,1,0,
6 0,0,0,0,0,0,*,0,0,
7 0,0,0,0,0,0,0,*,0,
8 0,0,0,0,0,0,0,0,*,
k=5
t=300

  0,1,2,3,4,5,6,7,8,
0 *,0,0,0,0,0,0,0,1,
1 0,*,0,0,0,0,0,0,1,
2 0,0,*,0,0,0,1,1,0,
3 0,0,0,*,0,0,0,0,0,
4 0,0,0,0,*,0,1,1,0,
5 0,0,0,0,0,*,1,1,0,
6 0,0,0,0,0,0,*,0,0,
7 0,0,0,0,0,0,0,*,0,
8 0,0,0,0,0,0,0,0,*,
k=6
t=200

  0,1,2,3,4,5,6,7,8,
0 *,0,0,0,0,0,0,0,1,
1 0,*,0,0,0,0,0,0,1,
2 0,0,*,0,0,0,1,1,0,
3 0,0,0,*,0,0,1,1,0,
4 0,0,0,0,*,0,1,1,0,
5 0,0,0,0,0,*,1,1,0,
6 0,0,0,0,0,0,*,0,0,
7 0,0,0,0,0,0,0,*,0,
8 0,0,0,0,0,0,0,0,*,
k=7
t=300

  0,1,2,3,4,5,6,7,8,
0 *,0,0,0,0,0,0,0,1,
1 0,*,0,0,0,0,0,0,1,
2 1,1,*,0,0,0,1,1,0,
3 1,1,0,*,0,0,1,1,0,
4 1,1,0,0,*,0,1,1,0,
5 1,1,0,0,0,*,1,1,0,
6 0,0,0,0,0,0,*,0,0,
7 0,0,0,0,0,0,0,*,0,
8 0,0,0,0,0,0,0,0,*,
k=8
t=600

  0,1,2,3,4,5,6,7,8,
0 *,0,0,0,0,0,0,0,1,
1 0,*,0,0,0,0,0,0,1,
2 1,1,*,0,0,0,1,1,0,
3 1,1,0,*,0,0,1,1,0,
4 1,1,0,0,*,0,1,1,0,
5 1,1,0,0,0,*,1,1,0,
6 0,0,0,0,0,0,*,0,0,
7 0,0,0,0,0,0,0,*,0,
8 0,0,0,0,0,0,0,0,*,
k=9
t=600

  0,1,2,3,4,5,6,7,8,
0 *,0,0,0,0,0,0,0,1,
1 0,*,0,0,0,0,0,0,1,
2 1,1,*,0,0,0,1,1,0,
3 1,1,0,*,0,0,1,1,0,
4 1,1,0,0,*,0,1,1,0,
5 1,1,0,0,0,*,1,1,0,
6 0,0,0,0,0,0,*,0,0,
7 0,0,0,0,0,0,0,*,0,
8 0,0,0,0,0,0,0,0,*,
k=10
t=600

  0,1,2,3,4,5,6,7,8,
0 *,0,0,0,0,0,1,0,1,
1 0,*,0,0,0,0,1,0,1,
2 1,1,*,0,0,0,1,1,0,
3 1,1,0,*,0,0,1,1,0,
4 1,1,0,0,*,0,1,1,0,
5 1,1,0,0,0,*,1,1,0,
6 0,0,0,0,0,0,*,0,0,
7 0,0,0,0,0,0,0,*,0,
8 0,0,0,0,0,0,0,0,*,
k=11
t=600

  0,1,2,3,4,5,6,7,8,
0 *,0,0,0,0,0,1,0,1,
1 0,*,0,0,0,0,1,0,1,
2 1,1,*,0,0,0,1,1,0,
3 1,1,0,*,0,0,1,1,0,
4 1,1,0,0,*,0,1,1,0,
5 1,1,0,0,0,*,1,1,0,
6 0,0,0,0,0,0,*,0,0,
7 0,0,0,0,0,0,0,*,0,
8 0,0,0,0,0,0,0,0,*,
k=12
t=600

  0,1,2,3,4,5,6,7,8,
0 *,0,0,0,0,0,1,0,1,
1 0,*,0,0,0,0,1,0,1,
2 1,1,*,0,0,0,1,1,0,
3 1,1,0,*,0,0,1,1,0,
4 1,1,0,0,*,0,1,1,0,
5 1,1,0,0,0,*,1,1,0,
6 0,0,0,0,0,0,*,0,0,
7 0,0,0,0,0,0,0,*,0,
8 0,0,0,0,0,0,0,0,*,
k=13
t=600

  0,1,2,3,4,5,6,7,8,
0 *,0,0,0,0,0,1,0,1,
1 0,*,0,0,0,0,1,0,1,
2 1,1,*,0,0,0,1,1,0,
3 1,1,0,*,0,0,1,1,0,
4 1,1,0,0,*,0,1,1,0,
5 1,1,0,0,0,*,1,1,0,
6 0,0,0,0,0,0,*,0,0,
7 0,0,0,0,0,0,0,*,0,
8 0,0,0,0,0,0,0,0,*,
k=14
t=600

  0,1,2,3,4,5,6,7,8,
0 *,0,0,0,0,0,1,0,1,
1 0,*,0,0,0,0,1,0,1,
2 1,1,*,0,0,0,1,1,0,
3 1,1,0,*,0,0,1,1,0,
4 1,1,0,0,*,0,1,1,0,
5 1,1,0,0,0,*,1,1,0,
6 0,0,0,0,0,0,*,0,0,
7 0,0,0,0,0,0,0,*,0,
8 0,0,0,0,0,0,0,0,*,
k=15
t=600

  0,1,2,3,4,5,6,7,8,
0 *,0,0,0,0,0,1,0,0,
1 0,*,0,0,0,0,1,0,0,
2 1,1,*,0,0,0,1,1,0,
3 1,1,0,*,0,0,1,1,0,
4 1,1,0,0,*,0,1,1,0,
5 1,1,0,0,0,*,1,1,0,
6 0,0,0,0,0,0,*,0,0,
7 0,0,0,0,0,0,0,*,0,
8 0,0,0,0,0,0,0,0,*,
k=16
t=600

  0,1,2,3,4,5,6,7,8,
0 *,0,0,0,0,0,1,0,0,
1 0,*,0,0,0,0,1,0,0,
2 1,1,*,0,0,0,1,1,0,
3 1,1,0,*,0,0,1,1,0,
4 1,1,0,0,*,0,1,1,0,
5 1,1,0,0,0,*,1,1,0,
6 0,0,0,0,0,0,*,0,0,
7 0,0,0,0,0,0,0,*,0,
8 0,0,0,0,0,0,0,0,*,
k=17
t=600

  0,1,2,3,4,5,6,7,8,
0 *,0,0,0,0,0,1,0,0,
1 0,*,0,0,0,0,1,0,0,
2 1,1,*,0,0,0,1,1,0,
3 1,1,0,*,0,0,1,1,0,
4 1,1,0,0,*,0,1,1,0,
5 1,1,0,0,0,*,1,1,0,
6 0,0,0,0,0,0,*,0,0,
7 0,0,0,0,0,0,0,*,0,
8 0,0,0,0,0,0,0,0,*,
k=18
t=600

  0,1,2,3,4,5,6,7,8,
0 *,0,0,0,0,0,1,0,0,
1 0,*,0,0,0,0,1,0,0,
2 1,1,*,0,0,0,1,1,0,
3 1,1,0,*,0,0,1,1,0,
4 1,1,0,0,*,0,1,1,0,
5 1,1,0,0,0,*,1,1,0,
6 0,0,0,0,0,0,*,0,0,
7 0,0,0,0,0,0,0,*,0,
8 0,0,0,0,0,0,0,0,*,
k=19
t=600

  0,1,2,3,4,5,6,7,8,
0 *,0,0,0,0,0,1,0,0,
1 0,*,0,0,0,0,1,0,0,
2 1,1,*,0,0,0,1,1,0,
3 1,1,0,*,0,0,1,1,0,
4 1,1,0,0,*,0,1,1,0,
5 1,1,0,0,0,*,1,1,0,
6 0,0,0,0,0,0,*,0,0,
7 0,0,0,0,0,0,0,*,0,
8 0,0,0,0,0,0,0,0,*,
k=20
t=400

  0,1,2,3,4,5,6,7,8,
0 *,0,0,0,0,0,1,1,0,
1 0,*,0,0,0,0,1,1,0,
2 1,1,*,0,0,0,1,1,0,
3 1,1,0,*,0,0,1,1,0,
4 1,1,0,0,*,0,1,1,0,
5 1,1,0,0,0,*,1,1,0,
6 0,0,0,0,0,0,*,0,0,
7 0,0,0,0,0,0,0,*,0,
8 0,0,0,0,0,0,0,0,*,
k=21
t=600

  0,1,2,3,4,5,6,7,8,
0 *,0,0,0,0,0,1,1,0,
1 0,*,0,0,0,0,1,1,0,
2 1,1,*,0,0,0,1,1,0,
3 1,1,0,*,0,0,1,1,0,
4 1,1,0,0,*,0,1,1,0,
5 1,1,0,0,0,*,1,1,0,
6 0,0,0,0,0,0,*,0,0,
7 0,0,0,0,0,0,0,*,0,
8 0,0,0,0,0,0,0,0,*,
k=22
t=600

  0,1,2,3,4,5,6,7,8,
0 *,0,0,0,0,0,1,1,0,
1 0,*,0,0,0,0,1,1,0,
2 1,1,*,0,0,0,1,1,0,
3 1,1,0,*,0,0,1,1,0,
4 1,1,0,0,*,0,1,1,0,
5 1,1,0,0,0,*,1,1,0,
6 0,0,0,0,0,0,*,0,0,
7 0,0,0,0,0,0,0,*,0,
8 0,0,0,0,0,0,0,0,*,
k=23
t=100

  0,1,2,3,4,5,6,7,8,
0 *,0,0,0,0,0,1,1,0,
1 0,*,0,0,0,0,1,1,0,
2 1,1,*,0,0,0,1,1,0,
3 1,1,0,*,0,0,1,1,0,
4 1,1,0,0,*,0,1,1,0,
5 1,1,0,0,0,*,1,1,0,
6 0,0,0,0,0,0,*,0,0,
7 0,0,0,0,0,0,0,*,0,
8 0,0,0,0,0,0,0,0,*,
k=24
t=600

  0,1,2,3,4,5,6,7,8,
0 *,0,0,0,0,0,1,1,0,
1 0,*,0,0,0,0,1,1,0,
2 1,1,*,0,0,0,1,1,0,
3 1,1,0,*,0,0,1,1,0,
4 1,1,0,0,*,0,1,1,0,
5 1,1,0,0,0,*,1,1,0,
6 0,0,0,0,0,0,*,0,0,
7 0,0,0,0,0,0,0,*,0,
8 0,0,0,0,0,0,0,0,*,
k=25
t=100

  0,1,2,3,4,5,6,7,8,
0 *,0,0,0,0,0,0,1,0,
1 0,*,0,0,0,0,0,1,0,
2 1,1,*,0,0,0,1,1,0,
3 1,1,0,*,0,0,1,1,0,
4 1,1,0,0,*,0,1,1,0,
5 1,1,0,0,0,*,1,1,0,
6 0,0,0,0,0,0,*,0,0,
7 0,0,0,0,0,0,0,*,0,
8 0,0,0,0,0,0,0,0,*,
k=26
t=600

  0,1,2,3,4,5,6,7,8,
0 *,0,0,0,0,0,0,1,0,
1 0,*,0,0,0,0,0,1,0,
2 1,1,*,0,0,0,1,1,0,
3 1,1,0,*,0,0,1,1,0,
4 1,1,0,0,*,0,1,1,0,
5 1,1,0,0,0,*,1,1,0,
6 0,0,0,0,0,0,*,0,0,
7 0,0,0,0,0,0,0,*,0,
8 0,0,0,0,0,0,0,0,*,
k=27
t=600

  0,1,2,3,4,5,6,7,8,
0 *,0,0,0,0,0,0,1,0,
1 0,*,0,0,0,0,0,1,0,
2 1,1,*,0,0,0,1,1,0,
3 1,1,0,*,0,0,1,1,0,
4 1,1,0,0,*,0,1,1,0,
5 1,1,0,0,0,*,1,1,0,
6 0,0,0,0,0,0,*,0,0,
7 0,0,0,0,0,0,0,*,0,
8 0,0,0,0,0,0,0,0,*,
k=28
t=600

  0,1,2,3,4,5,6,7,8,
0 *,0,0,0,0,0,0,1,0,
1 0,*,0,0,0,0,0,1,0,
2 1,1,*,0,0,0,1,1,0,
3 1,1,0,*,0,0,1,1,0,
4 1,1,0,0,*,0,1,1,0,
5 1,1,0,0,0,*,1,1,0,
6 0,0,0,0,0,0,*,0,0,
7 0,0,0,0,0,0,0,*,0,
8 0,0,0,0,0,0,0,0,*,
k=29
t=600

  0,1,2,3,4,5,6,7,8,
0 *,0,0,0,0,0,0,1,0,
1 0,*,0,0,0,0,0,1,0,
2 1,1,*,0,0,0,1,1,0,
3 1,1,0,*,0,0,1,1,0,
4 1,1,0,0,*,0,1,1,0,
5 1,1,0,0,0,*,1,1,0,
6 0,0,0,0,0,0,*,0,0,
7 0,0,0,0,0,0,0,*,0,
8 0,0,0,0,0,0,0,0,*,
k=30
t=600

  0,1,2,3,4,5,6,7,8,
0 *,0,0,0,0,0,0,1,0,
1 0,*,0,0,0,0,0,1,0,
2 1,1,*,0,0,0,1,1,0,
3 1,1,0,*,0,0,1,1,0,
4 1,1,0,0,*,0,1,1,0,
5 1,1,0,0,0,*,1,1,0,
6 0,0,0,0,0,0,*,0,0,
7 0,0,0,0,0,0,0,*,0,
8 0,0,0,0,0,0,0,0,*,
k=31
t=300

  0,1,2,3,4,5,6,7,8,
0 *,0,0,0,0,0,0,1,0,
1 0,*,0,0,0,0,0,1,0,
2 1,1,*,0,0,0,0,1,0,
3 1,1,0,*,0,0,0,1,0,
4 1,1,0,0,*,0,0,1,0,
5 1,1,0,0,0,*,0,1,0,
6 0,0,0,0,0,0,*,0,0,
7 0,0,0,0,0,0,0,*,0,
8 0,0,0,0,0,0,0,0,*,
k=32
t=600

  0,1,2,3,4,5,6,7,8,
0 *,0,0,0,0,0,0,1,0,
1 0,*,0,0,0,0,0,1,0,
2 1,1,*,0,0,0,0,1,0,
3 1,1,0,*,0,0,0,1,0,
4 1,1,0,0,*,0,0,1,0,
5 1,1,0,0,0,*,0,1,0,
6 0,0,0,0,0,0,*,0,0,
7 0,0,0,0,0,0,0,*,0,
8 0,0,0,0,0,0,0,0,*,
k=33
t=600

  0,1,2,3,4,5,6,7,8,
0 *,0,0,0,0,0,0,1,0,
1 0,*,0,0,0,0,0,1,0,
2 1,1,*,0,0,0,0,1,0,
3 1,1,0,*,0,0,0,1,0,
4 1,1,0,0,*,0,0,1,0,
5 1,1,0,0,0,*,0,1,0,
6 0,0,0,0,0,0,*,0,0,
7 0,0,0,0,0,0,0,*,0,
8 0,0,0,0,0,0,0,0,*,
k=34
t=600

  0,1,2,3,4,5,6,7,8,
0 *,0,0,0,0,0,0,1,0,
1 0,*,0,0,0,0,0,1,0,
2 1,1,*,0,0,0,0,1,0,
3 1,1,0,*,0,0,0,1,0,
4 1,1,0,0,*,0,0,1,0,
5 1,1,0,0,0,*,0,1,0,
6 0,0,0,0,0,0,*,0,0,
7 0,0,0,0,0,0,0,*,0,
8 0,0,0,0,0,0,0,0,*,
k=35
t=600

  0,1,2,3,4,5,6,7,8,
0 *,0,0,0,0,0,0,0,0,
1 0,*,0,0,0,0,0,0,0,
2 1,1,*,0,0,0,0,1,0,
3 1,1,0,*,0,0,0,1,0,
4 1,1,0,0,*,0,0,1,0,
5 1,1,0,0,0,*,0,1,0,
6 0,0,0,0,0,0,*,0,0,
7 0,0,0,0,0,0,0,*,0,
8 0,0,0,0,0,0,0,0,*,
k=36
t=100

  0,1,2,3,4,5,6,7,8,
0 *,0,0,0,0,0,0,0,1,
1 0,*,0,0,0,0,0,0,1,
2 1,1,*,0,0,0,0,1,0,
3 1,1,0,*,0,0,0,1,0,
4 1,1,0,0,*,0,0,1,0,
5 1,1,0,0,0,*,0,1,0,
6 0,0,0,0,0,0,*,0,0,
7 0,0,0,0,0,0,0,*,0,
8 0,0,0,0,0,0,0,0,*,
k=37
t=600

  0,1,2,3,4,5,6,7,8,
0 *,0,0,0,0,0,0,0,1,
1 0,*,0,0,0,0,0,0,1,
2 1,1,*,0,0,0,0,1,0,
3 1,1,0,*,0,0,0,1,0,
4 1,1,0,0,*,0,0,1,0,
5 1,1,0,0,0,*,0,1,0,
6 0,0,0,0,0,0,*,0,0,
7 0,0,0,0,0,0,0,*,0,
8 0,0,0,0,0,0,0,0,*,
k=38
t=400

  0,1,2,3,4,5,6,7,8,
0 *,0,0,0,0,0,0,0,1,
1 0,*,0,0,0,0,0,0,1,
2 1,1,*,0,0,0,0,1,0,
3 0,0,0,*,0,0,0,0,0,
4 1,1,0,0,*,0,0,1,0,
5 1,1,0,0,0,*,0,1,0,
6 0,0,0,0,0,0,*,0,0,
7 0,0,0,0,0,0,0,*,0,
8 0,0,0,0,0,0,0,0,*,
k=39
t=200

  0,1,2,3,4,5,6,7,8,
0 *,0,0,0,0,0,0,0,1,
1 0,*,0,0,0,0,0,0,1,
2 1,1,*,0,0,0,0,1,0,
3 0,0,0,*,0,0,0,0,0,
4 1,1,0,0,*,0,0,1,0,
5 1,1,0,0,0,*,0,1,0,
6 0,0,0,0,0,0,*,0,0,
7 0,0,0,0,0,0,0,*,0,
8 0,0,0,0,0,0,0,0,*,
k=40
t=400

  0,1,2,3,4,5,6,7,8,
0 *,0,0,0,0,0,0,0,1,
1 0,*,0,0,0,0,0,0,1,
2 1,1,*,0,0,0,0,1,0,
3 0,0,0,*,0,0,0,0,0,
4 0,0,0,0,*,0,0,0,0,
5 1,1,0,0,0,*,0,1,0,
6 0,0,0,0,0,0,*,0,0,
7 0,0,0,0,0,0,0,*,0,
8 0,0,0,0,0,0,0,0,*,
k=41
t=600

  0,1,2,3,4,5,6,7,8,
0 *,0,0,0,0,0,0,0,1,
1 0,*,0,0,0,0,0,0,1,
2 1,1,*,0,0,0,0,1,0,
3 0,0,0,*,0,0,0,0,0,
4 0,0,0,0,*,0,0,0,0,
5 1,1,0,0,0,*,0,1,0,
6 0,0,0,0,0,0,*,0,0,
7 0,0,0,0,0,0,0,*,0,
8 0,0,0,0,0,0,0,0,*,
k=42
t=500

  0,1,2,3,4,5,6,7,8,
0 *,0,0,0,0,0,0,0,1,
1 0,*,0,0,0,0,0,0,1,
2 1,1,*,0,0,0,0,1,0,
3 0,0,0,*,0,0,0,0,0,
4 1,1,0,0,*,0,0,1,0,
5 1,1,0,0,0,*,0,1,0,
6 0,0,0,0,0,0,*,0,0,
7 0,0,0,0,0,0,0,*,0,
8 0,0,0,0,0,0,0,0,*,
k=43
t=300

  0,1,2,3,4,5,6,7,8,
0 *,0,0,0,0,0,0,0,1,
1 0,*,0,0,0,0,0,0,1,
2 1,1,*,0,0,0,0,1,0,
3 0,0,0,*,0,0,0,0,0,
4 1,1,0,0,*,0,0,1,0,
5 1,1,0,0,0,*,0,1,0,
6 0,0,0,0,0,0,*,0,0,
7 0,0,0,0,0,0,0,*,0,
8 0,0,0,0,0,0,0,0,*,
k=44
t=200

  0,1,2,3,4,5,6,7,8,
0 *,0,0,0,0,0,0,0,1,
1 0,*,0,0,0,0,0,0,1,
2 1,1,*,0,0,0,0,1,0,
3 1,1,0,*,0,0,0,1,0,
4 1,1,0,0,*,0,0,1,0,
5 1,1,0,0,0,*,0,1,0,
6 0,0,0,0,0,0,*,0,0,
7 0,0,0,0,0,0,0,*,0,
8 0,0,0,0,0,0,0,0,*,
k=45
t=600

  0,1,2,3,4,5,6,7,8,
0 *,0,0,0,0,0,0,0,1,
1 0,*,0,0,0,0,0,0,1,
2 1,1,*,0,0,0,0,1,0,
3 1,1,0,*,0,0,0,1,0,
4 1,1,0,0,*,0,0,1,0,
5 1,1,0,0,0,*,0,1,0,
6 0,0,0,0,0,0,*,0,0,
7 0,0,0,0,0,0,0,*,0,
8 0,0,0,0,0,0,0,0,*,
k=46
t=600

  0,1,2,3,4,5,6,7,8,
0 *,0,0,0,0,0,0,0,1,
1 0,*,0,0,0,0,0,0,1,
2 1,1,*,0,0,0,0,1,0,
3 1,1,0,*,0,0,0,1,0,
4 1,1,0,0,*,0,0,1,0,
5 1,1,0,0,0,*,0,1,0,
6 0,0,0,0,0,0,*,0,0,
7 0,0,0,0,0,0,0,*,0,
8 0,0,0,0,0,0,0,0,*,
k=47
t=400

  0,1,2,3,4,5,6,7,8,
0 *,0,0,0,0,0,1,0,1,
1 0,*,0,0,0,0,1,0,1,
2 1,1,*,0,0,0,0,1,0,
3 1,1,0,*,0,0,0,1,0,
4 1,1,0,0,*,0,0,1,0,
5 1,1,0,0,0,*,0,1,0,
6 0,0,0,0,0,0,*,0,0,
7 0,0,0,0,0,0,0,*,0,
8 0,0,0,0,0,0,0,0,*,
k=48
t=600

  0,1,2,3,4,5,6,7,8,
0 *,0,0,0,0,0,1,0,1,
1 0,*,0,0,0,0,1,0,1,
2 0,0,*,0,0,0,0,1,0,
3 0,0,0,*,0,0,0,1,0,
4 0,0,0,0,*,0,0,1,0,
5 0,0,0,0,0,*,0,1,0,
6 0,0,0,0,0,0,*,0,0,
7 0,0,0,0,0,0,0,*,0,
8 0,0,0,0,0,0,0,0,*,
k=49
t=600

  0,1,2,3,4,5,6,7,8,
0 *,0,0,0,0,0,1,0,1,
1 0,*,0,0,0,0,1,0,1,
2 0,0,*,0,0,0,0,1,0,
3 0,0,0,*,0,0,0,1,0,
4 0,0,0,0,*,0,0,1,0,
5 0,0,0,0,0,*,0,1,0,
6 0,0,0,0,0,0,*,0,0,
7 0,0,0,0,0,0,0,*,0,
8 0,0,0,0,0,0,0,0,*,
k=50
t=600

  0,1,2,3,4,5,6,7,8,
0 *,0,0,0,0,0,1,0,1,
1 0,*,0,0,0,0,1,0,1,
2 0,0,*,0,0,0,0,1,0,
3 0,0,0,*,0,0,0,1,0,
4 0,0,0,0,*,0,0,1,0,
5 0,0,0,0,0,*,0,1,0,
6 0,0,0,0,0,0,*,0,0,
7 0,0,0,0,0,0,0,*,0,
8 0,0,0,0,0,0,0,0,*,
k=51
t=600

  0,1,2,3,4,5,6,7,8,
0 *,0,0,0,0,0,1,0,1,
1 0,*,0,0,0,0,1,0,1,
2 0,0,*,0,0,0,0,1,0,
3 0,0,0,*,0,0,0,1,0,
4 0,0,0,0,*,0,0,1,0,
5 0,0,0,0,0,*,0,1,0,
6 0,0,0,0,0,0,*,0,0,
7 0,0,0,0,0,0,0,*,0,
8 0,0,0,0,0,0,0,0,*,
k=52
t=600

  0,1,2,3,4,5,6,7,8,
0 *,0,0,0,0,0,1,0,0,
1 0,*,0,0,0,0,1,0,0,
2 0,0,*,0,0,0,0,1,0,
3 0,0,0,*,0,0,0,1,0,
4 0,0,0,0,*,0,0,1,0,
5 0,0,0,0,0,*,0,1,0,
6 0,0,0,0,0,0,*,0,0,
7 0,0,0,0,0,0,0,*,0,
8 0,0,0,0,0,0,0,0,*,
k=53
t=400

  0,1,2,3,4,5,6,7,8,
0 *,0,0,0,0,0,1,0,0,
1 0,*,0,0,0,0,1,0,0,
2 1,1,*,0,0,0,0,1,0,
3 1,1,0,*,0,0,0,1,0,
4 1,1,0,0,*,0,0,1,0,
5 1,1,0,0,0,*,0,1,0,
6 0,0,0,0,0,0,*,0,0,
7 0,0,0,0,0,0,0,*,0,
8 0,0,0,0,0,0,0,0,*,
k=54
t=600

  0,1,2,3,4,5,6,7,8,
0 *,0,0,0,0,0,1,0,0,
1 0,*,0,0,0,0,1,0,0,
2 1,1,*,0,0,0,0,1,0,
3 1,1,0,*,0,0,0,1,0,
4 1,1,0,0,*,0,0,1,0,
5 1,1,0,0,0,*,0,1,0,
6 0,0,0,0,0,0,*,0,0,
7 0,0,0,0,0,0,0,*,0,
8 0,0,0,0,0,0,0,0,*,
k=55
t=600

  0,1,2,3,4,5,6,7,8,
0 *,0,0,0,0,0,1,0,0,
1 0,*,0,0,0,0,1,0,0,
2 1,1,*,0,0,0,0,1,0,
3 1,1,0,*,0,0,0,1,0,
4 1,1,0,0,*,0,0,1,0,
5 1,1,0,0,0,*,0,1,0,
6 0,0,0,0,0,0,*,0,0,
7 0,0,0,0,0,0,0,*,0,
8 0,0,0,0,0,0,0,0,*,
k=56
t=600

  0,1,2,3,4,5,6,7,8,
0 *,0,0,0,0,0,1,0,0,
1 0,*,0,0,0,0,1,0,0,
2 1,1,*,0,0,0,0,1,0,
3 1,1,0,*,0,0,0,1,0,
4 1,1,0,0,*,0,0,1,0,
5 1,1,0,0,0,*,0,1,0,
6 0,0,0,0,0,0,*,0,0,
7 0,0,0,0,0,0,0,*,0,
8 0,0,0,0,0,0,0,0,*,
k=57
t=600

  0,1,2,3,4,5,6,7,8,
0 *,0,0,0,0,0,1,1,0,
1 0,*,0,0,0,0,1,1,0,
2 1,1,*,0,0,0,0,1,0,
3 1,1,0,*,0,0,0,1,0,
4 1,1,0,0,*,0,0,1,0,
5 1,1,0,0,0,*,0,1,0,
6 0,0,0,0,0,0,*,0,0,
7 0,0,0,0,0,0,0,*,0,
8 0,0,0,0,0,0,0,0,*,
k=58
t=600

  0,1,2,3,4,5,6,7,8,
0 *,0,0,0,0,0,1,1,0,
1 0,*,0,0,0,0,1,1,0,
2 1,1,*,0,0,0,0,1,0,
3 1,1,0,*,0,0,0,1,0,
4 1,1,0,0,*,0,0,1,0,
5 1,1,0,0,0,*,0,1,0,
6 0,0,0,0,0,0,*,0,0,
7 0,0,0,0,0,0,0,*,0,
8 0,0,0,0,0,0,0,0,*,
k=59
t=600

  0,1,2,3,4,5,6,7,8,
0 *,0,0,0,0,0,1,1,0,
1 0,*,0,0,0,0,1,1,0,
2 1,1,*,0,0,0,0,1,0,
3 1,1,0,*,0,0,0,1,0,
4 1,1,0,0,*,0,0,1,0,
5 1,1,0,0,0,*,0,1,0,
6 0,0,0,0,0,0,*,0,0,
7 0,0,0,0,0,0,0,*,0,
8 0,0,0,0,0,0,0,0,*,
k=60
t=200

  0,1,2,3,4,5,6,7,8,
0 *,0,0,0,0,0,1,1,0,
1 0,*,0,0,0,0,1,1,0,
2 1,1,*,0,0,0,0,1,1,
3 1,1,0,*,0,0,0,1,1,
4 1,1,0,0,*,0,0,1,1,
5 1,1,0,0,0,*,0,1,1,
6 0,0,0,0,0,0,*,0,0,
7 0,0,0,0,0,0,0,*,0,
8 0,0,0,0,0,0,0,0,*,
k=61
t=400

  0,1,2,3,4,5,6,7,8,
0 *,0,0,0,0,0,1,1,0,
1 0,*,0,0,0,0,1,1,0,
2 1,1,*,0,0,0,0,1,1,
3 1,1,0,*,0,0,0,1,1,
4 1,1,0,0,*,0,0,1,1,
5 1,1,0,0,0,*,0,1,1,
6 0,0,0,0,0,0,*,0,0,
7 0,0,0,0,0,0,0,*,0,
8 0,0,0,0,0,0,0,0,*,
k=62
t=300

  0,1,2,3,4,5,6,7,8,
0 *,0,0,0,0,0,0,1,0,
1 0,*,0,0,0,0,0,1,0,
2 1,1,*,0,0,0,0,1,1,
3 1,1,0,*,0,0,0,1,1,
4 1,1,0,0,*,0,0,1,1,
5 1,1,0,0,0,*,0,1,1,
6 0,0,0,0,0,0,*,0,0,
7 0,0,0,0,0,0,0,*,0,
8 0,0,0,0,0,0,0,0,*,
k=63
t=600

  0,1,2,3,4,5,6,7,8,
0 *,0,0,0,0,0,0,1,0,
1 0,*,0,0,0,0,0,1,0,
2 1,1,*,0,0,0,0,1,1,
3 1,1,0,*,0,0,0,1,1,
4 1,1,0,0,*,0,0,1,1,
5 1,1,0,0,0,*,0,1,1,
6 0,0,0,0,0,0,*,0,0,
7 0,0,0,0,0,0,0,*,0,
8 0,0,0,0,0,0,0,0,*,
k=64
t=600

  0,1,2,3,4,5,6,7,8,
0 *,0,0,0,0,0,0,1,0,
1 0,*,0,0,0,0,0,1,0,
2 1,1,*,0,0,0,0,1,1,
3 1,1,0,*,0,0,0,1,1,
4 1,1,0,0,*,0,0,1,1,
5 1,1,0,0,0,*,0,1,1,
6 0,0,0,0,0,0,*,0,0,
7 0,0,0,0,0,0,0,*,0,
8 0,0,0,0,0,0,0,0,*,
k=65
t=600

  0,1,2,3,4,5,6,7,8,
0 *,0,0,0,0,0,0,1,0,
1 0,*,0,0,0,0,0,1,0,
2 1,1,*,0,0,0,0,1,1,
3 1,1,0,*,0,0,0,1,1,
4 1,1,0,0,*,0,0,1,1,
5 1,1,0,0,0,*,0,1,1,
6 0,0,0,0,0,0,*,0,0,
7 0,0,0,0,0,0,0,*,0,
8 0,0,0,0,0,0,0,0,*,
k=66
t=600

  0,1,2,3,4,5,6,7,8,
0 *,0,0,0,0,0,0,1,0,
1 0,*,0,0,0,0,0,1,0,
2 1,1,*,0,0,0,0,1,1,
3 1,1,0,*,0,0,0,1,1,
4 1,1,0,0,*,0,0,1,1,
5 1,1,0,0,0,*,0,1,1,
6 0,0,0,0,0,0,*,0,0,
7 0,0,0,0,0,0,0,*,0,
8 0,0,0,0,0,0,0,0,*,
k=67
t=600

  0,1,2,3,4,5,6,7,8,
0 *,0,0,0,0,0,0,1,0,
1 0,*,0,0,0,0,0,1,0,
2 1,1,*,0,0,0,0,1,1,
3 1,1,0,*,0,0,0,1,1,
4 1,1,0,0,*,0,0,1,1,
5 1,1,0,0,0,*,0,1,1,
6 0,0,0,0,0,0,*,0,0,
7 0,0,0,0,0,0,0,*,0,
8 0,0,0,0,0,0,0,0,*,
k=68
t=600

  0,1,2,3,4,5,6,7,8,
0 *,0,0,0,0,0,0,1,0,
1 0,*,0,0,0,0,0,1,0,
2 1,1,*,0,0,0,0,1,1,
3 1,1,0,*,0,0,0,1,1,
4 1,1,0,0,*,0,0,1,1,
5 1,1,0,0,0,*,0,1,1,
6 0,0,0,0,0,0,*,0,0,
7 0,0,0,0,0,0,0,*,0,
8 0,0,0,0,0,0,0,0,*,
k=69
t=600

  0,1,2,3,4,5,6,7,8,
0 *,0,0,0,0,0,0,1,0,
1 0,*,0,0,0,0,0,1,0,
2 1,1,*,0,0,0,0,1,1,
3 1,1,0,*,0,0,0,1,1,
4 1,1,0,0,*,0,0,1,1,
5 1,1,0,0,0,*,0,1,1,
6 0,0,0,0,0,0,*,0,0,
7 0,0,0,0,0,0,0,*,0,
8 0,0,0,0,0,0,0,0,*,
k=70
t=600

  0,1,2,3,4,5,6,7,8,
0 *,0,0,0,0,0,0,1,0,
1 0,*,0,0,0,0,0,1,0,
2 1,1,*,0,0,0,0,1,1,
3 1,1,0,*,0,0,0,1,1,
4 1,1,0,0,*,0,0,1,1,
5 1,1,0,0,0,*,0,1,1,
6 0,0,0,0,0,0,*,0,0,
7 0,0,0,0,0,0,0,*,0,
8 0,0,0,0,0,0,0,0,*,
k=71
t=600

  0,1,2,3,4,5,6,7,8,
0 *,0,0,0,0,0,0,1,0,
1 0,*,0,0,0,0,0,1,0,
2 1,1,*,0,0,0,0,1,1,
3 1,1,0,*,0,0,0,1,1,
4 1,1,0,0,*,0,0,1,1,
5 1,1,0,0,0,*,0,1,1,
6 0,0,0,0,0,0,*,0,0,
7 0,0,0,0,0,0,0,*,0,
8 0,0,0,0,0,0,0,0,*,
k=72
t=300

  0,1,2,3,4,5,6,7,8,
0 *,0,0,0,0,0,0,0,1,
1 0,*,0,0,0,0,0,0,1,
2 1,1,*,0,0,0,0,1,1,
3 1,1,0,*,0,0,0,1,1,
4 1,1,0,0,*,0,0,1,1,
5 1,1,0,0,0,*,0,1,1,
6 0,0,0,0,0,0,*,0,0,
7 0,0,0,0,0,0,0,*,0,
8 0,0,0,0,0,0,0,0,*,
k=73
t=600

  0,1,2,3,4,5,6,7,8,
0 *,0,0,0,0,0,0,0,1,
1 0,*,0,0,0,0,0,0,1,
2 1,1,*,0,0,0,0,1,1,
3 1,1,0,*,0,0,0,1,1,
4 1,1,0,0,*,0,0,1,1,
5 1,1,0,0,0,*,0,1,1,
6 0,0,0,0,0,0,*,0,0,
7 0,0,0,0,0,0,0,*,0,
8 0,0,0,0,0,0,0,0,*,
k=74
t=600

  0,1,2,3,4,5,6,7,8,
0 *,0,0,0,0,0,0,0,1,
1 0,*,0,0,0,0,0,0,1,
2 1,1,*,0,0,0,0,1,1,
3 1,1,0,*,0,0,0,1,1,
4 1,1,0,0,*,0,0,1,1,
5 1,1,0,0,0,*,0,1,1,
6 0,0,0,0,0,0,*,0,0,
7 0,0,0,0,0,0,0,*,0,
8 0,0,0,0,0,0,0,0,*,
k=75
t=300

  0,1,2,3,4,5,6,7,8,
0 *,0,0,0,0,0,0,0,1,
1 0,*,0,0,0,0,0,0,1,
2 1,1,*,0,0,0,0,1,1,
3 0,0,0,*,0,0,0,0,0,
4 1,1,0,0,*,0,0,1,1,
5 1,1,0,0,0,*,0,1,1,
6 0,0,0,0,0,0,*,0,0,
7 0,0,0,0,0,0,0,*,0,
8 0,0,0,0,0,0,0,0,*,
k=76
t=200

  0,1,2,3,4,5,6,7,8,
0 *,0,0,0,0,0,0,0,1,
1 0,*,0,0,0,0,0,0,1,
2 1,1,*,0,0,0,0,1,1,
3 0,0,0,*,0,0,0,0,0,
4 1,1,0,0,*,0,0,1,1,
5 1,1,0,0,0,*,0,1,1,
6 0,0,0,0,0,0,*,0,0,
7 0,0,0,0,0,0,0,*,0,
8 0,0,0,0,0,0,0,0,*,
k=77
t=300

  0,1,2,3,4,5,6,7,8,
0 *,0,0,0,0,0,0,0,1,
1 0,*,0,0,0,0,0,0,1,
2 1,1,*,0,0,0,0,1,1,
3 0,0,0,*,0,0,0,0,0,
4 0,0,0,0,*,0,0,0,0,
5 1,1,0,0,0,*,0,1,1,
6 0,0,0,0,0,0,*,0,0,
7 0,0,0,0,0,0,0,*,0,
8 0,0,0,0,0,0,0,0,*,
k=78
t=600

  0,1,2,3,4,5,6,7,8,
0 *,0,0,0,0,0,0,0,1,
1 0,*,0,0,0,0,0,0,1,
2 1,1,*,0,0,0,0,1,1,
3 0,0,0,*,0,0,0,0,0,
4 0,0,0,0,*,0,0,0,0,
5 1,1,0,0,0,*,0,1,1,
6 0,0,0,0,0,0,*,0,0,
7 0,0,0,0,0,0,0,*,0,
8 0,0,0,0,0,0,0,0,*,
k=79
t=500

  0,1,2,3,4,5,6,7,8,
0 *,0,0,0,0,0,0,0,1,
1 0,*,0,0,0,0,0,0,1,
2 1,1,*,0,0,0,0,1,1,
3 0,0,0,*,0,0,0,0,0,
4 1,1,0,0,*,0,0,1,1,
5 1,1,0,0,0,*,0,1,1,
6 0,0,0,0,0,0,*,0,0,
7 0,0,0,0,0,0,0,*,0,
8 0,0,0,0,0,0,0,0,*,
k=80
t=300

  0,1,2,3,4,5,6,7,8,
0 *,0,0,0,0,0,0,0,1,
1 0,*,0,0,0,0,0,0,1,
2 1,1,*,0,0,0,0,1,1,
3 0,0,0,*,0,0,0,0,0,
4 1,1,0,0,*,0,0,1,1,
5 1,1,0,0,0,*,0,1,1,
6 0,0,0,0,0,0,*,0,0,
7 0,0,0,0,0,0,0,*,0,
8 0,0,0,0,0,0,0,0,*,
k=81
t=200

  0,1,2,3,4,5,6,7,8,
0 *,0,0,0,0,0,0,0,1,
1 0,*,0,0,0,0,0,0,1,
2 1,1,*,0,0,0,0,1,1,
3 1,1,0,*,0,0,0,1,1,
4 1,1,0,0,*,0,0,1,1,
5 1,1,0,0,0,*,0,1,1,
6 0,0,0,0,0,0,*,0,0,
7 0,0,0,0,0,0,0,*,0,
8 0,0,0,0,0,0,0,0,*,
k=82
t=600

  0,1,2,3,4,5,6,7,8,
0 *,0,0,0,0,0,0,0,1,
1 0,*,0,0,0,0,0,0,1,
2 1,1,*,0,0,0,0,1,1,
3 1,1,0,*,0,0,0,1,1,
4 1,1,0,0,*,0,0,1,1,
5 1,1,0,0,0,*,0,1,1,
6 0,0,0,0,0,0,*,0,0,
7 0,0,0,0,0,0,0,*,0,
8 0,0,0,0,0,0,0,0,*,
k=83
t=600

  0,1,2,3,4,5,6,7,8,
0 *,0,0,0,0,0,0,0,1,
1 0,*,0,0,0,0,0,0,1,
2 1,1,*,0,0,0,0,1,1,
3 1,1,0,*,0,0,0,1,1,
4 1,1,0,0,*,0,0,1,1,
5 1,1,0,0,0,*,0,1,1,
6 0,0,0,0,0,0,*,0,0,
7 0,0,0,0,0,0,0,*,0,
8 0,0,0,0,0,0,0,0,*,
k=84
t=100

  0,1,2,3,4,5,6,7,8,
0 *,0,0,0,0,0,1,0,1,
1 0,*,0,0,0,0,1,0,1,
2 1,1,*,0,0,0,0,1,1,
3 1,1,0,*,0,0,0,1,1,
4 1,1,0,0,*,0,0,1,1,
5 1,1,0,0,0,*,0,1,1,
6 0,0,0,0,0,0,*,0,0,
7 0,0,0,0,0,0,0,*,0,
8 0,0,0,0,0,0,0,0,*,
k=85
t=600

  0,1,2,3,4,5,6,7,8,
0 *,0,0,0,0,0,1,0,1,
1 0,*,0,0,0,0,1,0,1,
2 1,1,*,0,0,0,0,1,1,
3 1,1,0,*,0,0,0,1,1,
4 1,1,0,0,*,0,0,1,1,
5 1,1,0,0,0,*,0,1,1,
6 0,0,0,0,0,0,*,0,0,
7 0,0,0,0,0,0,0,*,0,
8 0,0,0,0,0,0,0,0,*,
k=86
t=500

  0,1,2,3,4,5,6,7,8,
0 *,0,0,0,0,0,1,0,1,
1 0,*,0,0,0,0,1,0,1,
2 1,1,*,0,0,0,0,0,1,
3 1,1,0,*,0,0,0,0,1,
4 1,1,0,0,*,0,0,0,1,
5 1,1,0,0,0,*,0,0,1,
6 0,0,0,0,0,0,*,0,0,
7 0,0,0,0,0,0,0,*,0,
8 0,0,0,0,0,0,0,0,*,
k=87
t=600

  0,1,2,3,4,5,6,7,8,
0 *,0,0,0,0,0,1,0,1,
1 0,*,0,0,0,0,1,0,1,
2 1,1,*,0,0,0,0,0,1,
3 1,1,0,*,0,0,0,0,1,
4 1,1,0,0,*,0,0,0,1,
5 1,1,0,0,0,*,0,0,1,
6 0,0,0,0,0,0,*,0,0,
7 0,0,0,0,0,0,0,*,0,
8 0,0,0,0,0,0,0,0,*,
k=88
t=600

  0,1,2,3,4,5,6,7,8,
0 *,0,0,0,0,0,1,0,1,
1 0,*,0,0,0,0,1,0,1,
2 1,1,*,0,0,0,0,0,1,
3 1,1,0,*,0,0,0,0,1,
4 1,1,0,0,*,0,0,0,1,
5 1,1,0,0,0,*,0,0,1,
6 0,0,0,0,0,0,*,0,0,
7 0,0,0,0,0,0,0,*,0,
8 0,0,0,0,0,0,0,0,*,
k=89
t=600

  0,1,2,3,4,5,6,7,8,
0 *,0,0,0,0,0,1,0,1,
1 0,*,0,0,0,0,1,0,1,
2 1,1,*,0,0,0,0,0,1,
3 1,1,0,*,0,0,0,0,1,
4 1,1,0,0,*,0,0,0,1,
5 1,1,0,0,0,*,0,0,1,
6 0,0,0,0,0,0,*,0,0,
7 0,0,0,0,0,0,0,*,0,
8 0,0,0,0,0,0,0,0,*,
k=90
t=100

  0,1,2,3,4,5,6,7,8,
0 *,0,0,0,0,0,1,0,0,
1 0,*,0,0,0,0,1,0,0,
2 1,1,*,0,0,0,0,0,1,
3 1,1,0,*,0,0,0,0,1,
4 1,1,0,0,*,0,0,0,1,
5 1,1,0,0,0,*,0,0,1,
6 0,0,0,0,0,0,*,0,0,
7 0,0,0,0,0,0,0,*,0,
8 0,0,0,0,0,0,0,0,*,
k=91
t=600

  0,1,2,3,4,5,6,7,8,
0 *,0,0,0,0,0,1,0,0,
1 0,*,0,0,0,0,1,0,0,
2 1,1,*,0,0,0,0,0,1,
3 1,1,0,*,0,0,0,0,1,
4 1,1,0,0,*,0,0,0,1,
5 1,1,0,0,0,*,0,0,1,
6 0,0,0,0,0,0,*,0,0,
7 0,0,0,0,0,0,0,*,0,
8 0,0,0,0,0,0,0,0,*,
k=92
t=600

  0,1,2,3,4,5,6,7,8,
0 *,0,0,0,0,0,1,0,0,
1 0,*,0,0,0,0,1,0,0,
2 1,1,*,0,0,0,0,0,1,
3 1,1,0,*,0,0,0,0,1,
4 1,1,0,0,*,0,0,0,1,
5 1,1,0,0,0,*,0,0,1,
6 0,0,0,0,0,0,*,0,0,
7 0,0,0,0,0,0,0,*,0,
8 0,0,0,0,0,0,0,0,*,
k=93
t=600

  0,1,2,3,4,5,6,7,8,
0 *,0,0,0,0,0,1,0,0,
1 0,*,0,0,0,0,1,0,0,
2 1,1,*,0,0,0,0,0,1,
3 1,1,0,*,0,0,0,0,1,
4 1,1,0,0,*,0,0,0,1,
5 1,1,0,0,0,*,0,0,1,
6 0,0,0,0,0,0,*,0,0,
7 0,0,0,0,0,0,0,*,0,
8 0,0,0,0,0,0,0,0,*,
k=94
t=600

  0,1,2,3,4,5,6,7,8,
0 *,0,0,0,0,0,1,0,0,
1 0,*,0,0,0,0,1,0,0,
2 1,1,*,0,0,0,0,0,1,
3 1,1,0,*,0,0,0,0,1,
4 1,1,0,0,*,0,0,0,1,
5 1,1,0,0,0,*,0,0,1,
6 0,0,0,0,0,0,*,0,0,
7 0,0,0,0,0,0,0,*,0,
8 0,0,0,0,0,0,0,0,*,
k=95
t=200

  0,1,2,3,4,5,6,7,8,
0 *,0,0,0,0,0,1,0,0,
1 0,*,0,0,0,0,1,0,0,
2 1,1,*,0,0,0,0,0,1,
3 0,0,0,*,0,0,0,0,1,
4 0,0,0,0,*,0,0,0,1,
5 0,0,0,0,0,*,0,0,1,
6 0,0,0,0,0,0,*,0,0,
7 0,0,0,0,0,0,0,*,0,
8 0,0,0,0,0,0,0,0,*,
k=96
t=100

  0,1,2,3,4,5,6,7,8,
0 *,0,0,0,0,0,1,0,0,
1 0,*,0,0,0,0,1,0,0,
2 0,0,*,0,0,0,0,0,1,
3 0,0,0,*,0,0,0,0,1,
4 0,0,0,0,*,0,0,0,1,
5 0,0,0,0,0,*,0,0,1,
6 0,0,0,0,0,0,*,0,0,
7 0,0,0,0,0,0,0,*,0,
8 0,0,0,0,0,0,0,0,*,
k=97
t=100

  0,1,2,3,4,5,6,7,8,
0 *,0,0,0,0,0,1,1,0,
1 0,*,0,0,0,0,1,1,0,
2 0,0,*,0,0,0,0,0,1,
3 0,0,0,*,0,0,0,0,1,
4 0,0,0,0,*,0,0,0,1,
5 0,0,0,0,0,*,0,0,1,
6 0,0,0,0,0,0,*,0,0,
7 0,0,0,0,0,0,0,*,0,
8 0,0,0,0,0,0,0,0,*,
k=98
t=400

  0,1,2,3,4,5,6,7,8,
0 *,0,0,0,0,0,1,1,0,
1 0,*,0,0,0,0,1,1,0,
2 0,0,*,0,0,0,0,0,1,
3 0,0,0,*,0,0,0,0,1,
4 0,0,0,0,*,0,0,0,1,
5 0,0,0,0,0,*,0,0,1,
6 0,0,0,0,0,0,*,0,0,
7 0,0,0,0,0,0,0,*,0,
8 0,0,0,0,0,0,0,0,*,
k=99
t=600

  0,1,2,3,4,5,6,7,8,
0 *,0,0,0,0,0,1,1,0,
1 0,*,0,0,0,0,1,1,0,
2 0,0,*,0,0,0,0,0,1,
3 0,0,0,*,0,0,0,0,1,
4 0,0,0,0,*,0,0,0,1,
5 0,0,0,0,0,*,0,0,1,
6 0,0,0,0,0,0,*,0,0,
7 0,0,0,0,0,0,0,*,0,
8 0,0,0,0,0,0,0,0,*,
k=100
t=600

  0,1,2,3,4,5,6,7,8,
0 *,0,0,0,0,0,1,1,0,
1 0,*,0,0,0,0,1,1,0,
2 0,0,*,0,0,0,0,0,1,
3 0,0,0,*,0,0,0,0,1,
4 0,0,0,0,*,0,0,0,1,
5 0,0,0,0,0,*,0,0,1,
6 0,0,0,0,0,0,*,0,0,
7 0,0,0,0,0,0,0,*,0,
8 0,0,0,0,0,0,0,0,*,
k=101
t=400

  0,1,2,3,4,5,6,7,8,
0 *,0,0,0,0,0,0,1,0,
1 0,*,0,0,0,0,0,1,0,
2 0,0,*,0,0,0,0,0,1,
3 0,0,0,*,0,0,0,0,1,
4 0,0,0,0,*,0,0,0,1,
5 0,0,0,0,0,*,0,0,1,
6 0,0,0,0,0,0,*,0,0,
7 0,0,0,0,0,0,0,*,0,
8 0,0,0,0,0,0,0,0,*,
k=102
t=100

  0,1,2,3,4,5,6,7,8,
0 *,0,0,0,0,0,0,1,0,
1 0,*,0,0,0,0,0,1,0,
2 0,0,*,0,0,0,0,0,1,
3 0,0,0,*,0,0,0,0,1,
4 0,0,0,0,*,0,0,0,1,
5 0,0,0,0,0,*,0,0,1,
6 0,0,0,0,0,0,*,0,0,
7 0,0,0,0,0,0,0,*,0,
8 0,0,0,0,0,0,0,0,*,
k=103
t=500

  0,1,2,3,4,5,6,7,8,
0 *,0,0,0,0,0,0,1,0,
1 0,*,0,0,0,0,0,1,0,
2 1,1,*,0,0,0,0,0,1,
3 1,1,0,*,0,0,0,0,1,
4 1,1,0,0,*,0,0,0,1,
5 1,1,0,0,0,*,0,0,1,
6 0,0,0,0,0,0,*,0,0,
7 0,0,0,0,0,0,0,*,0,
8 0,0,0,0,0,0,0,0,*,
k=104
t=600

  0,1,2,3,4,5,6,7,8,
0 *,0,0,0,0,0,0,1,0,
1 0,*,0,0,0,0,0,1,0,
2 1,1,*,0,0,0,0,0,1,
3 1,1,0,*,0,0,0,0,1,
4 1,1,0,0,*,0,0,0,1,
5 1,1,0,0,0,*,0,0,1,
6 0,0,0,0,0,0,*,0,0,
7 0,0,0,0,0,0,0,*,0,
8 0,0,0,0,0,0,0,0,*,
k=105
t=600

  0,1,2,3,4,5,6,7,8,
0 *,0,0,0,0,0,0,1,0,
1 0,*,0,0,0,0,0,1,0,
2 1,1,*,0,0,0,0,0,1,
3 1,1,0,*,0,0,0,0,1,
4 1,1,0,0,*,0,0,0,1,
5 1,1,0,0,0,*,0,0,1,
6 0,0,0,0,0,0,*,0,0,
7 0,0,0,0,0,0,0,*,0,
8 0,0,0,0,0,0,0,0,*,
k=106
t=600

  0,1,2,3,4,5,6,7,8,
0 *,0,0,0,0,0,0,1,0,
1 0,*,0,0,0,0,0,1,0,
2 1,1,*,0,0,0,0,0,1,
3 1,1,0,*,0,0,0,0,1,
4 1,1,0,0,*,0,0,0,1,
5 1,1,0,0,0,*,0,0,1,
6 0,0,0,0,0,0,*,0,0,
7 0,0,0,0,0,0,0,*,0,
8 0,0,0,0,0,0,0,0,*,
k=107
t=600

  0,1,2,3,4,5,6,7,8,
0 *,0,0,0,0,0,0,1,0,
1 0,*,0,0,0,0,0,1,0,
2 1,1,*,0,0,0,1,0,1,
3 1,1,0,*,0,0,1,0,1,
4 1,1,0,0,*,0,1,0,1,
5 1,1,0,0,0,*,1,0,1,
6 0,0,0,0,0,0,*,0,0,
7 0,0,0,0,0,0,0,*,0,
8 0,0,0,0,0,0,0,0,*,
k=108
t=600

  0,1,2,3,4,5,6,7,8,
0 *,0,0,0,0,0,0,1,0,
1 0,*,0,0,0,0,0,1,0,
2 1,1,*,0,0,0,1,0,1,
3 1,1,0,*,0,0,1,0,1,
4 1,1,0,0,*,0,1,0,1,
5 1,1,0,0,0,*,1,0,1,
6 0,0,0,0,0,0,*,0,0,
7 0,0,0,0,0,0,0,*,0,
8 0,0,0,0,0,0,0,0,*,
k=109
t=600

  0,1,2,3,4,5,6,7,8,
0 *,0,0,0,0,0,0,1,0,
1 0,*,0,0,0,0,0,1,0,
2 1,1,*,0,0,0,1,0,1,
3 1,1,0,*,0,0,1,0,1,
4 1,1,0,0,*,0,1,0,1,
5 1,1,0,0,0,*,1,0,1,
6 0,0,0,0,0,0,*,0,0,
7 0,0,0,0,0,0,0,*,0,
8 0,0,0,0,0,0,0,0,*,
k=110
t=600

  0,1,2,3,4,5,6,7,8,
0 *,0,0,0,0,0,0,1,0,
1 0,*,0,0,0,0,0,1,0,
2 1,1,*,0,0,0,1,0,1,
3 1,1,0,*,0,0,1,0,1,
4 1,1,0,0,*,0,1,0,1,
5 1,1,0,0,0,*,1,0,1,
6 0,0,0,0,0,0,*,0,0,
7 0,0,0,0,0,0,0,*,0,
8 0,0,0,0,0,0,0,0,*,
k=111
t=600

  0,1,2,3,4,5,6,7,8,
0 *,0,0,0,0,0,0,1,0,
1 0,*,0,0,0,0,0,1,0,
2 1,1,*,0,0,0,1,0,1,
3 1,1,0,*,0,0,1,0,1,
4 1,1,0,0,*,0,1,0,1,
5 1,1,0,0,0,*,1,0,1,
6 0,0,0,0,0,0,*,0,0,
7 0,0,0,0,0,0,0,*,0,
8 0,0,0,0,0,0,0,0,*,
k=112
t=300

  0,1,2,3,4,5,6,7,8,
0 *,0,0,0,0,0,0,0,0,
1 0,*,0,0,0,0,0,0,0,
2 1,1,*,0,0,0,1,0,1,
3 1,1,0,*,0,0,1,0,1,
4 1,1,0,0,*,0,1,0,1,
5 1,1,0,0,0,*,1,0,1,
6 0,0,0,0,0,0,*,0,0,
7 0,0,0,0,0,0,0,*,0,
8 0,0,0,0,0,0,0,0,*,
k=113
t=100

  0,1,2,3,4,5,6,7,8,
0 *,0,0,0,0,0,0,0,1,
1 0,*,0,0,0,0,0,0,1,
2 1,1,*,0,0,0,1,0,1,
3 1,1,0,*,0,0,1,0,1,
4 1,1,0,0,*,0,1,0,1,
5 1,1,0,0,0,*,1,0,1,
6 0,0,0,0,0,0,*,0,0,
7 0,0,0,0,0,0,0,*,0,
8 0,0,0,0,0,0,0,0,*,
k=114
t=600

  0,1,2,3,4,5,6,7,8,
0 *,0,0,0,0,0,0,0,1,
1 0,*,0,0,0,0,0,0,1,
2 1,1,*,0,0,0,1,0,1,
3 1,1,0,*,0,0,1,0,1,
4 1,1,0,0,*,0,1,0,1,
5 1,1,0,0,0,*,1,0,1,
6 0,0,0,0,0,0,*,0,0,
7 0,0,0,0,0,0,0,*,0,
8 0,0,0,0,0,0,0,0,*,
k=115
t=600

  0,1,2,3,4,5,6,7,8,
0 *,0,0,0,0,0,0,0,1,
1 0,*,0,0,0,0,0,0,1,
2 1,1,*,0,0,0,1,0,1,
3 1,1,0,*,0,0,1,0,1,
4 1,1,0,0,*,0,1,0,1,
5 1,1,0,0,0,*,1,0,1,
6 0,0,0,0,0,0,*,0,0,
7 0,0,0,0,0,0,0,*,0,
8 0,0,0,0,0,0,0,0,*,
k=116
t=600

  0,1,2,3,4,5,6,7,8,
0 *,0,0,0,0,0,0,0,1,
1 0,*,0,0,0,0,0,0,1,
2 1,1,*,0,0,0,1,0,1,
3 1,1,0,*,0,0,1,0,1,
4 1,1,0,0,*,0,1,0,1,
5 1,1,0,0,0,*,1,0,1,
6 0,0,0,0,0,0,*,0,0,
7 0,0,0,0,0,0,0,*,0,
8 0,0,0,0,0,0,0,0,*,
k=117
t=100

  0,1,2,3,4,5,6,7,8,
0 *,0,0,0,0,0,0,0,1,
1 0,*,0,0,0,0,0,0,1,
2 1,1,*,0,0,0,1,0,1,
3 0,0,0,*,0,0,0,0,0,
4 1,1,0,0,*,0,1,0,1,
5 1,1,0,0,0,*,1,0,1,
6 0,0,0,0,0,0,*,0,0,
7 0,0,0,0,0,0,0,*,0,
8 0,0,0,0,0,0,0,0,*,
k=118
t=100

  0,1,2,3,4,5,6,7,8,
0 *,0,0,0,0,0,0,0,1,
1 0,*,0,0,0,0,0,0,1,
2 1,1,*,0,0,0,1,0,1,
3 0,0,0,*,0,0,0,0,0,
4 1,1,0,0,*,0,1,0,1,
5 1,1,0,0,0,*,1,0,1,
6 0,0,0,0,0,0,*,0,0,
7 0,0,0,0,0,0,0,*,0,
8 0,0,0,0,0,0,0,0,*,
k=119
t=300

  0,1,2,3,4,5,6,7,8,
0 *,0,0,0,0,0,0,0,1,
1 0,*,0,0,0,0,0,0,1,
2 1,1,*,0,0,0,1,0,1,
3 0,0,0,*,0,0,0,0,0,
4 0,0,0,0,*,0,0,0,0,
5 1,1,0,0,0,*,1,0,1,
6 0,0,0,0,0,0,*,0,0,
7 0,0,0,0,0,0,0,*,0,
8 0,0,0,0,0,0,0,0,*,
k=120
t=600

  0,1,2,3,4,5,6,7,8,
0 *,0,0,0,0,0,0,0,1,
1 0,*,0,0,0,0,0,0,1,
2 1,1,*,0,0,0,1,0,1,
3 0,0,0,*,0,0,0,0,0,
4 0,0,0,0,*,0,0,0,0,
5 1,1,0,0,0,*,1,0,1,
6 0,0,0,0,0,0,*,0,0,
7 0,0,0,0,0,0,0,*,0,
8 0,0,0,0,0,0,0,0,*,
k=121
t=600

  0,1,2,3,4,5,6,7,8,
0 *,0,0,0,0,0,0,0,1,
1 0,*,0,0,0,0,0,0,1,
2 1,1,*,0,0,0,1,0,1,
3 0,0,0,*,0,0,0,0,0,
4 1,1,0,0,*,0,1,0,1,
5 1,1,0,0,0,*,1,0,1,
6 0,0,0,0,0,0,*,0,0,
7 0,0,0,0,0,0,0,*,0,
8 0,0,0,0,0,0,0,0,*,
k=122
t=300

  0,1,2,3,4,5,6,7,8,
0 *,0,0,0,0,0,0,0,1,
1 0,*,0,0,0,0,0,0,1,
2 1,1,*,0,0,0,1,0,1,
3 0,0,0,*,0,0,0,0,0,
4 1,1,0,0,*,0,1,0,1,
5 1,1,0,0,0,*,1,0,1,
6 0,0,0,0,0,0,*,0,0,
7 0,0,0,0,0,0,0,*,0,
8 0,0,0,0,0,0,0,0,*,
k=123
t=200

  0,1,2,3,4,5,6,7,8,
0 *,0,0,0,0,0,0,0,1,
1 0,*,0,0,0,0,0,0,1,
2 1,1,*,0,0,0,1,0,1,
3 1,1,0,*,0,0,1,0,1,
4 1,1,0,0,*,0,1,0,1,
5 1,1,0,0,0,*,1,0,1,
6 0,0,0,0,0,0,*,0,0,
7 0,0,0,0,0,0,0,*,0,
8 0,0,0,0,0,0,0,0,*,
k=124
t=600

  0,1,2,3,4,5,6,7,8,
0 *,0,0,0,0,0,0,0,1,
1 0,*,0,0,0,0,0,0,1,
2 1,1,*,0,0,0,1,0,1,
3 1,1,0,*,0,0,1,0,1,
4 1,1,0,0,*,0,1,0,1,
5 1,1,0,0,0,*,1,0,1,
6 0,0,0,0,0,0,*,0,0,
7 0,0,0,0,0,0,0,*,0,
8 0,0,0,0,0,0,0,0,*,
k=125
t=200

  0,1,2,3,4,5,6,7,8,
0 *,0,0,0,0,0,1,0,1,
1 0,*,0,0,0,0,1,0,1,
2 1,1,*,0,0,0,1,0,1,
3 1,1,0,*,0,0,1,0,1,
4 1,1,0,0,*,0,1,0,1,
5 1,1,0,0,0,*,1,0,1,
6 0,0,0,0,0,0,*,0,0,
7 0,0,0,0,0,0,0,*,0,
8 0,0,0,0,0,0,0,0,*,
k=126
t=600

  0,1,2,3,4,5,6,7,8,
0 *,0,0,0,0,0,1,0,1,
1 0,*,0,0,0,0,1,0,1,
2 1,1,*,0,0,0,1,0,1,
3 1,1,0,*,0,0,1,0,1,
4 1,1,0,0,*,0,1,0,1,
5 1,1,0,0,0,*,1,0,1,
6 0,0,0,0,0,0,*,0,0,
7 0,0,0,0,0,0,0,*,0,
8 0,0,0,0,0,0,0,0,*,
k=127
t=600

  0,1,2,3,4,5,6,7,8,
0 *,0,0,0,0,0,1,0,1,
1 0,*,0,0,0,0,1,0,1,
2 1,1,*,0,0,0,1,0,1,
3 1,1,0,*,0,0,1,0,1,
4 1,1,0,0,*,0,1,0,1,
5 1,1,0,0,0,*,1,0,1,
6 0,0,0,0,0,0,*,0,0,
7 0,0,0,0,0,0,0,*,0,
8 0,0,0,0,0,0,0,0,*,
k=128
t=600

  0,1,2,3,4,5,6,7,8,
0 *,0,0,0,0,0,1,0,1,
1 0,*,0,0,0,0,1,0,1,
2 1,1,*,0,0,0,1,0,1,
3 1,1,0,*,0,0,1,0,1,
4 1,1,0,0,*,0,1,0,1,
5 1,1,0,0,0,*,1,0,1,
6 0,0,0,0,0,0,*,0,0,
7 0,0,0,0,0,0,0,*,0,
8 0,0,0,0,0,0,0,0,*,
k=129
t=600

  0,1,2,3,4,5,6,7,8,
0 *,0,0,0,0,0,1,0,1,
1 0,*,0,0,0,0,1,0,1,
2 1,1,*,0,0,0,1,0,1,
3 1,1,0,*,0,0,1,0,1,
4 1,1,0,0,*,0,1,0,1,
5 1,1,0,0,0,*,1,0,1,
6 0,0,0,0,0,0,*,0,0,
7 0,0,0,0,0,0,0,*,0,
8 0,0,0,0,0,0,0,0,*,
k=130
t=600

  0,1,2,3,4,5,6,7,8,
0 *,0,0,0,0,0,1,0,0,
1 0,*,0,0,0,0,1,0,0,
2 1,1,*,0,0,0,1,0,1,
3 1,1,0,*,0,0,1,0,1,
4 1,1,0,0,*,0,1,0,1,
5 1,1,0,0,0,*,1,0,1,
6 0,0,0,0,0,0,*,0,0,
7 0,0,0,0,0,0,0,*,0,
8 0,0,0,0,0,0,0,0,*,
k=131
t=600

  0,1,2,3,4,5,6,7,8,
0 *,0,0,0,0,0,1,0,0,
1 0,*,0,0,0,0,1,0,0,
2 1,1,*,0,0,0,1,0,1,
3 1,1,0,*,0,0,1,0,1,
4 1,1,0,0,*,0,1,0,1,
5 1,1,0,0,0,*,1,0,1,
6 0,0,0,0,0,0,*,0,0,
7 0,0,0,0,0,0,0,*,0,
8 0,0,0,0,0,0,0,0,*,
k=132
t=600

  0,1,2,3,4,5,6,7,8,
0 *,0,0,0,0,0,1,0,0,
1 0,*,0,0,0,0,1,0,0,
2 1,1,*,0,0,0,1,0,1,
3 1,1,0,*,0,0,1,0,1,
4 1,1,0,0,*,0,1,0,1,
5 1,1,0,0,0,*,1,0,1,
6 0,0,0,0,0,0,*,0,0,
7 0,0,0,0,0,0,0,*,0,
8 0,0,0,0,0,0,0,0,*,
k=133
t=600

  0,1,2,3,4,5,6,7,8,
0 *,0,0,0,0,0,1,0,0,
1 0,*,0,0,0,0,1,0,0,
2 1,1,*,0,0,0,1,0,1,
3 1,1,0,*,0,0,1,0,1,
4 1,1,0,0,*,0,1,0,1,
5 1,1,0,0,0,*,1,0,1,
6 0,0,0,0,0,0,*,0,0,
7 0,0,0,0,0,0,0,*,0,
8 0,0,0,0,0,0,0,0,*,
k=134
t=600

  0,1,2,3,4,5,6,7,8,
0 *,0,0,0,0,0,1,0,0,
1 0,*,0,0,0,0,1,0,0,
2 1,1,*,0,0,0,1,0,1,
3 1,1,0,*,0,0,1,0,1,
4 1,1,0,0,*,0,1,0,1,
5 1,1,0,0,0,*,1,0,1,
6 0,0,0,0,0,0,*,0,0,
7 0,0,0,0,0,0,0,*,0,
8 0,0,0,0,0,0,0,0,*,
k=135
t=400

  0,1,2,3,4,5,6,7,8,
0 *,0,0,0,0,0,1,1,0,
1 0,*,0,0,0,0,1,1,0,
2 1,1,*,0,0,0,1,0,1,
3 1,1,0,*,0,0,1,0,1,
4 1,1,0,0,*,0,1,0,1,
5 1,1,0,0,0,*,1,0,1,
6 0,0,0,0,0,0,*,0,0,
7 0,0,0,0,0,0,0,*,0,
8 0,0,0,0,0,0,0,0,*,
k=136
t=600

  0,1,2,3,4,5,6,7,8,
0 *,0,0,0,0,0,1,1,0,
1 0,*,0,0,0,0,1,1,0,
2 1,1,*,0,0,0,1,0,1,
3 1,1,0,*,0,0,1,0,1,
4 1,1,0,0,*,0,1,0,1,
5 1,1,0,0,0,*,1,0,1,
6 0,0,0,0,0,0,*,0,0,
7 0,0,0,0,0,0,0,*,0,
8 0,0,0,0,0,0,0,0,*,
k=137
t=300

  0,1,2,3,4,5,6,7,8,
0 *,0,0,0,0,0,1,1,0,
1 0,*,0,0,0,0,1,1,0,
2 1,1,*,0,0,0,1,0,1,
3 1,1,0,*,0,0,1,0,1,
4 1,1,0,0,*,0,1,0,1,
5 1,1,0,0,0,*,1,0,1,
6 0,0,0,0,0,0,*,0,0,
7 0,0,0,0,0,0,0,*,0,
8 0,0,0,0,0,0,0,0,*,
k=138
t=600

  0,1,2,3,4,5,6,7,8,
0 *,0,0,0,0,0,1,1,0,
1 0,*,0,0,0,0,1,1,0,
2 1,1,*,0,0,0,1,0,1,
3 1,1,0,*,0,0,1,0,1,
4 1,1,0,0,*,0,1,0,1,
5 1,1,0,0,0,*,1,0,1,
6 0,0,0,0,0,0,*,0,0,
7 0,0,0,0,0,0,0,*,0,
8 0,0,0,0,0,0,0,0,*,
k=139
t=600

  0,1,2,3,4,5,6,7,8,
0 *,0,0,0,0,0,0,1,0,
1 0,*,0,0,0,0,0,1,0,
2 1,1,*,0,0,0,1,0,1,
3 1,1,0,*,0,0,1,0,1,
4 1,1,0,0,*,0,1,0,1,
5 1,1,0,0,0,*,1,0,1,
6 0,0,0,0,0,0,*,0,0,
7 0,0,0,0,0,0,0,*,0,
8 0,0,0,0,0,0,0,0,*,
k=140
t=500

  0,1,2,3,4,5,6,7,8,
0 *,0,0,0,0,0,0,1,0,
1 0,*,0,0,0,0,0,1,0,
2 1,1,*,0,0,0,1,0,1,
3 1,1,0,*,0,0,1,0,1,
4 1,1,0,0,*,0,1,0,1,
5 1,1,0,0,0,*,1,0,1,
6 0,0,0,0,0,0,*,0,0,
7 0,0,0,0,0,0,0,*,0,
8 0,0,0,0,0,0,0,0,*,
k=141
t=600

  0,1,2,3,4,5,6,7,8,
0 *,0,0,0,0,0,0,1,0,
1 0,*,0,0,0,0,0,1,0,
2 1,1,*,0,0,0,1,0,1,
3 1,1,0,*,0,0,1,0,1,
4 1,1,0,0,*,0,1,0,1,
5 1,1,0,0,0,*,1,0,1,
6 0,0,0,0,0,0,*,0,0,
7 0,0,0,0,0,0,0,*,0,
8 0,0,0,0,0,0,0,0,*,
k=142
t=600

  0,1,2,3,4,5,6,7,8,
0 *,0,0,0,0,0,0,1,0,
1 0,*,0,0,0,0,0,1,0,
2 1,1,*,0,0,0,1,0,1,
3 1,1,0,*,0,0,1,0,1,
4 1,1,0,0,*,0,1,0,1,
5 1,1,0,0,0,*,1,0,1,
6 0,0,0,0,0,0,*,0,0,
7 0,0,0,0,0,0,0,*,0,
8 0,0,0,0,0,0,0,0,*,
k=143
t=600

  0,1,2,3,4,5,6,7,8,
0 *,0,0,0,0,0,0,1,0,
1 0,*,0,0,0,0,0,1,0,
2 1,1,*,0,0,0,1,0,1,
3 1,1,0,*,0,0,1,0,1,
4 1,1,0,0,*,0,1,0,1,
5 1,1,0,0,0,*,1,0,1,
6 0,0,0,0,0,0,*,0,0,
7 0,0,0,0,0,0,0,*,0,
8 0,0,0,0,0,0,0,0,*,
k=144
t=600

  0,1,2,3,4,5,6,7,8,
0 *,0,0,0,0,0,0,1,0,
1 0,*,0,0,0,0,0,1,0,
2 0,0,*,0,0,0,1,0,1,
3 0,0,0,*,0,0,1,0,1,
4 0,0,0,0,*,0,1,0,1,
5 0,0,0,0,0,*,1,0,1,
6 0,0,0,0,0,0,*,0,0,
7 0,0,0,0,0,0,0,*,0,
8 0,0,0,0,0,0,0,0,*,
k=145
t=600

  0,1,2,3,4,5,6,7,8,
0 *,0,0,0,0,0,0,1,0,
1 0,*,0,0,0,0,0,1,0,
2 0,0,*,0,0,0,1,0,1,
3 0,0,0,*,0,0,1,0,1,
4 0,0,0,0,*,0,1,0,1,
5 0,0,0,0,0,*,1,0,1,
6 0,0,0,0,0,0,*,0,0,
7 0,0,0,0,0,0,0,*,0,
8 0,0,0,0,0,0,0,0,*,
k=146
t=600

  0,1,2,3,4,5,6,7,8,
0 *,0,0,0,0,0,0,1,0,
1 0,*,0,0,0,0,0,1,0,
2 0,0,*,0,0,0,1,0,1,
3 0,0,0,*,0,0,1,0,1,
4 0,0,0,0,*,0,1,0,1,
5 0,0,0,0,0,*,1,0,1,
6 0,0,0,0,0,0,*,0,0,
7 0,0,0,0,0,0,0,*,0,
8 0,0,0,0,0,0,0,0,*,
k=147
t=600

  0,1,2,3,4,5,6,7,8,
0 *,0,0,0,0,0,0,1,0,
1 0,*,0,0,0,0,0,1,0,
2 0,0,*,0,0,0,1,0,1,
3 0,0,0,*,0,0,1,0,1,
4 0,0,0,0,*,0,1,0,1,
5 0,0,0,0,0,*,1,0,1,
6 0,0,0,0,0,0,*,0,0,
7 0,0,0,0,0,0,0,*,0,
8 0,0,0,0,0,0,0,0,*,
k=148
t=600

  0,1,2,3,4,5,6,7,8,
0 *,0,0,0,0,0,0,1,0,
1 0,*,0,0,0,0,0,1,0,
2 0,0,*,0,0,0,1,0,1,
3 0,0,0,*,0,0,1,0,1,
4 0,0,0,0,*,0,1,0,1,
5 0,0,0,0,0,*,1,0,1,
6 0,0,0,0,0,0,*,0,0,
7 0,0,0,0,0,0,0,*,0,
8 0,0,0,0,0,0,0,0,*,
k=149
t=300

  0,1,2,3,4,5,6,7,8,
0 *,0,0,0,0,0,0,1,0,
1 0,*,0,0,0,0,0,1,0,
2 1,1,*,0,0,0,1,0,1,
3 1,1,0,*,0,0,1,0,1,
4 1,1,0,0,*,0,1,0,1,
5 1,1,0,0,0,*,1,0,1,
6 0,0,0,0,0,0,*,0,0,
7 0,0,0,0,0,0,0,*,0,
8 0,0,0,0,0,0,0,0,*,
k=150
t=100

  0,1,2,3,4,5,6,7,8,
0 *,0,0,0,0,0,0,0,1,
1 0,*,0,0,0,0,0,0,1,
2 1,1,*,0,0,0,1,0,1,
3 1,1,0,*,0,0,1,0,1,
4 1,1,0,0,*,0,1,0,1,
5 1,1,0,0,0,*,1,0,1,
6 0,0,0,0,0,0,*,0,0,
7 0,0,0,0,0,0,0,*,0,
8 0,0,0,0,0,0,0,0,*,
k=151
t=600

  0,1,2,3,4,5,6,7,8,
0 *,0,0,0,0,0,0,0,1,
1 0,*,0,0,0,0,0,0,1,
2 1,1,*,0,0,0,1,0,1,
3 1,1,0,*,0,0,1,0,1,
4 1,1,0,0,*,0,1,0,1,
5 1,1,0,0,0,*,1,0,1,
6 0,0,0,0,0,0,*,0,0,
7 0,0,0,0,0,0,0,*,0,
8 0,0,0,0,0,0,0,0,*,
k=152
t=600

  0,1,2,3,4,5,6,7,8,
0 *,0,0,0,0,0,0,0,1,
1 0,*,0,0,0,0,0,0,1,
2 1,1,*,0,0,0,1,0,1,
3 1,1,0,*,0,0,1,0,1,
4 1,1,0,0,*,0,1,0,1,
5 1,1,0,0,0,*,1,0,1,
6 0,0,0,0,0,0,*,0,0,
7 0,0,0,0,0,0,0,*,0,
8 0,0,0,0,0,0,0,0,*,
k=153
t=600

  0,1,2,3,4,5,6,7,8,
0 *,0,0,0,0,0,0,0,1,
1 0,*,0,0,0,0,0,0,1,
2 1,1,*,0,0,0,1,0,1,
3 1,1,0,*,0,0,1,0,1,
4 1,1,0,0,*,0,1,0,1,
5 1,1,0,0,0,*,1,0,1,
6 0,0,0,0,0,0,*,0,0,
7 0,0,0,0,0,0,0,*,0,
8 0,0,0,0,0,0,0,0,*,
k=154
t=500

  0,1,2,3,4,5,6,7,8,
0 *,0,0,0,0,0,0,0,1,
1 0,*,0,0,0,0,0,0,1,
2 1,1,*,0,0,0,1,0,1,
3 0,0,0,*,0,0,0,0,0,
4 1,1,0,0,*,0,1,0,1,
5 1,1,0,0,0,*,1,0,1,
6 0,0,0,0,0,0,*,0,0,
7 0,0,0,0,0,0,0,*,0,
8 0,0,0,0,0,0,0,0,*,
k=155
t=200

  0,1,2,3,4,5,6,7,8,
0 *,0,0,0,0,0,0,0,1,
1 0,*,0,0,0,0,0,0,1,
2 1,1,*,0,0,0,1,0,1,
3 0,0,0,*,0,0,0,0,0,
4 1,1,0,0,*,0,1,0,1,
5 1,1,0,0,0,*,1,0,1,
6 0,0,0,0,0,0,*,0,0,
7 0,0,0,0,0,0,0,*,0,
8 0,0,0,0,0,0,0,0,*,
k=156
t=300

  0,1,2,3,4,5,6,7,8,
0 *,0,0,0,0,0,0,0,1,
1 0,*,0,0,0,0,0,0,1,
2 1,1,*,0,0,0,1,0,1,
3 0,0,0,*,0,0,0,0,0,
4 0,0,0,0,*,0,0,0,0,
5 1,1,0,0,0,*,1,0,1,
6 0,0,0,0,0,0,*,0,0,
7 0,0,0,0,0,0,0,*,0,
8 0,0,0,0,0,0,0,0,*,
k=157
t=600

  0,1,2,3,4,5,6,7,8,
0 *,0,0,0,0,0,0,0,1,
1 0,*,0,0,0,0,0,0,1,
2 1,1,*,0,0,0,1,0,1,
3 0,0,0,*,0,0,0,0,0,
4 0,0,0,0,*,0,0,0,0,
5 1,1,0,0,0,*,1,0,1,
6 0,0,0,0,0,0,*,0,0,
7 0,0,0,0,0,0,0,*,0,
8 0,0,0,0,0,0,0,0,*,
k=158
t=600

  0,1,2,3,4,5,6,7,8,
0 *,0,0,0,0,0,0,0,1,
1 0,*,0,0,0,0,0,0,1,
2 1,1,*,0,0,0,1,0,1,
3 0,0,0,*,0,0,0,0,0,
4 1,1,0,0,*,0,1,0,1,
5 1,1,0,0,0,*,1,0,1,
6 0,0,0,0,0,0,*,0,0,
7 0,0,0,0,0,0,0,*,0,
8 0,0,0,0,0,0,0,0,*,
k=159
t=200

  0,1,2,3,4,5,6,7,8,
0 *,0,0,0,0,0,0,0,1,
1 0,*,0,0,0,0,0,0,1,
2 1,1,*,0,0,0,1,0,1,
3 0,0,0,*,0,0,0,0,0,
4 1,1,0,0,*,0,1,0,1,
5 1,1,0,0,0,*,1,0,1,
6 0,0,0,0,0,0,*,0,0,
7 0,0,0,0,0,0,0,*,0,
8 0,0,0,0,0,0,0,0,*,
k=160
t=200

  0,1,2,3,4,5,6,7,8,
0 *,0,0,0,0,0,0,0,1,
1 0,*,0,0,0,0,0,0,1,
2 1,1,*,0,0,0,1,0,1,
3 1,1,0,*,0,0,1,0,1,
4 1,1,0,0,*,0,1,0,1,
5 1,1,0,0,0,*,1,0,1,
6 0,0,0,0,0,0,*,0,0,
7 0,0,0,0,0,0,0,*,0,
8 0,0,0,0,0,0,0,0,*,
k=161
t=500

  0,1,2,3,4,5,6,7,8,
0 *,0,0,0,0,0,1,0,1,
1 0,*,0,0,0,0,1,0,1,
2 1,1,*,0,0,0,1,0,1,
3 1,1,0,*,0,0,1,0,1,
4 1,1,0,0,*,0,1,0,1,
5 1,1,0,0,0,*,1,0,1,
6 0,0,0,0,0,0,*,0,0,
7 0,0,0,0,0,0,0,*,0,
8 0,0,0,0,0,0,0,0,*,
k=162
t=200

  0,1,2,3,4,5,6,7,8,
0 *,0,0,0,0,0,1,0,1,
1 0,*,0,0,0,0,1,0,1,
2 1,1,*,0,0,0,1,0,0,
3 1,1,0,*,0,0,1,0,0,
4 1,1,0,0,*,0,1,0,0,
5 1,1,0,0,0,*,1,0,0,
6 0,0,0,0,0,0,*,0,0,
7 0,0,0,0,0,0,0,*,0,
8 0,0,0,0,0,0,0,0,*,
k=163
t=200

  0,1,2,3,4,5,6,7,8,
0 *,0,0,0,0,0,1,0,1,
1 0,*,0,0,0,0,1,0,1,
2 1,1,*,0,0,0,1,1,0,
3 1,1,0,*,0,0,1,1,0,
4 1,1,0,0,*,0,1,1,0,
5 1,1,0,0,0,*,1,1,0,
6 0,0,0,0,0,0,*,0,0,
7 0,0,0,0,0,0,0,*,0,
8 0,0,0,0,0,0,0,0,*,
k=164
t=600

  0,1,2,3,4,5,6,7,8,
0 *,0,0,0,0,0,1,0,1,
1 0,*,0,0,0,0,1,0,1,
2 1,1,*,0,0,0,1,1,0,
3 1,1,0,*,0,0,1,1,0,
4 1,1,0,0,*,0,1,1,0,
5 1,1,0,0,0,*,1,1,0,
6 0,0,0,0,0,0,*,0,0,
7 0,0,0,0,0,0,0,*,0,
8 0,0,0,0,0,0,0,0,*,
k=165
t=600

  0,1,2,3,4,5,6,7,8,
0 *,0,0,0,0,0,1,0,1,
1 0,*,0,0,0,0,1,0,1,
2 1,1,*,0,0,0,1,1,0,
3 1,1,0,*,0,0,1,1,0,
4 1,1,0,0,*,0,1,1,0,
5 1,1,0,0,0,*,1,1,0,
6 0,0,0,0,0,0,*,0,0,
7 0,0,0,0,0,0,0,*,0,
8 0,0,0,0,0,0,0,0,*,
k=166
t=600

  0,1,2,3,4,5,6,7,8,
0 *,0,0,0,0,0,1,0,1,
1 0,*,0,0,0,0,1,0,1,
2 1,1,*,0,0,0,1,1,0,
3 1,1,0,*,0,0,1,1,0,
4 1,1,0,0,*,0,1,1,0,
5 1,1,0,0,0,*,1,1,0,
6 0,0,0,0,0,0,*,0,0,
7 0,0,0,0,0,0,0,*,0,
8 0,0,0,0,0,0,0,0,*,
k=167
t=600

  0,1,2,3,4,5,6,7,8,
0 *,0,0,0,0,0,1,0,1,
1 0,*,0,0,0,0,1,0,1,
2 1,1,*,0,0,0,1,1,0,
3 1,1,0,*,0,0,1,1,0,
4 1,1,0,0,*,0,1,1,0,
5 1,1,0,0,0,*,1,1,0,
6 0,0,0,0,0,0,*,0,0,
7 0,0,0,0,0,0,0,*,0,
8 0,0,0,0,0,0,0,0,*,
k=168
t=200

  0,1,2,3,4,5,6,7,8,
0 *,0,0,0,0,0,1,0,0,
1 0,*,0,0,0,0,1,0,0,
2 1,1,*,0,0,0,1,1,0,
3 1,1,0,*,0,0,1,1,0,
4 1,1,0,0,*,0,1,1,0,
5 1,1,0,0,0,*,1,1,0,
6 0,0,0,0,0,0,*,0,0,
7 0,0,0,0,0,0,0,*,0,
8 0,0,0,0,0,0,0,0,*,
k=169
t=600

  0,1,2,3,4,5,6,7,8,
0 *,0,0,0,0,0,1,0,0,
1 0,*,0,0,0,0,1,0,0,
2 1,1,*,0,0,0,1,1,0,
3 1,1,0,*,0,0,1,1,0,
4 1,1,0,0,*,0,1,1,0,
5 1,1,0,0,0,*,1,1,0,
6 0,0,0,0,0,0,*,0,0,
7 0,0,0,0,0,0,0,*,0,
8 0,0,0,0,0,0,0,0,*,
k=170
t=600

  0,1,2,3,4,5,6,7,8,
0 *,0,0,0,0,0,1,0,0,
1 0,*,0,0,0,0,1,0,0,
2 1,1,*,0,0,0,1,1,0,
3 1,1,0,*,0,0,1,1,0,
4 1,1,0,0,*,0,1,1,0,
5 1,1,0,0,0,*,1,1,0,
6 0,0,0,0,0,0,*,0,0,
7 0,0,0,0,0,0,0,*,0,
8 0,0,0,0,0,0,0,0,*,
k=171
t=600

  0,1,2,3,4,5,6,7,8,
0 *,0,0,0,0,0,1,0,0,
1 0,*,0,0,0,0,1,0,0,
2 1,1,*,0,0,0,1,1,0,
3 1,1,0,*,0,0,1,1,0,
4 1,1,0,0,*,0,1,1,0,
5 1,1,0,0,0,*,1,1,0,
6 0,0,0,0,0,0,*,0,0,
7 0,0,0,0,0,0,0,*,0,
8 0,0,0,0,0,0,0,0,*,
k=172
t=600

  0,1,2,3,4,5,6,7,8,
0 *,0,0,0,0,0,1,0,0,
1 0,*,0,0,0,0,1,0,0,
2 1,1,*,0,0,0,1,1,0,
3 1,1,0,*,0,0,1,1,0,
4 1,1,0,0,*,0,1,1,0,
5 1,1,0,0,0,*,1,1,0,
6 0,0,0,0,0,0,*,0,0,
7 0,0,0,0,0,0,0,*,0,
8 0,0,0,0,0,0,0,0,*,
k=173
t=400

  0,1,2,3,4,5,6,7,8,
0 *,0,0,0,0,0,1,1,0,
1 0,*,0,0,0,0,1,1,0,
2 1,1,*,0,0,0,1,1,0,
3 1,1,0,*,0,0,1,1,0,
4 1,1,0,0,*,0,1,1,0,
5 1,1,0,0,0,*,1,1,0,
6 0,0,0,0,0,0,*,0,0,
7 0,0,0,0,0,0,0,*,0,
8 0,0,0,0,0,0,0,0,*,
k=174
t=600

  0,1,2,3,4,5,6,7,8,
0 *,0,0,0,0,0,1,1,0,
1 0,*,0,0,0,0,1,1,0,
2 1,1,*,0,0,0,1,1,0,
3 1,1,0,*,0,0,1,1,0,
4 1,1,0,0,*,0,1,1,0,
5 1,1,0,0,0,*,1,1,0,
6 0,0,0,0,0,0,*,0,0,
7 0,0,0,0,0,0,0,*,0,
8 0,0,0,0,0,0,0,0,*,
k=175
t=600

  0,1,2,3,4,5,6,7,8,
0 *,0,0,0,0,0,1,1,0,
1 0,*,0,0,0,0,1,1,0,
2 1,1,*,0,0,0,1,1,0,
3 1,1,0,*,0,0,1,1,0,
4 1,1,0,0,*,0,1,1,0,
5 1,1,0,0,0,*,1,1,0,
6 0,0,0,0,0,0,*,0,0,
7 0,0,0,0,0,0,0,*,0,
8 0,0,0,0,0,0,0,0,*,
k=176
t=600

  0,1,2,3,4,5,6,7,8,
0 *,0,0,0,0,0,1,1,0,
1 0,*,0,0,0,0,1,1,0,
2 1,1,*,0,0,0,1,1,0,
3 1,1,0,*,0,0,1,1,0,
4 1,1,0,0,*,0,1,1,0,
5 1,1,0,0,0,*,1,1,0,
6 0,0,0,0,0,0,*,0,0,
7 0,0,0,0,0,0,0,*,0,
8 0,0,0,0,0,0,0,0,*,
k=177
t=200

  0,1,2,3,4,5,6,7,8,
0 *,0,0,0,0,0,0,1,0,
1 0,*,0,0,0,0,0,1,0,
2 1,1,*,0,0,0,1,1,0,
3 1,1,0,*,0,0,1,1,0,
4 1,1,0,0,*,0,1,1,0,
5 1,1,0,0,0,*,1,1,0,
6 0,0,0,0,0,0,*,0,0,
7 0,0,0,0,0,0,0,*,0,
8 0,0,0,0,0,0,0,0,*,
k=178
t=600

