a contact +0 +600 1001 2043 50
a contact +0 +600 1007 2041 50
a contact +0 +600 2041 1007 50
a contact +0 +600 2043 1001 50
a contact +0 +1200 1002 2031 50
a contact +0 +1200 1004 2035 50
a contact +0 +1200 1005 9008 50
a contact +600 +1200 1007 2020 50
a contact +0 +1200 1008 2025 50
a contact +0 +1200 1012 2038 50
a contact +600 +1200 2020 1007 50
a contact +0 +1200 2025 1008 50
a contact +0 +1200 2031 1002 50
a contact +0 +1200 2035 1004 50
a contact +0 +1200 2038 1012 50
a contact +0 +1200 9008 1005 50
a contact +600 +1800 1001 2009 50
a contact +1200 +1800 1002 2016 50
a contact +1200 +1800 1005 2048 50
a contact +0 +1800 1006 9001 50
a contact +1200 +1800 1007 9007 50
a contact +1200 +1800 1008 9002 50
a contact +0 +1800 1009 2024 50
a contact +0 +1800 1010 9011 50
a contact +0 +1800 1011 9004 50
a contact +1200 +1800 1012 2017 50
a contact +600 +1800 2009 1001 50
a contact +1200 +1800 2016 1002 50
a contact +1200 +1800 2017 1012 50
a contact +0 +1800 2024 1009 50
a contact +1200 +1800 2048 1005 50
a contact +0 +1800 9001 1006 50
a contact +1200 +1800 9002 1008 50
a contact +0 +1800 9004 1011 50
a contact +1200 +1800 9007 1007 50
a contact +0 +1800 9011 1010 50
a contact +1800 +2400 1010 2006 50
a contact +1800 +2400 2006 1010 50
a contact +1800 +3000 1006 2035 50
a contact +1800 +3000 2035 1006 50
a contact +1800 +3600 1001 9002 50
a contact +1800 +3600 1007 2024 50
a contact +1800 +3600 1009 9004 50
a contact +1800 +3600 2024 1007 50
a contact +1800 +3600 9002 1001 50
a contact +1800 +3600 9004 1009 50
a contact +1800 +4200 1005 9005 50
a contact +1800 +4200 1012 2029 50
a contact +1800 +4200 2029 1012 50
a contact +1800 +4200 9005 1005 50
a contact +1200 +4800 1004 9008 50
a contact +3000 +4800 1006 2040 50
a contact +2400 +4800 1010 2039 50
a contact +2400 +4800 2039 1010 50
a contact +3000 +4800 2040 1006 50
a contact +1200 +4800 9008 1004 50
a contact +4200 +6000 1005 2033 50
a contact +4200 +6000 2033 1005 50
a contact +1800 +6600 1002 9007 50
a contact +3600 +6600 1007 9011 50
a contact +3600 +6600 1009 9002 50
a contact +1800 +6600 1011 2046 50
a contact +1800 +6600 2046 1011 50
a contact +3600 +6600 9002 1009 50
a contact +1800 +6600 9007 1002 50
a contact +3600 +6600 9011 1007 50
a contact +0 +7200 1003 9010 50
a contact +4800 +7200 1004 2003 50
a contact +4800 +7200 1010 2013 50
a contact +6600 +7200 1011 9011 50
a contact +4800 +7200 2003 1004 50
a contact +4800 +7200 2013 1010 50
a contact +0 +7200 9010 1003 50
a contact +6600 +7200 9011 1011 50
a contact +6000 +7800 1005 2008 50
a contact +4800 +7800 1006 9008 50
a contact +6600 +7800 1007 2023 50
a contact +4200 +7800 1012 9005 50
a contact +6000 +7800 2008 1005 50
a contact +6600 +7800 2023 1007 50
a contact +4200 +7800 9005 1012 50
a contact +4800 +7800 9008 1006 50
a contact +6600 +8400 1002 2027 50
a contact +7200 +8400 1003 2020 50
a contact +1800 +8400 1008 9001 50
a contact +7200 +8400 1011 9010 50
a contact +7200 +8400 2020 1003 50
a contact +6600 +8400 2027 1002 50
a contact +1800 +8400 9001 1008 50
a contact +7200 +8400 9010 1011 50
a contact +7200 +9000 1010 2014 50
a contact +8400 +9000 1011 9001 50
a contact +7200 +9000 2014 1010 50
a contact +8400 +9000 9001 1011 50
a contact +7800 +9600 1012 9008 50
a contact +7800 +9600 9008 1012 50
a contact +8400 +10200 1003 2032 50
a contact +7800 +10200 1006 2055 50
a contact +6600 +10200 1009 2031 50
a contact +6600 +10200 2031 1009 50
a contact +8400 +10200 2032 1003 50
a contact +7800 +10200 2055 1006 50
a contact +10200 +10800 1003 2055 50
a contact +7800 +10800 1005 9005 50
a contact +8400 +10800 1008 2045 50
a contact +9000 +10800 1011 2008 50
a contact +9000 +10800 2008 1011 50
a contact +8400 +10800 2045 1008 50
a contact +10200 +10800 2055 1003 50
a contact +7800 +10800 9005 1005 50
a contact +3600 +11400 1001 9004 50
a contact +10800 +11400 1005 2041 50
a contact +10200 +11400 1009 2005 50
a contact +10200 +11400 2005 1009 50
a contact +10800 +11400 2041 1005 50
a contact +3600 +11400 9004 1001 50
a contact +10800 +12000 1003 2002 50
a contact +10200 +12000 1006 9008 50
a contact +9600 +12000 1012 2036 50
a contact +10800 +12000 2002 1003 50
a contact +9600 +12000 2036 1012 50
a contact +10200 +12000 9008 1006 50
a contact +12000 +12600 1003 2020 50
a contact +11400 +12600 1005 9004 50
a contact +7800 +12600 1007 9007 50
a contact +10800 +12600 1008 2035 50
a contact +12000 +12600 2020 1003 50
a contact +10800 +12600 2035 1008 50
a contact +11400 +12600 9004 1005 50
a contact +7800 +12600 9007 1007 50
a contact +8400 +13200 1002 9011 50
a contact +12000 +13200 1012 9008 50
a contact +12000 +13200 9008 1012 50
a contact +8400 +13200 9011 1002 50
a contact +11400 +13800 1001 2039 50
a contact +12600 +13800 1008 2023 50
a contact +11400 +13800 1009 9010 50
a contact +12600 +13800 2023 1008 50
a contact +11400 +13800 2039 1001 50
a contact +11400 +13800 9010 1009 50
a contact +13200 +14400 1002 2005 50
a contact +12000 +14400 1006 2048 50
a contact +13200 +14400 2005 1002 50
a contact +12000 +14400 2048 1006 50
a contact +12600 +15000 1003 2021 50
a contact +12600 +15000 2021 1003 50
a contact +13800 +15600 1001 9004 50
a contact +14400 +15600 1002 9010 50
a contact +12600 +15600 1005 9007 50
a contact +9000 +15600 1010 9001 50
a contact +9000 +15600 9001 1010 50
a contact +13800 +15600 9004 1001 50
a contact +12600 +15600 9007 1005 50
a contact +14400 +15600 9010 1002 50
a contact +12600 +16200 1007 2007 50
a contact +13800 +16200 1008 9008 50
a contact +13800 +16200 1009 2024 50
a contact +10800 +16200 1011 9005 50
a contact +13200 +16200 1012 2002 50
a contact +13200 +16200 2002 1012 50
a contact +12600 +16200 2007 1007 50
a contact +13800 +16200 2024 1009 50
a contact +10800 +16200 9005 1011 50
a contact +13800 +16200 9008 1008 50
a contact +14400 +16800 1006 2033 50
a contact +14400 +16800 2033 1006 50
a contact +15600 +17400 1002 2018 50
a contact +15600 +17400 1005 2045 50
a contact +16200 +17400 1008 2025 50
a contact +15600 +17400 2018 1002 50
a contact +16200 +17400 2025 1008 50
a contact +15600 +17400 2045 1005 50
a contact +15600 +18000 1001 2044 50
a contact +17400 +18000 1005 2017 50
a contact +15600 +18000 1010 2047 50
a contact +16200 +18000 1011 2026 50
a contact +17400 +18000 2017 1005 50
a contact +16200 +18000 2026 1011 50
a contact +15600 +18000 2044 1001 50
a contact +15600 +18000 2047 1010 50
a contact +17400 +18600 1002 2037 50
a contact +15000 +18600 1003 2052 50
a contact +16800 +18600 1006 2012 50
a contact +16200 +18600 1007 9011 50
a contact +16800 +18600 2012 1006 50
a contact +17400 +18600 2037 1002 50
a contact +15000 +18600 2052 1003 50
a contact +16200 +18600 9011 1007 50
a contact +18000 +19200 1001 2013 50
a contact +7200 +19200 1004 9002 50
a contact +18600 +19200 1006 2042 50
a contact +16200 +19200 1009 9005 50
a contact +18000 +19200 1010 2029 50
a contact +18000 +19200 2013 1001 50
a contact +18000 +19200 2029 1010 50
a contact +18600 +19200 2042 1006 50
a contact +7200 +19200 9002 1004 50
a contact +16200 +19200 9005 1009 50
a contact +18000 +19800 1005 2043 50
a contact +17400 +19800 1008 2001 50
a contact +16200 +19800 1012 2040 50
a contact +17400 +19800 2001 1008 50
a contact +16200 +19800 2040 1012 50
a contact +18000 +19800 2043 1005 50
a contact +19200 +20400 1001 9005 50
a contact +18600 +20400 1002 2026 50
a contact +18600 +20400 1003 2003 50
a contact +19800 +20400 1005 2010 50
a contact +18600 +20400 1007 2016 50
a contact +19800 +20400 1008 9011 50
a contact +18600 +20400 2003 1003 50
a contact +19800 +20400 2010 1005 50
a contact +18600 +20400 2016 1007 50
a contact +18600 +20400 2026 1002 50
a contact +19200 +20400 9005 1001 50
a contact +19800 +20400 9011 1008 50
a contact +19200 +21000 1004 2030 50
a contact +19200 +21000 1009 2029 50
a contact +19200 +21000 2029 1009 50
a contact +19200 +21000 2030 1004 50
a contact +20400 +21600 1001 2033 50
a contact +20400 +21600 1003 9011 50
a contact +19200 +21600 1006 2044 50
a contact +20400 +21600 1007 2042 50
a contact +19200 +21600 1010 2002 50
a contact +18000 +21600 1011 9008 50
a contact +19200 +21600 2002 1010 50
a contact +20400 +21600 2033 1001 50
a contact +20400 +21600 2042 1007 50
a contact +19200 +21600 2044 1006 50
a contact +18000 +21600 9008 1011 50
a contact +20400 +21600 9011 1003 50
a contact +21600 +22200 1001 9008 50
a contact +21600 +22200 1007 9011 50
a contact +20400 +22200 1008 2032 50
a contact +21000 +22200 1009 2037 50
a contact +20400 +22200 2032 1008 50
a contact +21000 +22200 2037 1009 50
a contact +21600 +22200 9008 1001 50
a contact +21600 +22200 9011 1007 50
a contact +21600 +22800 1003 2002 50
a contact +21000 +22800 1004 2052 50
a contact +20400 +22800 1005 2009 50
a contact +21600 +22800 1006 2017 50
a contact +22200 +22800 1007 2047 50
a contact +22200 +22800 1008 2042 50
a contact +21600 +22800 2002 1003 50
a contact +20400 +22800 2009 1005 50
a contact +21600 +22800 2017 1006 50
a contact +22200 +22800 2042 1008 50
a contact +22200 +22800 2047 1007 50
a contact +21000 +22800 2052 1004 50
a contact +22200 +23400 1001 9011 50
a contact +20400 +23400 1002 9005 50
a contact +21600 +23400 1010 2034 50
a contact +21600 +23400 1011 2028 50
a contact +19800 +23400 1012 9002 50
a contact +21600 +23400 2028 1011 50
a contact +21600 +23400 2034 1010 50
a contact +19800 +23400 9002 1012 50
a contact +20400 +23400 9005 1002 50
a contact +22200 +23400 9011 1001 50
a contact +23400 +24000 1002 2021 50
a contact +22800 +24000 1008 2031 50
a contact +22200 +24000 1009 2023 50
a contact +23400 +24000 1011 2020 50
a contact +23400 +24000 2020 1011 50
a contact +23400 +24000 2021 1002 50
a contact +22200 +24000 2023 1009 50
a contact +22800 +24000 2031 1008 50
a contact +24000 +24600 1008 2040 50
a contact +24000 +24600 2040 1008 50
a contact +22800 +25200 1004 2015 50
a contact +22800 +25200 1007 2051 50
a contact +22800 +25200 2015 1004 50
a contact +22800 +25200 2051 1007 50
a contact +25200 +25800 1007 2039 50
a contact +23400 +25800 1010 9005 50
a contact +25200 +25800 2039 1007 50
a contact +23400 +25800 9005 1010 50
a contact +23400 +26400 1001 2001 50
a contact +22800 +26400 1005 2041 50
a contact +22800 +26400 1006 2045 50
a contact +24600 +26400 1008 2024 50
a contact +24000 +26400 1009 9002 50
a contact +23400 +26400 1012 9008 50
a contact +23400 +26400 2001 1001 50
a contact +24600 +26400 2024 1008 50
a contact +22800 +26400 2041 1005 50
a contact +22800 +26400 2045 1006 50
a contact +24000 +26400 9002 1009 50
a contact +23400 +26400 9008 1012 50
a contact +26400 +27000 1001 2035 50
a contact +22800 +27000 1003 2050 50
a contact +26400 +27000 2035 1001 50
a contact +22800 +27000 2050 1003 50
a contact +24000 +27600 1002 2025 50
a contact +26400 +27600 1006 2054 50
a contact +26400 +27600 1008 9008 50
a contact +26400 +27600 1009 2010 50
a contact +24000 +27600 1011 2022 50
a contact +26400 +27600 2010 1009 50
a contact +24000 +27600 2022 1011 50
a contact +24000 +27600 2025 1002 50
a contact +26400 +27600 2054 1006 50
a contact +26400 +27600 9008 1008 50
a contact +27000 +28200 1001 2015 50
a contact +26400 +28200 1012 2001 50
a contact +26400 +28200 2001 1012 50
a contact +27000 +28200 2015 1001 50
a contact +25800 +28800 1007 9005 50
a contact +25800 +28800 1010 2013 50
a contact +28200 +28800 1012 2004 50
a contact +28200 +28800 2004 1012 50
a contact +25800 +28800 2013 1010 50
a contact +25800 +28800 9005 1007 50
a contact +27000 +29400 1003 2030 50
a contact +25200 +29400 1004 9011 50
a contact +26400 +29400 1005 9002 50
a contact +27600 +29400 1008 2044 50
a contact +27600 +29400 1009 2018 50
a contact +27600 +29400 1011 2012 50
a contact +27600 +29400 2012 1011 50
a contact +27600 +29400 2018 1009 50
a contact +27000 +29400 2030 1003 50
a contact +27600 +29400 2044 1008 50
a contact +26400 +29400 9002 1005 50
a contact +25200 +29400 9011 1004 50
a contact +28200 +30000 1001 2007 50
a contact +27600 +30000 1002 2016 50
a contact +28800 +30000 1012 2047 50
a contact +28200 +30000 2007 1001 50
a contact +27600 +30000 2016 1002 50
a contact +28800 +30000 2047 1012 50
a contact +29400 +30600 1005 2006 50
a contact +28800 +30600 1010 2046 50
a contact +29400 +30600 2006 1005 50
a contact +28800 +30600 2046 1010 50
a contact +30000 +31200 1001 2048 50
a contact +30000 +31200 1002 2011 50
a contact +29400 +31200 1004 9005 50
a contact +28800 +31200 1007 2010 50
a contact +29400 +31200 1009 2008 50
a contact +30600 +31200 1010 9003 50
a contact +29400 +31200 2008 1009 50
a contact +28800 +31200 2010 1007 50
a contact +30000 +31200 2011 1002 50
a contact +30000 +31200 2048 1001 50
a contact +30600 +31200 9003 1010 50
a contact +29400 +31200 9005 1004 50
a contact +31200 +31800 1002 9009 50
a contact +27600 +31800 1006 9008 50
a contact +31200 +31800 1009 2010 50
a contact +31200 +31800 2010 1009 50
a contact +27600 +31800 9008 1006 50
a contact +31200 +31800 9009 1002 50
a contact +31200 +32400 1004 2047 50
a contact +31800 +32400 1006 2028 50
a contact +31200 +32400 1010 2043 50
a contact +30000 +32400 1012 2013 50
a contact +30000 +32400 2013 1012 50
a contact +31800 +32400 2028 1006 50
a contact +31200 +32400 2043 1010 50
a contact +31200 +32400 2047 1004 50
a contact +31800 +33000 1002 2015 50
a contact +31800 +33000 2015 1002 50
a contact +30600 +33600 1005 9006 50
a contact +29400 +33600 1011 2049 50
a contact +32400 +33600 1012 2027 50
a contact +32400 +33600 2027 1012 50
a contact +29400 +33600 2049 1011 50
a contact +30600 +33600 9006 1005 50
a contact +31200 +34200 1001 9012 50
a contact +31800 +34200 1009 9003 50
a contact +31800 +34200 9003 1009 50
a contact +31200 +34200 9012 1001 50
a contact +32400 +34800 1004 2022 50
a contact +33600 +34800 1005 2006 50
a contact +32400 +34800 1006 9008 50
a contact +31200 +34800 1007 9005 50
a contact +32400 +34800 1010 2021 50
a contact +33600 +34800 2006 1005 50
a contact +32400 +34800 2021 1010 50
a contact +32400 +34800 2022 1004 50
a contact +31200 +34800 9005 1007 50
a contact +32400 +34800 9008 1006 50
a contact +34200 +35400 1001 2020 50
a contact +34800 +35400 1007 2006 50
a contact +29400 +35400 1008 9002 50
a contact +34200 +35400 1009 2056 50
a contact +34800 +35400 2006 1007 50
a contact +34200 +35400 2020 1001 50
a contact +34200 +35400 2056 1009 50
a contact +29400 +35400 9002 1008 50
a contact +34800 +36000 1004 9005 50
a contact +35400 +36000 1008 2015 50
a contact +34800 +36000 1010 2034 50
a contact +33600 +36000 1011 2008 50
a contact +33600 +36000 2008 1011 50
a contact +35400 +36000 2015 1008 50
a contact +34800 +36000 2034 1010 50
a contact +34800 +36000 9005 1004 50
a contact +35400 +36600 1001 2051 50
a contact +29400 +36600 1003 9011 50
a contact +36000 +36600 1004 2042 50
a contact +34800 +36600 1005 9003 50
a contact +34800 +36600 1006 2038 50
a contact +35400 +36600 1009 9012 50
a contact +34800 +36600 2038 1006 50
a contact +36000 +36600 2042 1004 50
a contact +35400 +36600 2051 1001 50
a contact +34800 +36600 9003 1005 50
a contact +29400 +36600 9011 1003 50
a contact +35400 +36600 9012 1009 50
a contact +35400 +37200 1007 9002 50
a contact +36000 +37200 1008 2043 50
a contact +36000 +37200 1010 2032 50
a contact +36000 +37200 2032 1010 50
a contact +36000 +37200 2043 1008 50
a contact +35400 +37200 9002 1007 50
a contact +36600 +37800 1006 9008 50
a contact +36600 +37800 9008 1006 50
a contact +36600 +38400 1004 2049 50
a contact +37200 +38400 1010 2006 50
a contact +37200 +38400 2006 1010 50
a contact +36600 +38400 2049 1004 50
a contact +33000 +39000 1002 9009 50
a contact +36600 +39000 1003 9012 50
a contact +37800 +39000 1006 9002 50
a contact +37200 +39000 1007 2027 50
a contact +37200 +39000 1008 9011 50
a contact +37200 +39000 2027 1007 50
a contact +37800 +39000 9002 1006 50
a contact +33000 +39000 9009 1002 50
a contact +37200 +39000 9011 1008 50
a contact +36600 +39000 9012 1003 50
a contact +36600 +39600 1001 9003 50
a contact +39000 +39600 1002 2044 50
a contact +38400 +39600 1004 2015 50
a contact +39000 +39600 1008 9002 50
a contact +38400 +39600 2015 1004 50
a contact +39000 +39600 2044 1002 50
a contact +39000 +39600 9002 1008 50
a contact +36600 +39600 9003 1001 50
a contact +36600 +40200 1005 2050 50
a contact +36600 +40200 1009 2005 50
a contact +36600 +40200 2005 1009 50
a contact +36600 +40200 2050 1005 50
a contact +39000 +40800 1007 9009 50
a contact +40200 +40800 1009 2004 50
a contact +40200 +40800 2004 1009 50
a contact +39000 +40800 9009 1007 50
a contact +39600 +41400 1001 2037 50
a contact +39000 +41400 1003 9011 50
a contact +39600 +41400 1004 2046 50
a contact +40200 +41400 1005 2020 50
a contact +39600 +41400 1008 2039 50
a contact +38400 +41400 1010 9008 50
a contact +40200 +41400 2020 1005 50
a contact +39600 +41400 2037 1001 50
a contact +39600 +41400 2039 1008 50
a contact +39600 +41400 2046 1004 50
a contact +38400 +41400 9008 1010 50
a contact +39000 +41400 9011 1003 50
a contact +41400 +42000 1004 9003 50
a contact +41400 +42000 9003 1004 50
a contact +39600 +42600 1002 9002 50
a contact +40800 +42600 1007 2055 50
a contact +40800 +42600 1009 2051 50
a contact +36000 +42600 1011 9005 50
a contact +33600 +42600 1012 9006 50
a contact +40800 +42600 2051 1009 50
a contact +40800 +42600 2055 1007 50
a contact +39600 +42600 9002 1002 50
a contact +36000 +42600 9005 1011 50
a contact +33600 +42600 9006 1012 50
a contact +41400 +43200 1005 2048 50
a contact +41400 +43200 1008 2056 50
a contact +42600 +43200 1011 2028 50
a contact +42600 +43200 2028 1011 50
a contact +41400 +43200 2048 1005 50
a contact +41400 +43200 2056 1008 50
a contact +41400 +43800 1001 2033 50
a contact +42600 +43800 1002 2014 50
a contact +41400 +43800 1003 9009 50
a contact +42600 +43800 1007 2041 50
a contact +43200 +43800 1008 2015 50
a contact +42600 +43800 1012 2030 50
a contact +42600 +43800 2014 1002 50
a contact +43200 +43800 2015 1008 50
a contact +42600 +43800 2030 1012 50
a contact +41400 +43800 2033 1001 50
a contact +42600 +43800 2041 1007 50
a contact +41400 +43800 9009 1003 50
a contact +39000 +44400 1006 9012 50
a contact +41400 +44400 1010 2009 50
a contact +41400 +44400 2009 1010 50
a contact +39000 +44400 9012 1006 50
a contact +43800 +45000 1002 9009 50
a contact +43800 +45000 1003 2011 50
a contact +42600 +45000 1009 9003 50
a contact +43800 +45000 2011 1003 50
a contact +42600 +45000 9003 1009 50
a contact +43800 +45000 9009 1002 50
a contact +42000 +45600 1004 2020 50
a contact +42000 +45600 2020 1004 50
a contact +43800 +46200 1001 2006 50
a contact +45000 +46200 1003 9009 50
a contact +43200 +46200 1005 9006 50
a contact +44400 +46200 1006 2054 50
a contact +43800 +46200 1008 2008 50
a contact +43800 +46200 1012 2056 50
a contact +43800 +46200 2006 1001 50
a contact +43800 +46200 2008 1008 50
a contact +44400 +46200 2054 1006 50
a contact +43800 +46200 2056 1012 50
a contact +43200 +46200 9006 1005 50
a contact +45000 +46200 9009 1003 50
a contact +45600 +46800 1004 9003 50
a contact +44400 +46800 1010 2052 50
a contact +43200 +46800 1011 2019 50
a contact +43200 +46800 2019 1011 50
a contact +44400 +46800 2052 1010 50
a contact +45600 +46800 9003 1004 50
a contact +45000 +47400 1002 2033 50
a contact +46200 +47400 1003 2005 50
a contact +43800 +47400 1007 2028 50
a contact +45000 +47400 1009 2011 50
a contact +46200 +47400 2005 1003 50
a contact +45000 +47400 2011 1009 50
a contact +43800 +47400 2028 1007 50
a contact +45000 +47400 2033 1002 50
a contact +47400 +48000 1003 2053 50
a contact +46200 +48000 1005 2025 50
a contact +46200 +48000 1006 2034 50
a contact +46200 +48000 2025 1005 50
a contact +46200 +48000 2034 1006 50
a contact +47400 +48000 2053 1003 50
a contact +46800 +48600 1004 2003 50
a contact +46200 +48600 1008 2054 50
a contact +46800 +48600 1011 9003 50
a contact +46800 +48600 2003 1004 50
a contact +46200 +48600 2054 1008 50
a contact +46800 +48600 9003 1011 50
a contact +47400 +49200 1002 2051 50
a contact +48000 +49200 1005 2027 50
a contact +47400 +49200 1007 2048 50
a contact +47400 +49200 1009 2049 50
a contact +48000 +49200 2027 1005 50
a contact +47400 +49200 2048 1007 50
a contact +47400 +49200 2049 1009 50
a contact +47400 +49200 2051 1002 50
a contact +48000 +49800 1003 2031 50
a contact +48600 +49800 1004 2039 50
a contact +48600 +49800 1011 2011 50
a contact +46200 +49800 1012 2055 50
a contact +48600 +49800 2011 1011 50
a contact +48000 +49800 2031 1003 50
a contact +48600 +49800 2039 1004 50
a contact +46200 +49800 2055 1012 50
a contact +46200 +50400 1001 9006 50
a contact +48000 +50400 1006 9009 50
a contact +49200 +50400 1007 2017 50
a contact +49200 +50400 1009 2025 50
a contact +49200 +50400 2017 1007 50
a contact +49200 +50400 2025 1009 50
a contact +46200 +50400 9006 1001 50
a contact +48000 +50400 9009 1006 50
a contact +50400 +51000 1007 2026 50
a contact +49800 +51000 1012 2032 50
a contact +50400 +51000 2026 1007 50
a contact +49800 +51000 2032 1012 50
a contact +49800 +51600 1003 2018 50
a contact +49800 +51600 1004 2044 50
a contact +49200 +51600 1005 2010 50
a contact +48600 +51600 1008 2007 50
a contact +48600 +51600 2007 1008 50
a contact +49200 +51600 2010 1005 50
a contact +49800 +51600 2018 1003 50
a contact +49800 +51600 2044 1004 50
a contact +49200 +52200 1002 9003 50
a contact +51600 +52200 1005 9006 50
a contact +50400 +52200 1006 2036 50
a contact +51000 +52200 1012 2054 50
a contact +50400 +52200 2036 1006 50
a contact +51000 +52200 2054 1012 50
a contact +49200 +52200 9003 1002 50
a contact +51600 +52200 9006 1005 50
a contact +50400 +52800 1001 2047 50
a contact +51600 +52800 1004 2015 50
a contact +51600 +52800 1008 2004 50
a contact +51600 +52800 2004 1008 50
a contact +51600 +52800 2015 1004 50
a contact +50400 +52800 2047 1001 50
a contact +52200 +53400 1002 2045 50
a contact +51600 +53400 1003 2037 50
a contact +52200 +53400 1005 2031 50
a contact +51000 +53400 1007 2023 50
a contact +51000 +53400 2023 1007 50
a contact +52200 +53400 2031 1005 50
a contact +51600 +53400 2037 1003 50
a contact +52200 +53400 2045 1002 50
a contact +52800 +54000 1004 2028 50
a contact +49800 +54000 1011 2053 50
a contact +52800 +54000 2028 1004 50
a contact +49800 +54000 2053 1011 50
a contact +54000 +54600 1004 2048 50
a contact +53400 +54600 1005 9007 50
a contact +54000 +54600 2048 1004 50
a contact +53400 +54600 9007 1005 50
a contact +50400 +55200 1009 9009 50
a contact +50400 +55200 9009 1009 50
a contact +52800 +55800 1001 2026 50
a contact +53400 +55800 1002 2023 50
a contact +53400 +55800 1003 2035 50
a contact +54600 +55800 1004 2009 50
a contact +53400 +55800 1007 2054 50
a contact +52800 +55800 1008 9006 50
a contact +46800 +55800 1010 9012 50
a contact +52200 +55800 1012 9003 50
a contact +54600 +55800 2009 1004 50
a contact +53400 +55800 2023 1002 50
a contact +52800 +55800 2026 1001 50
a contact +53400 +55800 2035 1003 50
a contact +53400 +55800 2054 1007 50
a contact +52200 +55800 9003 1012 50
a contact +52800 +55800 9006 1008 50
a contact +46800 +55800 9012 1010 50
a contact +55800 +56400 1001 9012 50
a contact +55800 +56400 1002 2055 50
a contact +55800 +56400 1004 2048 50
a contact +54600 +56400 1005 2019 50
a contact +52200 +56400 1006 9004 50
a contact +55800 +56400 1008 9007 50
a contact +55200 +56400 1009 2017 50
a contact +55800 +56400 1012 2039 50
a contact +55200 +56400 2017 1009 50
a contact +54600 +56400 2019 1005 50
a contact +55800 +56400 2039 1012 50
a contact +55800 +56400 2048 1004 50
a contact +55800 +56400 2055 1002 50
a contact +52200 +56400 9004 1006 50
a contact +55800 +56400 9007 1008 50
a contact +55800 +56400 9012 1001 50
a contact +56400 +57000 1002 2021 50
a contact +56400 +57000 1012 9007 50
a contact +56400 +57000 2021 1002 50
a contact +56400 +57000 9007 1012 50
a contact +56400 +58200 1001 2010 50
a contact +56400 +58200 1005 9004 50
a contact +56400 +58200 1006 2013 50
a contact +55800 +58200 1007 9003 50
a contact +56400 +58200 1009 2019 50
a contact +55800 +58200 1010 2031 50
a contact +54000 +58200 1011 9001 50
a contact +56400 +58200 2010 1001 50
a contact +56400 +58200 2013 1006 50
a contact +56400 +58200 2019 1009 50
a contact +55800 +58200 2031 1010 50
a contact +54000 +58200 9001 1011 50
a contact +55800 +58200 9003 1007 50
a contact +56400 +58200 9004 1005 50
a contact +57000 +58800 1002 2003 50
a contact +58200 +58800 1011 9006 50
a contact +57000 +58800 2003 1002 50
a contact +58200 +58800 9006 1011 50
a contact +58200 +59400 1001 2001 50
a contact +57000 +59400 1012 2042 50
a contact +58200 +59400 2001 1001 50
a contact +57000 +59400 2042 1012 50
a contact +58200 +60000 1007 2011 50
a contact +59400 +60000 1012 2035 50
a contact +58200 +60000 2011 1007 50
a contact +59400 +60000 2035 1012 50
a contact +55800 +60600 1003 9009 50
a contact +56400 +60600 1004 9010 50
a contact +58200 +60600 1005 2030 50
a contact +56400 +60600 1008 9012 50
a contact +58200 +60600 2030 1005 50
a contact +55800 +60600 9009 1003 50
a contact +56400 +60600 9010 1004 50
a contact +56400 +60600 9012 1008 50
a contact +59400 +61200 1001 2005 50
a contact +60600 +61200 1003 9010 50
a contact +58200 +61200 1006 9007 50
a contact +58800 +61200 1011 9003 50
a contact +59400 +61200 2005 1001 50
a contact +58800 +61200 9003 1011 50
a contact +58200 +61200 9007 1006 50
a contact +60600 +61200 9010 1003 50
a contact +58800 +61800 1002 2021 50
a contact +58800 +61800 2021 1002 50
a contact +60600 +63000 1004 9012 50
a contact +60600 +63000 1005 2043 50
a contact +58200 +63000 1010 9001 50
a contact +60000 +63000 1012 2041 50
a contact +60000 +63000 2041 1012 50
a contact +60600 +63000 2043 1005 50
a contact +58200 +63000 9001 1010 50
a contact +60600 +63000 9012 1004 50
a contact +61200 +63600 1006 2001 50
a contact +61200 +63600 1011 2004 50
a contact +63000 +63600 1012 2039 50
a contact +61200 +63600 2001 1006 50
a contact +61200 +63600 2004 1011 50
a contact +63000 +63600 2039 1012 50
a contact +61800 +66000 1002 2019 50
a contact +61200 +66000 1003 9007 50
a contact +63000 +66000 1004 2018 50
a contact +60600 +66000 1008 9009 50
a contact +58200 +66000 1009 9004 50
a contact +63000 +66000 1010 2027 50
a contact +63600 +66000 1011 2029 50
a contact +63600 +66000 1012 2042 50
a contact +63000 +66000 2018 1004 50
a contact +61800 +66000 2019 1002 50
a contact +63000 +66000 2027 1010 50
a contact +63600 +66000 2029 1011 50
a contact +63600 +66000 2042 1012 50
a contact +58200 +66000 9004 1009 50
a contact +61200 +66000 9007 1003 50
a contact +60600 +66000 9009 1008 50
a contact +66000 +66600 1004 2004 50
a contact +66000 +66600 2004 1004 50
a contact +61200 +67200 1001 9003 50
a contact +66000 +67200 1003 2009 50
a contact +66600 +67200 1004 9004 50
a contact +63600 +67200 1006 9012 50
a contact +66000 +67200 1008 2054 50
a contact +66000 +67200 1009 2038 50
a contact +66000 +67200 1011 2051 50
a contact +66000 +67200 1012 2040 50
a contact +66000 +67200 2009 1003 50
a contact +66000 +67200 2038 1009 50
a contact +66000 +67200 2040 1012 50
a contact +66000 +67200 2051 1011 50
a contact +66000 +67200 2054 1008 50
a contact +61200 +67200 9003 1001 50
a contact +66600 +67200 9004 1004 50
a contact +63600 +67200 9012 1006 50
a contact +67200 +67800 1001 9009 50
a contact +66000 +67800 1010 2042 50
a contact +66000 +67800 2042 1010 50
a contact +67200 +67800 9009 1001 50
a contact +67200 +68400 1004 2029 50
a contact +67200 +68400 1006 2028 50
a contact +67200 +68400 1009 2053 50
a contact +67800 +68400 1010 2016 50
a contact +67800 +68400 2016 1010 50
a contact +67200 +68400 2028 1006 50
a contact +67200 +68400 2029 1004 50
a contact +67200 +68400 2053 1009 50
a contact +67800 +69000 1001 2004 50
a contact +67200 +69000 1008 2056 50
a contact +67800 +69000 2004 1001 50
a contact +67200 +69000 2056 1008 50
a contact +66000 +69600 1002 9001 50
a contact +67200 +69600 1003 9007 50
a contact +68400 +69600 1006 2035 50
a contact +68400 +69600 1010 2032 50
a contact +68400 +69600 2032 1010 50
a contact +68400 +69600 2035 1006 50
a contact +66000 +69600 9001 1002 50
a contact +67200 +69600 9007 1003 50
a contact +63000 +70200 1005 9010 50
a contact +60000 +70200 1007 9006 50
a contact +69000 +70200 1008 2030 50
a contact +68400 +70200 1009 2006 50
a contact +67200 +70200 1012 9004 50
a contact +68400 +70200 2006 1009 50
a contact +69000 +70200 2030 1008 50
a contact +67200 +70200 9004 1012 50
a contact +60000 +70200 9006 1007 50
a contact +63000 +70200 9010 1005 50
a contact +69000 +70800 1001 2018 50
a contact +70200 +70800 1012 2015 50
a contact +70200 +70800 2015 1012 50
a contact +69000 +70800 2018 1001 50
a contact +70200 +71400 1005 2001 50
a contact +70200 +71400 2001 1005 50
a contact +69600 +72000 1006 2016 50
a contact +70200 +72000 1009 9007 50
a contact +69600 +72000 2016 1006 50
a contact +70200 +72000 9007 1009 50
a contact +69600 +72600 1003 2022 50
a contact +70200 +72600 1007 2036 50
a contact +70800 +72600 1012 2043 50
a contact +69600 +72600 2022 1003 50
a contact +70200 +72600 2036 1007 50
a contact +70800 +72600 2043 1012 50
a contact +72000 +73200 1006 9010 50
a contact +72600 +73200 1007 2048 50
a contact +70200 +73200 1008 2003 50
a contact +70200 +73200 2003 1008 50
a contact +72600 +73200 2048 1007 50
a contact +72000 +73200 9010 1006 50
a contact +72600 +73800 1003 2016 50
a contact +72000 +73800 1009 2001 50
a contact +72000 +73800 2001 1009 50
a contact +72600 +73800 2016 1003 50
a contact +70800 +75000 1001 9004 50
a contact +70800 +75000 9004 1001 50
a contact +73800 +75600 1003 2017 50
a contact +71400 +75600 1005 9006 50
a contact +73200 +75600 1006 2014 50
a contact +73200 +75600 1007 2034 50
a contact +69600 +75600 1010 9001 50
a contact +67200 +75600 1011 9012 50
a contact +73200 +75600 2014 1006 50
a contact +73800 +75600 2017 1003 50
a contact +73200 +75600 2034 1007 50
a contact +69600 +75600 9001 1010 50
a contact +71400 +75600 9006 1005 50
a contact +67200 +75600 9012 1011 50
a contact +75000 +76200 1001 2049 50
a contact +75600 +76200 1006 2007 50
a contact +73800 +76200 1009 2012 50
a contact +75600 +76200 2007 1006 50
a contact +73800 +76200 2012 1009 50
a contact +75000 +76200 2049 1001 50
a contact +69600 +76800 1002 9009 50
a contact +73200 +76800 1008 9010 50
a contact +75600 +76800 1010 2051 50
a contact +75600 +76800 1011 2045 50
a contact +72600 +76800 1012 9007 50
a contact +75600 +76800 2045 1011 50
a contact +75600 +76800 2051 1010 50
a contact +72600 +76800 9007 1012 50
a contact +69600 +76800 9009 1002 50
a contact +73200 +76800 9010 1008 50
a contact +76200 +77400 1001 2047 50
a contact +68400 +77400 1004 9003 50
a contact +76200 +77400 2047 1001 50
a contact +68400 +77400 9003 1004 50
a contact +75600 +78000 1003 9006 50
a contact +75600 +78000 1005 2034 50
a contact +76200 +78000 1006 2038 50
a contact +75600 +78000 2034 1005 50
a contact +76200 +78000 2038 1006 50
a contact +75600 +78000 9006 1003 50
a contact +77400 +79200 1001 2030 50
a contact +76800 +79200 1002 9010 50
a contact +76800 +79200 1012 2046 50
a contact +77400 +79200 2030 1001 50
a contact +76800 +79200 2046 1012 50
a contact +76800 +79200 9010 1002 50
a contact +79200 +79800 1001 9010 50
a contact +78000 +79800 1005 2038 50
a contact +76800 +79800 1010 2053 50
a contact +78000 +79800 2038 1005 50
a contact +76800 +79800 2053 1010 50
a contact +79200 +79800 9010 1001 50
a contact +78000 +80400 1003 2004 50
a contact +77400 +80400 1004 2052 50
a contact +76800 +80400 1008 9007 50
a contact +76800 +80400 1011 2037 50
a contact +78000 +80400 2004 1003 50
a contact +76800 +80400 2037 1011 50
a contact +77400 +80400 2052 1004 50
a contact +76800 +80400 9007 1008 50
a contact +79800 +81000 1001 2024 50
a contact +79200 +81000 1002 2026 50
a contact +80400 +81000 1003 9007 50
a contact +78000 +81000 1006 2012 50
a contact +80400 +81000 1011 9002 50
a contact +78000 +81000 2012 1006 50
a contact +79800 +81000 2024 1001 50
a contact +79200 +81000 2026 1002 50
a contact +80400 +81000 9002 1011 50
a contact +80400 +81000 9007 1003 50
a contact +75600 +81600 1007 9001 50
a contact +75600 +81600 9001 1007 50
a contact +81000 +82200 1001 9002 50
a contact +81000 +82200 1003 2011 50
a contact +81600 +82200 1007 9007 50
a contact +79200 +82200 1012 9011 50
a contact +81000 +82200 2011 1003 50
a contact +81000 +82200 9002 1001 50
a contact +81600 +82200 9007 1007 50
a contact +79200 +82200 9011 1012 50
a contact +76200 +82800 1009 9004 50
a contact +81000 +82800 1011 2040 50
a contact +81000 +82800 2040 1011 50
a contact +76200 +82800 9004 1009 50
a contact +80400 +83400 1008 2056 50
a contact +79800 +83400 1010 9008 50
a contact +80400 +83400 2056 1008 50
a contact +79800 +83400 9008 1010 50
a contact +79800 +84000 1005 9010 50
a contact +79800 +84000 9010 1005 50
a contact +82200 +85200 1001 9007 50
a contact +81000 +85200 1002 2036 50
a contact +82200 +85200 1003 2018 50
a contact +80400 +85200 1004 2014 50
a contact +82800 +85200 1009 2002 50
a contact +82800 +85200 2002 1009 50
a contact +80400 +85200 2014 1004 50
a contact +82200 +85200 2018 1003 50
a contact +81000 +85200 2036 1002 50
a contact +82200 +85200 9007 1001 50
a contact +83400 +85800 1008 2032 50
a contact +83400 +85800 2032 1008 50
a contact +85200 +86400 1001 2038 50
a contact +85200 +86400 1002 2050 50
a contact +85200 +86400 1003 9008 50
a contact +85200 +86400 1004 2029 50
a contact +84000 +86400 1005 2017 50
a contact +81000 +86400 1006 9005 50
a contact +82200 +86400 1007 2001 50
a contact +85800 +86400 1008 9010 50
a contact +85200 +86400 1009 9007 50
a contact +83400 +86400 1010 9002 50
a contact +82800 +86400 1011 9011 50
a contact +82200 +86400 1012 9001 50
a contact +82200 +86400 2001 1007 50
a contact +84000 +86400 2017 1005 50
a contact +85200 +86400 2029 1004 50
a contact +85200 +86400 2038 1001 50
a contact +85200 +86400 2050 1002 50
a contact +82200 +86400 9001 1012 50
a contact +83400 +86400 9002 1010 50
a contact +81000 +86400 9005 1006 50
a contact +85200 +86400 9007 1009 50
a contact +85200 +86400 9008 1003 50
a contact +85800 +86400 9010 1008 50
a contact +82800 +86400 9011 1011 50

a range +0 +600 1001 2043 0.0544
a range +0 +600 1007 2041 0.0543
a range +0 +600 2041 1007 0.0543
a range +0 +600 2043 1001 0.0544
a range +0 +1200 1002 2031 0.0541
a range +0 +1200 1004 2035 0.0542
a range +0 +1200 1005 9008 1102.4258
a range +600 +1200 1007 2020 0.0548
a range +0 +1200 1008 2025 0.0547
a range +0 +1200 1012 2038 0.0552
a range +600 +1200 2020 1007 0.0548
a range +0 +1200 2025 1008 0.0547
a range +0 +1200 2031 1002 0.0541
a range +0 +1200 2035 1004 0.0542
a range +0 +1200 2038 1012 0.0552
a range +0 +1200 9008 1005 1102.4258
a range +600 +1800 1001 2009 0.0543
a range +1200 +1800 1002 2016 0.0557
a range +1200 +1800 1005 2048 0.0557
a range +0 +1800 1006 9001 1102.3532
a range +1200 +1800 1007 9007 1102.2575
a range +1200 +1800 1008 9002 1102.1503
a range +0 +1800 1009 2024 0.055
a range +0 +1800 1010 9011 1101.9688
a range +0 +1800 1011 9004 1101.8753
a range +1200 +1800 1012 2017 0.0542
a range +600 +1800 2009 1001 0.0543
a range +1200 +1800 2016 1002 0.0557
a range +1200 +1800 2017 1012 0.0542
a range +0 +1800 2024 1009 0.055
a range +1200 +1800 2048 1005 0.0557
a range +0 +1800 9001 1006 1102.3532
a range +1200 +1800 9002 1008 1102.1503
a range +0 +1800 9004 1011 1101.8753
a range +1200 +1800 9007 1007 1102.2575
a range +0 +1800 9011 1010 1101.9688
a range +1800 +2400 1010 2006 0.0549
a range +1800 +2400 2006 1010 0.0549
a range +1800 +3000 1006 2035 0.0549
a range +1800 +3000 2035 1006 0.0549
a range +1800 +3600 1001 9002 1102.7998
a range +1800 +3600 1007 2024 0.0555
a range +1800 +3600 1009 9004 1102.0661
a range +1800 +3600 2024 1007 0.0555
a range +1800 +3600 9002 1001 1102.7998
a range +1800 +3600 9004 1009 1102.0661
a range +1800 +4200 1005 9005 1102.4258
a range +1800 +4200 1012 2029 0.055
a range +1800 +4200 2029 1012 0.055
a range +1800 +4200 9005 1005 1102.4258
a range +1200 +4800 1004 9008 1102.5186
a range +3000 +4800 1006 2040 0.055
a range +2400 +4800 1010 2039 0.0542
a range +2400 +4800 2039 1010 0.0542
a range +3000 +4800 2040 1006 0.055
a range +1200 +4800 9008 1004 1102.5186
a range +4200 +6000 1005 2033 0.0554
a range +4200 +6000 2033 1005 0.0554
a range +1800 +6600 1002 9007 1102.3253
a range +3600 +6600 1007 9011 1102.2416
a range +3600 +6600 1009 9002 1102.0593
a range +1800 +6600 1011 2046 0.0553
a range +1800 +6600 2046 1011 0.0553
a range +3600 +6600 9002 1009 1102.0593
a range +1800 +6600 9007 1002 1102.3253
a range +3600 +6600 9011 1007 1102.2416
a range +0 +7200 1003 9010 1102.3407
a range +4800 +7200 1004 2003 0.0548
a range +4800 +7200 1010 2013 0.0547
a range +6600 +7200 1011 9011 1103.0142
a range +4800 +7200 2003 1004 0.0548
a range +4800 +7200 2013 1010 0.0547
a range +0 +7200 9010 1003 1102.3407
a range +6600 +7200 9011 1011 1103.0142
a range +6000 +7800 1005 2008 0.0548
a range +4800 +7800 1006 9008 1102.3335
a range +6600 +7800 1007 2023 0.0546
a range +4200 +7800 1012 9005 1102.8944
a range +6000 +7800 2008 1005 0.0548
a range +6600 +7800 2023 1007 0.0546
a range +4200 +7800 9005 1012 1102.8944
a range +4800 +7800 9008 1006 1102.3335
a range +6600 +8400 1002 2027 0.0542
a range +7200 +8400 1003 2020 0.0546
a range +1800 +8400 1008 9001 1102.1618
a range +7200 +8400 1011 9010 1102.3204
a range +7200 +8400 2020 1003 0.0546
a range +6600 +8400 2027 1002 0.0542
a range +1800 +8400 9001 1008 1102.1618
a range +7200 +8400 9010 1011 1102.3204
a range +7200 +9000 1010 2014 0.0558
a range +8400 +9000 1011 9001 1102.3204
a range +7200 +9000 2014 1010 0.0558
a range +8400 +9000 9001 1011 1102.3204
a range +7800 +9600 1012 9008 1102.8944
a range +7800 +9600 9008 1012 1102.8944
a range +8400 +10200 1003 2032 0.0555
a range +7800 +10200 1006 2055 0.0549
a range +6600 +10200 1009 2031 0.0553
a range +6600 +10200 2031 1009 0.0553
a range +8400 +10200 2032 1003 0.0555
a range +7800 +10200 2055 1006 0.0549
a range +10200 +10800 1003 2055 0.0549
a range +7800 +10800 1005 9005 1102.4258
a range +8400 +10800 1008 2045 0.0548
a range +9000 +10800 1011 2008 0.0545
a range +9000 +10800 2008 1011 0.0545
a range +8400 +10800 2045 1008 0.0548
a range +10200 +10800 2055 1003 0.0549
a range +7800 +10800 9005 1005 1102.4258
a range +3600 +11400 1001 9004 1102.3154
a range +10800 +11400 1005 2041 0.0544
a range +10200 +11400 1009 2005 0.0553
a range +10200 +11400 2005 1009 0.0553
a range +10800 +11400 2041 1005 0.0544
a range +3600 +11400 9004 1001 1102.3154
a range +10800 +12000 1003 2002 0.0544
a range +10200 +12000 1006 9008 1102.3335
a range +9600 +12000 1012 2036 0.054
a range +10800 +12000 2002 1003 0.0544
a range +9600 +12000 2036 1012 0.054
a range +10200 +12000 9008 1006 1102.3335
a range +12000 +12600 1003 2020 0.0546
a range +11400 +12600 1005 9004 1102.3712
a range +7800 +12600 1007 9007 1102.2575
a range +10800 +12600 1008 2035 0.0547
a range +12000 +12600 2020 1003 0.0546
a range +10800 +12600 2035 1008 0.0547
a range +11400 +12600 9004 1005 1102.3712
a range +7800 +12600 9007 1007 1102.2575
a range +8400 +13200 1002 9011 1102.7056
a range +12000 +13200 1012 9008 1102.8944
a range +12000 +13200 9008 1012 1102.8944
a range +8400 +13200 9011 1002 1102.7056
a range +11400 +13800 1001 2039 0.0541
a range +12600 +13800 1008 2023 0.0557
a range +11400 +13800 1009 9010 1102.3509
a range +12600 +13800 2023 1008 0.0557
a range +11400 +13800 2039 1001 0.0541
a range +11400 +13800 9010 1009 1102.3509
a range +13200 +14400 1002 2005 0.0547
a range +12000 +14400 1006 2048 0.0548
a range +13200 +14400 2005 1002 0.0547
a range +12000 +14400 2048 1006 0.0548
a range +12600 +15000 1003 2021 0.0548
a range +12600 +15000 2021 1003 0.0548
a range +13800 +15600 1001 9004 1102.3154
a range +14400 +15600 1002 9010 1102.3253
a range +12600 +15600 1005 9007 1102.3712
a range +9000 +15600 1010 9001 1102.3341
a range +9000 +15600 9001 1010 1102.3341
a range +13800 +15600 9004 1001 1102.3154
a range +12600 +15600 9007 1005 1102.3712
a range +14400 +15600 9010 1002 1102.3253
a range +12600 +16200 1007 2007 0.0558
a range +13800 +16200 1008 9008 1103.3002
a range +13800 +16200 1009 2024 0.055
a range +10800 +16200 1011 9005 1103.0142
a range +13200 +16200 1012 2002 0.0549
a range +13200 +16200 2002 1012 0.0549
a range +12600 +16200 2007 1007 0.0558
a range +13800 +16200 2024 1009 0.055
a range +10800 +16200 9005 1011 1103.0142
a range +13800 +16200 9008 1008 1103.3002
a range +14400 +16800 1006 2033 0.0551
a range +14400 +16800 2033 1006 0.0551
a range +15600 +17400 1002 2018 0.0547
a range +15600 +17400 1005 2045 0.0543
a range +16200 +17400 1008 2025 0.0547
a range +15600 +17400 2018 1002 0.0547
a range +16200 +17400 2025 1008 0.0547
a range +15600 +17400 2045 1005 0.0543
a range +15600 +18000 1001 2044 0.0555
a range +17400 +18000 1005 2017 0.0543
a range +15600 +18000 1010 2047 0.0552
a range +16200 +18000 1011 2026 0.054
a range +17400 +18000 2017 1005 0.0543
a range +16200 +18000 2026 1011 0.054
a range +15600 +18000 2044 1001 0.0555
a range +15600 +18000 2047 1010 0.0552
a range +17400 +18600 1002 2037 0.0542
a range +15000 +18600 1003 2052 0.0553
a range +16800 +18600 1006 2012 0.0548
a range +16200 +18600 1007 9011 1103.3955
a range +16800 +18600 2012 1006 0.0548
a range +17400 +18600 2037 1002 0.0542
a range +15000 +18600 2052 1003 0.0553
a range +16200 +18600 9011 1007 1103.3955
a range +18000 +19200 1001 2013 0.0555
a range +7200 +19200 1004 9002 1102.5186
a range +18600 +19200 1006 2042 0.0555
a range +16200 +19200 1009 9005 1103.2048
a range +18000 +19200 1010 2029 0.0551
a range +18000 +19200 2013 1001 0.0555
a range +18000 +19200 2029 1010 0.0551
a range +18600 +19200 2042 1006 0.0555
a range +7200 +19200 9002 1004 1102.5186
a range +16200 +19200 9005 1009 1103.2048
a range +18000 +19800 1005 2043 0.0543
a range +17400 +19800 1008 2001 0.0548
a range +16200 +19800 1012 2040 0.0551
a range +17400 +19800 2001 1008 0.0548
a range +16200 +19800 2040 1012 0.0551
a range +18000 +19800 2043 1005 0.0543
a range +19200 +20400 1001 9005 1102.7998
a range +18600 +20400 1002 2026 0.0552
a range +18600 +20400 1003 2003 0.055
a range +19800 +20400 1005 2010 0.0544
a range +18600 +20400 1007 2016 0.0552
a range +19800 +20400 1008 9011 1103.3002
a range +18600 +20400 2003 1003 0.055
a range +19800 +20400 2010 1005 0.0544
a range +18600 +20400 2016 1007 0.0552
a range +18600 +20400 2026 1002 0.0552
a range +19200 +20400 9005 1001 1102.7998
a range +19800 +20400 9011 1008 1103.3002
a range +19200 +21000 1004 2030 0.0548
a range +19200 +21000 1009 2029 0.0547
a range +19200 +21000 2029 1009 0.0547
a range +19200 +21000 2030 1004 0.0548
a range +20400 +21600 1001 2033 0.0545
a range +20400 +21600 1003 9011 1102.6119
a range +19200 +21600 1006 2044 0.0543
a range +20400 +21600 1007 2042 0.0541
a range +19200 +21600 1010 2002 0.0544
a range +18000 +21600 1011 9008 1103.0142
a range +19200 +21600 2002 1010 0.0544
a range +20400 +21600 2033 1001 0.0545
a range +20400 +21600 2042 1007 0.0541
a range +19200 +21600 2044 1006 0.0543
a range +18000 +21600 9008 1011 1103.0142
a range +20400 +21600 9011 1003 1102.6119
a range +21600 +22200 1001 9008 1102.7998
a range +21600 +22200 1007 9011 1103.3955
a range +20400 +22200 1008 2032 0.0552
a range +21000 +22200 1009 2037 0.0542
a range +20400 +22200 2032 1008 0.0552
a range +21000 +22200 2037 1009 0.0542
a range +21600 +22200 9008 1001 1102.7998
a range +21600 +22200 9011 1007 1103.3955
a range +21600 +22800 1003 2002 0.0544
a range +21000 +22800 1004 2052 0.0543
a range +20400 +22800 1005 2009 0.0556
a range +21600 +22800 1006 2017 0.0552
a range +22200 +22800 1007 2047 0.0546
a range +22200 +22800 1008 2042 0.0547
a range +21600 +22800 2002 1003 0.0544
a range +20400 +22800 2009 1005 0.0556
a range +21600 +22800 2017 1006 0.0552
a range +22200 +22800 2042 1008 0.0547
a range +22200 +22800 2047 1007 0.0546
a range +21000 +22800 2052 1004 0.0543
a range +22200 +23400 1001 9011 1102.7998
a range +20400 +23400 1002 9005 1102.7056
a range +21600 +23400 1010 2034 0.055
a range +21600 +23400 1011 2028 0.0545
a range +19800 +23400 1012 9002 1102.8944
a range +21600 +23400 2028 1011 0.0545
a range +21600 +23400 2034 1010 0.055
a range +19800 +23400 9002 1012 1102.8944
a range +20400 +23400 9005 1002 1102.7056
a range +22200 +23400 9011 1001 1102.7998
a range +23400 +24000 1002 2021 0.0552
a range +22800 +24000 1008 2031 0.0545
a range +22200 +24000 1009 2023 0.055
a range +23400 +24000 1011 2020 0.0543
a range +23400 +24000 2020 1011 0.0543
a range +23400 +24000 2021 1002 0.0552
a range +22200 +24000 2023 1009 0.055
a range +22800 +24000 2031 1008 0.0545
a range +24000 +24600 1008 2040 0.0541
a range +24000 +24600 2040 1008 0.0541
a range +22800 +25200 1004 2015 0.0542
a range +22800 +25200 1007 2051 0.0555
a range +22800 +25200 2015 1004 0.0542
a range +22800 +25200 2051 1007 0.0555
a range +25200 +25800 1007 2039 0.0547
a range +23400 +25800 1010 9005 1103.1094
a range +25200 +25800 2039 1007 0.0547
a range +23400 +25800 9005 1010 1103.1094
a range +23400 +26400 1001 2001 0.054
a range +22800 +26400 1005 2041 0.0544
a range +22800 +26400 1006 2045 0.0555
a range +24600 +26400 1008 2024 0.0545
a range +24000 +26400 1009 9002 1103.2048
a range +23400 +26400 1012 9008 1102.8944
a range +23400 +26400 2001 1001 0.054
a range +24600 +26400 2024 1008 0.0545
a range +22800 +26400 2041 1005 0.0544
a range +22800 +26400 2045 1006 0.0555
a range +24000 +26400 9002 1009 1103.2048
a range +23400 +26400 9008 1012 1102.8944
a range +26400 +27000 1001 2035 0.0541
a range +22800 +27000 1003 2050 0.0542
a range +26400 +27000 2035 1001 0.0541
a range +22800 +27000 2050 1003 0.0542
a range +24000 +27600 1002 2025 0.0543
a range +26400 +27600 1006 2054 0.0546
a range +26400 +27600 1008 9008 1103.3002
a range +26400 +27600 1009 2010 0.055
a range +24000 +27600 1011 2022 0.0555
a range +26400 +27600 2010 1009 0.055
a range +24000 +27600 2022 1011 0.0555
a range +24000 +27600 2025 1002 0.0543
a range +26400 +27600 2054 1006 0.0546
a range +26400 +27600 9008 1008 1103.3002
a range +27000 +28200 1001 2015 0.0543
a range +26400 +28200 1012 2001 0.0557
a range +26400 +28200 2001 1012 0.0557
a range +27000 +28200 2015 1001 0.0543
a range +25800 +28800 1007 9005 1103.3955
a range +25800 +28800 1010 2013 0.0547
a range +28200 +28800 1012 2004 0.0552
a range +28200 +28800 2004 1012 0.0552
a range +25800 +28800 2013 1010 0.0547
a range +25800 +28800 9005 1007 1103.3955
a range +27000 +29400 1003 2030 0.0542
a range +25200 +29400 1004 9011 1103.3833
a range +26400 +29400 1005 9002 1103.4001
a range +27600 +29400 1008 2044 0.054
a range +27600 +29400 1009 2018 0.0556
a range +27600 +29400 1011 2012 0.0551
a range +27600 +29400 2012 1011 0.0551
a range +27600 +29400 2018 1009 0.0556
a range +27000 +29400 2030 1003 0.0542
a range +27600 +29400 2044 1008 0.054
a range +26400 +29400 9002 1005 1103.4001
a range +25200 +29400 9011 1004 1103.3833
a range +28200 +30000 1001 2007 0.0556
a range +27600 +30000 1002 2016 0.0557
a range +28800 +30000 1012 2047 0.0546
a range +28200 +30000 2007 1001 0.0556
a range +27600 +30000 2016 1002 0.0557
a range +28800 +30000 2047 1012 0.0546
a range +29400 +30600 1005 2006 0.0541
a range +28800 +30600 1010 2046 0.0543
a range +29400 +30600 2006 1005 0.0541
a range +28800 +30600 2046 1010 0.0543
a range +30000 +31200 1001 2048 0.0552
a range +30000 +31200 1002 2011 0.0546
a range +29400 +31200 1004 9005 1103.3833
a range +28800 +31200 1007 2010 0.0553
a range +29400 +31200 1009 2008 0.0544
a range +30600 +31200 1010 9003 1103.1117
a range +29400 +31200 2008 1009 0.0544
a range +28800 +31200 2010 1007 0.0553
a range +30000 +31200 2011 1002 0.0546
a range +30000 +31200 2048 1001 0.0552
a range +30600 +31200 9003 1010 1103.1117
a range +29400 +31200 9005 1004 1103.3833
a range +31200 +31800 1002 9009 1103.8366
a range +27600 +31800 1006 9008 1103.4136
a range +31200 +31800 1009 2010 0.055
a range +31200 +31800 2010 1009 0.055
a range +27600 +31800 9008 1006 1103.4136
a range +31200 +31800 9009 1002 1103.8366
a range +31200 +32400 1004 2047 0.0547
a range +31800 +32400 1006 2028 0.0556
a range +31200 +32400 1010 2043 0.0545
a range +30000 +32400 1012 2013 0.0548
a range +30000 +32400 2013 1012 0.0548
a range +31800 +32400 2028 1006 0.0556
a range +31200 +32400 2043 1010 0.0545
a range +31200 +32400 2047 1004 0.0547
a range +31800 +33000 1002 2015 0.055
a range +31800 +33000 2015 1002 0.055
a range +30600 +33600 1005 9006 1103.5617
a range +29400 +33600 1011 2049 0.0548
a range +32400 +33600 1012 2027 0.0546
a range +32400 +33600 2027 1012 0.0546
a range +29400 +33600 2049 1011 0.0548
a range +30600 +33600 9006 1005 1103.5617
a range +31200 +34200 1001 9012 1103.9292
a range +31800 +34200 1009 9003 1103.2012
a range +31800 +34200 9003 1009 1103.2012
a range +31200 +34200 9012 1001 1103.9292
a range +32400 +34800 1004 2022 0.0552
a range +33600 +34800 1005 2006 0.0541
a range +32400 +34800 1006 9008 1103.4136
a range +31200 +34800 1007 9005 1103.3955
a range +32400 +34800 1010 2021 0.0559
a range +33600 +34800 2006 1005 0.0541
a range +32400 +34800 2021 1010 0.0559
a range +32400 +34800 2022 1004 0.0552
a range +31200 +34800 9005 1007 1103.3955
a range +32400 +34800 9008 1006 1103.4136
a range +34200 +35400 1001 2020 0.0486
a range +34800 +35400 1007 2006 0.0555
a range +29400 +35400 1008 9002 1103.3002
a range +34200 +35400 1009 2056 0.0556
a range +34800 +35400 2006 1007 0.0555
a range +34200 +35400 2020 1001 0.0486
a range +34200 +35400 2056 1009 0.0556
a range +29400 +35400 9002 1008 1103.3002
a range +34800 +36000 1004 9005 1103.3833
a range +35400 +36000 1008 2015 0.0541
a range +34800 +36000 1010 2034 0.055
a range +33600 +36000 1011 2008 0.054
a range +33600 +36000 2008 1011 0.054
a range +35400 +36000 2015 1008 0.0541
a range +34800 +36000 2034 1010 0.055
a range +34800 +36000 9005 1004 1103.3833
a range +35400 +36600 1001 2051 0.0553
a range +29400 +36600 1003 9011 1103.3678
a range +36000 +36600 1004 2042 0.0542
a range +34800 +36600 1005 9003 1103.5617
a range +34800 +36600 1006 2038 0.0542
a range +35400 +36600 1009 9012 1103.2012
a range +34800 +36600 2038 1006 0.0542
a range +36000 +36600 2042 1004 0.0542
a range +35400 +36600 2051 1001 0.0553
a range +34800 +36600 9003 1005 1103.5617
a range +29400 +36600 9011 1003 1103.3678
a range +35400 +36600 9012 1009 1103.2012
a range +35400 +37200 1007 9002 1103.3955
a range +36000 +37200 1008 2043 0.0553
a range +36000 +37200 1010 2032 0.0547
a range +36000 +37200 2032 1010 0.0547
a range +36000 +37200 2043 1008 0.0553
a range +35400 +37200 9002 1007 1103.3955
a range +36600 +37800 1006 9008 1103.4136
a range +36600 +37800 9008 1006 1103.4136
a range +36600 +38400 1004 2049 0.0542
a range +37200 +38400 1010 2006 0.0483
a range +37200 +38400 2006 1010 0.0483
a range +36600 +38400 2049 1004 0.0542
a range +33000 +39000 1002 9009 1103.8366
a range +36600 +39000 1003 9012 1103.7444
a range +37800 +39000 1006 9002 1103.4136
a range +37200 +39000 1007 2027 0.0486
a range +37200 +39000 1008 9011 1103.3002
a range +37200 +39000 2027 1007 0.0486
a range +37800 +39000 9002 1006 1103.4136
a range +33000 +39000 9009 1002 1103.8366
a range +37200 +39000 9011 1008 1103.3002
a range +36600 +39000 9012 1003 1103.7444
a range +36600 +39600 1001 9003 1103.9292
a range +39000 +39600 1002 2044 0.0542
a range +38400 +39600 1004 2015 0.0542
a range +39000 +39600 1008 9002 1103.3002
a range +38400 +39600 2015 1004 0.0542
a range +39000 +39600 2044 1002 0.0542
a range +39000 +39600 9002 1008 1103.3002
a range +36600 +39600 9003 1001 1103.9292
a range +36600 +40200 1005 2050 0.0558
a range +36600 +40200 1009 2005 0.0543
a range +36600 +40200 2005 1009 0.0543
a range +36600 +40200 2050 1005 0.0558
a range +39000 +40800 1007 9009 1103.3808
a range +40200 +40800 1009 2004 0.0387
a range +40200 +40800 2004 1009 0.0387
a range +39000 +40800 9009 1007 1103.3808
a range +39600 +41400 1001 2037 0.0554
a range +39000 +41400 1003 9011 1103.3678
a range +39600 +41400 1004 2046 0.0548
a range +40200 +41400 1005 2020 0.0554
a range +39600 +41400 1008 2039 0.055
a range +38400 +41400 1010 9008 1103.3925
a range +40200 +41400 2020 1005 0.0554
a range +39600 +41400 2037 1001 0.0554
a range +39600 +41400 2039 1008 0.055
a range +39600 +41400 2046 1004 0.0548
a range +38400 +41400 9008 1010 1103.3925
a range +39000 +41400 9011 1003 1103.3678
a range +41400 +42000 1004 9003 1103.6528
a range +41400 +42000 9003 1004 1103.6528
a range +39600 +42600 1002 9002 1103.3576
a range +40800 +42600 1007 2055 0.0552
a range +40800 +42600 1009 2051 0.0552
a range +36000 +42600 1011 9005 1103.3757
a range +33600 +42600 1012 9006 1104.0224
a range +40800 +42600 2051 1009 0.0552
a range +40800 +42600 2055 1007 0.0552
a range +39600 +42600 9002 1002 1103.3576
a range +36000 +42600 9005 1011 1103.3757
a range +33600 +42600 9006 1012 1104.0224
a range +41400 +43200 1005 2048 0.0542
a range +41400 +43200 1008 2056 0.0548
a range +42600 +43200 1011 2028 0.0547
a range +42600 +43200 2028 1011 0.0547
a range +41400 +43200 2048 1005 0.0542
a range +41400 +43200 2056 1008 0.0548
a range +41400 +43800 1001 2033 0.0545
a range +42600 +43800 1002 2014 0.0544
a range +41400 +43800 1003 9009 1103.7444
a range +42600 +43800 1007 2041 0.0558
a range +43200 +43800 1008 2015 0.0541
a range +42600 +43800 1012 2030 0.0551
a range +42600 +43800 2014 1002 0.0544
a range +43200 +43800 2015 1008 0.0541
a range +42600 +43800 2030 1012 0.0551
a range +41400 +43800 2033 1001 0.0545
a range +42600 +43800 2041 1007 0.0558
a range +41400 +43800 9009 1003 1103.7444
a range +39000 +44400 1006 9012 1103.471
a range +41400 +44400 1010 2009 0.0551
a range +41400 +44400 2009 1010 0.0551
a range +39000 +44400 9012 1006 1103.471
a range +43800 +45000 1002 9009 1103.8366
a range +43800 +45000 1003 2011 0.0387
a range +42600 +45000 1009 9003 1104.3298
a range +43800 +45000 2011 1003 0.0387
a range +42600 +45000 9003 1009 1104.3298
a range +43800 +45000 9009 1002 1103.8366
a range +42000 +45600 1004 2020 0.0542
a range +42000 +45600 2020 1004 0.0542
a range +43800 +46200 1001 2006 0.0543
a range +45000 +46200 1003 9009 1103.7444
a range +43200 +46200 1005 9006 1103.5617
a range +44400 +46200 1006 2054 0.0546
a range +43800 +46200 1008 2008 0.0553
a range +43800 +46200 1012 2056 0.0559
a range +43800 +46200 2006 1001 0.0543
a range +43800 +46200 2008 1008 0.0553
a range +44400 +46200 2054 1006 0.0546
a range +43800 +46200 2056 1012 0.0559
a range +43200 +46200 9006 1005 1103.5617
a range +45000 +46200 9009 1003 1103.7444
a range +45600 +46800 1004 9003 1103.6528
a range +44400 +46800 1010 2052 0.0545
a range +43200 +46800 1011 2019 0.0559
a range +43200 +46800 2019 1011 0.0559
a range +44400 +46800 2052 1010 0.0545
a range +45600 +46800 9003 1004 1103.6528
a range +45000 +47400 1002 2033 0.0541
a range +46200 +47400 1003 2005 0.054
a range +43800 +47400 1007 2028 0.055
a range +45000 +47400 1009 2011 0.0543
a range +46200 +47400 2005 1003 0.054
a range +45000 +47400 2011 1009 0.0543
a range +43800 +47400 2028 1007 0.055
a range +45000 +47400 2033 1002 0.0541
a range +47400 +48000 1003 2053 0.0544
a range +46200 +48000 1005 2025 0.0548
a range +46200 +48000 1006 2034 0.0488
a range +46200 +48000 2025 1005 0.0548
a range +46200 +48000 2034 1006 0.0488
a range +47400 +48000 2053 1003 0.0544
a range +46800 +48600 1004 2003 0.0548
a range +46200 +48600 1008 2054 0.0555
a range +46800 +48600 1011 9003 1104.1161
a range +46800 +48600 2003 1004 0.0548
a range +46200 +48600 2054 1008 0.0555
a range +46800 +48600 9003 1011 1104.1161
a range +47400 +49200 1002 2051 0.0544
a range +48000 +49200 1005 2027 0.0543
a range +47400 +49200 1007 2048 0.049
a range +47400 +49200 1009 2049 0.0543
a range +48000 +49200 2027 1005 0.0543
a range +47400 +49200 2048 1007 0.049
a range +47400 +49200 2049 1009 0.0543
a range +47400 +49200 2051 1002 0.0544
a range +48000 +49800 1003 2031 0.0356
a range +48600 +49800 1004 2039 0.0547
a range +48600 +49800 1011 2011 0.0542
a range +46200 +49800 1012 2055 0.0553
a range +48600 +49800 2011 1011 0.0542
a range +48000 +49800 2031 1003 0.0356
a range +48600 +49800 2039 1004 0.0547
a range +46200 +49800 2055 1012 0.0553
a range +46200 +50400 1001 9006 1103.9292
a range +48000 +50400 1006 9009 1104.6153
a range +49200 +50400 1007 2017 0.055
a range +49200 +50400 1009 2025 0.0545
a range +49200 +50400 2017 1007 0.055
a range +49200 +50400 2025 1009 0.0545
a range +46200 +50400 9006 1001 1103.9292
a range +48000 +50400 9009 1006 1104.6153
a range +50400 +51000 1007 2026 0.0421
a range +49800 +51000 1012 2032 0.054
a range +50400 +51000 2026 1007 0.0421
a range +49800 +51000 2032 1012 0.054
a range +49800 +51600 1003 2018 0.0545
a range +49800 +51600 1004 2044 0.0548
a range +49200 +51600 1005 2010 0.0541
a range +48600 +51600 1008 2007 0.0544
a range +48600 +51600 2007 1008 0.0544
a range +49200 +51600 2010 1005 0.0541
a range +49800 +51600 2018 1003 0.0545
a range +49800 +51600 2044 1004 0.0548
a range +49200 +52200 1002 9003 1103.8366
a range +51600 +52200 1005 9006 1104.7107
a range +50400 +52200 1006 2036 0.0544
a range +51000 +52200 1012 2054 0.0548
a range +50400 +52200 2036 1006 0.0544
a range +51000 +52200 2054 1012 0.0548
a range +49200 +52200 9003 1002 1103.8366
a range +51600 +52200 9006 1005 1104.7107
a range +50400 +52800 1001 2047 0.055
a range +51600 +52800 1004 2015 0.0542
a range +51600 +52800 1008 2004 0.0546
a range +51600 +52800 2004 1008 0.0546
a range +51600 +52800 2015 1004 0.0542
a range +50400 +52800 2047 1001 0.055
a range +52200 +53400 1002 2045 0.0551
a range +51600 +53400 1003 2037 0.0548
a range +52200 +53400 1005 2031 0.0208
a range +51000 +53400 1007 2023 0.0205
a range +51000 +53400 2023 1007 0.0205
a range +52200 +53400 2031 1005 0.0208
a range +51600 +53400 2037 1003 0.0548
a range +52200 +53400 2045 1002 0.0551
a range +52800 +54000 1004 2028 0.0559
a range +49800 +54000 1011 2053 0.0551
a range +52800 +54000 2028 1004 0.0559
a range +49800 +54000 2053 1011 0.0551
a range +54000 +54600 1004 2048 0.0541
a range +53400 +54600 1005 9007 1104.6917
a range +54000 +54600 2048 1004 0.0541
a range +53400 +54600 9007 1005 1104.6917
a range +50400 +55200 1009 9009 1104.3298
a range +50400 +55200 9009 1009 1104.3298
a range +52800 +55800 1001 2026 0.0547
a range +53400 +55800 1002 2023 0.0554
a range +53400 +55800 1003 2035 0.0558
a range +54600 +55800 1004 2009 0.0203
a range +53400 +55800 1007 2054 0.055
a range +52800 +55800 1008 9006 1104.4248
a range +46800 +55800 1010 9012 1104.2351
a range +52200 +55800 1012 9003 1104.0224
a range +54600 +55800 2009 1004 0.0203
a range +53400 +55800 2023 1002 0.0554
a range +52800 +55800 2026 1001 0.0547
a range +53400 +55800 2035 1003 0.0558
a range +53400 +55800 2054 1007 0.055
a range +52200 +55800 9003 1012 1104.0224
a range +52800 +55800 9006 1008 1104.4248
a range +46800 +55800 9012 1010 1104.2351
a range +55800 +56400 1001 9012 1103.9292
a range +55800 +56400 1002 2055 0.0501
a range +55800 +56400 1004 2048 0.0541
a range +54600 +56400 1005 2019 0.0541
a range +52200 +56400 1006 9004 1104.5997
a range +55800 +56400 1008 9007 1104.4173
a range +55200 +56400 1009 2017 0.054
a range +55800 +56400 1012 2039 0.0322
a range +55200 +56400 2017 1009 0.054
a range +54600 +56400 2019 1005 0.0541
a range +55800 +56400 2039 1012 0.0322
a range +55800 +56400 2048 1004 0.0541
a range +55800 +56400 2055 1002 0.0501
a range +52200 +56400 9004 1006 1104.5997
a range +55800 +56400 9007 1008 1104.4173
a range +55800 +56400 9012 1001 1103.9292
a range +56400 +57000 1002 2021 0.0552
a range +56400 +57000 1012 9007 1104.0337
a range +56400 +57000 2021 1002 0.0552
a range +56400 +57000 9007 1012 1104.0337
a range +56400 +58200 1001 2010 0.054
a range +56400 +58200 1005 9004 1104.6917
a range +56400 +58200 1006 2013 0.0483
a range +55800 +58200 1007 9003 1104.52
a range +56400 +58200 1009 2019 0.0544
a range +55800 +58200 1010 2031 0.0551
a range +54000 +58200 1011 9001 1104.1232
a range +56400 +58200 2010 1001 0.054
a range +56400 +58200 2013 1006 0.0483
a range +56400 +58200 2019 1009 0.0544
a range +55800 +58200 2031 1010 0.0551
a range +54000 +58200 9001 1011 1104.1232
a range +55800 +58200 9003 1007 1104.52
a range +56400 +58200 9004 1005 1104.6917
a range +57000 +58800 1002 2003 0.0542
a range +58200 +58800 1011 9006 1104.1161
a range +57000 +58800 2003 1002 0.0542
a range +58200 +58800 9006 1011 1104.1161
a range +58200 +59400 1001 2001 0.0551
a range +57000 +59400 1012 2042 0.0542
a range +58200 +59400 2001 1001 0.0551
a range +57000 +59400 2042 1012 0.0542
a range +58200 +60000 1007 2011 0.0348
a range +59400 +60000 1012 2035 0.0546
a range +58200 +60000 2011 1007 0.0348
a range +59400 +60000 2035 1012 0.0546
a range +55800 +60600 1003 9009 1104.7971
a range +56400 +60600 1004 9010 1104.7843
a range +58200 +60600 1005 2030 0.0101
a range +56400 +60600 1008 9012 1104.4248
a range +58200 +60600 2030 1005 0.0101
a range +55800 +60600 9009 1003 1104.7971
a range +56400 +60600 9010 1004 1104.7843
a range +56400 +60600 9012 1008 1104.4248
a range +59400 +61200 1001 2005 0.0404
a range +60600 +61200 1003 9010 1104.8773
a range +58200 +61200 1006 9007 1104.5997
a range +58800 +61200 1011 9003 1104.1161
a range +59400 +61200 2005 1001 0.0404
a range +58800 +61200 9003 1011 1104.1161
a range +58200 +61200 9007 1006 1104.5997
a range +60600 +61200 9010 1003 1104.8773
a range +58800 +61800 1002 2021 0.0552
a range +58800 +61800 2021 1002 0.0552
a range +60600 +63000 1004 9012 1104.806
a range +60600 +63000 1005 2043 0.0437
a range +58200 +63000 1010 9001 1104.2366
a range +60000 +63000 1012 2041 0.0488
a range +60000 +63000 2041 1012 0.0488
a range +60600 +63000 2043 1005 0.0437
a range +58200 +63000 9001 1010 1104.2366
a range +60600 +63000 9012 1004 1104.806
a range +61200 +63600 1006 2001 0.054
a range +61200 +63600 1011 2004 0.0312
a range +63000 +63600 1012 2039 0.0322
a range +61200 +63600 2001 1006 0.054
a range +61200 +63600 2004 1011 0.0312
a range +63000 +63600 2039 1012 0.0322
a range +61800 +66000 1002 2019 0.0415
a range +61200 +66000 1003 9007 1104.8773
a range +63000 +66000 1004 2018 0.035
a range +60600 +66000 1008 9009 1104.4248
a range +58200 +66000 1009 9004 1104.3267
a range +63000 +66000 1010 2027 0.0458
a range +63600 +66000 1011 2029 0.0542
a range +63600 +66000 1012 2042 0.0542
a range +63000 +66000 2018 1004 0.035
a range +61800 +66000 2019 1002 0.0415
a range +63000 +66000 2027 1010 0.0458
a range +63600 +66000 2029 1011 0.0542
a range +63600 +66000 2042 1012 0.0542
a range +58200 +66000 9004 1009 1104.3267
a range +61200 +66000 9007 1003 1104.8773
a range +60600 +66000 9009 1008 1104.4248
a range +66000 +66600 1004 2004 0.0546
a range +66000 +66600 2004 1004 0.0546
a range +61200 +67200 1001 9003 1104.7653
a range +66000 +67200 1003 2009 0.0331
a range +66600 +67200 1004 9004 1104.7843
a range +63600 +67200 1006 9012 1104.6153
a range +66000 +67200 1008 2054 0.0557
a range +66000 +67200 1009 2038 0.0356
a range +66000 +67200 1011 2051 0.0441
a range +66000 +67200 1012 2040 0.0413
a range +66000 +67200 2009 1003 0.0331
a range +66000 +67200 2038 1009 0.0356
a range +66000 +67200 2040 1012 0.0413
a range +66000 +67200 2051 1011 0.0441
a range +66000 +67200 2054 1008 0.0557
a range +61200 +67200 9003 1001 1104.7653
a range +66600 +67200 9004 1004 1104.7843
a range +63600 +67200 9012 1006 1104.6153
a range +67200 +67800 1001 9009 1104.7653
a range +66000 +67800 1010 2042 0.0552
a range +66000 +67800 2042 1010 0.0552
a range +67200 +67800 9009 1001 1104.7653
a range +67200 +68400 1004 2029 0.02
a range +67200 +68400 1006 2028 0.0556
a range +67200 +68400 1009 2053 0.0542
a range +67800 +68400 1010 2016 0.0545
a range +67800 +68400 2016 1010 0.0545
a range +67200 +68400 2028 1006 0.0556
a range +67200 +68400 2029 1004 0.02
a range +67200 +68400 2053 1009 0.0542
a range +67800 +69000 1001 2004 0.0348
a range +67200 +69000 1008 2056 0.054
a range +67800 +69000 2004 1001 0.0348
a range +67200 +69000 2056 1008 0.054
a range +66000 +69600 1002 9001 1104.9709
a range +67200 +69600 1003 9007 1104.8773
a range +68400 +69600 1006 2035 0.0542
a range +68400 +69600 1010 2032 0.0547
a range +68400 +69600 2032 1010 0.0547
a range +68400 +69600 2035 1006 0.0542
a range +66000 +69600 9001 1002 1104.9709
a range +67200 +69600 9007 1003 1104.8773
a range +63000 +70200 1005 9010 1104.6917
a range +60000 +70200 1007 9006 1104.52
a range +69000 +70200 1008 2030 0.0541
a range +68400 +70200 1009 2006 0.0548
a range +67200 +70200 1012 9004 1105.0821
a range +68400 +70200 2006 1009 0.0548
a range +69000 +70200 2030 1008 0.0541
a range +67200 +70200 9004 1012 1105.0821
a range +60000 +70200 9006 1007 1104.52
a range +63000 +70200 9010 1005 1104.6917
a range +69000 +70800 1001 2018 0.0343
a range +70200 +70800 1012 2015 0.0326
a range +70200 +70800 2015 1012 0.0326
a range +69000 +70800 2018 1001 0.0343
a range +70200 +71400 1005 2001 0.054
a range +70200 +71400 2001 1005 0.054
a range +69600 +72000 1006 2016 0.054
a range +70200 +72000 1009 9007 1105.0361
a range +69600 +72000 2016 1006 0.054
a range +70200 +72000 9007 1009 1105.0361
a range +69600 +72600 1003 2022 0.0542
a range +70200 +72600 1007 2036 0.052
a range +70800 +72600 1012 2043 0.0556
a range +69600 +72600 2022 1003 0.0542
a range +70200 +72600 2036 1007 0.052
a range +70800 +72600 2043 1012 0.0556
a range +72000 +73200 1006 9010 1104.5997
a range +72600 +73200 1007 2048 0.049
a range +70200 +73200 1008 2003 0.0441
a range +70200 +73200 2003 1008 0.0441
a range +72600 +73200 2048 1007 0.049
a range +72000 +73200 9010 1006 1104.5997
a range +72600 +73800 1003 2016 0.0145
a range +72000 +73800 1009 2001 0.0327
a range +72000 +73800 2001 1009 0.0327
a range +72600 +73800 2016 1003 0.0145
a range +70800 +75000 1001 9004 1105.0649
a range +70800 +75000 9004 1001 1105.0649
a range +73800 +75600 1003 2017 0.0221
a range +71400 +75600 1005 9006 1104.7107
a range +73200 +75600 1006 2014 0.0538
a range +73200 +75600 1007 2034 0.046
a range +69600 +75600 1010 9001 1105.0512
a range +67200 +75600 1011 9012 1104.7431
a range +73200 +75600 2014 1006 0.0538
a range +73800 +75600 2017 1003 0.0221
a range +73200 +75600 2034 1007 0.046
a range +69600 +75600 9001 1010 1105.0512
a range +71400 +75600 9006 1005 1104.7107
a range +67200 +75600 9012 1011 1104.7431
a range +75000 +76200 1001 2049 0.025
a range +75600 +76200 1006 2007 0.024
a range +73800 +76200 1009 2012 0.0409
a range +75600 +76200 2007 1006 0.024
a range +73800 +76200 2012 1009 0.0409
a range +75000 +76200 2049 1001 0.025
a range +69600 +76800 1002 9009 1104.7822
a range +73200 +76800 1008 9010 1105.0267
a range +75600 +76800 1010 2051 0.0548
a range +75600 +76800 1011 2045 0.0391
a range +72600 +76800 1012 9007 1105.0821
a range +75600 +76800 2045 1011 0.0391
a range +75600 +76800 2051 1010 0.0548
a range +72600 +76800 9007 1012 1105.0821
a range +69600 +76800 9009 1002 1104.7822
a range +73200 +76800 9010 1008 1105.0267
a range +76200 +77400 1001 2047 0.0407
a range +68400 +77400 1004 9003 1104.806
a range +76200 +77400 2047 1001 0.0407
a range +68400 +77400 9003 1004 1104.806
a range +75600 +78000 1003 9006 1104.7971
a range +75600 +78000 1005 2034 0.0498
a range +76200 +78000 1006 2038 0.0548
a range +75600 +78000 2034 1005 0.0498
a range +76200 +78000 2038 1006 0.0548
a range +75600 +78000 9006 1003 1104.7971
a range +77400 +79200 1001 2030 0.0547
a range +76800 +79200 1002 9010 1104.9709
a range +76800 +79200 1012 2046 0.0441
a range +77400 +79200 2030 1001 0.0547
a range +76800 +79200 2046 1012 0.0441
a range +76800 +79200 9010 1002 1104.9709
a range +79200 +79800 1001 9010 1105.0649
a range +78000 +79800 1005 2038 0.0543
a range +76800 +79800 1010 2053 0.0548
a range +78000 +79800 2038 1005 0.0543
a range +76800 +79800 2053 1010 0.0548
a range +79200 +79800 9010 1001 1105.0649
a range +78000 +80400 1003 2004 0.0444
a range +77400 +80400 1004 2052 0.0303
a range +76800 +80400 1008 9007 1105.0267
a range +76800 +80400 1011 2037 0.0101
a range +78000 +80400 2004 1003 0.0444
a range +76800 +80400 2037 1011 0.0101
a range +77400 +80400 2052 1004 0.0303
a range +76800 +80400 9007 1008 1105.0267
a range +79800 +81000 1001 2024 0.0527
a range +79200 +81000 1002 2026 0.0418
a range +80400 +81000 1003 9007 1104.8773
a range +78000 +81000 1006 2012 0.0407
a range +80400 +81000 1011 9002 1105.0753
a range +78000 +81000 2012 1006 0.0407
a range +79800 +81000 2024 1001 0.0527
a range +79200 +81000 2026 1002 0.0418
a range +80400 +81000 9002 1011 1105.0753
a range +80400 +81000 9007 1003 1104.8773
a range +75600 +81600 1007 9001 1105.0256
a range +75600 +81600 9001 1007 1105.0256
a range +81000 +82200 1001 9002 1105.0733
a range +81000 +82200 1003 2011 0.0387
a range +81600 +82200 1007 9007 1105.0256
a range +79200 +82200 1012 9011 1105.0893
a range +81000 +82200 2011 1003 0.0387
a range +81000 +82200 9002 1001 1105.0733
a range +81600 +82200 9007 1007 1105.0256
a range +79200 +82200 9011 1012 1105.0893
a range +76200 +82800 1009 9004 1105.0361
a range +81000 +82800 1011 2040 0.0419
a range +81000 +82800 2040 1011 0.0419
a range +76200 +82800 9004 1009 1105.0361
a range +80400 +83400 1008 2056 0.0198
a range +79800 +83400 1010 9008 1105.0584
a range +80400 +83400 2056 1008 0.0198
a range +79800 +83400 9008 1010 1105.0584
a range +79800 +84000 1005 9010 1105.0472
a range +79800 +84000 9010 1005 1105.0472
a range +82200 +85200 1001 9007 1105.0649
a range +81000 +85200 1002 2036 0.0396
a range +82200 +85200 1003 2018 0.0318
a range +80400 +85200 1004 2014 0.053
a range +82800 +85200 1009 2002 0.0331
a range +82800 +85200 2002 1009 0.0331
a range +80400 +85200 2014 1004 0.053
a range +82200 +85200 2018 1003 0.0318
a range +81000 +85200 2036 1002 0.0396
a range +82200 +85200 9007 1001 1105.0649
a range +83400 +85800 1008 2032 0.0397
a range +83400 +85800 2032 1008 0.0397
a range +85200 +86400 1001 2038 0.0301
a range +85200 +86400 1002 2050 0.0094
a range +85200 +86400 1003 9008 1105.0864
a range +85200 +86400 1004 2029 0.02
a range +84000 +86400 1005 2017 0.0391
a range +81000 +86400 1006 9005 1105.0403
a range +82200 +86400 1007 2001 0.0519
a range +85800 +86400 1008 9010 1105.0267
a range +85200 +86400 1009 9007 1105.0361
a range +83400 +86400 1010 9002 1105.0584
a range +82800 +86400 1011 9011 1105.0753
a range +82200 +86400 1012 9001 1105.0821
a range +82200 +86400 2001 1007 0.0519
a range +84000 +86400 2017 1005 0.0391
a range +85200 +86400 2029 1004 0.02
a range +85200 +86400 2038 1001 0.0301
a range +85200 +86400 2050 1002 0.0094
a range +82200 +86400 9001 1012 1105.0821
a range +83400 +86400 9002 1010 1105.0584
a range +81000 +86400 9005 1006 1105.0403
a range +85200 +86400 9007 1009 1105.0361
a range +85200 +86400 9008 1003 1105.0864
a range +85800 +86400 9010 1008 1105.0267
a range +82800 +86400 9011 1011 1105.0753
