a contact +1000 +1200 2002 2005 1000
a contact +1000 +1200 2005 2002 1000
a contact +8400 +8900 1001 2003 1000
a contact +8400 +8900 2003 1001 1000
a contact +14300 +14800 1001 2007 1000
a contact +14300 +14800 2004 9002 1000
a contact +14300 +14800 2007 1001 1000
a contact +14300 +14800 9002 2004 1000
a contact +17700 +17800 1001 2010 1000
a contact +17700 +17800 2010 1001 1000
a contact +17800 +18300 2002 2005 1000
a contact +17800 +18300 2005 2002 1000
a contact +18800 +19000 2002 2005 1000
a contact +18800 +19000 2005 2002 1000
a contact +19500 +19600 2002 2005 1000
a contact +19500 +19600 2005 2002 1000
a contact +26800 +27300 1001 9002 1000
a contact +26800 +27300 9002 1001 1000
a contact +28900 +29400 1001 2004 1000
a contact +28900 +29400 2004 1001 1000
a contact +33400 +33900 2005 2008 1000
a contact +33400 +33900 2008 2005 1000
a contact +36700 +37200 2002 2005 1000
a contact +36700 +37200 2005 2002 1000
a contact +37700 +37800 2002 2005 1000
a contact +37700 +37800 2005 2002 1000
a contact +38100 +38400 2002 2005 1000
a contact +38100 +38400 2005 2002 1000
a contact +51300 +51800 2001 2006 1000
a contact +51300 +51800 2006 2001 1000
a contact +51300 +51800 2013 9001 1000
a contact +51300 +51800 9001 2013 1000
a contact +52000 +52500 2005 2008 1000
a contact +52000 +52500 2008 2005 1000
a contact +52000 +52500 2009 9001 1000
a contact +52000 +52500 9001 2009 1000
a contact +55500 +56000 2002 2005 1000
a contact +55500 +56000 2005 2002 1000
a contact +56100 +56400 2002 2005 1000
a contact +56100 +56400 2005 2002 1000
a contact +56500 +56700 2002 2005 1000
a contact +56500 +56700 2005 2002 1000
a contact +57200 +57700 2002 2005 1000
a contact +57200 +57700 2005 2002 1000
a contact +59800 +60200 1001 2015 1000
a contact +59800 +60200 2015 1001 1000
a contact +71100 +71600 2004 9002 1000
a contact +71100 +71600 9002 2004 1000
a contact +75800 +76300 2002 2005 1000
a contact +75800 +76300 2005 2002 1000

a range +1000 +1200 2002 2005 0.0154
a range +1000 +1200 2005 2002 0.0154
a range +8400 +8900 1001 2003 1102.5843
a range +8400 +8900 2003 1001 1102.5843
a range +14300 +14800 1001 2007 1102.5842
a range +14300 +14800 2004 9002 1102.4836
a range +14300 +14800 2007 1001 1102.5842
a range +14300 +14800 9002 2004 1102.4836
a range +17700 +17800 1001 2010 1102.5914
a range +17700 +17800 2010 1001 1102.5914
a range +17800 +18300 2002 2005 0.0154
a range +17800 +18300 2005 2002 0.0154
a range +18800 +19000 2002 2005 0.0154
a range +18800 +19000 2005 2002 0.0154
a range +19500 +19600 2002 2005 0.0154
a range +19500 +19600 2005 2002 0.0154
a range +26800 +27300 1001 9002 0.0465
a range +26800 +27300 9002 1001 0.0465
a range +28900 +29400 1001 2004 1103.2354
a range +28900 +29400 2004 1001 1103.2354
a range +33400 +33900 2005 2008 0.0343
a range +33400 +33900 2008 2005 0.0343
a range +36700 +37200 2002 2005 0.0154
a range +36700 +37200 2005 2002 0.0154
a range +37700 +37800 2002 2005 0.0154
a range +37700 +37800 2005 2002 0.0154
a range +38100 +38400 2002 2005 0.0154
a range +38100 +38400 2005 2002 0.0154
a range +51300 +51800 2001 2006 0.0431
a range +51300 +51800 2006 2001 0.0431
a range +51300 +51800 2013 9001 1104.2452
a range +51300 +51800 9001 2013 1104.2452
a range +52000 +52500 2005 2008 0.0343
a range +52000 +52500 2008 2005 0.0343
a range +52000 +52500 2009 9001 1105.0856
a range +52000 +52500 9001 2009 1105.0856
a range +55500 +56000 2002 2005 0.0154
a range +55500 +56000 2005 2002 0.0154
a range +56100 +56400 2002 2005 0.0154
a range +56100 +56400 2005 2002 0.0154
a range +56500 +56700 2002 2005 0.0154
a range +56500 +56700 2005 2002 0.0154
a range +57200 +57700 2002 2005 0.0154
a range +57200 +57700 2005 2002 0.0154
a range +59800 +60200 1001 2015 1104.5641
a range +59800 +60200 2015 1001 1104.5641
a range +71100 +71600 2004 9002 1105.0691
a range +71100 +71600 9002 2004 1105.0691
a range +75800 +76300 2002 2005 0.0154
a range +75800 +76300 2005 2002 0.0154
