a contact +600 +1200 2014 2015 1000
a contact +600 +1200 2015 2014 1000
a contact +1800 +2400 2013 2014 1000
a contact +1800 +2400 2014 2013 1000
a contact +3000 +3600 1002 2004 1000
a contact +3000 +3600 2001 2007 1000
a contact +3000 +3600 2004 1002 1000
a contact +3000 +3600 2007 2001 1000
a contact +3000 +3600 2010 2017 1000
a contact +3000 +3600 2011 2016 1000
a contact +3000 +3600 2016 2011 1000
a contact +3000 +3600 2017 2010 1000
a contact +3600 +4200 1001 2005 1000
a contact +3600 +4200 2005 1001 1000
a contact +3600 +4200 2011 2015 1000
a contact +3600 +4200 2015 2011 1000
a contact +4200 +4800 2015 2020 1000
a contact +4200 +4800 2020 2015 1000
a contact +4800 +5400 2014 2018 1000
a contact +4800 +5400 2018 2014 1000
a contact +5400 +6000 2005 2011 1000
a contact +5400 +6000 2011 2005 1000
a contact +6600 +7200 2004 2016 1000
a contact +6600 +7200 2016 2004 1000
a contact +7800 +8400 2006 2015 1000
a contact +7800 +8400 2015 2006 1000
a contact +8400 +9000 2004 2015 1000
a contact +8400 +9000 2015 2004 1000
a contact +9000 +9600 2011 9002 1000
a contact +9000 +9600 9002 2011 1000
a contact +9600 +10200 1002 2013 1000
a contact +9600 +10200 2008 9001 1000
a contact +9600 +10200 2013 1002 1000
a contact +9600 +10200 9001 2008 1000
a contact +12000 +12600 2005 2017 1000
a contact +12000 +12600 2009 2014 1000
a contact +12000 +12600 2014 2009 1000
a contact +12000 +12600 2017 2005 1000
a contact +14400 +15000 2010 2011 1000
a contact +14400 +15000 2011 2010 1000
a contact +15000 +15600 2011 9001 1000
a contact +15000 +15600 9001 2011 1000
a contact +16200 +16800 1001 2005 1000
a contact +16200 +16800 2005 1001 1000
a contact +16800 +17400 2003 2012 1000
a contact +16800 +17400 2012 2003 1000
a contact +20400 +21000 1002 9001 1000
a contact +20400 +21000 9001 1002 1000

a range +600 +1200 2014 2015 0.0285
a range +600 +1200 2015 2014 0.0285
a range +1800 +2400 2013 2014 0.0285
a range +1800 +2400 2014 2013 0.0285
a range +3000 +3600 1002 2004 1102.2648
a range +3000 +3600 2001 2007 0.0272
a range +3000 +3600 2004 1002 1102.2648
a range +3000 +3600 2007 2001 0.0272
a range +3000 +3600 2010 2017 0.0448
a range +3000 +3600 2011 2016 0.0155
a range +3000 +3600 2016 2011 0.0155
a range +3000 +3600 2017 2010 0.0448
a range +3600 +4200 1001 2005 1102.6232
a range +3600 +4200 2005 1001 1102.6232
a range +3600 +4200 2011 2015 0.0285
a range +3600 +4200 2015 2011 0.0285
a range +4200 +4800 2015 2020 0.0146
a range +4200 +4800 2020 2015 0.0146
a range +4800 +5400 2014 2018 0.0306
a range +4800 +5400 2018 2014 0.0306
a range +5400 +6000 2005 2011 0.0398
a range +5400 +6000 2011 2005 0.0398
a range +6600 +7200 2004 2016 0.046
a range +6600 +7200 2016 2004 0.046
a range +7800 +8400 2006 2015 0.0323
a range +7800 +8400 2015 2006 0.0323
a range +8400 +9000 2004 2015 0.0222
a range +8400 +9000 2015 2004 0.0222
a range +9000 +9600 2011 9002 1102.5093
a range +9000 +9600 9002 2011 1102.5093
a range +9600 +10200 1002 2013 1102.2821
a range +9600 +10200 2008 9001 1102.2
a range +9600 +10200 2013 1002 1102.2821
a range +9600 +10200 9001 2008 1102.2
a range +12000 +12600 2005 2017 0.0447
a range +12000 +12600 2009 2014 0.0065
a range +12000 +12600 2014 2009 0.0065
a range +12000 +12600 2017 2005 0.0447
a range +14400 +15000 2010 2011 0.0323
a range +14400 +15000 2011 2010 0.0323
a range +15000 +15600 2011 9001 1102.3491
a range +15000 +15600 9001 2011 1102.3491
a range +16200 +16800 1001 2005 1102.6232
a range +16200 +16800 2005 1001 1102.6232
a range +16800 +17400 2003 2012 0.0336
a range +16800 +17400 2012 2003 0.0336
a range +20400 +21000 1002 9001 0.0614
a range +20400 +21000 9001 1002 0.0614
