a contact +0 +5600 2003 3001 1000
a contact +0 +5600 3001 2003 1000
a contact +3200 +8300 2001 2003 1000
a contact +3200 +8300 2002 2004 1000
a contact +3200 +8300 2003 2001 1000
a contact +3200 +8300 2004 2002 1000
a contact +2900 +10000 2004 3001 1000
a contact +2900 +10000 3001 2004 1000
a contact +7200 +15700 2003 3001 1000
a contact +7200 +15700 3001 2003 1000
a contact +12600 +17700 2001 2003 1000
a contact +12600 +17700 2002 2004 1000
a contact +12600 +17700 2003 2001 1000
a contact +12600 +17700 2004 2002 1000
a contact +13100 +20500 2004 3001 1000
a contact +13100 +20500 3001 2004 1000
a contact +17800 +25800 2003 3001 1000
a contact +17800 +25800 3001 2003 1000
a contact +22000 +27200 2001 2003 1000
a contact +22000 +27200 2002 2004 1000
a contact +22000 +27200 2003 2001 1000
a contact +22000 +27200 2004 2002 1000
a contact +23200 +31100 2004 3001 1000
a contact +23200 +31100 3001 2004 1000
a contact +28400 +35900 2003 3001 1000
a contact +28400 +35900 3001 2003 1000
a contact +0 +36400 2002 3001 1000
a contact +0 +36400 3001 2002 1000
a contact +31500 +36600 2001 2003 1000
a contact +31500 +36600 2002 2004 1000
a contact +31500 +36600 2003 2001 1000
a contact +31500 +36600 2004 2002 1000
a contact +33300 +41700 2004 3001 1000
a contact +33300 +41700 3001 2004 1000
a contact +40200 +43600 2002 3001 1000
a contact +40200 +43600 3001 2002 1000
a contact +40900 +46000 2001 2003 1000
a contact +40900 +46000 2002 2004 1000
a contact +40900 +46000 2003 2001 1000
a contact +40900 +46000 2004 2002 1000
a contact +38900 +46100 2003 3001 1000
a contact +38900 +46100 3001 2003 1000
a contact +43400 +52100 2004 3001 1000
a contact +43400 +52100 3001 2004 1000
a contact +50300 +55400 2001 2003 1000
a contact +50300 +55400 2002 2004 1000
a contact +50300 +55400 2003 2001 1000
a contact +50300 +55400 2004 2002 1000
a contact +49400 +56500 2003 3001 1000
a contact +49400 +56500 3001 2003 1000
a contact +53700 +62400 2004 3001 1000
a contact +53700 +62400 3001 2004 1000
a contact +59800 +64900 2001 2003 1000
a contact +59800 +64900 2002 2004 1000
a contact +59800 +64900 2003 2001 1000
a contact +59800 +64900 2004 2002 1000
a contact +62100 +65900 2002 3001 1000
a contact +62100 +65900 3001 2002 1000
a contact +59700 +66900 2003 3001 1000
a contact +59700 +66900 3001 2003 1000
a contact +64100 +72500 2004 3001 1000
a contact +64100 +72500 3001 2004 1000
a contact +69200 +74300 2001 2003 1000
a contact +69200 +74300 2002 2004 1000
a contact +69200 +74300 2003 2001 1000
a contact +69200 +74300 2004 2002 1000
a contact +69900 +77400 2003 3001 1000
a contact +69900 +77400 3001 2003 1000
a contact +74700 +82600 2004 3001 1000
a contact +74700 +82600 3001 2004 1000
a contact +78600 +83700 2001 2003 1000
a contact +78600 +83700 2002 2004 1000
a contact +78600 +83700 2003 2001 1000
a contact +78600 +83700 2004 2002 1000
a contact +0 +86400 1001 3001 1000
a contact +0 +86400 2001 2004 1000
a contact +13500 +86400 2001 3001 1000
a contact +0 +86400 2002 2003 1000
a contact +69200 +86400 2002 3001 1000
a contact +0 +86400 2003 2002 1000
a contact +80000 +86400 2003 3001 1000
a contact +0 +86400 2004 2001 1000
a contact +85300 +86400 2004 3001 1000
a contact +0 +86400 3001 1001 1000
a contact +13500 +86400 3001 2001 1000
a contact +69200 +86400 3001 2002 1000
a contact +80000 +86400 3001 2003 1000
a contact +85300 +86400 3001 2004 1000

a range +0 +5600 2003 3001 0.0469
a range +0 +5600 3001 2003 0.0469
a range +3200 +8300 2001 2003 0.0432
a range +3200 +8300 2002 2004 0.0432
a range +3200 +8300 2003 2001 0.0432
a range +3200 +8300 2004 2002 0.0432
a range +2900 +10000 2004 3001 0.0469
a range +2900 +10000 3001 2004 0.0469
a range +7200 +15700 2003 3001 0.0468
a range +7200 +15700 3001 2003 0.0468
a range +12600 +17700 2001 2003 0.0431
a range +12600 +17700 2002 2004 0.0431
a range +12600 +17700 2003 2001 0.0431
a range +12600 +17700 2004 2002 0.0431
a range +13100 +20500 2004 3001 0.0468
a range +13100 +20500 3001 2004 0.0468
a range +17800 +25800 2003 3001 0.0469
a range +17800 +25800 3001 2003 0.0469
a range +22000 +27200 2001 2003 0.0434
a range +22000 +27200 2002 2004 0.0434
a range +22000 +27200 2003 2001 0.0434
a range +22000 +27200 2004 2002 0.0434
a range +23200 +31100 2004 3001 0.0468
a range +23200 +31100 3001 2004 0.0468
a range +28400 +35900 2003 3001 0.0468
a range +28400 +35900 3001 2003 0.0468
a range +0 +36400 2002 3001 0.0467
a range +0 +36400 3001 2002 0.0467
a range +31500 +36600 2001 2003 0.0433
a range +31500 +36600 2002 2004 0.0433
a range +31500 +36600 2003 2001 0.0433
a range +31500 +36600 2004 2002 0.0433
a range +33300 +41700 2004 3001 0.0469
a range +33300 +41700 3001 2004 0.0469
a range +40200 +43600 2002 3001 0.0468
a range +40200 +43600 3001 2002 0.0468
a range +40900 +46000 2001 2003 0.0431
a range +40900 +46000 2002 2004 0.0431
a range +40900 +46000 2003 2001 0.0431
a range +40900 +46000 2004 2002 0.0431
a range +38900 +46100 2003 3001 0.0467
a range +38900 +46100 3001 2003 0.0467
a range +43400 +52100 2004 3001 0.0467
a range +43400 +52100 3001 2004 0.0467
a range +50300 +55400 2001 2003 0.0430
a range +50300 +55400 2002 2004 0.0430
a range +50300 +55400 2003 2001 0.0430
a range +50300 +55400 2004 2002 0.0430
a range +49400 +56500 2003 3001 0.0472
a range +49400 +56500 3001 2003 0.0472
a range +53700 +62400 2004 3001 0.0469
a range +53700 +62400 3001 2004 0.0469
a range +59800 +64900 2001 2003 0.0433
a range +59800 +64900 2002 2004 0.0433
a range +59800 +64900 2003 2001 0.0433
a range +59800 +64900 2004 2002 0.0433
a range +62100 +65900 2002 3001 0.0467
a range +62100 +65900 3001 2002 0.0467
a range +59700 +66900 2003 3001 0.0470
a range +59700 +66900 3001 2003 0.0470
a range +64100 +72500 2004 3001 0.0469
a range +64100 +72500 3001 2004 0.0469
a range +69200 +74300 2001 2003 0.0432
a range +69200 +74300 2002 2004 0.0432
a range +69200 +74300 2003 2001 0.0432
a range +69200 +74300 2004 2002 0.0432
a range +69900 +77400 2003 3001 0.0467
a range +69900 +77400 3001 2003 0.0467
a range +74700 +82600 2004 3001 0.0470
a range +74700 +82600 3001 2004 0.0470
a range +78600 +83700 2001 2003 0.0431
a range +78600 +83700 2002 2004 0.0431
a range +78600 +83700 2003 2001 0.0431
a range +78600 +83700 2004 2002 0.0431
a range +0 +86400 1001 3001 1105.0556
a range +0 +86400 2001 2004 0.0065
a range +13500 +86400 2001 3001 0.0426
a range +0 +86400 2002 2003 0.0065
a range +69200 +86400 2002 3001 0.0299
a range +0 +86400 2003 2002 0.0065
a range +80000 +86400 2003 3001 0.0352
a range +0 +86400 2004 2001 0.0065
a range +85300 +86400 2004 3001 0.0382
a range +0 +86400 3001 1001 1105.0556
a range +13500 +86400 3001 2001 0.0426
a range +69200 +86400 3001 2002 0.0299
a range +80000 +86400 3001 2003 0.0352
a range +85300 +86400 3001 2004 0.0382

a position +0 +5600 2003 3001 8149269.40509218 2402777.98093839 233957858.843486 8146094.49509852 2390090.66028407 233963003.13332
a position +0 +5600 3001 2003 8146094.49509852 2390090.66028407 233963003.13332 8149269.40509218 2402777.98093839 233957858.843486
a position +3200 +8300 2001 2003 8081068.48325655 2399089.55504174 233974207.675391 8092168.5969395 2399089.55504174 233967547.23846
a position +3200 +8300 2002 2004 8092168.59693948 2392429.11811065 233967547.23846 8081068.48325657 2392429.11811065 233974207.675391
a position +3200 +8300 2003 2001 8092168.5969395 2399089.55504174 233967547.23846 8081068.48325655 2399089.55504174 233974207.675391
a position +3200 +8300 2004 2002 8081068.48325657 2392429.11811065 233974207.675391 8092168.59693948 2392429.11811065 233967547.23846
a position +2900 +10000 2004 3001 8039811.20103878 2393875.39868661 233976530.010722 8052867.61357952 2388716.59577872 233975826.314655
a position +2900 +10000 3001 2004 8052867.61357952 2388716.59577872 233975826.314655 8039811.20103878 2393875.39868661 233976530.010722
a position +7200 +15700 2003 3001 7912868.90401149 2385568.40477898 233997421.400783 7920145.44100101 2396438.62543988 233992368.51425
a position +7200 +15700 3001 2003 7920145.44100101 2396438.62543988 233992368.51425 7912868.90401149 2385568.40477898 233997421.400783
a position +12600 +17700 2001 2003 7873176.19937356 2385866.67468424 233994788.441515 7862162.0893505 2385866.67468424 234001519.888031
a position +12600 +17700 2002 2004 7862162.08935053 2392598.12120042 234001519.888031 7873176.19937354 2392598.12120042 233994788.441514
a position +12600 +17700 2003 2001 7862162.0893505 2385866.67468424 234001519.888031 7873176.19937356 2385866.67468424 233994788.441515
a position +12600 +17700 2004 2002 7873176.19937354 2392598.12120042 233994788.441514 7862162.08935053 2392598.12120042 234001519.888031
a position +13100 +20500 2004 3001 7809551.79415384 2386162.8397191 234007362.758906 7798284.65119487 2394443.33139871 234006237.817391
a position +13100 +20500 3001 2004 7798284.65119487 2394443.33139871 234006237.817391 7809551.79415384 2386162.8397191 234007362.758906
a position +17800 +25800 2003 3001 7681934.00109497 2388314.95135125 234016778.506545 7671409.00266512 2380288.77289553 234021487.087924
a position +17800 +25800 3001 2003 7671409.00266512 2380288.77289553 234021487.087924 7681934.00109497 2388314.95135125 234016778.506545
a position +22000 +27200 2001 2003 7640762.38156294 2385904.14767215 234028774.192956 7652004.01367108 2385904.14767215 234022233.509829
a position +22000 +27200 2002 2004 7652004.01367106 2379363.46454477 234022233.509829 7640762.38156296 2379363.46454477 234028774.192956
a position +22000 +27200 2003 2001 7652004.01367108 2385904.14767215 234022233.509829 7640762.38156294 2385904.14767215 234028774.192956
a position +22000 +27200 2004 2002 7640762.38156296 2379363.46454477 234028774.192956 7652004.01367106 2379363.46454477 234022233.509829
a position +23200 +31100 2004 3001 7549576.00874494 2382877.6937411 234033714.979181 7557964.86333942 2372009.13294105 234036668.406332
a position +23200 +31100 3001 2004 7557964.86333942 2372009.13294105 234036668.406332 7549576.00874494 2382877.6937411 234033714.979181
a position +28400 +35900 2003 3001 7439378.98111944 2372460.32799341 234054487.497828 7451996.03221784 2376965.36378179 234050358.890653
a position +28400 +35900 3001 2003 7451996.03221784 2376965.36378179 234050358.890653 7439378.98111944 2372460.32799341 234054487.497828
a position +0 +36400 2002 3001 7426823.64132462 2379803.14786996 234055343.453503 7440219.41429866 2377746.85263904 234051781.777888
a position +0 +36400 3001 2002 7440219.41429866 2377746.85263904 234051781.777888 7426823.64132462 2379803.14786996 234055343.453503
a position +31500 +36600 2001 2003 7432998.13532307 2372796.18213319 234049044.460235 7421840.97460733 2372796.18213319 234055657.066709
a position +31500 +36600 2002 2004 7421840.97460735 2379408.78860733 234055657.066709 7432998.13532304 2379408.78860733 234049044.460235
a position +31500 +36600 2003 2001 7421840.97460733 2372796.18213319 234055657.066709 7432998.13532307 2372796.18213319 234049044.460235
a position +31500 +36600 2004 2002 7432998.13532304 2379408.78860733 234049044.460235 7421840.97460735 2379408.78860733 234055657.066709
a position +33300 +41700 2004 3001 7312538.09476069 2368221.45380553 234071163.742207 7308053.7608291 2380817.78753103 234066827.207879
a position +33300 +41700 3001 2004 7308053.7608291 2380817.78753103 234066827.207879 7312538.09476069 2368221.45380553 234071163.742207
a position +40200 +43600 2002 3001 7264825.08677808 2366100.94431894 234067067.927866 7259750.27041653 2378116.19983479 234072204.309632
a position +40200 +43600 3001 2002 7259750.27041653 2378116.19983479 234072204.309632 7264825.08677808 2366100.94431894 234067067.927866
a position +40900 +46000 2001 2003 7202913.24570328 2372910.98717052 234082325.951166 7213985.01473513 2372910.98717052 234075641.966781
a position +40900 +46000 2002 2004 7213985.01473511 2366227.00278597 234075641.966781 7202913.2457033 2366227.00278597 234082325.951166
a position +40900 +46000 2003 2001 7213985.01473513 2372910.98717052 234075641.966781 7202913.24570328 2372910.98717052 234082325.951166
a position +40900 +46000 2004 2002 7202913.2457033 2366227.00278597 234082325.951166 7213985.01473511 2366227.00278597 234075641.966781
a position +38900 +46100 2003 3001 7211809.90531264 2372709.19115576 234076056.429029 7198195.53545903 2371897.53885786 234079266.142063
a position +38900 +46100 3001 2003 7198195.53545903 2371897.53885786 234079266.142063 7211809.90531264 2372709.19115576 234076056.429029
a position +43400 +52100 2004 3001 7064584.5514292 2370321.76049 234091159.131193 7064571.06430376 2357241.90962298 234096152.872685
a position +43400 +52100 3001 2004 7064571.06430376 2357241.90962298 234096152.872685 7064584.5514292 2370321.76049 234091159.131193
a position +50300 +55400 2001 2003 6994964.85704212 2359655.93595934 234102026.062053 6983979.39294188 2359655.93595934 234108780.873024
a position +50300 +55400 2002 2004 6983979.3929419 2366410.74693015 234108780.873024 6994964.8570421 2366410.74693015 234102026.062053
a position +50300 +55400 2003 2001 6983979.39294188 2359655.93595934 234108780.873024 6994964.85704212 2359655.93595934 234102026.062053
a position +50300 +55400 2004 2002 6994964.8570421 2366410.74693015 234102026.062053 6983979.3929419 2366410.74693015 234108780.873024
a position +49400 +56500 2003 3001 6957007.00189396 2360507.44051221 234110242.096795 6970779.63888633 2357743.27198001 234108481.147459
a position +49400 +56500 3001 2003 6970779.63888633 2357743.27198001 234108481.147459 6957007.00189396 2360507.44051221 234110242.096795
a position +53700 +62400 2004 3001 6826064.02081222 2353023.41919026 234130080.317966 6830572.17507849 2365315.81651045 234124938.773087
a position +53700 +62400 3001 2004 6830572.17507849 2365315.81651045 234124938.773087 6826064.02081222 2353023.41919026 234130080.317966
a position +59800 +64900 2001 2003 6762552.1989762 2359708.23439678 234135169.222032 6773765.99452751 2359708.23439678 234128604.690315
a position +59800 +64900 2002 2004 6773765.99452749 2353143.70267952 234128604.690315 6762552.19897622 2353143.70267952 234135169.222032
a position +59800 +64900 2003 2001 6773765.99452751 2359708.23439678 234128604.690315 6762552.1989762 2359708.23439678 234135169.222032
a position +59800 +64900 2004 2002 6762552.19897622 2353143.70267952 234135169.222032 6773765.99452749 2353143.70267952 234128604.690315
a position +62100 +65900 2002 3001 6751679.45208969 2353925.52666056 234132857.197348 6741385.85591295 2363243.91319644 234134661.998424
a position +62100 +65900 3001 2002 6741385.85591295 2363243.91319644 234134661.998424 6751679.45208969 2353925.52666056 234132857.197348
a position +59700 +66900 2003 3001 6728842.79169769 2355163.41874395 234137305.866889 6716181.35533282 2361323.27878748 234137434.623023
a position +59700 +66900 3001 2003 6716181.35533282 2361323.27878748 234137434.623023 6728842.79169769 2355163.41874395 234137305.866889
a position +64100 +72500 2004 3001 6593048.19985441 2356098.54949226 234147956.583534 6584644.83576228 2345959.73867494 234152916.644286
a position +64100 +72500 3001 2004 6584644.83576228 2345959.73867494 234152916.644286 6593048.19985441 2356098.54949226 234147956.583534
a position +69200 +74300 2001 2003 6554733.97984859 2346567.84775508 234154558.770338 6543604.96085039 2346567.84775508 234161195.045654
a position +69200 +74300 2002 2004 6543604.96085042 2353204.12307104 234161195.045654 6554733.97984856 2353204.12307104 234154558.770338
a position +69200 +74300 2003 2001 6543604.96085039 2346567.84775508 234161195.045654 6554733.97984859 2346567.84775508 234154558.770338
a position +69200 +74300 2004 2002 6554733.97984856 2353204.12307104 234154558.770338 6543604.96085042 2353204.12307104 234161195.045654
a position +69900 +77400 2003 3001 6470067.77223212 2349408.59365861 234164721.34323 6480558.09595913 2340278.19157497 234166401.224762
a position +69900 +77400 3001 2003 6480558.09595913 2340278.19157497 234166401.224762 6470067.77223212 2349408.59365861 234164721.34323
a position +74700 +82600 2004 3001 6352346.43203631 2339579.21649938 234185178.236146 6363688.24596756 2346627.11306696 234180647.915355
a position +74700 +82600 3001 2004 6363688.24596756 2346627.11306696 234180647.915355 6352346.43203631 2339579.21649938 234185178.236146
a position +78600 +83700 2001 2003 6324652.20761171 2346697.59450596 234187006.9989 6335695.53208711 2346697.59450596 234180299.527374
a position +78600 +83700 2002 2004 6335695.53208709 2339990.12298043 234180299.527374 6324652.20761174 2339990.12298043 234187006.9989
a position +78600 +83700 2003 2001 6335695.53208711 2346697.59450596 234180299.527374 6324652.20761171 2346697.59450596 234187006.9989
a position +78600 +83700 2004 2002 6324652.20761174 2339990.12298043 234187006.9989 6335695.53208709 2339990.12298043 234180299.527374
a position +0 +86400 1001 3001 -135127564.001029 8475.45647298661 -65396710.8719208 6269059.06105721 2349547.68239226 234191017.626751
a position +0 +86400 2001 2004 6260121.91652082 2340491.82661391 234190045.111469 6260121.91652081 2342436.85717732 234190045.111469
a position +13500 +86400 2001 3001 6260121.91652082 2340491.82661391 234190045.111469 6269059.06105721 2349547.68239226 234191017.626751
a position +0 +86400 2002 2003 6274417.68779119 2342436.85717732 234191990.142032 6274417.68779118 2340491.82661391 234191990.142032
a position +69200 +86400 2002 3001 6274417.68779119 2342436.85717732 234191990.142032 6269059.06105721 2349547.68239226 234191017.626751
a position +0 +86400 2003 2002 6274417.68779118 2340491.82661391 234191990.142032 6274417.68779119 2342436.85717732 234191990.142032
a position +80000 +86400 2003 3001 6274417.68779118 2340491.82661391 234191990.142032 6269059.06105721 2349547.68239226 234191017.626751
a position +0 +86400 2004 2001 6260121.91652081 2342436.85717732 234190045.111469 6260121.91652082 2340491.82661391 234190045.111469
a position +85300 +86400 2004 3001 6260121.91652081 2342436.85717732 234190045.111469 6269059.06105721 2349547.68239226 234191017.626751
a position +0 +86400 3001 1001 6269059.06105721 2349547.68239226 234191017.626751 -135127564.001029 8475.45647298661 -65396710.8719208
a position +13500 +86400 3001 2001 6269059.06105721 2349547.68239226 234191017.626751 6260121.91652082 2340491.82661391 234190045.111469
a position +69200 +86400 3001 2002 6269059.06105721 2349547.68239226 234191017.626751 6274417.68779119 2342436.85717732 234191990.142032
a position +80000 +86400 3001 2003 6269059.06105721 2349547.68239226 234191017.626751 6274417.68779118 2340491.82661391 234191990.142032
a position +85300 +86400 3001 2004 6269059.06105721 2349547.68239226 234191017.626751 6260121.91652081 2342436.85717732 234190045.111469

