a contact +0 +500 1001 3001 1000
a contact +0 +500 2001 2004 1000
a contact +0 +500 2002 2003 1000
a contact +0 +500 2003 2002 1000
a contact +0 +500 2004 2001 1000
a contact +0 +500 3001 1001 1000
a contact +500 +1000 2003 3001 1000
a contact +500 +1000 3001 2003 1000
a contact +1000 +1500 2002 3001 1000
a contact +1000 +1500 3001 2002 1000
a contact +1500 +2500 1001 3001 1000
a contact +1500 +2500 2002 2003 1000
a contact +1500 +2500 2003 2002 1000
a contact +1500 +2500 3001 1001 1000
a contact +1000 +2900 2001 2004 1000
a contact +2500 +2900 2003 3001 1000
a contact +1000 +2900 2004 2001 1000
a contact +2500 +2900 3001 2003 1000
a contact +2900 +3200 2002 2003 1000
a contact +2900 +3200 2003 2002 1000
a contact +2900 +3200 2004 3001 1000
a contact +2900 +3200 3001 2004 1000
a contact +3200 +5200 1001 3001 1000
a contact +3200 +5200 2001 2003 1000
a contact +3200 +5200 2002 2004 1000
a contact +3200 +5200 2003 2001 1000
a contact +3200 +5200 2004 2002 1000
a contact +3200 +5200 3001 1001 1000
a contact +5200 +5600 2002 2003 1000
a contact +5200 +5600 2003 2002 1000
a contact +5200 +5600 2004 3001 1000
a contact +5200 +5600 3001 2004 1000
a contact +5600 +6100 2001 2003 1000
a contact +5600 +6100 2002 2004 1000
a contact +5600 +6100 2003 2001 1000
a contact +5600 +6100 2004 2002 1000
a contact +6100 +6600 2001 2004 1000
a contact +6100 +6600 2002 2003 1000
a contact +6100 +6600 2003 2002 1000
a contact +6100 +6600 2004 2001 1000
a contact +5600 +7100 1001 3001 1000
a contact +6600 +7100 2001 2003 1000
a contact +6600 +7100 2002 2004 1000
a contact +6600 +7100 2003 2001 1000
a contact +6600 +7100 2004 2002 1000
a contact +5600 +7100 3001 1001 1000
a contact +7100 +7200 2001 2004 1000
a contact +7100 +7200 2002 3001 1000
a contact +7100 +7200 2004 2001 1000
a contact +7100 +7200 3001 2002 1000
a contact +7200 +7700 2002 2003 1000
a contact +7200 +7700 2003 2002 1000
a contact +7200 +7700 2004 3001 1000
a contact +7200 +7700 3001 2004 1000
a contact +7700 +8200 2001 2003 1000
a contact +7700 +8200 2002 2004 1000
a contact +7700 +8200 2003 2001 1000
a contact +7700 +8200 2004 2002 1000
a contact +7700 +8300 1001 3001 1000
a contact +8200 +8300 2002 2003 1000
a contact +8200 +8300 2003 2002 1000
a contact +7700 +8300 3001 1001 1000
a contact +8300 +8800 2002 3001 1000
a contact +8300 +8800 3001 2002 1000
a contact +8800 +9800 1001 3001 1000
a contact +8800 +9800 2002 2003 1000
a contact +8800 +9800 2003 2002 1000
a contact +8800 +9800 3001 1001 1000
a contact +9800 +10000 2003 3001 1000
a contact +9800 +10000 3001 2003 1000
a contact +10000 +10500 1001 3001 1000
a contact +10000 +10500 2002 2003 1000
a contact +10000 +10500 2003 2002 1000
a contact +10000 +10500 3001 1001 1000
a contact +10500 +11000 2003 3001 1000
a contact +10500 +11000 3001 2003 1000
a contact +11000 +11500 1001 3001 1000
a contact +11000 +11500 2002 2003 1000
a contact +11000 +11500 2003 2002 1000
a contact +11000 +11500 3001 1001 1000
a contact +11500 +12000 2002 3001 1000
a contact +11500 +12000 3001 2002 1000
a contact +8200 +12600 2001 2004 1000
a contact +12000 +12600 2002 2003 1000
a contact +12000 +12600 2003 2002 1000
a contact +8200 +12600 2004 2001 1000
a contact +12000 +13500 1001 3001 1000
a contact +12600 +13500 2001 2003 1000
a contact +12600 +13500 2003 2001 1000
a contact +12000 +13500 3001 1001 1000
a contact +13500 +14000 2001 3001 1000
a contact +13500 +14000 3001 2001 1000
a contact +14000 +15000 1001 3001 1000
a contact +14000 +15000 2001 2003 1000
a contact +12600 +15000 2002 2004 1000
a contact +14000 +15000 2003 2001 1000
a contact +12600 +15000 2004 2002 1000
a contact +14000 +15000 3001 1001 1000
a contact +15000 +15500 2001 3001 1000
a contact +15000 +15500 2002 2003 1000
a contact +15000 +15500 2003 2002 1000
a contact +15000 +15500 3001 2001 1000
a contact +15500 +16200 1001 3001 1000
a contact +15500 +16200 2002 2004 1000
a contact +15500 +16200 2004 2002 1000
a contact +15500 +16200 3001 1001 1000
a contact +16200 +16700 2004 3001 1000
a contact +16200 +16700 3001 2004 1000
a contact +16700 +17200 1001 3001 1000
a contact +15500 +17200 2001 2003 1000
a contact +16700 +17200 2002 2004 1000
a contact +15500 +17200 2003 2001 1000
a contact +16700 +17200 2004 2002 1000
a contact +16700 +17200 3001 1001 1000
a contact +17200 +17700 2001 3001 1000
a contact +17200 +17700 3001 2001 1000
a contact +17700 +18300 1001 3001 1000
a contact +17700 +18300 2001 2004 1000
a contact +17700 +18300 2004 2001 1000
a contact +17700 +18300 3001 1001 1000
a contact +18300 +18800 2001 3001 1000
a contact +18300 +18800 3001 2001 1000
a contact +18800 +19300 1001 3001 1000
a contact +17200 +19300 2002 2003 1000
a contact +17200 +19300 2003 2002 1000
a contact +18800 +19300 3001 1001 1000
a contact +19300 +19800 2003 3001 1000
a contact +19300 +19800 3001 2003 1000
a contact +19800 +20300 1001 3001 1000
a contact +18800 +20300 2001 2004 1000
a contact +18800 +20300 2004 2001 1000
a contact +19800 +20300 3001 1001 1000
a contact +19800 +20500 2002 2003 1000
a contact +19800 +20500 2003 2002 1000
a contact +20300 +20500 2004 3001 1000
a contact +20300 +20500 3001 2004 1000
a contact +20500 +21000 2002 3001 1000
a contact +20500 +21000 3001 2002 1000
a contact +21000 +21500 1001 3001 1000
a contact +20500 +21500 2001 2004 1000
a contact +20500 +21500 2004 2001 1000
a contact +21000 +21500 3001 1001 1000
a contact +21500 +22000 2001 3001 1000
a contact +21000 +22000 2002 2003 1000
a contact +21000 +22000 2003 2002 1000
a contact +21500 +22000 3001 2001 1000
a contact +22000 +25700 1001 3001 1000
a contact +22000 +25700 2001 2003 1000
a contact +22000 +25700 2002 2004 1000
a contact +22000 +25700 2003 2001 1000
a contact +22000 +25700 2004 2002 1000
a contact +22000 +25700 3001 1001 1000
a contact +25700 +25800 2004 3001 1000
a contact +25700 +25800 3001 2004 1000
a contact +25800 +26300 1001 3001 1000
a contact +25800 +26300 2001 2004 1000
a contact +25700 +26300 2002 2003 1000
a contact +25700 +26300 2003 2002 1000
a contact +25800 +26300 2004 2001 1000
a contact +25800 +26300 3001 1001 1000
a contact +26300 +26800 2001 2003 1000
a contact +26300 +26800 2003 2001 1000
a contact +26300 +26800 2004 3001 1000
a contact +26300 +26800 3001 2004 1000
a contact +26800 +27700 1001 3001 1000
a contact +26800 +27700 2002 2003 1000
a contact +26800 +27700 2003 2002 1000
a contact +26800 +27700 3001 1001 1000
a contact +26800 +28200 2001 2004 1000
a contact +27700 +28200 2002 3001 1000
a contact +26800 +28200 2004 2001 1000
a contact +27700 +28200 3001 2002 1000
a contact +28200 +28400 2004 3001 1000
a contact +28200 +28400 3001 2004 1000
a contact +28400 +28900 2001 3001 1000
a contact +28400 +28900 3001 2001 1000
a contact +28900 +29400 1001 3001 1000
a contact +28200 +29400 2002 2003 1000
a contact +28200 +29400 2003 2002 1000
a contact +28900 +29400 3001 1001 1000
a contact +29400 +29900 2003 3001 1000
a contact +29400 +29900 3001 2003 1000
a contact +29900 +30400 1001 3001 1000
a contact +28900 +30400 2001 2004 1000
a contact +28900 +30400 2004 2001 1000
a contact +29900 +30400 3001 1001 1000
a contact +30400 +30900 2004 3001 1000
a contact +30400 +30900 3001 2004 1000
a contact +30900 +31100 1001 3001 1000
a contact +29900 +31100 2002 2003 1000
a contact +29900 +31100 2003 2002 1000
a contact +30900 +31100 3001 1001 1000
a contact +30900 +31500 2001 2004 1000
a contact +31100 +31500 2003 3001 1000
a contact +30900 +31500 2004 2001 1000
a contact +31100 +31500 3001 2003 1000
a contact +31500 +34800 2001 2003 1000
a contact +31500 +34800 2002 2004 1000
a contact +31500 +34800 2003 2001 1000
a contact +31500 +34800 2004 2002 1000
a contact +34800 +35300 2001 2004 1000
a contact +34800 +35300 2002 2003 1000
a contact +34800 +35300 2003 2002 1000
a contact +34800 +35300 2004 2001 1000
a contact +31500 +35800 1001 3001 1000
a contact +35300 +35800 2001 2003 1000
a contact +35300 +35800 2002 2004 1000
a contact +35300 +35800 2003 2001 1000
a contact +35300 +35800 2004 2002 1000
a contact +31500 +35800 3001 1001 1000
a contact +35800 +35900 2001 2004 1000
a contact +35800 +35900 2002 3001 1000
a contact +35800 +35900 2004 2001 1000
a contact +35800 +35900 3001 2002 1000
a contact +35900 +36400 2001 3001 1000
a contact +35900 +36400 2002 2003 1000
a contact +35900 +36400 2003 2002 1000
a contact +35900 +36400 3001 2001 1000
a contact +36400 +36600 2001 2003 1000
a contact +36400 +36600 2002 2004 1000
a contact +36400 +36600 2003 2001 1000
a contact +36400 +36600 2004 2002 1000
a contact +36400 +37100 1001 3001 1000
a contact +36600 +37100 2001 2004 1000
a contact +36600 +37100 2004 2001 1000
a contact +36400 +37100 3001 1001 1000
a contact +37100 +37600 2004 3001 1000
a contact +37100 +37600 3001 2004 1000
a contact +37600 +38600 1001 3001 1000
a contact +37600 +38600 2001 2004 1000
a contact +37600 +38600 2004 2001 1000
a contact +37600 +38600 3001 1001 1000
a contact +38600 +38900 2001 3001 1000
a contact +36600 +38900 2002 2003 1000
a contact +36600 +38900 2003 2002 1000
a contact +38600 +38900 3001 2001 1000
a contact +38900 +39900 2003 3001 1000
a contact +38900 +39900 3001 2003 1000
a contact +39900 +40200 1001 3001 1000
a contact +39900 +40200 2002 2003 1000
a contact +39900 +40200 2003 2002 1000
a contact +39900 +40200 3001 1001 1000
a contact +38900 +40700 2001 2004 1000
a contact +40200 +40700 2002 3001 1000
a contact +38900 +40700 2004 2001 1000
a contact +40200 +40700 3001 2002 1000
a contact +40700 +40900 2002 2003 1000
a contact +40700 +40900 2003 2002 1000
a contact +40700 +40900 2004 3001 1000
a contact +40700 +40900 3001 2004 1000
a contact +40900 +44100 2001 2003 1000
a contact +40900 +44100 2002 2004 1000
a contact +40900 +44100 2003 2001 1000
a contact +40900 +44100 2004 2002 1000
a contact +44100 +44600 2001 2004 1000
a contact +44100 +44600 2002 2003 1000
a contact +44100 +44600 2003 2002 1000
a contact +44100 +44600 2004 2001 1000
a contact +40900 +45100 1001 3001 1000
a contact +44600 +45100 2001 2003 1000
a contact +44600 +45100 2002 2004 1000
a contact +44600 +45100 2003 2001 1000
a contact +44600 +45100 2004 2002 1000
a contact +40900 +45100 3001 1001 1000
a contact +45100 +45600 2001 3001 1000
a contact +45100 +45600 2002 2003 1000
a contact +45100 +45600 2003 2002 1000
a contact +45100 +45600 3001 2001 1000
a contact +45600 +46000 2001 2003 1000
a contact +45600 +46000 2002 2004 1000
a contact +45600 +46000 2003 2001 1000
a contact +45600 +46000 2004 2002 1000
a contact +45600 +46600 1001 3001 1000
a contact +46000 +46600 2001 2004 1000
a contact +46000 +46600 2004 2001 1000
a contact +45600 +46600 3001 1001 1000
a contact +46600 +47100 2004 3001 1000
a contact +46600 +47100 3001 2004 1000
a contact +47100 +48100 1001 3001 1000
a contact +47100 +48100 2001 2004 1000
a contact +47100 +48100 2004 2001 1000
a contact +47100 +48100 3001 1001 1000
a contact +48100 +48600 2001 3001 1000
a contact +48100 +48600 3001 2001 1000
a contact +48600 +49100 1001 3001 1000
a contact +48600 +49100 2001 2004 1000
a contact +48600 +49100 2004 2001 1000
a contact +48600 +49100 3001 1001 1000
a contact +46000 +49400 2002 2003 1000
a contact +46000 +49400 2003 2002 1000
a contact +49100 +49400 2004 3001 1000
a contact +49100 +49400 3001 2004 1000
a contact +49400 +50300 2001 2004 1000
a contact +49400 +50300 2003 3001 1000
a contact +49400 +50300 2004 2001 1000
a contact +49400 +50300 3001 2003 1000
a contact +50300 +53600 2001 2003 1000
a contact +50300 +53600 2002 2004 1000
a contact +50300 +53600 2003 2001 1000
a contact +50300 +53600 2004 2002 1000
a contact +50300 +54200 1001 3001 1000
a contact +53600 +54200 2001 2004 1000
a contact +53600 +54200 2002 2003 1000
a contact +53600 +54200 2003 2002 1000
a contact +53600 +54200 2004 2001 1000
a contact +50300 +54200 3001 1001 1000
a contact +54200 +54700 2001 3001 1000
a contact +54200 +54700 3001 2001 1000
a contact +54700 +55200 2001 2003 1000
a contact +54200 +55200 2002 2004 1000
a contact +54700 +55200 2003 2001 1000
a contact +54200 +55200 2004 2002 1000
a contact +54700 +55400 1001 3001 1000
a contact +55200 +55400 2002 2003 1000
a contact +55200 +55400 2003 2002 1000
a contact +54700 +55400 3001 1001 1000
a contact +55400 +55900 2003 3001 1000
a contact +55400 +55900 3001 2003 1000
a contact +55900 +56400 1001 3001 1000
a contact +55200 +56400 2001 2004 1000
a contact +55200 +56400 2004 2001 1000
a contact +55900 +56400 3001 1001 1000
a contact +56400 +57000 2004 3001 1000
a contact +56400 +57000 3001 2004 1000
a contact +57000 +58000 1001 3001 1000
a contact +57000 +58000 2001 2004 1000
a contact +57000 +58000 2004 2001 1000
a contact +57000 +58000 3001 1001 1000
a contact +58000 +58500 2004 3001 1000
a contact +58000 +58500 3001 2004 1000
a contact +58500 +59000 1001 3001 1000
a contact +58500 +59000 2001 2004 1000
a contact +58500 +59000 2004 2001 1000
a contact +58500 +59000 3001 1001 1000
a contact +59000 +59500 2001 3001 1000
a contact +59000 +59500 3001 2001 1000
a contact +59500 +59700 1001 3001 1000
a contact +55900 +59700 2002 2003 1000
a contact +55900 +59700 2003 2002 1000
a contact +59500 +59700 3001 1001 1000
a contact +59500 +59800 2001 2004 1000
a contact +59700 +59800 2003 3001 1000
a contact +59500 +59800 2004 2001 1000
a contact +59700 +59800 3001 2003 1000
a contact +59800 +62100 1001 3001 1000
a contact +59800 +62100 2002 2004 1000
a contact +59800 +62100 2004 2002 1000
a contact +59800 +62100 3001 1001 1000
a contact +59800 +62400 2001 2003 1000
a contact +59800 +62400 2003 2001 1000
a contact +62400 +62900 2001 2004 1000
a contact +62400 +62900 2004 2001 1000
a contact +62100 +63400 2002 3001 1000
a contact +62100 +63400 3001 2002 1000
a contact +63400 +63900 1001 3001 1000
a contact +62900 +63900 2001 2003 1000
a contact +63400 +63900 2002 2004 1000
a contact +62900 +63900 2003 2001 1000
a contact +63400 +63900 2004 2002 1000
a contact +63400 +63900 3001 1001 1000
a contact +63900 +64600 2001 2004 1000
a contact +63900 +64600 2002 3001 1000
a contact +63900 +64600 2004 2001 1000
a contact +63900 +64600 3001 2002 1000
a contact +64600 +64900 2001 2003 1000
a contact +64600 +64900 2002 2004 1000
a contact +64600 +64900 2003 2001 1000
a contact +64600 +64900 2004 2002 1000
a contact +64600 +65900 1001 3001 1000
a contact +64900 +65900 2002 2003 1000
a contact +64900 +65900 2003 2002 1000
a contact +64600 +65900 3001 1001 1000
a contact +65900 +66400 2003 3001 1000
a contact +65900 +66400 3001 2003 1000
a contact +66400 +66900 1001 3001 1000
a contact +64900 +66900 2001 2004 1000
a contact +64900 +66900 2004 2001 1000
a contact +66400 +66900 3001 1001 1000
a contact +66900 +67400 2004 3001 1000
a contact +66900 +67400 3001 2004 1000
a contact +67400 +67900 1001 3001 1000
a contact +67400 +67900 2001 2004 1000
a contact +67400 +67900 2004 2001 1000
a contact +67400 +67900 3001 1001 1000
a contact +67900 +68400 2001 3001 1000
a contact +67900 +68400 3001 2001 1000
a contact +68400 +69200 2001 2004 1000
a contact +66400 +69200 2002 2003 1000
a contact +66400 +69200 2003 2002 1000
a contact +68400 +69200 2004 2001 1000
a contact +68400 +71900 1001 3001 1000
a contact +69200 +71900 2002 2004 1000
a contact +69200 +71900 2004 2002 1000
a contact +68400 +71900 3001 1001 1000
a contact +69200 +72400 2001 2003 1000
a contact +71900 +72400 2002 3001 1000
a contact +69200 +72400 2003 2001 1000
a contact +71900 +72400 3001 2002 1000
a contact +72400 +72500 2003 3001 1000
a contact +72400 +72500 3001 2003 1000
a contact +72500 +73000 1001 3001 1000
a contact +72500 +73000 2001 2003 1000
a contact +72400 +73000 2002 2004 1000
a contact +72500 +73000 2003 2001 1000
a contact +72400 +73000 2004 2002 1000
a contact +72500 +73000 3001 1001 1000
a contact +73000 +73500 2001 2004 1000
a contact +73000 +73500 2002 3001 1000
a contact +73000 +73500 2004 2001 1000
a contact +73000 +73500 3001 2002 1000
a contact +73500 +74000 1001 3001 1000
a contact +73500 +74000 2001 2003 1000
a contact +73500 +74000 2003 2001 1000
a contact +73500 +74000 3001 1001 1000
a contact +73500 +74300 2002 2004 1000
a contact +74000 +74300 2003 3001 1000
a contact +73500 +74300 2004 2002 1000
a contact +74000 +74300 3001 2003 1000
a contact +74300 +75200 1001 3001 1000
a contact +74300 +75200 2002 2003 1000
a contact +74300 +75200 2003 2002 1000
a contact +74300 +75200 3001 1001 1000
a contact +75200 +75700 2002 3001 1000
a contact +75200 +75700 3001 2002 1000
a contact +75700 +76200 1001 3001 1000
a contact +74300 +76200 2001 2004 1000
a contact +74300 +76200 2004 2001 1000
a contact +75700 +76200 3001 1001 1000
a contact +75700 +76700 2002 2003 1000
a contact +75700 +76700 2003 2002 1000
a contact +76200 +76700 2004 3001 1000
a contact +76200 +76700 3001 2004 1000
a contact +76700 +77200 2003 3001 1000
a contact +76700 +77200 3001 2003 1000
a contact +77200 +77400 1001 3001 1000
a contact +76700 +77400 2001 2004 1000
a contact +76700 +77400 2004 2001 1000
a contact +77200 +77400 3001 1001 1000
a contact +77400 +77900 2001 3001 1000
a contact +77400 +77900 3001 2001 1000
a contact +77900 +78600 2001 2004 1000
a contact +77200 +78600 2002 2003 1000
a contact +77200 +78600 2003 2002 1000
a contact +77900 +78600 2004 2001 1000
a contact +77900 +81500 1001 3001 1000
a contact +78600 +81500 2001 2003 1000
a contact +78600 +81500 2003 2001 1000
a contact +77900 +81500 3001 1001 1000
a contact +81500 +82000 2001 3001 1000
a contact +78600 +82000 2002 2004 1000
a contact +78600 +82000 2004 2002 1000
a contact +81500 +82000 3001 2001 1000
a contact +82000 +82500 2001 2004 1000
a contact +82000 +82500 2002 2003 1000
a contact +82000 +82500 2003 2002 1000
a contact +82000 +82500 2004 2001 1000
a contact +82000 +83100 1001 3001 1000
a contact +82500 +83100 2001 2003 1000
a contact +82500 +83100 2002 2004 1000
a contact +82500 +83100 2003 2001 1000
a contact +82500 +83100 2004 2002 1000
a contact +82000 +83100 3001 1001 1000
a contact +83100 +83600 2001 2004 1000
a contact +83100 +83600 2002 3001 1000
a contact +83100 +83600 2004 2001 1000
a contact +83100 +83600 3001 2002 1000
a contact +83600 +83700 2001 2003 1000
a contact +83600 +83700 2002 2004 1000
a contact +83600 +83700 2003 2001 1000
a contact +83600 +83700 2004 2002 1000
a contact +83600 +84700 1001 3001 1000
a contact +83700 +84700 2002 2003 1000
a contact +83700 +84700 2003 2002 1000
a contact +83600 +84700 3001 1001 1000
a contact +83700 +85200 2001 2004 1000
a contact +84700 +85200 2003 3001 1000
a contact +83700 +85200 2004 2001 1000
a contact +84700 +85200 3001 2003 1000
a contact +85200 +85300 2001 3001 1000
a contact +85200 +85300 3001 2001 1000
a contact +85300 +85800 2004 3001 1000
a contact +85300 +85800 3001 2004 1000
a contact +85800 +86300 1001 3001 1000
a contact +85800 +86300 2001 2004 1000
a contact +85800 +86300 2004 2001 1000
a contact +85800 +86300 3001 1001 1000
a contact +85200 +86400 2002 2003 1000
a contact +85200 +86400 2003 2002 1000
a contact +86300 +86400 2004 3001 1000
a contact +86300 +86400 3001 2004 1000

a range +0 +500 1001 3001 1105.0556
a range +0 +500 2001 2004 0.0065
a range +0 +500 2002 2003 0.0065
a range +0 +500 2003 2002 0.0065
a range +0 +500 2004 2001 0.0065
a range +0 +500 3001 1001 1105.0556
a range +500 +1000 2003 3001 0.0469
a range +500 +1000 3001 2003 0.0469
a range +1000 +1500 2002 3001 0.0467
a range +1000 +1500 3001 2002 0.0467
a range +1500 +2500 1001 3001 1105.0556
a range +1500 +2500 2002 2003 0.0065
a range +1500 +2500 2003 2002 0.0065
a range +1500 +2500 3001 1001 1105.0556
a range +1000 +2900 2001 2004 0.0065
a range +2500 +2900 2003 3001 0.0469
a range +1000 +2900 2004 2001 0.0065
a range +2500 +2900 3001 2003 0.0469
a range +2900 +3200 2002 2003 0.0065
a range +2900 +3200 2003 2002 0.0065
a range +2900 +3200 2004 3001 0.0469
a range +2900 +3200 3001 2004 0.0469
a range +3200 +5200 1001 3001 1105.0556
a range +3200 +5200 2001 2003 0.0432
a range +3200 +5200 2002 2004 0.0432
a range +3200 +5200 2003 2001 0.0432
a range +3200 +5200 2004 2002 0.0432
a range +3200 +5200 3001 1001 1105.0556
a range +5200 +5600 2002 2003 0.0065
a range +5200 +5600 2003 2002 0.0065
a range +5200 +5600 2004 3001 0.0469
a range +5200 +5600 3001 2004 0.0469
a range +5600 +6100 2001 2003 0.0432
a range +5600 +6100 2002 2004 0.0432
a range +5600 +6100 2003 2001 0.0432
a range +5600 +6100 2004 2002 0.0432
a range +6100 +6600 2001 2004 0.0065
a range +6100 +6600 2002 2003 0.0065
a range +6100 +6600 2003 2002 0.0065
a range +6100 +6600 2004 2001 0.0065
a range +5600 +7100 1001 3001 1105.0556
a range +6600 +7100 2001 2003 0.0432
a range +6600 +7100 2002 2004 0.0432
a range +6600 +7100 2003 2001 0.0432
a range +6600 +7100 2004 2002 0.0432
a range +5600 +7100 3001 1001 1105.0556
a range +7100 +7200 2001 2004 0.0065
a range +7100 +7200 2002 3001 0.0467
a range +7100 +7200 2004 2001 0.0065
a range +7100 +7200 3001 2002 0.0467
a range +7200 +7700 2002 2003 0.0065
a range +7200 +7700 2003 2002 0.0065
a range +7200 +7700 2004 3001 0.0469
a range +7200 +7700 3001 2004 0.0469
a range +7700 +8200 2001 2003 0.0432
a range +7700 +8200 2002 2004 0.0432
a range +7700 +8200 2003 2001 0.0432
a range +7700 +8200 2004 2002 0.0432
a range +7700 +8300 1001 3001 1105.0556
a range +8200 +8300 2002 2003 0.0065
a range +8200 +8300 2003 2002 0.0065
a range +7700 +8300 3001 1001 1105.0556
a range +8300 +8800 2002 3001 0.0467
a range +8300 +8800 3001 2002 0.0467
a range +8800 +9800 1001 3001 1105.0556
a range +8800 +9800 2002 2003 0.0065
a range +8800 +9800 2003 2002 0.0065
a range +8800 +9800 3001 1001 1105.0556
a range +9800 +10000 2003 3001 0.0468
a range +9800 +10000 3001 2003 0.0468
a range +10000 +10500 1001 3001 1105.0556
a range +10000 +10500 2002 2003 0.0065
a range +10000 +10500 2003 2002 0.0065
a range +10000 +10500 3001 1001 1105.0556
a range +10500 +11000 2003 3001 0.0468
a range +10500 +11000 3001 2003 0.0468
a range +11000 +11500 1001 3001 1105.0556
a range +11000 +11500 2002 2003 0.0065
a range +11000 +11500 2003 2002 0.0065
a range +11000 +11500 3001 1001 1105.0556
a range +11500 +12000 2002 3001 0.0467
a range +11500 +12000 3001 2002 0.0467
a range +8200 +12600 2001 2004 0.0065
a range +12000 +12600 2002 2003 0.0065
a range +12000 +12600 2003 2002 0.0065
a range +8200 +12600 2004 2001 0.0065
a range +12000 +13500 1001 3001 1105.0556
a range +12600 +13500 2001 2003 0.0431
a range +12600 +13500 2003 2001 0.0431
a range +12000 +13500 3001 1001 1105.0556
a range +13500 +14000 2001 3001 0.0426
a range +13500 +14000 3001 2001 0.0426
a range +14000 +15000 1001 3001 1105.0556
a range +14000 +15000 2001 2003 0.0431
a range +12600 +15000 2002 2004 0.0431
a range +14000 +15000 2003 2001 0.0431
a range +12600 +15000 2004 2002 0.0431
a range +14000 +15000 3001 1001 1105.0556
a range +15000 +15500 2001 3001 0.0426
a range +15000 +15500 2002 2003 0.0065
a range +15000 +15500 2003 2002 0.0065
a range +15000 +15500 3001 2001 0.0426
a range +15500 +16200 1001 3001 1105.0556
a range +15500 +16200 2002 2004 0.0431
a range +15500 +16200 2004 2002 0.0431
a range +15500 +16200 3001 1001 1105.0556
a range +16200 +16700 2004 3001 0.0468
a range +16200 +16700 3001 2004 0.0468
a range +16700 +17200 1001 3001 1105.0556
a range +15500 +17200 2001 2003 0.0431
a range +16700 +17200 2002 2004 0.0431
a range +15500 +17200 2003 2001 0.0431
a range +16700 +17200 2004 2002 0.0431
a range +16700 +17200 3001 1001 1105.0556
a range +17200 +17700 2001 3001 0.0426
a range +17200 +17700 3001 2001 0.0426
a range +17700 +18300 1001 3001 1105.0556
a range +17700 +18300 2001 2004 0.0065
a range +17700 +18300 2004 2001 0.0065
a range +17700 +18300 3001 1001 1105.0556
a range +18300 +18800 2001 3001 0.0426
a range +18300 +18800 3001 2001 0.0426
a range +18800 +19300 1001 3001 1105.0556
a range +17200 +19300 2002 2003 0.0065
a range +17200 +19300 2003 2002 0.0065
a range +18800 +19300 3001 1001 1105.0556
a range +19300 +19800 2003 3001 0.0469
a range +19300 +19800 3001 2003 0.0469
a range +19800 +20300 1001 3001 1105.0556
a range +18800 +20300 2001 2004 0.0065
a range +18800 +20300 2004 2001 0.0065
a range +19800 +20300 3001 1001 1105.0556
a range +19800 +20500 2002 2003 0.0065
a range +19800 +20500 2003 2002 0.0065
a range +20300 +20500 2004 3001 0.0468
a range +20300 +20500 3001 2004 0.0468
a range +20500 +21000 2002 3001 0.0467
a range +20500 +21000 3001 2002 0.0467
a range +21000 +21500 1001 3001 1105.0556
a range +20500 +21500 2001 2004 0.0065
a range +20500 +21500 2004 2001 0.0065
a range +21000 +21500 3001 1001 1105.0556
a range +21500 +22000 2001 3001 0.0426
a range +21000 +22000 2002 2003 0.0065
a range +21000 +22000 2003 2002 0.0065
a range +21500 +22000 3001 2001 0.0426
a range +22000 +25700 1001 3001 1105.0556
a range +22000 +25700 2001 2003 0.0434
a range +22000 +25700 2002 2004 0.0434
a range +22000 +25700 2003 2001 0.0434
a range +22000 +25700 2004 2002 0.0434
a range +22000 +25700 3001 1001 1105.0556
a range +25700 +25800 2004 3001 0.0468
a range +25700 +25800 3001 2004 0.0468
a range +25800 +26300 1001 3001 1105.0556
a range +25800 +26300 2001 2004 0.0065
a range +25700 +26300 2002 2003 0.0065
a range +25700 +26300 2003 2002 0.0065
a range +25800 +26300 2004 2001 0.0065
a range +25800 +26300 3001 1001 1105.0556
a range +26300 +26800 2001 2003 0.0434
a range +26300 +26800 2003 2001 0.0434
a range +26300 +26800 2004 3001 0.0468
a range +26300 +26800 3001 2004 0.0468
a range +26800 +27700 1001 3001 1105.0556
a range +26800 +27700 2002 2003 0.0065
a range +26800 +27700 2003 2002 0.0065
a range +26800 +27700 3001 1001 1105.0556
a range +26800 +28200 2001 2004 0.0065
a range +27700 +28200 2002 3001 0.0467
a range +26800 +28200 2004 2001 0.0065
a range +27700 +28200 3001 2002 0.0467
a range +28200 +28400 2004 3001 0.0468
a range +28200 +28400 3001 2004 0.0468
a range +28400 +28900 2001 3001 0.0426
a range +28400 +28900 3001 2001 0.0426
a range +28900 +29400 1001 3001 1105.0556
a range +28200 +29400 2002 2003 0.0065
a range +28200 +29400 2003 2002 0.0065
a range +28900 +29400 3001 1001 1105.0556
a range +29400 +29900 2003 3001 0.0468
a range +29400 +29900 3001 2003 0.0468
a range +29900 +30400 1001 3001 1105.0556
a range +28900 +30400 2001 2004 0.0065
a range +28900 +30400 2004 2001 0.0065
a range +29900 +30400 3001 1001 1105.0556
a range +30400 +30900 2004 3001 0.0468
a range +30400 +30900 3001 2004 0.0468
a range +30900 +31100 1001 3001 1105.0556
a range +29900 +31100 2002 2003 0.0065
a range +29900 +31100 2003 2002 0.0065
a range +30900 +31100 3001 1001 1105.0556
a range +30900 +31500 2001 2004 0.0065
a range +31100 +31500 2003 3001 0.0468
a range +30900 +31500 2004 2001 0.0065
a range +31100 +31500 3001 2003 0.0468
a range +31500 +34800 2001 2003 0.0433
a range +31500 +34800 2002 2004 0.0433
a range +31500 +34800 2003 2001 0.0433
a range +31500 +34800 2004 2002 0.0433
a range +34800 +35300 2001 2004 0.0065
a range +34800 +35300 2002 2003 0.0065
a range +34800 +35300 2003 2002 0.0065
a range +34800 +35300 2004 2001 0.0065
a range +31500 +35800 1001 3001 1105.0556
a range +35300 +35800 2001 2003 0.0433
a range +35300 +35800 2002 2004 0.0433
a range +35300 +35800 2003 2001 0.0433
a range +35300 +35800 2004 2002 0.0433
a range +31500 +35800 3001 1001 1105.0556
a range +35800 +35900 2001 2004 0.0065
a range +35800 +35900 2002 3001 0.0467
a range +35800 +35900 2004 2001 0.0065
a range +35800 +35900 3001 2002 0.0467
a range +35900 +36400 2001 3001 0.0426
a range +35900 +36400 2002 2003 0.0065
a range +35900 +36400 2003 2002 0.0065
a range +35900 +36400 3001 2001 0.0426
a range +36400 +36600 2001 2003 0.0433
a range +36400 +36600 2002 2004 0.0433
a range +36400 +36600 2003 2001 0.0433
a range +36400 +36600 2004 2002 0.0433
a range +36400 +37100 1001 3001 1105.0556
a range +36600 +37100 2001 2004 0.0065
a range +36600 +37100 2004 2001 0.0065
a range +36400 +37100 3001 1001 1105.0556
a range +37100 +37600 2004 3001 0.0469
a range +37100 +37600 3001 2004 0.0469
a range +37600 +38600 1001 3001 1105.0556
a range +37600 +38600 2001 2004 0.0065
a range +37600 +38600 2004 2001 0.0065
a range +37600 +38600 3001 1001 1105.0556
a range +38600 +38900 2001 3001 0.0426
a range +36600 +38900 2002 2003 0.0065
a range +36600 +38900 2003 2002 0.0065
a range +38600 +38900 3001 2001 0.0426
a range +38900 +39900 2003 3001 0.0467
a range +38900 +39900 3001 2003 0.0467
a range +39900 +40200 1001 3001 1105.0556
a range +39900 +40200 2002 2003 0.0065
a range +39900 +40200 2003 2002 0.0065
a range +39900 +40200 3001 1001 1105.0556
a range +38900 +40700 2001 2004 0.0065
a range +40200 +40700 2002 3001 0.0468
a range +38900 +40700 2004 2001 0.0065
a range +40200 +40700 3001 2002 0.0468
a range +40700 +40900 2002 2003 0.0065
a range +40700 +40900 2003 2002 0.0065
a range +40700 +40900 2004 3001 0.0469
a range +40700 +40900 3001 2004 0.0469
a range +40900 +44100 2001 2003 0.0431
a range +40900 +44100 2002 2004 0.0431
a range +40900 +44100 2003 2001 0.0431
a range +40900 +44100 2004 2002 0.0431
a range +44100 +44600 2001 2004 0.0065
a range +44100 +44600 2002 2003 0.0065
a range +44100 +44600 2003 2002 0.0065
a range +44100 +44600 2004 2001 0.0065
a range +40900 +45100 1001 3001 1105.0556
a range +44600 +45100 2001 2003 0.0431
a range +44600 +45100 2002 2004 0.0431
a range +44600 +45100 2003 2001 0.0431
a range +44600 +45100 2004 2002 0.0431
a range +40900 +45100 3001 1001 1105.0556
a range +45100 +45600 2001 3001 0.0426
a range +45100 +45600 2002 2003 0.0065
a range +45100 +45600 2003 2002 0.0065
a range +45100 +45600 3001 2001 0.0426
a range +45600 +46000 2001 2003 0.0431
a range +45600 +46000 2002 2004 0.0431
a range +45600 +46000 2003 2001 0.0431
a range +45600 +46000 2004 2002 0.0431
a range +45600 +46600 1001 3001 1105.0556
a range +46000 +46600 2001 2004 0.0065
a range +46000 +46600 2004 2001 0.0065
a range +45600 +46600 3001 1001 1105.0556
a range +46600 +47100 2004 3001 0.0467
a range +46600 +47100 3001 2004 0.0467
a range +47100 +48100 1001 3001 1105.0556
a range +47100 +48100 2001 2004 0.0065
a range +47100 +48100 2004 2001 0.0065
a range +47100 +48100 3001 1001 1105.0556
a range +48100 +48600 2001 3001 0.0426
a range +48100 +48600 3001 2001 0.0426
a range +48600 +49100 1001 3001 1105.0556
a range +48600 +49100 2001 2004 0.0065
a range +48600 +49100 2004 2001 0.0065
a range +48600 +49100 3001 1001 1105.0556
a range +46000 +49400 2002 2003 0.0065
a range +46000 +49400 2003 2002 0.0065
a range +49100 +49400 2004 3001 0.0467
a range +49100 +49400 3001 2004 0.0467
a range +49400 +50300 2001 2004 0.0065
a range +49400 +50300 2003 3001 0.0472
a range +49400 +50300 2004 2001 0.0065
a range +49400 +50300 3001 2003 0.0472
a range +50300 +53600 2001 2003 0.043
a range +50300 +53600 2002 2004 0.043
a range +50300 +53600 2003 2001 0.043
a range +50300 +53600 2004 2002 0.043
a range +50300 +54200 1001 3001 1105.0556
a range +53600 +54200 2001 2004 0.0065
a range +53600 +54200 2002 2003 0.0065
a range +53600 +54200 2003 2002 0.0065
a range +53600 +54200 2004 2001 0.0065
a range +50300 +54200 3001 1001 1105.0556
a range +54200 +54700 2001 3001 0.0426
a range +54200 +54700 3001 2001 0.0426
a range +54700 +55200 2001 2003 0.043
a range +54200 +55200 2002 2004 0.043
a range +54700 +55200 2003 2001 0.043
a range +54200 +55200 2004 2002 0.043
a range +54700 +55400 1001 3001 1105.0556
a range +55200 +55400 2002 2003 0.0065
a range +55200 +55400 2003 2002 0.0065
a range +54700 +55400 3001 1001 1105.0556
a range +55400 +55900 2003 3001 0.0472
a range +55400 +55900 3001 2003 0.0472
a range +55900 +56400 1001 3001 1105.0556
a range +55200 +56400 2001 2004 0.0065
a range +55200 +56400 2004 2001 0.0065
a range +55900 +56400 3001 1001 1105.0556
a range +56400 +57000 2004 3001 0.0469
a range +56400 +57000 3001 2004 0.0469
a range +57000 +58000 1001 3001 1105.0556
a range +57000 +58000 2001 2004 0.0065
a range +57000 +58000 2004 2001 0.0065
a range +57000 +58000 3001 1001 1105.0556
a range +58000 +58500 2004 3001 0.0469
a range +58000 +58500 3001 2004 0.0469
a range +58500 +59000 1001 3001 1105.0556
a range +58500 +59000 2001 2004 0.0065
a range +58500 +59000 2004 2001 0.0065
a range +58500 +59000 3001 1001 1105.0556
a range +59000 +59500 2001 3001 0.0426
a range +59000 +59500 3001 2001 0.0426
a range +59500 +59700 1001 3001 1105.0556
a range +55900 +59700 2002 2003 0.0065
a range +55900 +59700 2003 2002 0.0065
a range +59500 +59700 3001 1001 1105.0556
a range +59500 +59800 2001 2004 0.0065
a range +59700 +59800 2003 3001 0.047
a range +59500 +59800 2004 2001 0.0065
a range +59700 +59800 3001 2003 0.047
a range +59800 +62100 1001 3001 1105.0556
a range +59800 +62100 2002 2004 0.0433
a range +59800 +62100 2004 2002 0.0433
a range +59800 +62100 3001 1001 1105.0556
a range +59800 +62400 2001 2003 0.0433
a range +59800 +62400 2003 2001 0.0433
a range +62400 +62900 2001 2004 0.0065
a range +62400 +62900 2004 2001 0.0065
a range +62100 +63400 2002 3001 0.0467
a range +62100 +63400 3001 2002 0.0467
a range +63400 +63900 1001 3001 1105.0556
a range +62900 +63900 2001 2003 0.0433
a range +63400 +63900 2002 2004 0.0433
a range +62900 +63900 2003 2001 0.0433
a range +63400 +63900 2004 2002 0.0433
a range +63400 +63900 3001 1001 1105.0556
a range +63900 +64600 2001 2004 0.0065
a range +63900 +64600 2002 3001 0.0467
a range +63900 +64600 2004 2001 0.0065
a range +63900 +64600 3001 2002 0.0467
a range +64600 +64900 2001 2003 0.0433
a range +64600 +64900 2002 2004 0.0433
a range +64600 +64900 2003 2001 0.0433
a range +64600 +64900 2004 2002 0.0433
a range +64600 +65900 1001 3001 1105.0556
a range +64900 +65900 2002 2003 0.0065
a range +64900 +65900 2003 2002 0.0065
a range +64600 +65900 3001 1001 1105.0556
a range +65900 +66400 2003 3001 0.047
a range +65900 +66400 3001 2003 0.047
a range +66400 +66900 1001 3001 1105.0556
a range +64900 +66900 2001 2004 0.0065
a range +64900 +66900 2004 2001 0.0065
a range +66400 +66900 3001 1001 1105.0556
a range +66900 +67400 2004 3001 0.0469
a range +66900 +67400 3001 2004 0.0469
a range +67400 +67900 1001 3001 1105.0556
a range +67400 +67900 2001 2004 0.0065
a range +67400 +67900 2004 2001 0.0065
a range +67400 +67900 3001 1001 1105.0556
a range +67900 +68400 2001 3001 0.0426
a range +67900 +68400 3001 2001 0.0426
a range +68400 +69200 2001 2004 0.0065
a range +66400 +69200 2002 2003 0.0065
a range +66400 +69200 2003 2002 0.0065
a range +68400 +69200 2004 2001 0.0065
a range +68400 +71900 1001 3001 1105.0556
a range +69200 +71900 2002 2004 0.0432
a range +69200 +71900 2004 2002 0.0432
a range +68400 +71900 3001 1001 1105.0556
a range +69200 +72400 2001 2003 0.0432
a range +71900 +72400 2002 3001 0.0299
a range +69200 +72400 2003 2001 0.0432
a range +71900 +72400 3001 2002 0.0299
a range +72400 +72500 2003 3001 0.0467
a range +72400 +72500 3001 2003 0.0467
a range +72500 +73000 1001 3001 1105.0556
a range +72500 +73000 2001 2003 0.0432
a range +72400 +73000 2002 2004 0.0432
a range +72500 +73000 2003 2001 0.0432
a range +72400 +73000 2004 2002 0.0432
a range +72500 +73000 3001 1001 1105.0556
a range +73000 +73500 2001 2004 0.0065
a range +73000 +73500 2002 3001 0.0299
a range +73000 +73500 2004 2001 0.0065
a range +73000 +73500 3001 2002 0.0299
a range +73500 +74000 1001 3001 1105.0556
a range +73500 +74000 2001 2003 0.0432
a range +73500 +74000 2003 2001 0.0432
a range +73500 +74000 3001 1001 1105.0556
a range +73500 +74300 2002 2004 0.0432
a range +74000 +74300 2003 3001 0.0467
a range +73500 +74300 2004 2002 0.0432
a range +74000 +74300 3001 2003 0.0467
a range +74300 +75200 1001 3001 1105.0556
a range +74300 +75200 2002 2003 0.0065
a range +74300 +75200 2003 2002 0.0065
a range +74300 +75200 3001 1001 1105.0556
a range +75200 +75700 2002 3001 0.0299
a range +75200 +75700 3001 2002 0.0299
a range +75700 +76200 1001 3001 1105.0556
a range +74300 +76200 2001 2004 0.0065
a range +74300 +76200 2004 2001 0.0065
a range +75700 +76200 3001 1001 1105.0556
a range +75700 +76700 2002 2003 0.0065
a range +75700 +76700 2003 2002 0.0065
a range +76200 +76700 2004 3001 0.047
a range +76200 +76700 3001 2004 0.047
a range +76700 +77200 2003 3001 0.0467
a range +76700 +77200 3001 2003 0.0467
a range +77200 +77400 1001 3001 1105.0556
a range +76700 +77400 2001 2004 0.0065
a range +76700 +77400 2004 2001 0.0065
a range +77200 +77400 3001 1001 1105.0556
a range +77400 +77900 2001 3001 0.0426
a range +77400 +77900 3001 2001 0.0426
a range +77900 +78600 2001 2004 0.0065
a range +77200 +78600 2002 2003 0.0065
a range +77200 +78600 2003 2002 0.0065
a range +77900 +78600 2004 2001 0.0065
a range +77900 +81500 1001 3001 1105.0556
a range +78600 +81500 2001 2003 0.0431
a range +78600 +81500 2003 2001 0.0431
a range +77900 +81500 3001 1001 1105.0556
a range +81500 +82000 2001 3001 0.0426
a range +78600 +82000 2002 2004 0.0431
a range +78600 +82000 2004 2002 0.0431
a range +81500 +82000 3001 2001 0.0426
a range +82000 +82500 2001 2004 0.0065
a range +82000 +82500 2002 2003 0.0065
a range +82000 +82500 2003 2002 0.0065
a range +82000 +82500 2004 2001 0.0065
a range +82000 +83100 1001 3001 1105.0556
a range +82500 +83100 2001 2003 0.0431
a range +82500 +83100 2002 2004 0.0431
a range +82500 +83100 2003 2001 0.0431
a range +82500 +83100 2004 2002 0.0431
a range +82000 +83100 3001 1001 1105.0556
a range +83100 +83600 2001 2004 0.0065
a range +83100 +83600 2002 3001 0.0299
a range +83100 +83600 2004 2001 0.0065
a range +83100 +83600 3001 2002 0.0299
a range +83600 +83700 2001 2003 0.0431
a range +83600 +83700 2002 2004 0.0431
a range +83600 +83700 2003 2001 0.0431
a range +83600 +83700 2004 2002 0.0431
a range +83600 +84700 1001 3001 1105.0556
a range +83700 +84700 2002 2003 0.0065
a range +83700 +84700 2003 2002 0.0065
a range +83600 +84700 3001 1001 1105.0556
a range +83700 +85200 2001 2004 0.0065
a range +84700 +85200 2003 3001 0.0352
a range +83700 +85200 2004 2001 0.0065
a range +84700 +85200 3001 2003 0.0352
a range +85200 +85300 2001 3001 0.0426
a range +85200 +85300 3001 2001 0.0426
a range +85300 +85800 2004 3001 0.0382
a range +85300 +85800 3001 2004 0.0382
a range +85800 +86300 1001 3001 1105.0556
a range +85800 +86300 2001 2004 0.0065
a range +85800 +86300 2004 2001 0.0065
a range +85800 +86300 3001 1001 1105.0556
a range +85200 +86400 2002 2003 0.0065
a range +85200 +86400 2003 2002 0.0065
a range +86300 +86400 2004 3001 0.0382
a range +86300 +86400 3001 2004 0.0382
