a contact +100 +200 2003 9001 1000
a contact +100 +200 2018 2050 1000
a contact +100 +200 2023 2043 1000
a contact +100 +200 2024 2044 1000
a contact +100 +200 2043 2023 1000
a contact +100 +200 2044 2024 1000
a contact +100 +200 2050 2018 1000
a contact +100 +200 9001 2003 1000
a contact +200 +300 2018 2049 1000
a contact +200 +300 2024 2043 1000
a contact +200 +300 2025 2044 1000
a contact +200 +300 2043 2024 1000
a contact +200 +300 2044 2025 1000
a contact +200 +300 2049 2018 1000
a contact +300 +400 1004 2059 1000
a contact +300 +400 2059 1004 1000
a contact +400 +500 2007 2059 1000
a contact +400 +500 2032 2034 1000
a contact +400 +500 2034 2032 1000
a contact +400 +500 2059 2007 1000
a contact +500 +600 2010 2055 1000
a contact +500 +600 2025 2041 1000
a contact +500 +600 2041 2025 1000
a contact +500 +600 2055 2010 1000
a contact +800 +900 2027 2041 1000
a contact +800 +900 2041 2027 1000
a contact +1700 +1800 2017 2055 1000
a contact +1700 +1800 2021 2059 1000
a contact +1700 +1800 2055 2017 1000
a contact +1700 +1800 2059 2021 1000
a contact +1800 +1900 2009 2042 1000
a contact +1800 +1900 2035 2054 1000
a contact +1800 +1900 2042 2009 1000
a contact +1800 +1900 2054 2035 1000
a contact +2100 +2200 2011 2042 1000
a contact +2100 +2200 2019 2059 1000
a contact +2100 +2200 2042 2011 1000
a contact +2100 +2200 2059 2019 1000
a contact +2500 +2600 2003 2046 1000
a contact +2500 +2600 2046 2003 1000
a contact +3000 +3100 2013 2033 1000
a contact +3000 +3100 2018 2058 1000
a contact +3000 +3100 2033 2013 1000
a contact +3000 +3100 2058 2018 1000
a contact +3100 +3200 1002 2059 1000
a contact +3100 +3200 2059 1002 1000
a contact +3200 +3300 2016 2053 1000
a contact +3200 +3300 2020 2057 1000
a contact +3200 +3300 2053 2016 1000
a contact +3200 +3300 2057 2020 1000
a contact +3400 +3500 2017 2033 1000
a contact +3400 +3500 2033 2017 1000
a contact +3500 +3600 2018 2033 1000
a contact +3500 +3600 2033 2018 1000
a contact +3800 +3900 2015 2026 1000
a contact +3800 +3900 2026 2015 1000
a contact +3900 +4000 2003 2014 1000
a contact +3900 +4000 2014 2003 1000
a contact +4000 +4100 2005 2040 1000
a contact +4000 +4100 2040 2005 1000
a contact +4500 +4600 1003 2023 1000
a contact +4500 +4600 2023 1003 1000
a contact +4700 +4800 2043 2053 1000
a contact +4700 +4800 2053 2043 1000
a contact +4900 +5000 1002 2019 1000
a contact +4900 +5000 2019 1002 1000
a contact +5000 +5100 1004 2016 1000
a contact +5000 +5100 2003 2041 1000
a contact +5000 +5100 2016 1004 1000
a contact +5000 +5100 2041 2003 1000
a contact +5100 +5200 2029 2053 1000
a contact +5100 +5200 2053 2029 1000
a contact +5400 +5500 2053 2054 1000
a contact +5400 +5500 2054 2053 1000
a contact +5600 +5700 2055 2058 1000
a contact +5600 +5700 2058 2055 1000
a contact +5800 +5900 2013 2014 1000
a contact +5800 +5900 2014 2013 1000
a contact +5900 +6000 2011 2014 1000
a contact +5900 +6000 2014 2011 1000
a contact +6100 +6200 2019 2052 1000
a contact +6100 +6200 2028 2045 1000
a contact +6100 +6200 2045 2028 1000
a contact +6100 +6200 2052 2019 1000
a contact +6100 +6300 1001 2026 1000
a contact +6100 +6300 2026 1001 1000
a contact +6700 +6800 2012 2060 1000
a contact +6700 +6800 2060 2012 1000
a contact +6800 +6900 1001 2054 1000
a contact +6800 +6900 2054 1001 1000
a contact +7200 +7300 2008 9001 1000
a contact +7200 +7300 2016 2049 1000
a contact +7200 +7300 2029 2039 1000
a contact +7200 +7300 2039 2029 1000
a contact +7200 +7300 2049 2016 1000
a contact +7200 +7300 9001 2008 1000
a contact +7600 +7700 1002 2046 1000
a contact +7600 +7700 2046 1002 1000
a contact +7700 +7800 2014 2049 1000
a contact +7700 +7800 2049 2014 1000
a contact +7800 +7900 2014 2045 1000
a contact +7800 +7900 2045 2014 1000
a contact +8000 +8100 1002 2028 1000
a contact +8000 +8100 2028 1002 1000
a contact +8200 +8300 2008 2053 1000
a contact +8200 +8300 2053 2008 1000
a contact +8300 +8400 2023 9001 1000
a contact +8300 +8400 9001 2023 1000
a contact +8700 +8800 1004 2028 1000
a contact +8700 +8800 2028 1004 1000
a contact +8800 +8900 2030 2042 1000
a contact +8800 +8900 2042 2030 1000
a contact +9300 +9400 2009 2043 1000
a contact +9300 +9400 2043 2009 1000
a contact +9400 +9500 2012 2043 1000
a contact +9400 +9500 2043 2012 1000
a contact +9700 +9800 2043 2055 1000
a contact +9700 +9800 2055 2043 1000
a contact +9800 +9900 2032 2057 1000
a contact +9800 +9900 2057 2032 1000
a contact +9900 +10000 2050 2055 1000
a contact +9900 +10000 2055 2050 1000
a contact +10200 +10300 2003 2023 1000
a contact +10200 +10300 2023 2003 1000
a contact +10600 +10700 2003 2039 1000
a contact +10600 +10700 2004 2036 1000
a contact +10600 +10700 2036 2004 1000
a contact +10600 +10700 2039 2003 1000
a contact +10800 +10900 2003 2036 1000
a contact +10800 +10900 2036 2003 1000
a contact +11100 +11200 2004 2033 1000
a contact +11100 +11200 2033 2004 1000
a contact +11100 +11200 2051 9001 1000
a contact +11100 +11200 9001 2051 1000
a contact +11300 +11400 2013 2036 1000
a contact +11300 +11400 2036 2013 1000
a contact +11500 +11600 2054 2059 1000
a contact +11500 +11600 2059 2054 1000
a contact +11900 +12000 2031 2048 1000
a contact +11900 +12000 2048 2031 1000
a contact +12100 +12200 2006 2018 1000
a contact +12100 +12200 2018 2006 1000
a contact +12600 +12700 2014 2055 1000
a contact +12600 +12700 2027 2050 1000
a contact +12600 +12700 2050 2027 1000
a contact +12600 +12700 2055 2014 1000
a contact +12900 +13000 2012 2051 1000
a contact +12900 +13000 2051 2012 1000
a contact +13100 +13200 2034 2053 1000
a contact +13100 +13200 2053 2034 1000
a contact +13700 +13800 1004 2013 1000
a contact +13700 +13800 2013 1004 1000
a contact +13900 +14000 2006 2053 1000
a contact +13900 +14000 2053 2006 1000
a contact +14100 +14200 2023 2025 1000
a contact +14100 +14200 2025 2023 1000
a contact +14200 +14300 2007 2051 1000
a contact +14200 +14300 2020 2021 1000
a contact +14200 +14300 2021 2020 1000
a contact +14200 +14300 2051 2007 1000
a contact +14300 +14400 2016 2041 1000
a contact +14300 +14400 2041 2016 1000
a contact +14400 +14500 2030 2057 1000
a contact +14400 +14500 2057 2030 1000
a contact +14700 +14800 2023 2033 1000
a contact +14700 +14800 2033 2023 1000
a contact +14700 +14800 2040 2051 1000
a contact +14700 +14800 2051 2040 1000
a contact +14900 +15000 2034 2049 1000
a contact +14900 +15000 2049 2034 1000
a contact +15200 +15300 2041 2053 1000
a contact +15200 +15300 2053 2041 1000
a contact +15300 +15400 2026 2042 1000
a contact +15300 +15400 2042 2026 1000
a contact +15300 +15400 2043 2053 1000
a contact +15300 +15400 2053 2043 1000
a contact +15400 +15500 2039 2057 1000
a contact +15400 +15500 2057 2039 1000
a contact +15800 +15900 1002 2012 1000
a contact +15800 +15900 2012 1002 1000
a contact +16100 +16200 1001 2020 1000
a contact +16100 +16200 2019 2060 1000
a contact +16100 +16200 2020 1001 1000
a contact +16100 +16200 2060 2019 1000
a contact +16200 +16300 2028 9002 1000
a contact +16200 +16300 9002 2028 1000
a contact +16300 +16400 1002 2020 1000
a contact +16300 +16400 2020 1002 1000
a contact +16400 +16500 1001 2020 1000
a contact +16400 +16500 2006 2009 1000
a contact +16400 +16500 2009 2006 1000
a contact +16400 +16500 2020 1001 1000
a contact +16600 +16700 2008 2037 1000
a contact +16600 +16700 2037 2008 1000
a contact +16800 +16900 2008 2018 1000
a contact +16800 +16900 2018 2008 1000
a contact +16800 +16900 2041 2046 1000
a contact +16800 +16900 2046 2041 1000
a contact +17000 +17200 1004 2044 1000
a contact +17000 +17200 2044 1004 1000
a contact +17900 +18000 2023 2043 1000
a contact +17900 +18000 2043 2023 1000
a contact +19100 +19200 2028 2042 1000
a contact +19100 +19200 2042 2028 1000
a contact +19500 +19600 2022 2059 1000
a contact +19500 +19600 2059 2022 1000
a contact +19600 +19700 2029 2047 1000
a contact +19600 +19700 2047 2029 1000
a contact +19900 +20000 2015 2049 1000
a contact +19900 +20000 2049 2015 1000
a contact +20000 +20100 2039 2051 1000
a contact +20000 +20100 2051 2039 1000
a contact +20200 +20300 2008 2043 1000
a contact +20200 +20300 2043 2008 1000
a contact +20500 +20600 1003 2023 1000
a contact +20500 +20600 2003 2022 1000
a contact +20500 +20600 2021 9002 1000
a contact +20500 +20600 2022 2003 1000
a contact +20500 +20600 2023 1003 1000
a contact +20500 +20600 9002 2021 1000
a contact +20600 +20700 2037 2052 1000
a contact +20600 +20700 2052 2037 1000
a contact +21400 +21500 2002 2036 1000
a contact +21400 +21500 2036 2002 1000
a contact +21600 +21700 2044 2054 1000
a contact +21600 +21700 2054 2044 1000
a contact +22000 +22100 2009 2041 1000
a contact +22000 +22100 2041 2009 1000
a contact +22100 +22200 2045 2059 1000
a contact +22100 +22200 2059 2045 1000
a contact +22600 +22700 2013 2032 1000
a contact +22600 +22700 2032 2013 1000
a contact +22700 +22800 2057 2060 1000
a contact +22700 +22800 2060 2057 1000
a contact +22900 +23000 2044 2060 1000
a contact +22900 +23000 2060 2044 1000
a contact +23100 +23200 2025 2026 1000
a contact +23100 +23200 2026 2025 1000
a contact +23400 +23500 2045 2057 1000
a contact +23400 +23500 2057 2045 1000
a contact +23600 +23700 2005 2021 1000
a contact +23600 +23700 2021 2005 1000
a contact +23900 +24000 2015 2027 1000
a contact +23900 +24000 2027 2015 1000
a contact +24300 +24400 2029 2047 1000
a contact +24300 +24400 2047 2029 1000
a contact +24500 +24600 2013 2059 1000
a contact +24500 +24600 2018 2057 1000
a contact +24500 +24600 2057 2018 1000
a contact +24500 +24600 2059 2013 1000
a contact +24600 +24700 2017 2057 1000
a contact +24600 +24700 2057 2017 1000
a contact +25100 +25200 1003 2034 1000
a contact +25100 +25200 2014 2047 1000
a contact +25100 +25200 2034 1003 1000
a contact +25100 +25200 2047 2014 1000
a contact +25300 +25400 1004 2034 1000
a contact +25300 +25400 2034 1004 1000
a contact +25500 +25600 2011 2060 1000
a contact +25500 +25600 2014 2046 1000
a contact +25500 +25600 2046 2014 1000
a contact +25500 +25600 2060 2011 1000
a contact +25800 +25900 2015 2055 1000
a contact +25800 +25900 2055 2015 1000
a contact +25900 +26000 1004 2035 1000
a contact +25900 +26000 2035 1004 1000
a contact +26000 +26100 2014 2043 1000
a contact +26000 +26100 2043 2014 1000
a contact +26100 +26200 2006 2048 1000
a contact +26100 +26200 2048 2006 1000
a contact +26200 +26300 2019 2036 1000
a contact +26200 +26300 2036 2019 1000
a contact +26400 +26500 2004 2025 1000
a contact +26400 +26500 2025 2004 1000
a contact +26900 +27000 1002 2021 1000
a contact +26900 +27000 2021 1002 1000
a contact +27100 +27200 2020 9002 1000
a contact +27100 +27200 2027 2045 1000
a contact +27100 +27200 2045 2027 1000
a contact +27100 +27200 9002 2020 1000
a contact +27400 +27500 2023 2056 1000
a contact +27400 +27500 2056 2023 1000
a contact +27600 +27700 2013 9002 1000
a contact +27600 +27700 9002 2013 1000
a contact +27700 +27800 2026 2029 1000
a contact +27700 +27800 2029 2026 1000
a contact +27800 +27900 2049 2051 1000
a contact +27800 +27900 2051 2049 1000
a contact +27800 +27900 2058 2060 1000
a contact +27800 +27900 2060 2058 1000
a contact +27900 +28000 2004 2047 1000
a contact +27900 +28000 2047 2004 1000
a contact +28100 +28200 1002 2018 1000
a contact +28100 +28200 2018 1002 1000
a contact +28200 +28300 2008 2024 1000
a contact +28200 +28300 2024 2008 1000
a contact +28500 +28600 2036 2046 1000
a contact +28500 +28600 2046 2036 1000
a contact +28600 +28700 2001 2049 1000
a contact +28600 +28700 2049 2001 1000
a contact +28800 +28900 2011 2021 1000
a contact +28800 +28900 2021 2011 1000
a contact +28900 +29000 2037 2040 1000
a contact +28900 +29000 2040 2037 1000
a contact +29300 +29400 2030 2035 1000
a contact +29300 +29400 2035 2030 1000
a contact +29400 +29500 1004 9003 1000
a contact +29400 +29500 9003 1004 1000
a contact +29500 +29600 2038 2039 1000
a contact +29500 +29600 2039 2038 1000
a contact +29600 +29700 1002 2051 1000
a contact +29600 +29700 1004 9001 1000
a contact +29600 +29700 2051 1002 1000
a contact +29600 +29700 9001 1004 1000
a contact +29700 +29800 1004 9001 1000
a contact +29700 +29800 2008 2023 1000
a contact +29700 +29800 2017 2018 1000
a contact +29700 +29800 2018 2017 1000
a contact +29700 +29800 2021 2022 1000
a contact +29700 +29800 2022 2021 1000
a contact +29700 +29800 2023 2008 1000
a contact +29700 +29800 9001 1004 1000
a contact +29900 +30000 2029 2056 1000
a contact +29900 +30000 2056 2029 1000
a contact +30300 +30400 2029 2050 1000
a contact +30300 +30400 2034 2037 1000
a contact +30300 +30400 2037 2034 1000
a contact +30300 +30400 2050 2029 1000
a contact +30400 +30500 2027 2041 1000
a contact +30400 +30500 2041 2027 1000
a contact +30700 +30800 1004 9001 1000
a contact +30700 +30800 9001 1004 1000
a contact +30800 +30900 2020 2058 1000
a contact +30800 +30900 2028 2050 1000
a contact +30800 +30900 2050 2028 1000
a contact +30800 +30900 2058 2020 1000
a contact +31000 +31100 1002 2047 1000
a contact +31000 +31100 2047 1002 1000
a contact +31100 +31200 2008 2056 1000
a contact +31100 +31200 2024 2040 1000
a contact +31100 +31200 2030 2035 1000
a contact +31100 +31200 2035 2030 1000
a contact +31100 +31200 2040 2024 1000
a contact +31100 +31200 2056 2008 1000
a contact +31300 +31400 2008 2054 1000
a contact +31300 +31400 2054 2008 1000
a contact +31400 +31500 2023 2036 1000
a contact +31400 +31500 2036 2023 1000
a contact +31600 +31700 1004 9001 1000
a contact +31600 +31700 9001 1004 1000
a contact +32000 +32100 1002 2047 1000
a contact +32000 +32100 2041 2058 1000
a contact +32000 +32100 2047 1002 1000
a contact +32000 +32100 2058 2041 1000
a contact +32200 +32300 2014 2039 1000
a contact +32200 +32300 2039 2014 1000
a contact +32300 +32400 2027 2045 1000
a contact +32300 +32400 2045 2027 1000
a contact +32400 +32500 2002 2034 1000
a contact +32400 +32500 2034 2002 1000
a contact +32800 +32900 2023 2028 1000
a contact +32800 +32900 2028 2023 1000
a contact +33200 +33300 1002 2059 1000
a contact +33200 +33300 2059 1002 1000
a contact +33300 +33400 2009 2020 1000
a contact +33300 +33400 2020 2009 1000
a contact +33900 +34000 2044 2058 1000
a contact +33900 +34000 2058 2044 1000
a contact +34000 +34100 1001 2059 1000
a contact +34000 +34100 2008 2019 1000
a contact +34000 +34100 2009 2029 1000
a contact +34000 +34100 2019 2008 1000
a contact +34000 +34100 2029 2009 1000
a contact +34000 +34100 2059 1001 1000
a contact +34100 +34200 1002 2059 1000
a contact +34100 +34200 2059 1002 1000
a contact +34300 +34400 1003 2059 1000
a contact +34300 +34400 2059 1003 1000
a contact +34400 +34500 2008 2009 1000
a contact +34400 +34500 2009 2008 1000
a contact +34800 +34900 2031 2036 1000
a contact +34800 +34900 2036 2031 1000
a contact +35000 +35100 2017 2037 1000
a contact +35000 +35100 2018 2036 1000
a contact +35000 +35100 2036 2018 1000
a contact +35000 +35100 2037 2017 1000
a contact +35000 +35100 2047 9002 1000
a contact +35000 +35100 9002 2047 1000
a contact +35100 +35200 2003 2059 1000
a contact +35100 +35200 2059 2003 1000
a contact +35400 +35500 2018 2048 1000
a contact +35400 +35500 2048 2018 1000
a contact +35600 +35700 2052 2057 1000
a contact +35600 +35700 2057 2052 1000
a contact +36000 +36100 2011 2036 1000
a contact +36000 +36100 2036 2011 1000
a contact +36100 +36200 2011 2053 1000
a contact +36100 +36200 2053 2011 1000
a contact +36500 +36600 2021 2052 1000
a contact +36500 +36600 2052 2021 1000
a contact +36900 +37000 2012 2015 1000
a contact +36900 +37000 2015 2012 1000
a contact +37200 +37300 2013 2048 1000
a contact +37200 +37300 2026 2053 1000
a contact +37200 +37300 2048 2013 1000
a contact +37200 +37300 2053 2026 1000
a contact +37300 +37400 2008 2020 1000
a contact +37300 +37400 2020 2008 1000
a contact +37400 +37500 2011 2035 1000
a contact +37400 +37500 2019 2056 1000
a contact +37400 +37500 2035 2011 1000
a contact +37400 +37500 2056 2019 1000
a contact +37900 +38000 2012 2025 1000
a contact +37900 +38000 2025 2012 1000
a contact +37900 +38000 2028 2053 1000
a contact +37900 +38000 2053 2028 1000
a contact +37900 +38000 2060 9002 1000
a contact +37900 +38000 9002 2060 1000
a contact +38000 +38100 2011 2031 1000
a contact +38000 +38100 2019 2024 1000
a contact +38000 +38100 2024 2019 1000
a contact +38000 +38100 2031 2011 1000
a contact +38400 +38500 2046 9002 1000
a contact +38400 +38500 9002 2046 1000
a contact +38500 +38600 2039 2056 1000
a contact +38500 +38600 2056 2039 1000
a contact +38700 +38800 2014 2037 1000
a contact +38700 +38800 2037 2014 1000
a contact +38800 +38900 2004 2045 1000
a contact +38800 +38900 2045 2004 1000
a contact +39300 +39400 2014 2042 1000
a contact +39300 +39400 2042 2014 1000
a contact +39600 +39700 1001 2044 1000
a contact +39600 +39700 2018 2053 1000
a contact +39600 +39700 2044 1001 1000
a contact +39600 +39700 2053 2018 1000
a contact +39800 +39900 2016 2042 1000
a contact +39800 +39900 2042 2016 1000
a contact +39900 +40000 2002 2005 1000
a contact +39900 +40000 2005 2002 1000
a contact +39900 +40000 2049 2052 1000
a contact +39900 +40000 2052 2049 1000
a contact +40100 +40200 2002 2050 1000
a contact +40100 +40200 2013 2042 1000
a contact +40100 +40200 2026 2052 1000
a contact +40100 +40200 2042 2013 1000
a contact +40100 +40200 2050 2002 1000
a contact +40100 +40200 2052 2026 1000
a contact +40200 +40400 2024 9003 1000
a contact +40200 +40400 9003 2024 1000
a contact +40500 +40600 1004 2044 1000
a contact +40500 +40600 2016 2026 1000
a contact +40500 +40600 2026 2016 1000
a contact +40500 +40600 2044 1004 1000
a contact +40700 +40800 2041 9002 1000
a contact +40700 +40800 9002 2041 1000
a contact +41200 +41300 2004 2059 1000
a contact +41200 +41300 2059 2004 1000
a contact +41300 +41400 2008 2037 1000
a contact +41300 +41400 2011 2023 1000
a contact +41300 +41400 2023 2011 1000
a contact +41300 +41400 2037 2008 1000
a contact +41400 +41500 2011 2057 1000
a contact +41400 +41500 2057 2011 1000
a contact +41700 +41800 2019 2052 1000
a contact +41700 +41800 2052 2019 1000
a contact +41800 +41900 2026 2060 1000
a contact +41800 +41900 2060 2026 1000
a contact +42000 +42100 2009 2022 1000
a contact +42000 +42100 2022 2009 1000
a contact +42000 +42100 2037 2049 1000
a contact +42000 +42100 2049 2037 1000
a contact +42100 +42200 2019 2056 1000
a contact +42100 +42200 2056 2019 1000
a contact +42300 +42400 2035 2060 1000
a contact +42300 +42400 2060 2035 1000
a contact +42700 +42800 2027 2047 1000
a contact +42700 +42800 2035 2053 1000
a contact +42700 +42800 2047 2027 1000
a contact +42700 +42800 2053 2035 1000
a contact +43000 +43100 2010 2041 1000
a contact +43000 +43100 2041 2010 1000
a contact +43200 +43300 2007 2034 1000
a contact +43200 +43300 2034 2007 1000
a contact +43200 +43300 2037 2055 1000
a contact +43200 +43300 2055 2037 1000
a contact +43300 +43400 2023 2051 1000
a contact +43300 +43400 2051 2023 1000
a contact +43500 +43600 2037 2050 1000
a contact +43500 +43600 2050 2037 1000
a contact +43600 +43700 2033 2048 1000
a contact +43600 +43700 2048 2033 1000
a contact +43900 +44000 2035 2047 1000
a contact +43900 +44000 2047 2035 1000
a contact +44200 +44300 2041 2051 1000
a contact +44200 +44300 2051 2041 1000
a contact +44300 +44400 2030 2035 1000
a contact +44300 +44400 2035 2030 1000
a contact +44500 +44600 2017 2037 1000
a contact +44500 +44600 2037 2017 1000
a contact +44500 +44600 2050 2052 1000
a contact +44500 +44600 2052 2050 1000
a contact +44900 +45000 2020 2034 1000
a contact +44900 +45000 2034 2020 1000
a contact +45600 +45700 2020 2046 1000
a contact +45600 +45700 2046 2020 1000
a contact +46000 +46100 2010 2026 1000
a contact +46000 +46100 2026 2010 1000
a contact +46300 +46400 1002 2027 1000
a contact +46300 +46400 2027 1002 1000
a contact +46500 +46600 2011 2059 1000
a contact +46500 +46600 2059 2011 1000
a contact +46600 +46700 2037 2049 1000
a contact +46600 +46700 2049 2037 1000
a contact +46700 +46800 2001 2017 1000
a contact +46700 +46800 2012 9003 1000
a contact +46700 +46800 2017 2001 1000
a contact +46700 +46800 9003 2012 1000
a contact +46900 +47000 2015 2059 1000
a contact +46900 +47000 2019 9003 1000
a contact +46900 +47000 2059 2015 1000
a contact +46900 +47000 9003 2019 1000
a contact +47200 +47300 2014 2060 1000
a contact +47200 +47300 2060 2014 1000
a contact +47300 +47400 2016 2050 1000
a contact +47300 +47400 2020 2054 1000
a contact +47300 +47400 2050 2016 1000
a contact +47300 +47400 2054 2020 1000
a contact +47600 +47700 2018 2056 1000
a contact +47600 +47700 2056 2018 1000
a contact +47800 +47900 2014 2042 1000
a contact +47800 +47900 2042 2014 1000
a contact +48000 +48100 2027 2059 1000
a contact +48000 +48100 2059 2027 1000
a contact +48100 +48200 2017 2048 1000
a contact +48100 +48200 2048 2017 1000
a contact +48700 +48800 2005 2032 1000
a contact +48700 +48800 2032 2005 1000
a contact +49100 +49200 2030 2043 1000
a contact +49100 +49200 2043 2030 1000
a contact +49300 +49400 2049 2060 1000
a contact +49300 +49400 2060 2049 1000
a contact +49400 +49500 2006 2043 1000
a contact +49400 +49500 2043 2006 1000
a contact +49700 +49800 2013 2049 1000
a contact +49700 +49800 2049 2013 1000
a contact +50200 +50300 2044 2054 1000
a contact +50200 +50300 2054 2044 1000
a contact +50400 +50500 2004 2015 1000
a contact +50400 +50500 2015 2004 1000
a contact +50400 +50500 2052 2055 1000
a contact +50400 +50500 2055 2052 1000
a contact +50500 +50600 2033 2049 1000
a contact +50500 +50600 2049 2033 1000
a contact +51100 +51200 2010 2057 1000
a contact +51100 +51200 2057 2010 1000
a contact +51200 +51300 2006 2024 1000
a contact +51200 +51300 2024 2006 1000
a contact +51400 +51500 2002 2060 1000
a contact +51400 +51500 2011 2026 1000
a contact +51400 +51500 2026 2011 1000
a contact +51400 +51500 2060 2002 1000
a contact +51700 +51800 2058 9003 1000
a contact +51700 +51800 9003 2058 1000
a contact +52000 +52100 2025 9003 1000
a contact +52000 +52100 9003 2025 1000
a contact +52700 +52800 2007 2059 1000
a contact +52700 +52800 2059 2007 1000
a contact +52900 +53000 1004 9002 1000
a contact +52900 +53000 9002 1004 1000
a contact +53000 +53100 2013 2033 1000
a contact +53000 +53100 2033 2013 1000
a contact +53200 +53300 2016 2046 1000
a contact +53200 +53300 2046 2016 1000
a contact +53600 +53700 1004 9002 1000
a contact +53600 +53700 2037 9001 1000
a contact +53600 +53700 9001 2037 1000
a contact +53600 +53700 9002 1004 1000
a contact +53700 +53800 2001 2055 1000
a contact +53700 +53800 2055 2001 1000
a contact +53900 +54000 2028 2039 1000
a contact +53900 +54000 2039 2028 1000
a contact +54000 +54100 2009 2011 1000
a contact +54000 +54100 2011 2009 1000
a contact +54300 +54400 2017 2045 1000
a contact +54300 +54400 2045 2017 1000
a contact +54600 +54700 2005 2031 1000
a contact +54600 +54700 2031 2005 1000
a contact +54900 +55000 1004 9002 1000
a contact +54900 +55000 9002 1004 1000
a contact +55200 +55300 2046 2057 1000
a contact +55200 +55300 2057 2046 1000
a contact +55300 +55400 2011 2021 1000
a contact +55300 +55400 2021 2011 1000
a contact +55600 +55700 2015 2039 1000
a contact +55600 +55700 2039 2015 1000
a contact +56000 +56100 2017 2019 1000
a contact +56000 +56100 2019 2017 1000
a contact +56700 +56800 2011 2054 1000
a contact +56700 +56800 2020 2033 1000
a contact +56700 +56800 2033 2020 1000
a contact +56700 +56800 2054 2011 1000
a contact +56800 +56900 2020 2045 1000
a contact +56800 +56900 2045 2020 1000
a contact +56900 +57000 2009 2050 1000
a contact +56900 +57000 2050 2009 1000
a contact +57000 +57100 2006 2048 1000
a contact +57000 +57100 2016 2057 1000
a contact +57000 +57100 2048 2006 1000
a contact +57000 +57100 2057 2016 1000
a contact +57100 +57200 1001 2056 1000
a contact +57100 +57200 2056 1001 1000
a contact +57200 +57300 2020 2025 1000
a contact +57200 +57300 2025 2020 1000
a contact +57300 +57400 2004 2055 1000
a contact +57300 +57400 2055 2004 1000
a contact +57600 +57700 2022 2034 1000
a contact +57600 +57700 2034 2022 1000
a contact +58200 +58300 2003 2060 1000
a contact +58200 +58300 2060 2003 1000
a contact +58300 +58400 2006 2020 1000
a contact +58300 +58400 2020 2006 1000
a contact +58400 +58500 2059 9001 1000
a contact +58400 +58500 9001 2059 1000
a contact +58700 +58800 2015 2032 1000
a contact +58700 +58800 2032 2015 1000
a contact +58900 +59000 2007 2025 1000
a contact +58900 +59000 2025 2007 1000
a contact +59000 +59100 1004 2056 1000
a contact +59000 +59100 2056 1004 1000
a contact +59100 +59200 1003 9002 1000
a contact +59100 +59200 9002 1003 1000
a contact +59200 +59300 2029 2048 1000
a contact +59200 +59300 2031 2034 1000
a contact +59200 +59300 2034 2031 1000
a contact +59200 +59300 2048 2029 1000
a contact +59300 +59400 2006 2009 1000
a contact +59300 +59400 2007 2039 1000
a contact +59300 +59400 2009 2006 1000
a contact +59300 +59400 2028 2029 1000
a contact +59300 +59400 2029 2028 1000
a contact +59300 +59400 2039 2007 1000
a contact +59600 +59700 2009 2024 1000
a contact +59600 +59700 2015 2025 1000
a contact +59600 +59700 2016 2034 1000
a contact +59600 +59700 2024 2009 1000
a contact +59600 +59700 2025 2015 1000
a contact +59600 +59700 2034 2016 1000
a contact +59800 +59900 2027 2040 1000
a contact +59800 +59900 2040 2027 1000
a contact +59800 +59900 2045 2046 1000
a contact +59800 +59900 2046 2045 1000
a contact +59900 +60000 2008 2034 1000
a contact +59900 +60000 2034 2008 1000
a contact +60000 +60100 1001 2056 1000
a contact +60000 +60100 1003 9002 1000
a contact +60000 +60100 2056 1001 1000
a contact +60000 +60100 9002 1003 1000
a contact +60400 +60500 2007 2009 1000
a contact +60400 +60500 2009 2007 1000
a contact +60800 +60900 1001 2056 1000
a contact +60800 +60900 1003 9002 1000
a contact +60800 +60900 2056 1001 1000
a contact +60800 +60900 9002 1003 1000
a contact +60900 +61000 2013 2032 1000
a contact +60900 +61000 2032 2013 1000
a contact +61200 +61300 1002 2056 1000
a contact +61200 +61300 2004 2055 1000
a contact +61200 +61300 2055 2004 1000
a contact +61200 +61300 2056 1002 1000
a contact +61700 +61800 2002 2042 1000
a contact +61700 +61800 2003 2055 1000
a contact +61700 +61800 2042 2002 1000
a contact +61700 +61800 2055 2003 1000
a contact +62000 +62100 2003 2042 1000
a contact +62000 +62100 2042 2003 1000
a contact +62300 +62400 2001 2041 1000
a contact +62300 +62400 2023 2043 1000
a contact +62300 +62400 2041 2001 1000
a contact +62300 +62400 2043 2023 1000
a contact +62500 +62600 2026 2043 1000
a contact +62500 +62600 2043 2026 1000
a contact +62800 +62900 2006 2016 1000
a contact +62800 +62900 2016 2006 1000
a contact +62800 +62900 2019 2029 1000
a contact +62800 +62900 2029 2019 1000
a contact +62900 +63000 2002 2060 1000
a contact +62900 +63000 2060 2002 1000
a contact +63200 +63300 2006 2019 1000
a contact +63200 +63300 2019 2006 1000
a contact +63400 +63500 2032 2046 1000
a contact +63400 +63500 2036 2050 1000
a contact +63400 +63500 2046 2032 1000
a contact +63400 +63500 2050 2036 1000
a contact +63700 +63800 2016 2026 1000
a contact +63700 +63800 2026 2016 1000
a contact +63800 +63900 2012 2025 1000
a contact +63800 +63900 2025 2012 1000
a contact +64400 +64500 2027 2043 1000
a contact +64400 +64500 2043 2027 1000
a contact +64800 +64900 2011 2050 1000
a contact +64800 +64900 2050 2011 1000
a contact +65200 +65300 2021 2053 1000
a contact +65200 +65300 2053 2021 1000
a contact +65600 +65700 2002 2041 1000
a contact +65600 +65700 2041 2002 1000
a contact +65700 +65800 2017 2019 1000
a contact +65700 +65800 2019 2017 1000
a contact +65800 +65900 2021 2049 1000
a contact +65800 +65900 2034 2046 1000
a contact +65800 +65900 2046 2034 1000
a contact +65800 +65900 2049 2021 1000
a contact +66000 +66100 2042 2058 1000
a contact +66000 +66100 2058 2042 1000
a contact +66400 +66500 2020 2034 1000
a contact +66400 +66500 2034 2020 1000
a contact +66600 +66700 2019 2054 1000
a contact +66600 +66700 2054 2019 1000
a contact +66700 +66800 2031 2047 1000
a contact +66700 +66800 2047 2031 1000
a contact +66900 +67000 2006 2047 1000
a contact +66900 +67000 2047 2006 1000
a contact +67200 +67300 2003 2048 1000
a contact +67200 +67300 2048 2003 1000
a contact +67300 +67400 2020 2047 1000
a contact +67300 +67400 2032 2033 1000
a contact +67300 +67400 2033 2032 1000
a contact +67300 +67400 2047 2020 1000
a contact +67400 +67500 1004 2056 1000
a contact +67400 +67500 2056 1004 1000
a contact +67600 +67700 1001 2056 1000
a contact +67600 +67700 2056 1001 1000
a contact +67800 +67900 1003 2055 1000
a contact +67800 +67900 2038 2057 1000
a contact +67800 +67900 2055 1003 1000
a contact +67800 +67900 2057 2038 1000
a contact +68200 +68300 2040 2053 1000
a contact +68200 +68300 2053 2040 1000
a contact +68300 +68400 2047 2049 1000
a contact +68300 +68400 2049 2047 1000
a contact +68500 +68600 1002 2055 1000
a contact +68500 +68600 2005 2043 1000
a contact +68500 +68600 2043 2005 1000
a contact +68500 +68600 2055 1002 1000
a contact +68600 +68700 1003 2055 1000
a contact +68600 +68700 2055 1003 1000
a contact +68900 +69000 2006 2009 1000
a contact +68900 +69000 2009 2006 1000
a contact +69000 +69100 1003 2059 1000
a contact +69000 +69100 2024 2029 1000
a contact +69000 +69100 2029 2024 1000
a contact +69000 +69100 2059 1003 1000
a contact +69500 +69600 2007 2008 1000
a contact +69500 +69600 2008 2007 1000
a contact +69600 +69700 1002 2056 1000
a contact +69600 +69700 2056 1002 1000
a contact +69800 +69900 2030 2047 1000
a contact +69800 +69900 2047 2030 1000
a contact +69900 +70000 2011 2049 1000
a contact +69900 +70000 2049 2011 1000
a contact +70000 +70100 2004 2038 1000
a contact +70000 +70100 2006 2040 1000
a contact +70000 +70100 2038 2004 1000
a contact +70000 +70100 2040 2006 1000
a contact +70200 +70300 1001 2055 1000
a contact +70200 +70300 2055 1001 1000
a contact +70300 +70400 2001 2048 1000
a contact +70300 +70400 2048 2001 1000
a contact +70400 +70500 2008 2045 1000
a contact +70400 +70500 2018 2020 1000
a contact +70400 +70500 2020 2018 1000
a contact +70400 +70500 2045 2008 1000
a contact +70600 +70700 2003 2048 1000
a contact +70600 +70700 2048 2003 1000
a contact +70900 +71000 1004 2056 1000
a contact +70900 +71000 2006 2039 1000
a contact +70900 +71000 2039 2006 1000
a contact +70900 +71000 2056 1004 1000
a contact +71300 +71400 2020 2030 1000
a contact +71300 +71400 2030 2020 1000
a contact +71700 +71800 2017 2051 1000
a contact +71700 +71800 2046 9003 1000
a contact +71700 +71800 2051 2017 1000
a contact +71700 +71800 9003 2046 1000
a contact +72000 +72100 2006 2017 1000
a contact +72000 +72100 2011 2053 1000
a contact +72000 +72100 2017 2006 1000
a contact +72000 +72100 2053 2011 1000
a contact +72300 +72400 2005 2017 1000
a contact +72300 +72400 2017 2005 1000
a contact +72400 +72500 1004 2056 1000
a contact +72400 +72500 2056 1004 1000
a contact +72600 +72700 2016 2034 1000
a contact +72600 +72700 2034 2016 1000
a contact +72700 +72800 2039 2042 1000
a contact +72700 +72800 2042 2039 1000
a contact +73000 +73100 2005 2058 1000
a contact +73000 +73100 2058 2005 1000
a contact +73100 +73200 2029 2057 1000
a contact +73100 +73200 2057 2029 1000
a contact +73200 +73400 1001 2056 1000
a contact +73200 +73400 2056 1001 1000
a contact +73500 +73600 2011 2051 1000
a contact +73500 +73600 2051 2011 1000
a contact +73600 +73700 1003 2060 1000
a contact +73600 +73700 2060 1003 1000
a contact +73700 +73800 1003 2056 1000
a contact +73700 +73800 2015 9001 1000
a contact +73700 +73800 2056 1003 1000
a contact +73700 +73800 9001 2015 1000
a contact +73800 +73900 1004 2060 1000
a contact +73800 +73900 2028 2058 1000
a contact +73800 +73900 2058 2028 1000
a contact +73800 +73900 2060 1004 1000
a contact +74000 +74100 2042 2057 1000
a contact +74000 +74100 2057 2042 1000
a contact +74300 +74400 1004 2056 1000
a contact +74300 +74400 2056 1004 1000
a contact +74500 +74600 2005 2037 1000
a contact +74500 +74600 2008 2042 1000
a contact +74500 +74600 2009 2041 1000
a contact +74500 +74600 2021 2053 1000
a contact +74500 +74600 2037 2005 1000
a contact +74500 +74600 2041 2009 1000
a contact +74500 +74600 2042 2008 1000
a contact +74500 +74600 2053 2021 1000
a contact +74600 +74700 1003 2060 1000
a contact +74600 +74700 2060 1003 1000
a contact +74700 +74800 2011 2037 1000
a contact +74700 +74800 2037 2011 1000
a contact +74800 +74900 1004 2060 1000
a contact +74800 +74900 2039 2049 1000
a contact +74800 +74900 2049 2039 1000
a contact +74800 +74900 2060 1004 1000
a contact +75000 +75100 1002 2060 1000
a contact +75000 +75100 2060 1002 1000
a contact +75200 +75300 2004 2040 1000
a contact +75200 +75300 2040 2004 1000
a contact +75500 +75600 2018 2020 1000
a contact +75500 +75600 2020 2018 1000
a contact +76400 +76500 2006 2032 1000
a contact +76400 +76500 2032 2006 1000
a contact +76600 +76700 2010 2021 1000
a contact +76600 +76700 2021 2010 1000
a contact +76700 +76800 2029 2051 1000
a contact +76700 +76800 2051 2029 1000
a contact +77000 +77100 2039 2053 1000
a contact +77000 +77100 2053 2039 1000
a contact +77100 +77200 2006 2037 1000
a contact +77100 +77200 2037 2006 1000
a contact +77600 +77700 2006 2043 1000
a contact +77600 +77700 2021 2032 1000
a contact +77600 +77700 2032 2021 1000
a contact +77600 +77700 2043 2006 1000
a contact +78200 +78300 2013 2042 1000
a contact +78200 +78300 2042 2013 1000
a contact +78300 +78400 2030 2057 1000
a contact +78300 +78400 2057 2030 1000
a contact +78500 +78600 2053 2054 1000
a contact +78500 +78600 2054 2053 1000
a contact +78700 +78800 1002 2019 1000
a contact +78700 +78800 2019 1002 1000
a contact +78800 +78900 2045 2058 1000
a contact +78800 +78900 2058 2045 1000
a contact +78900 +79000 2005 2041 1000
a contact +78900 +79000 2012 2014 1000
a contact +78900 +79000 2014 2012 1000
a contact +78900 +79000 2041 2005 1000
a contact +78900 +79000 2060 9001 1000
a contact +78900 +79000 9001 2060 1000
a contact +79200 +79300 2010 2043 1000
a contact +79200 +79300 2043 2010 1000
a contact +79500 +79600 2031 2059 1000
a contact +79500 +79600 2059 2031 1000
a contact +79800 +79900 2012 2045 1000
a contact +79800 +79900 2021 9001 1000
a contact +79800 +79900 2045 2012 1000
a contact +79800 +79900 9001 2021 1000
a contact +79900 +80000 2010 2049 1000
a contact +79900 +80000 2011 2037 1000
a contact +79900 +80000 2037 2011 1000
a contact +79900 +80000 2049 2010 1000
a contact +80000 +80100 2010 2028 1000
a contact +80000 +80100 2028 2010 1000
a contact +80100 +80200 2009 2037 1000
a contact +80100 +80200 2037 2009 1000
a contact +80200 +80300 2012 2032 1000
a contact +80200 +80300 2032 2012 1000
a contact +80200 +80300 2039 2044 1000
a contact +80200 +80300 2044 2039 1000
a contact +80300 +80400 1002 2019 1000
a contact +80300 +80400 2019 1002 1000
a contact +80400 +80500 1004 2019 1000
a contact +80400 +80500 2019 1004 1000
a contact +80500 +80600 2001 2026 1000
a contact +80500 +80600 2026 2001 1000
a contact +81300 +81400 2018 2038 1000
a contact +81300 +81400 2032 2057 1000
a contact +81300 +81400 2038 2018 1000
a contact +81300 +81400 2057 2032 1000
a contact +81500 +81600 2027 2043 1000
a contact +81500 +81600 2043 2027 1000
a contact +82000 +82100 1001 2019 1000
a contact +82000 +82100 2019 1001 1000
a contact +82000 +82100 2027 2041 1000
a contact +82000 +82100 2041 2027 1000
a contact +82700 +82800 1001 2019 1000
a contact +82700 +82800 2019 1001 1000
a contact +83300 +83400 1002 2019 1000
a contact +83300 +83400 2019 1002 1000
a contact +83500 +83600 2041 2053 1000
a contact +83500 +83600 2053 2041 1000
a contact +83600 +83700 2027 2045 1000
a contact +83600 +83700 2045 2027 1000
a contact +83700 +83800 2035 2048 1000
a contact +83700 +83800 2048 2035 1000
a contact +83900 +84000 2033 2058 1000
a contact +83900 +84000 2043 2053 1000
a contact +83900 +84000 2053 2043 1000
a contact +83900 +84000 2058 2033 1000
a contact +84100 +84200 1002 2019 1000
a contact +84100 +84200 2003 2008 1000
a contact +84100 +84200 2008 2003 1000
a contact +84100 +84200 2019 1002 1000
a contact +84300 +84400 2017 2044 1000
a contact +84300 +84400 2044 2017 1000
a contact +84400 +84500 2038 2058 1000
a contact +84400 +84500 2058 2038 1000
a contact +84700 +84800 1004 2019 1000
a contact +84700 +84800 2019 1004 1000
a contact +85000 +85100 2018 2056 1000
a contact +85000 +85100 2056 2018 1000
a contact +85800 +85900 2016 2031 1000
a contact +85800 +85900 2031 2016 1000
a contact +85900 +86000 2036 9002 1000
a contact +85900 +86000 9002 2036 1000

a range +100 +200 2003 9001 1102.342
a range +100 +200 2018 2050 0.0146
a range +100 +200 2023 2043 0.043
a range +100 +200 2024 2044 0.043
a range +100 +200 2043 2023 0.043
a range +100 +200 2044 2024 0.043
a range +100 +200 2050 2018 0.0146
a range +100 +200 9001 2003 1102.342
a range +200 +300 2018 2049 0.0133
a range +200 +300 2024 2043 0.0339
a range +200 +300 2025 2044 0.0334
a range +200 +300 2043 2024 0.0339
a range +200 +300 2044 2025 0.0334
a range +200 +300 2049 2018 0.0133
a range +300 +400 1004 2059 1102.0171
a range +300 +400 2059 1004 1102.0171
a range +400 +500 2007 2059 0.0435
a range +400 +500 2032 2034 0.0198
a range +400 +500 2034 2032 0.0198
a range +400 +500 2059 2007 0.0435
a range +500 +600 2010 2055 0.0432
a range +500 +600 2025 2041 0.0134
a range +500 +600 2041 2025 0.0134
a range +500 +600 2055 2010 0.0432
a range +800 +900 2027 2041 0.0096
a range +800 +900 2041 2027 0.0096
a range +1700 +1800 2017 2055 0.0434
a range +1700 +1800 2021 2059 0.0434
a range +1700 +1800 2055 2017 0.0434
a range +1700 +1800 2059 2021 0.0434
a range +1800 +1900 2009 2042 0.0269
a range +1800 +1900 2035 2054 0.0373
a range +1800 +1900 2042 2009 0.0269
a range +1800 +1900 2054 2035 0.0373
a range +2100 +2200 2011 2042 0.0083
a range +2100 +2200 2019 2059 0.0431
a range +2100 +2200 2042 2011 0.0083
a range +2100 +2200 2059 2019 0.0431
a range +2500 +2600 2003 2046 0.0433
a range +2500 +2600 2046 2003 0.0433
a range +3000 +3100 2013 2033 0.0433
a range +3000 +3100 2018 2058 0.0433
a range +3000 +3100 2033 2013 0.0433
a range +3000 +3100 2058 2018 0.0433
a range +3100 +3200 1002 2059 1102.4614
a range +3100 +3200 2059 1002 1102.4614
a range +3200 +3300 2016 2053 0.043
a range +3200 +3300 2020 2057 0.043
a range +3200 +3300 2053 2016 0.043
a range +3200 +3300 2057 2020 0.043
a range +3400 +3500 2017 2033 0.0158
a range +3400 +3500 2033 2017 0.0158
a range +3500 +3600 2018 2033 0.0096
a range +3500 +3600 2033 2018 0.0096
a range +3800 +3900 2015 2026 0.0345
a range +3800 +3900 2026 2015 0.0345
a range +3900 +4000 2003 2014 0.0361
a range +3900 +4000 2014 2003 0.0361
a range +4000 +4100 2005 2040 0.0432
a range +4000 +4100 2040 2005 0.0432
a range +4500 +4600 1003 2023 1102.1904
a range +4500 +4600 2023 1003 1102.1904
a range +4700 +4800 2043 2053 0.043
a range +4700 +4800 2053 2043 0.043
a range +4900 +5000 1002 2019 1102.3783
a range +4900 +5000 2019 1002 1102.3783
a range +5000 +5100 1004 2016 1102.0118
a range +5000 +5100 2003 2041 0.0431
a range +5000 +5100 2016 1004 1102.0118
a range +5000 +5100 2041 2003 0.0431
a range +5100 +5200 2029 2053 0.0434
a range +5100 +5200 2053 2029 0.0434
a range +5400 +5500 2053 2054 0.0101
a range +5400 +5500 2054 2053 0.0101
a range +5600 +5700 2055 2058 0.0285
a range +5600 +5700 2058 2055 0.0285
a range +5800 +5900 2013 2014 0.0101
a range +5800 +5900 2014 2013 0.0101
a range +5900 +6000 2011 2014 0.0285
a range +5900 +6000 2014 2011 0.0285
a range +6100 +6200 2019 2052 0.0261
a range +6100 +6200 2028 2045 0.0235
a range +6100 +6200 2045 2028 0.0235
a range +6100 +6200 2052 2019 0.0261
a range +6100 +6300 1001 2026 1102.0133
a range +6100 +6300 2026 1001 1102.0133
a range +6700 +6800 2012 2060 0.043
a range +6700 +6800 2060 2012 0.043
a range +6800 +6900 1001 2054 1102.6884
a range +6800 +6900 2054 1001 1102.6884
a range +7200 +7300 2008 9001 1102.3356
a range +7200 +7300 2016 2049 0.031
a range +7200 +7300 2029 2039 0.043
a range +7200 +7300 2039 2029 0.043
a range +7200 +7300 2049 2016 0.031
a range +7200 +7300 9001 2008 1102.3356
a range +7600 +7700 1002 2046 1102.4677
a range +7600 +7700 2046 1002 1102.4677
a range +7700 +7800 2014 2049 0.0433
a range +7700 +7800 2049 2014 0.0433
a range +7800 +7900 2014 2045 0.0319
a range +7800 +7900 2045 2014 0.0319
a range +8000 +8100 1002 2028 1102.4507
a range +8000 +8100 2028 1002 1102.4507
a range +8200 +8300 2008 2053 0.0431
a range +8200 +8300 2053 2008 0.0431
a range +8300 +8400 2023 9001 1102.1438
a range +8300 +8400 9001 2023 1102.1438
a range +8700 +8800 1004 2028 1102.6041
a range +8700 +8800 2028 1004 1102.6041
a range +8800 +8900 2030 2042 0.029
a range +8800 +8900 2042 2030 0.029
a range +9300 +9400 2009 2043 0.0279
a range +9300 +9400 2043 2009 0.0279
a range +9400 +9500 2012 2043 0.0123
a range +9400 +9500 2043 2012 0.0123
a range +9700 +9800 2043 2055 0.0265
a range +9700 +9800 2055 2043 0.0265
a range +9800 +9900 2032 2057 0.043
a range +9800 +9900 2057 2032 0.043
a range +9900 +10000 2050 2055 0.0421
a range +9900 +10000 2055 2050 0.0421
a range +10200 +10300 2003 2023 0.043
a range +10200 +10300 2023 2003 0.043
a range +10600 +10700 2003 2039 0.043
a range +10600 +10700 2004 2036 0.0172
a range +10600 +10700 2036 2004 0.0172
a range +10600 +10700 2039 2003 0.043
a range +10800 +10900 2003 2036 0.0204
a range +10800 +10900 2036 2003 0.0204
a range +11100 +11200 2004 2033 0.0133
a range +11100 +11200 2033 2004 0.0133
a range +11100 +11200 2051 9001 1102.3406
a range +11100 +11200 9001 2051 1102.3406
a range +11300 +11400 2013 2036 0.0432
a range +11300 +11400 2036 2013 0.0432
a range +11500 +11600 2054 2059 0.0421
a range +11500 +11600 2059 2054 0.0421
a range +11900 +12000 2031 2048 0.0238
a range +11900 +12000 2048 2031 0.0238
a range +12100 +12200 2006 2018 0.0264
a range +12100 +12200 2018 2006 0.0264
a range +12600 +12700 2014 2055 0.0433
a range +12600 +12700 2027 2050 0.0434
a range +12600 +12700 2050 2027 0.0434
a range +12600 +12700 2055 2014 0.0433
a range +12900 +13000 2012 2051 0.0431
a range +12900 +13000 2051 2012 0.0431
a range +13100 +13200 2034 2053 0.0355
a range +13100 +13200 2053 2034 0.0355
a range +13700 +13800 1004 2013 1102.9158
a range +13700 +13800 2013 1004 1102.9158
a range +13900 +14000 2006 2053 0.0434
a range +13900 +14000 2053 2006 0.0434
a range +14100 +14200 2023 2025 0.0198
a range +14100 +14200 2025 2023 0.0198
a range +14200 +14300 2007 2051 0.0432
a range +14200 +14300 2020 2021 0.0101
a range +14200 +14300 2021 2020 0.0101
a range +14200 +14300 2051 2007 0.0432
a range +14300 +14400 2016 2041 0.043
a range +14300 +14400 2041 2016 0.043
a range +14400 +14500 2030 2057 0.0302
a range +14400 +14500 2057 2030 0.0302
a range +14700 +14800 2023 2033 0.043
a range +14700 +14800 2033 2023 0.043
a range +14700 +14800 2040 2051 0.0382
a range +14700 +14800 2051 2040 0.0382
a range +14900 +15000 2034 2049 0.0023
a range +14900 +15000 2049 2034 0.0023
a range +15200 +15300 2041 2053 0.0305
a range +15200 +15300 2053 2041 0.0305
a range +15300 +15400 2026 2042 0.0096
a range +15300 +15400 2042 2026 0.0096
a range +15300 +15400 2043 2053 0.043
a range +15300 +15400 2053 2043 0.043
a range +15400 +15500 2039 2057 0.0281
a range +15400 +15500 2057 2039 0.0281
a range +15800 +15900 1002 2012 1102.4538
a range +15800 +15900 2012 1002 1102.4538
a range +16100 +16200 1001 2020 1102.6689
a range +16100 +16200 2019 2060 0.038
a range +16100 +16200 2020 1001 1102.6689
a range +16100 +16200 2060 2019 0.038
a range +16200 +16300 2028 9002 1102.618
a range +16200 +16300 9002 2028 1102.618
a range +16300 +16400 1002 2020 1102.4781
a range +16300 +16400 2020 1002 1102.4781
a range +16400 +16500 1001 2020 1102.6689
a range +16400 +16500 2006 2009 0.0285
a range +16400 +16500 2009 2006 0.0285
a range +16400 +16500 2020 1001 1102.6689
a range +16600 +16700 2008 2037 0.0342
a range +16600 +16700 2037 2008 0.0342
a range +16800 +16900 2008 2018 0.043
a range +16800 +16900 2018 2008 0.043
a range +16800 +16900 2041 2046 0.043
a range +16800 +16900 2046 2041 0.043
a range +17000 +17200 1004 2044 1102.568
a range +17000 +17200 2044 1004 1102.568
a range +17900 +18000 2023 2043 0.043
a range +17900 +18000 2043 2023 0.043
a range +19100 +19200 2028 2042 0.0108
a range +19100 +19200 2042 2028 0.0108
a range +19500 +19600 2022 2059 0.0433
a range +19500 +19600 2059 2022 0.0433
a range +19600 +19700 2029 2047 0.0398
a range +19600 +19700 2047 2029 0.0398
a range +19900 +20000 2015 2049 0.0435
a range +19900 +20000 2049 2015 0.0435
a range +20000 +20100 2039 2051 0.032
a range +20000 +20100 2051 2039 0.032
a range +20200 +20300 2008 2043 0.0432
a range +20200 +20300 2043 2008 0.0432
a range +20500 +20600 1003 2023 1102.8532
a range +20500 +20600 2003 2022 0.0338
a range +20500 +20600 2021 9002 1102.9644
a range +20500 +20600 2022 2003 0.0338
a range +20500 +20600 2023 1003 1102.8532
a range +20500 +20600 9002 2021 1102.9644
a range +20600 +20700 2037 2052 0.0168
a range +20600 +20700 2052 2037 0.0168
a range +21400 +21500 2002 2036 0.0259
a range +21400 +21500 2036 2002 0.0259
a range +21600 +21700 2044 2054 0.043
a range +21600 +21700 2054 2044 0.043
a range +22000 +22100 2009 2041 0.0273
a range +22000 +22100 2041 2009 0.0273
a range +22100 +22200 2045 2059 0.0192
a range +22100 +22200 2059 2045 0.0192
a range +22600 +22700 2013 2032 0.0421
a range +22600 +22700 2032 2013 0.0421
a range +22700 +22800 2057 2060 0.0285
a range +22700 +22800 2060 2057 0.0285
a range +22900 +23000 2044 2060 0.0192
a range +22900 +23000 2060 2044 0.0192
a range +23100 +23200 2025 2026 0.0101
a range +23100 +23200 2026 2025 0.0101
a range +23400 +23500 2045 2057 0.029
a range +23400 +23500 2057 2045 0.029
a range +23600 +23700 2005 2021 0.0129
a range +23600 +23700 2021 2005 0.0129
a range +23900 +24000 2015 2027 0.029
a range +23900 +24000 2027 2015 0.029
a range +24300 +24400 2029 2047 0.0398
a range +24300 +24400 2047 2029 0.0398
a range +24500 +24600 2013 2059 0.043
a range +24500 +24600 2018 2057 0.0431
a range +24500 +24600 2057 2018 0.0431
a range +24500 +24600 2059 2013 0.043
a range +24600 +24700 2017 2057 0.0432
a range +24600 +24700 2057 2017 0.0432
a range +25100 +25200 1003 2034 1103.1405
a range +25100 +25200 2014 2047 0.0433
a range +25100 +25200 2034 1003 1103.1405
a range +25100 +25200 2047 2014 0.0433
a range +25300 +25400 1004 2034 1102.9102
a range +25300 +25400 2034 1004 1102.9102
a range +25500 +25600 2011 2060 0.0434
a range +25500 +25600 2014 2046 0.0434
a range +25500 +25600 2046 2014 0.0434
a range +25500 +25600 2060 2011 0.0434
a range +25800 +25900 2015 2055 0.0434
a range +25800 +25900 2055 2015 0.0434
a range +25900 +26000 1004 2035 1102.9192
a range +25900 +26000 2035 1004 1102.9192
a range +26000 +26100 2014 2043 0.0236
a range +26000 +26100 2043 2014 0.0236
a range +26100 +26200 2006 2048 0.0433
a range +26100 +26200 2048 2006 0.0433
a range +26200 +26300 2019 2036 0.019
a range +26200 +26300 2036 2019 0.019
a range +26400 +26500 2004 2025 0.043
a range +26400 +26500 2025 2004 0.043
a range +26900 +27000 1002 2021 1102.9159
a range +26900 +27000 2021 1002 1102.9159
a range +27100 +27200 2020 9002 1103.016
a range +27100 +27200 2027 2045 0.029
a range +27100 +27200 2045 2027 0.029
a range +27100 +27200 9002 2020 1103.016
a range +27400 +27500 2023 2056 0.0346
a range +27400 +27500 2056 2023 0.0346
a range +27600 +27700 2013 9002 1103.3824
a range +27600 +27700 9002 2013 1103.3824
a range +27700 +27800 2026 2029 0.0285
a range +27700 +27800 2029 2026 0.0285
a range +27800 +27900 2049 2051 0.0198
a range +27800 +27900 2051 2049 0.0198
a range +27800 +27900 2058 2060 0.0198
a range +27800 +27900 2060 2058 0.0198
a range +27900 +28000 2004 2047 0.0432
a range +27900 +28000 2047 2004 0.0432
a range +28100 +28200 1002 2018 1103.1025
a range +28100 +28200 2018 1002 1103.1025
a range +28200 +28300 2008 2024 0.0205
a range +28200 +28300 2024 2008 0.0205
a range +28500 +28600 2036 2046 0.043
a range +28500 +28600 2046 2036 0.043
a range +28600 +28700 2001 2049 0.0432
a range +28600 +28700 2049 2001 0.0432
a range +28800 +28900 2011 2021 0.043
a range +28800 +28900 2021 2011 0.043
a range +28900 +29000 2037 2040 0.0285
a range +28900 +29000 2040 2037 0.0285
a range +29300 +29400 2030 2035 0.043
a range +29300 +29400 2035 2030 0.043
a range +29400 +29500 1004 9003 0.0596
a range +29400 +29500 9003 1004 0.0596
a range +29500 +29600 2038 2039 0.0101
a range +29500 +29600 2039 2038 0.0101
a range +29600 +29700 1002 2051 1103.3661
a range +29600 +29700 1004 9001 0.0595
a range +29600 +29700 2051 1002 1103.3661
a range +29600 +29700 9001 1004 0.0595
a range +29700 +29800 1004 9001 0.0595
a range +29700 +29800 2008 2023 0.0186
a range +29700 +29800 2017 2018 0.0101
a range +29700 +29800 2018 2017 0.0101
a range +29700 +29800 2021 2022 0.0101
a range +29700 +29800 2022 2021 0.0101
a range +29700 +29800 2023 2008 0.0186
a range +29700 +29800 9001 1004 0.0595
a range +29900 +30000 2029 2056 0.0225
a range +29900 +30000 2056 2029 0.0225
a range +30300 +30400 2029 2050 0.0431
a range +30300 +30400 2034 2037 0.0285
a range +30300 +30400 2037 2034 0.0285
a range +30300 +30400 2050 2029 0.0431
a range +30400 +30500 2027 2041 0.0096
a range +30400 +30500 2041 2027 0.0096
a range +30700 +30800 1004 9001 0.0595
a range +30700 +30800 9001 1004 0.0595
a range +30800 +30900 2020 2058 0.0432
a range +30800 +30900 2028 2050 0.0432
a range +30800 +30900 2050 2028 0.0432
a range +30800 +30900 2058 2020 0.0432
a range +31000 +31100 1002 2047 1103.3772
a range +31000 +31100 2047 1002 1103.3772
a range +31100 +31200 2008 2056 0.0431
a range +31100 +31200 2024 2040 0.0179
a range +31100 +31200 2030 2035 0.043
a range +31100 +31200 2035 2030 0.043
a range +31100 +31200 2040 2024 0.0179
a range +31100 +31200 2056 2008 0.0431
a range +31300 +31400 2008 2054 0.0431
a range +31300 +31400 2054 2008 0.0431
a range +31400 +31500 2023 2036 0.0248
a range +31400 +31500 2036 2023 0.0248
a range +31600 +31700 1004 9001 0.0595
a range +31600 +31700 9001 1004 0.0595
a range +32000 +32100 1002 2047 1103.3772
a range +32000 +32100 2041 2058 0.0183
a range +32000 +32100 2047 1002 1103.3772
a range +32000 +32100 2058 2041 0.0183
a range +32200 +32300 2014 2039 0.043
a range +32200 +32300 2039 2014 0.043
a range +32300 +32400 2027 2045 0.029
a range +32300 +32400 2045 2027 0.029
a range +32400 +32500 2002 2034 0.0226
a range +32400 +32500 2034 2002 0.0226
a range +32800 +32900 2023 2028 0.0421
a range +32800 +32900 2028 2023 0.0421
a range +33200 +33300 1002 2059 1103.3817
a range +33200 +33300 2059 1002 1103.3817
a range +33300 +33400 2009 2020 0.0373
a range +33300 +33400 2020 2009 0.0373
a range +33900 +34000 2044 2058 0.0153
a range +33900 +34000 2058 2044 0.0153
a range +34000 +34100 1001 2059 1103.595
a range +34000 +34100 2008 2019 0.0355
a range +34000 +34100 2009 2029 0.043
a range +34000 +34100 2019 2008 0.0355
a range +34000 +34100 2029 2009 0.043
a range +34000 +34100 2059 1001 1103.595
a range +34100 +34200 1002 2059 1103.3817
a range +34100 +34200 2059 1002 1103.3817
a range +34300 +34400 1003 2059 1103.1421
a range +34300 +34400 2059 1003 1103.1421
a range +34400 +34500 2008 2009 0.0101
a range +34400 +34500 2009 2008 0.0101
a range +34800 +34900 2031 2036 0.0421
a range +34800 +34900 2036 2031 0.0421
a range +35000 +35100 2017 2037 0.043
a range +35000 +35100 2018 2036 0.0264
a range +35000 +35100 2036 2018 0.0264
a range +35000 +35100 2037 2017 0.043
a range +35000 +35100 2047 9002 1103.372
a range +35000 +35100 9002 2047 1103.372
a range +35100 +35200 2003 2059 0.043
a range +35100 +35200 2059 2003 0.043
a range +35400 +35500 2018 2048 0.0177
a range +35400 +35500 2048 2018 0.0177
a range +35600 +35700 2052 2057 0.0421
a range +35600 +35700 2057 2052 0.0421
a range +36000 +36100 2011 2036 0.0431
a range +36000 +36100 2036 2011 0.0431
a range +36100 +36200 2011 2053 0.0431
a range +36100 +36200 2053 2011 0.0431
a range +36500 +36600 2021 2052 0.0283
a range +36500 +36600 2052 2021 0.0283
a range +36900 +37000 2012 2015 0.0285
a range +36900 +37000 2015 2012 0.0285
a range +37200 +37300 2013 2048 0.043
a range +37200 +37300 2026 2053 0.0346
a range +37200 +37300 2048 2013 0.043
a range +37200 +37300 2053 2026 0.0346
a range +37300 +37400 2008 2020 0.0302
a range +37300 +37400 2020 2008 0.0302
a range +37400 +37500 2011 2035 0.0431
a range +37400 +37500 2019 2056 0.0433
a range +37400 +37500 2035 2011 0.0431
a range +37400 +37500 2056 2019 0.0433
a range +37900 +38000 2012 2025 0.0192
a range +37900 +38000 2025 2012 0.0192
a range +37900 +38000 2028 2053 0.0431
a range +37900 +38000 2053 2028 0.0431
a range +37900 +38000 2060 9002 1103.378
a range +37900 +38000 9002 2060 1103.378
a range +38000 +38100 2011 2031 0.0433
a range +38000 +38100 2019 2024 0.0421
a range +38000 +38100 2024 2019 0.0421
a range +38000 +38100 2031 2011 0.0433
a range +38400 +38500 2046 9002 1103.3753
a range +38400 +38500 9002 2046 1103.3753
a range +38500 +38600 2039 2056 0.0222
a range +38500 +38600 2056 2039 0.0222
a range +38700 +38800 2014 2037 0.0431
a range +38700 +38800 2037 2014 0.0431
a range +38800 +38900 2004 2045 0.038
a range +38800 +38900 2045 2004 0.038
a range +39300 +39400 2014 2042 0.0217
a range +39300 +39400 2042 2014 0.0217
a range +39600 +39700 1001 2044 1103.3089
a range +39600 +39700 2018 2053 0.0432
a range +39600 +39700 2044 1001 1103.3089
a range +39600 +39700 2053 2018 0.0432
a range +39800 +39900 2016 2042 0.0365
a range +39800 +39900 2042 2016 0.0365
a range +39900 +40000 2002 2005 0.0285
a range +39900 +40000 2005 2002 0.0285
a range +39900 +40000 2049 2052 0.0285
a range +39900 +40000 2052 2049 0.0285
a range +40100 +40200 2002 2050 0.0434
a range +40100 +40200 2013 2042 0.0123
a range +40100 +40200 2026 2052 0.0406
a range +40100 +40200 2042 2013 0.0123
a range +40100 +40200 2050 2002 0.0434
a range +40100 +40200 2052 2026 0.0406
a range +40200 +40400 2024 9003 1103.5407
a range +40200 +40400 9003 2024 1103.5407
a range +40500 +40600 1004 2044 1103.2773
a range +40500 +40600 2016 2026 0.0421
a range +40500 +40600 2026 2016 0.0421
a range +40500 +40600 2044 1004 1103.2773
a range +40700 +40800 2041 9002 1103.385
a range +40700 +40800 9002 2041 1103.385
a range +41200 +41300 2004 2059 0.0432
a range +41200 +41300 2059 2004 0.0432
a range +41300 +41400 2008 2037 0.0342
a range +41300 +41400 2011 2023 0.0305
a range +41300 +41400 2023 2011 0.0305
a range +41300 +41400 2037 2008 0.0342
a range +41400 +41500 2011 2057 0.0433
a range +41400 +41500 2057 2011 0.0433
a range +41700 +41800 2019 2052 0.0261
a range +41700 +41800 2052 2019 0.0261
a range +41800 +41900 2026 2060 0.0304
a range +41800 +41900 2060 2026 0.0304
a range +42000 +42100 2009 2022 0.026
a range +42000 +42100 2022 2009 0.026
a range +42000 +42100 2037 2049 0.0279
a range +42000 +42100 2049 2037 0.0279
a range +42100 +42200 2019 2056 0.0432
a range +42100 +42200 2056 2019 0.0432
a range +42300 +42400 2035 2060 0.043
a range +42300 +42400 2060 2035 0.043
a range +42700 +42800 2027 2047 0.0431
a range +42700 +42800 2035 2053 0.0302
a range +42700 +42800 2047 2027 0.0431
a range +42700 +42800 2053 2035 0.0302
a range +43000 +43100 2010 2041 0.0191
a range +43000 +43100 2041 2010 0.0191
a range +43200 +43300 2007 2034 0.0261
a range +43200 +43300 2034 2007 0.0261
a range +43200 +43300 2037 2055 0.0321
a range +43200 +43300 2055 2037 0.0321
a range +43300 +43400 2023 2051 0.0341
a range +43300 +43400 2051 2023 0.0341
a range +43500 +43600 2037 2050 0.0219
a range +43500 +43600 2050 2037 0.0219
a range +43600 +43700 2033 2048 0.0096
a range +43600 +43700 2048 2033 0.0096
a range +43900 +44000 2035 2047 0.0271
a range +43900 +44000 2047 2035 0.0271
a range +44200 +44300 2041 2051 0.043
a range +44200 +44300 2051 2041 0.043
a range +44300 +44400 2030 2035 0.043
a range +44300 +44400 2035 2030 0.043
a range +44500 +44600 2017 2037 0.043
a range +44500 +44600 2037 2017 0.043
a range +44500 +44600 2050 2052 0.0198
a range +44500 +44600 2052 2050 0.0198
a range +44900 +45000 2020 2034 0.0095
a range +44900 +45000 2034 2020 0.0095
a range +45600 +45700 2020 2046 0.0311
a range +45600 +45700 2046 2020 0.0311
a range +46000 +46100 2010 2026 0.0134
a range +46000 +46100 2026 2010 0.0134
a range +46300 +46400 1002 2027 1104.1644
a range +46300 +46400 2027 1002 1104.1644
a range +46500 +46600 2011 2059 0.0432
a range +46500 +46600 2059 2011 0.0432
a range +46600 +46700 2037 2049 0.0279
a range +46600 +46700 2049 2037 0.0279
a range +46700 +46800 2001 2017 0.0195
a range +46700 +46800 2012 9003 1104.7637
a range +46700 +46800 2017 2001 0.0195
a range +46700 +46800 9003 2012 1104.7637
a range +46900 +47000 2015 2059 0.043
a range +46900 +47000 2019 9003 1103.781
a range +46900 +47000 2059 2015 0.043
a range +46900 +47000 9003 2019 1103.781
a range +47200 +47300 2014 2060 0.043
a range +47200 +47300 2060 2014 0.043
a range +47300 +47400 2016 2050 0.0311
a range +47300 +47400 2020 2054 0.0402
a range +47300 +47400 2050 2016 0.0311
a range +47300 +47400 2054 2020 0.0402
a range +47600 +47700 2018 2056 0.0431
a range +47600 +47700 2056 2018 0.0431
a range +47800 +47900 2014 2042 0.0217
a range +47800 +47900 2042 2014 0.0217
a range +48000 +48100 2027 2059 0.0217
a range +48000 +48100 2059 2027 0.0217
a range +48100 +48200 2017 2048 0.0245
a range +48100 +48200 2048 2017 0.0245
a range +48700 +48800 2005 2032 0.0231
a range +48700 +48800 2032 2005 0.0231
a range +49100 +49200 2030 2043 0.0235
a range +49100 +49200 2043 2030 0.0235
a range +49300 +49400 2049 2060 0.0361
a range +49300 +49400 2060 2049 0.0361
a range +49400 +49500 2006 2043 0.0431
a range +49400 +49500 2043 2006 0.0431
a range +49700 +49800 2013 2049 0.0435
a range +49700 +49800 2049 2013 0.0435
a range +50200 +50300 2044 2054 0.043
a range +50200 +50300 2054 2044 0.043
a range +50400 +50500 2004 2015 0.0361
a range +50400 +50500 2015 2004 0.0361
a range +50400 +50500 2052 2055 0.0285
a range +50400 +50500 2055 2052 0.0285
a range +50500 +50600 2033 2049 0.0111
a range +50500 +50600 2049 2033 0.0111
a range +51100 +51200 2010 2057 0.043
a range +51100 +51200 2057 2010 0.043
a range +51200 +51300 2006 2024 0.032
a range +51200 +51300 2024 2006 0.032
a range +51400 +51500 2002 2060 0.0433
a range +51400 +51500 2011 2026 0.0061
a range +51400 +51500 2026 2011 0.0061
a range +51400 +51500 2060 2002 0.0433
a range +51700 +51800 2058 9003 1104.7653
a range +51700 +51800 9003 2058 1104.7653
a range +52000 +52100 2025 9003 1104.221
a range +52000 +52100 9003 2025 1104.221
a range +52700 +52800 2007 2059 0.0433
a range +52700 +52800 2059 2007 0.0433
a range +52900 +53000 1004 9002 0.0591
a range +52900 +53000 9002 1004 0.0591
a range +53000 +53100 2013 2033 0.0432
a range +53000 +53100 2033 2013 0.0432
a range +53200 +53300 2016 2046 0.0337
a range +53200 +53300 2046 2016 0.0337
a range +53600 +53700 1004 9002 0.0591
a range +53600 +53700 2037 9001 1104.3807
a range +53600 +53700 9001 2037 1104.3807
a range +53600 +53700 9002 1004 0.0591
a range +53700 +53800 2001 2055 0.043
a range +53700 +53800 2055 2001 0.043
a range +53900 +54000 2028 2039 0.0339
a range +53900 +54000 2039 2028 0.0339
a range +54000 +54100 2009 2011 0.0198
a range +54000 +54100 2011 2009 0.0198
a range +54300 +54400 2017 2045 0.0258
a range +54300 +54400 2045 2017 0.0258
a range +54600 +54700 2005 2031 0.0311
a range +54600 +54700 2031 2005 0.0311
a range +54900 +55000 1004 9002 0.0591
a range +54900 +55000 9002 1004 0.0591
a range +55200 +55300 2046 2057 0.0361
a range +55200 +55300 2057 2046 0.0361
a range +55300 +55400 2011 2021 0.043
a range +55300 +55400 2021 2011 0.043
a range +55600 +55700 2015 2039 0.0433
a range +55600 +55700 2039 2015 0.0433
a range +56000 +56100 2017 2019 0.0198
a range +56000 +56100 2019 2017 0.0198
a range +56700 +56800 2011 2054 0.0431
a range +56700 +56800 2020 2033 0.0184
a range +56700 +56800 2033 2020 0.0184
a range +56700 +56800 2054 2011 0.0431
a range +56800 +56900 2020 2045 0.043
a range +56800 +56900 2045 2020 0.043
a range +56900 +57000 2009 2050 0.0434
a range +56900 +57000 2050 2009 0.0434
a range +57000 +57100 2006 2048 0.0434
a range +57000 +57100 2016 2057 0.0374
a range +57000 +57100 2048 2006 0.0434
a range +57000 +57100 2057 2016 0.0374
a range +57100 +57200 1001 2056 1104.5023
a range +57100 +57200 2056 1001 1104.5023
a range +57200 +57300 2020 2025 0.0421
a range +57200 +57300 2025 2020 0.0421
a range +57300 +57400 2004 2055 0.0436
a range +57300 +57400 2055 2004 0.0436
a range +57600 +57700 2022 2034 0.0279
a range +57600 +57700 2034 2022 0.0279
a range +58200 +58300 2003 2060 0.043
a range +58200 +58300 2060 2003 0.043
a range +58300 +58400 2006 2020 0.0129
a range +58300 +58400 2020 2006 0.0129
a range +58400 +58500 2059 9001 1105.0512
a range +58400 +58500 9001 2059 1105.0512
a range +58700 +58800 2015 2032 0.0365
a range +58700 +58800 2032 2015 0.0365
a range +58900 +59000 2007 2025 0.0321
a range +58900 +59000 2025 2007 0.0321
a range +59000 +59100 1004 2056 1104.7291
a range +59000 +59100 2056 1004 1104.7291
a range +59100 +59200 1003 9002 0.0595
a range +59100 +59200 9002 1003 0.0595
a range +59200 +59300 2029 2048 0.0423
a range +59200 +59300 2031 2034 0.0285
a range +59200 +59300 2034 2031 0.0285
a range +59200 +59300 2048 2029 0.0423
a range +59300 +59400 2006 2009 0.0285
a range +59300 +59400 2007 2039 0.0371
a range +59300 +59400 2009 2006 0.0285
a range +59300 +59400 2028 2029 0.0101
a range +59300 +59400 2029 2028 0.0101
a range +59300 +59400 2039 2007 0.0371
a range +59600 +59700 2009 2024 0.0171
a range +59600 +59700 2015 2025 0.043
a range +59600 +59700 2016 2034 0.0293
a range +59600 +59700 2024 2009 0.0171
a range +59600 +59700 2025 2015 0.043
a range +59600 +59700 2034 2016 0.0293
a range +59800 +59900 2027 2040 0.0192
a range +59800 +59900 2040 2027 0.0192
a range +59800 +59900 2045 2046 0.0208
a range +59800 +59900 2046 2045 0.0208
a range +59900 +60000 2008 2034 0.034
a range +59900 +60000 2034 2008 0.034
a range +60000 +60100 1001 2056 1104.5023
a range +60000 +60100 1003 9002 0.0595
a range +60000 +60100 2056 1001 1104.5023
a range +60000 +60100 9002 1003 0.0595
a range +60400 +60500 2007 2009 0.0198
a range +60400 +60500 2009 2007 0.0198
a range +60800 +60900 1001 2056 1104.5023
a range +60800 +60900 1003 9002 0.0595
a range +60800 +60900 2056 1001 1104.5023
a range +60800 +60900 9002 1003 0.0595
a range +60900 +61000 2013 2032 0.0421
a range +60900 +61000 2032 2013 0.0421
a range +61200 +61300 1002 2056 1104.2873
a range +61200 +61300 2004 2055 0.0434
a range +61200 +61300 2055 2004 0.0434
a range +61200 +61300 2056 1002 1104.2873
a range +61700 +61800 2002 2042 0.0432
a range +61700 +61800 2003 2055 0.0436
a range +61700 +61800 2042 2002 0.0432
a range +61700 +61800 2055 2003 0.0436
a range +62000 +62100 2003 2042 0.0431
a range +62000 +62100 2042 2003 0.0431
a range +62300 +62400 2001 2041 0.043
a range +62300 +62400 2023 2043 0.043
a range +62300 +62400 2041 2001 0.043
a range +62300 +62400 2043 2023 0.043
a range +62500 +62600 2026 2043 0.0183
a range +62500 +62600 2043 2026 0.0183
a range +62800 +62900 2006 2016 0.043
a range +62800 +62900 2016 2006 0.043
a range +62800 +62900 2019 2029 0.0421
a range +62800 +62900 2029 2019 0.0421
a range +62900 +63000 2002 2060 0.0432
a range +62900 +63000 2060 2002 0.0432
a range +63200 +63300 2006 2019 0.019
a range +63200 +63300 2019 2006 0.019
a range +63400 +63500 2032 2046 0.0195
a range +63400 +63500 2036 2050 0.0129
a range +63400 +63500 2046 2032 0.0195
a range +63400 +63500 2050 2036 0.0129
a range +63700 +63800 2016 2026 0.0421
a range +63700 +63800 2026 2016 0.0421
a range +63800 +63900 2012 2025 0.0192
a range +63800 +63900 2025 2012 0.0192
a range +64400 +64500 2027 2043 0.0108
a range +64400 +64500 2043 2027 0.0108
a range +64800 +64900 2011 2050 0.0431
a range +64800 +64900 2050 2011 0.0431
a range +65200 +65300 2021 2053 0.0341
a range +65200 +65300 2053 2021 0.0341
a range +65600 +65700 2002 2041 0.0433
a range +65600 +65700 2041 2002 0.0433
a range +65700 +65800 2017 2019 0.0198
a range +65700 +65800 2019 2017 0.0198
a range +65800 +65900 2021 2049 0.0172
a range +65800 +65900 2034 2046 0.0293
a range +65800 +65900 2046 2034 0.0293
a range +65800 +65900 2049 2021 0.0172
a range +66000 +66100 2042 2058 0.0108
a range +66000 +66100 2058 2042 0.0108
a range +66400 +66500 2020 2034 0.0095
a range +66400 +66500 2034 2020 0.0095
a range +66600 +66700 2019 2054 0.0431
a range +66600 +66700 2054 2019 0.0431
a range +66700 +66800 2031 2047 0.0195
a range +66700 +66800 2047 2031 0.0195
a range +66900 +67000 2006 2047 0.0434
a range +66900 +67000 2047 2006 0.0434
a range +67200 +67300 2003 2048 0.0433
a range +67200 +67300 2048 2003 0.0433
a range +67300 +67400 2020 2047 0.0231
a range +67300 +67400 2032 2033 0.0101
a range +67300 +67400 2033 2032 0.0101
a range +67300 +67400 2047 2020 0.0231
a range +67400 +67500 1004 2056 1104.7291
a range +67400 +67500 2056 1004 1104.7291
a range +67600 +67700 1001 2056 1104.5023
a range +67600 +67700 2056 1001 1104.5023
a range +67800 +67900 1003 2055 1104.963
a range +67800 +67900 2038 2057 0.0357
a range +67800 +67900 2055 1003 1104.963
a range +67800 +67900 2057 2038 0.0357
a range +68200 +68300 2040 2053 0.025
a range +68200 +68300 2053 2040 0.025
a range +68300 +68400 2047 2049 0.0198
a range +68300 +68400 2049 2047 0.0198
a range +68500 +68600 1002 2055 1105.1191
a range +68500 +68600 2005 2043 0.0432
a range +68500 +68600 2043 2005 0.0432
a range +68500 +68600 2055 1002 1105.1191
a range +68600 +68700 1003 2055 1104.963
a range +68600 +68700 2055 1003 1104.963
a range +68900 +69000 2006 2009 0.0285
a range +68900 +69000 2009 2006 0.0285
a range +69000 +69100 1003 2059 1104.9609
a range +69000 +69100 2024 2029 0.0421
a range +69000 +69100 2029 2024 0.0421
a range +69000 +69100 2059 1003 1104.9609
a range +69500 +69600 2007 2008 0.0101
a range +69500 +69600 2008 2007 0.0101
a range +69600 +69700 1002 2056 1105.1162
a range +69600 +69700 2056 1002 1105.1162
a range +69800 +69900 2030 2047 0.0365
a range +69800 +69900 2047 2030 0.0365
a range +69900 +70000 2011 2049 0.0431
a range +69900 +70000 2049 2011 0.0431
a range +70000 +70100 2004 2038 0.034
a range +70000 +70100 2006 2040 0.0428
a range +70000 +70100 2038 2004 0.034
a range +70000 +70100 2040 2006 0.0428
a range +70200 +70300 1001 2055 1104.5054
a range +70200 +70300 2055 1001 1104.5054
a range +70300 +70400 2001 2048 0.0433
a range +70300 +70400 2048 2001 0.0433
a range +70400 +70500 2008 2045 0.0434
a range +70400 +70500 2018 2020 0.0198
a range +70400 +70500 2020 2018 0.0198
a range +70400 +70500 2045 2008 0.0434
a range +70600 +70700 2003 2048 0.0433
a range +70600 +70700 2048 2003 0.0433
a range +70900 +71000 1004 2056 1104.7291
a range +70900 +71000 2006 2039 0.0391
a range +70900 +71000 2039 2006 0.0391
a range +70900 +71000 2056 1004 1104.7291
a range +71300 +71400 2020 2030 0.0421
a range +71300 +71400 2030 2020 0.0421
a range +71700 +71800 2017 2051 0.0259
a range +71700 +71800 2046 9003 1104.7658
a range +71700 +71800 2051 2017 0.0259
a range +71700 +71800 9003 2046 1104.7658
a range +72000 +72100 2006 2017 0.0334
a range +72000 +72100 2011 2053 0.043
a range +72000 +72100 2017 2006 0.0334
a range +72000 +72100 2053 2011 0.043
a range +72300 +72400 2005 2017 0.0271
a range +72300 +72400 2017 2005 0.0271
a range +72400 +72500 1004 2056 1104.7291
a range +72400 +72500 2056 1004 1104.7291
a range +72600 +72700 2016 2034 0.0293
a range +72600 +72700 2034 2016 0.0293
a range +72700 +72800 2039 2042 0.0285
a range +72700 +72800 2042 2039 0.0285
a range +73000 +73100 2005 2058 0.043
a range +73000 +73100 2058 2005 0.043
a range +73100 +73200 2029 2057 0.0217
a range +73100 +73200 2057 2029 0.0217
a range +73200 +73400 1001 2056 1105.0326
a range +73200 +73400 2056 1001 1105.0326
a range +73500 +73600 2011 2051 0.0432
a range +73500 +73600 2051 2011 0.0432
a range +73600 +73700 1003 2060 1104.9578
a range +73600 +73700 2060 1003 1104.9578
a range +73700 +73800 1003 2056 1104.9645
a range +73700 +73800 2015 9001 1105.0475
a range +73700 +73800 2056 1003 1104.9645
a range +73700 +73800 9001 2015 1105.0475
a range +73800 +73900 1004 2060 1104.741
a range +73800 +73900 2028 2058 0.0166
a range +73800 +73900 2058 2028 0.0166
a range +73800 +73900 2060 1004 1104.741
a range +74000 +74100 2042 2057 0.0016
a range +74000 +74100 2057 2042 0.0016
a range +74300 +74400 1004 2056 1104.7291
a range +74300 +74400 2056 1004 1104.7291
a range +74500 +74600 2005 2037 0.0265
a range +74500 +74600 2008 2042 0.0347
a range +74500 +74600 2009 2041 0.0273
a range +74500 +74600 2021 2053 0.0341
a range +74500 +74600 2037 2005 0.0265
a range +74500 +74600 2041 2009 0.0273
a range +74500 +74600 2042 2008 0.0347
a range +74500 +74600 2053 2021 0.0341
a range +74600 +74700 1003 2060 1104.9578
a range +74600 +74700 2060 1003 1104.9578
a range +74700 +74800 2011 2037 0.0406
a range +74700 +74800 2037 2011 0.0406
a range +74800 +74900 1004 2060 1104.741
a range +74800 +74900 2039 2049 0.043
a range +74800 +74900 2049 2039 0.043
a range +74800 +74900 2060 1004 1104.741
a range +75000 +75100 1002 2060 1105.1055
a range +75000 +75100 2060 1002 1105.1055
a range +75200 +75300 2004 2040 0.0433
a range +75200 +75300 2040 2004 0.0433
a range +75500 +75600 2018 2020 0.0198
a range +75500 +75600 2020 2018 0.0198
a range +76400 +76500 2006 2032 0.0259
a range +76400 +76500 2032 2006 0.0259
a range +76600 +76700 2010 2021 0.0382
a range +76600 +76700 2021 2010 0.0382
a range +76700 +76800 2029 2051 0.0433
a range +76700 +76800 2051 2029 0.0433
a range +77000 +77100 2039 2053 0.0205
a range +77000 +77100 2053 2039 0.0205
a range +77100 +77200 2006 2037 0.0283
a range +77100 +77200 2037 2006 0.0283
a range +77600 +77700 2006 2043 0.0432
a range +77600 +77700 2021 2032 0.0334
a range +77600 +77700 2032 2021 0.0334
a range +77600 +77700 2043 2006 0.0432
a range +78200 +78300 2013 2042 0.0123
a range +78200 +78300 2042 2013 0.0123
a range +78300 +78400 2030 2057 0.0302
a range +78300 +78400 2057 2030 0.0302
a range +78500 +78600 2053 2054 0.0101
a range +78500 +78600 2054 2053 0.0101
a range +78700 +78800 1002 2019 1105.1104
a range +78700 +78800 2019 1002 1105.1104
a range +78800 +78900 2045 2058 0.0235
a range +78800 +78900 2058 2045 0.0235
a range +78900 +79000 2005 2041 0.043
a range +78900 +79000 2012 2014 0.0198
a range +78900 +79000 2014 2012 0.0198
a range +78900 +79000 2041 2005 0.043
a range +78900 +79000 2060 9001 1105.0496
a range +78900 +79000 9001 2060 1105.0496
a range +79200 +79300 2010 2043 0.0206
a range +79200 +79300 2043 2010 0.0206
a range +79500 +79600 2031 2059 0.0257
a range +79500 +79600 2059 2031 0.0257
a range +79800 +79900 2012 2045 0.0302
a range +79800 +79900 2021 9001 1105.0724
a range +79800 +79900 2045 2012 0.0302
a range +79800 +79900 9001 2021 1105.0724
a range +79900 +80000 2010 2049 0.0431
a range +79900 +80000 2011 2037 0.0406
a range +79900 +80000 2037 2011 0.0406
a range +79900 +80000 2049 2010 0.0431
a range +80000 +80100 2010 2028 0.0265
a range +80000 +80100 2028 2010 0.0265
a range +80100 +80200 2009 2037 0.0371
a range +80100 +80200 2037 2009 0.0371
a range +80200 +80300 2012 2032 0.043
a range +80200 +80300 2032 2012 0.043
a range +80200 +80300 2039 2044 0.0421
a range +80200 +80300 2044 2039 0.0421
a range +80300 +80400 1002 2019 1105.1104
a range +80300 +80400 2019 1002 1105.1104
a range +80400 +80500 1004 2019 1105.0248
a range +80400 +80500 2019 1004 1105.0248
a range +80500 +80600 2001 2026 0.0407
a range +80500 +80600 2026 2001 0.0407
a range +81300 +81400 2018 2038 0.0399
a range +81300 +81400 2032 2057 0.0423
a range +81300 +81400 2038 2018 0.0399
a range +81300 +81400 2057 2032 0.0423
a range +81500 +81600 2027 2043 0.0108
a range +81500 +81600 2043 2027 0.0108
a range +82000 +82100 1001 2019 1105.0267
a range +82000 +82100 2019 1001 1105.0267
a range +82000 +82100 2027 2041 0.0096
a range +82000 +82100 2041 2027 0.0096
a range +82700 +82800 1001 2019 1105.0267
a range +82700 +82800 2019 1001 1105.0267
a range +83300 +83400 1002 2019 1105.1104
a range +83300 +83400 2019 1002 1105.1104
a range +83500 +83600 2041 2053 0.0305
a range +83500 +83600 2053 2041 0.0305
a range +83600 +83700 2027 2045 0.029
a range +83600 +83700 2045 2027 0.029
a range +83700 +83800 2035 2048 0.0184
a range +83700 +83800 2048 2035 0.0184
a range +83900 +84000 2033 2058 0.043
a range +83900 +84000 2043 2053 0.04
a range +83900 +84000 2053 2043 0.04
a range +83900 +84000 2058 2033 0.043
a range +84100 +84200 1002 2019 1105.1104
a range +84100 +84200 2003 2008 0.0421
a range +84100 +84200 2008 2003 0.0421
a range +84100 +84200 2019 1002 1105.1104
a range +84300 +84400 2017 2044 0.0323
a range +84300 +84400 2044 2017 0.0323
a range +84400 +84500 2038 2058 0.04
a range +84400 +84500 2058 2038 0.04
a range +84700 +84800 1004 2019 1105.0248
a range +84700 +84800 2019 1004 1105.0248
a range +85000 +85100 2018 2056 0.043
a range +85000 +85100 2056 2018 0.043
a range +85800 +85900 2016 2031 0.0182
a range +85800 +85900 2031 2016 0.0182
a range +85900 +86000 2036 9002 1105.0791
a range +85900 +86000 9002 2036 1105.0791
