a contact +0 +1200 1006 2010 50
a contact +0 +1200 2010 1006 50
a contact +0 +1800 1002 2027 50
a contact +0 +1800 1007 2008 50
a contact +0 +1800 2008 1007 50
a contact +0 +1800 2027 1002 50
a contact +0 +1800 2056 9002 50
a contact +0 +1800 9002 2056 50
a contact +0 +2400 1001 9003 1200
a contact +0 +2400 1007 2036 50
a contact +1800 +2400 1007 2031 50
a contact +1800 +2400 2031 1007 50
a contact +0 +2400 2036 1007 50
a contact +0 +2400 9003 1001 1200
a contact +0 +3000 1004 2041 50
a contact +0 +3000 1004 2033 50
a contact +0 +3000 1005 2032 50
a contact +1800 +3000 2023 9002 50
a contact +0 +3000 2032 1005 50
a contact +0 +3000 2033 1004 50
a contact +0 +3000 2034 9001 50
a contact +0 +3000 2041 1004 50
a contact +0 +3000 9001 2034 50
a contact +1800 +3000 9002 2023 50
a contact +0 +3600 1005 2011 50
a contact +2400 +3600 1007 2046 50
a contact +2400 +3600 1007 2005 50
a contact +2400 +3600 2005 1007 50
a contact +0 +3600 2011 1005 50
a contact +2400 +3600 2046 1007 50
a contact +1800 +4200 1002 2025 50
a contact +3000 +4200 1004 2027 50
a contact +3600 +4200 1007 9003 1200
a contact +3000 +4200 2017 9001 50
a contact +1800 +4200 2025 1002 50
a contact +3000 +4200 2027 1004 50
a contact +3000 +4200 9001 2017 50
a contact +3600 +4200 9003 1007 1200
a contact +2400 +4800 1001 2047 50
a contact +4200 +4800 1002 2024 50
a contact +3000 +4800 1004 2051 50
a contact +4200 +4800 2024 1002 50
a contact +2400 +4800 2047 1001 50
a contact +3000 +4800 2051 1004 50
a contact +2400 +5400 1001 2026 50
a contact +3600 +5400 1005 2041 50
a contact +2400 +5400 2026 1001 50
a contact +3600 +5400 2041 1005 50
a contact +0 +6000 1002 2001 50
a contact +4200 +6000 1007 9003 1200
a contact +0 +6000 2001 1002 50
a contact +4200 +6000 9003 1007 1200
a contact +1200 +6600 1006 2050 50
a contact +0 +6600 1006 2030 50
a contact +0 +6600 2030 1006 50
a contact +3000 +6600 2032 9002 50
a contact +1200 +6600 2050 1006 50
a contact +3000 +6600 9002 2032 50
a contact +5400 +7800 1001 2002 50
a contact +4800 +7800 1002 2054 50
a contact +5400 +7800 2002 1001 50
a contact +4800 +7800 2054 1002 50
a contact +6600 +8400 1006 9003 1200
a contact +6600 +8400 9003 1006 1200
a contact +7800 +9600 1001 2001 50
a contact +6000 +9600 1002 2039 50
a contact +0 +9600 1003 2048 50
a contact +5400 +9600 1005 2004 50
a contact +8400 +9600 1006 9003 1200
a contact +6000 +9600 1007 2018 50
a contact +7800 +9600 2001 1001 50
a contact +5400 +9600 2004 1005 50
a contact +6000 +9600 2018 1007 50
a contact +4200 +9600 2022 9001 50
a contact +6600 +9600 2023 9002 50
a contact +6000 +9600 2039 1002 50
a contact +0 +9600 2048 1003 50
a contact +4200 +9600 9001 2022 50
a contact +6600 +9600 9002 2023 50
a contact +8400 +9600 9003 1006 1200
a contact +4200 +10200 1004 2029 50
a contact +4800 +10200 1004 2047 50
a contact +9600 +10200 1005 2044 50
a contact +3000 +10200 1005 2031 50
a contact +4200 +10200 2029 1004 50
a contact +3000 +10200 2031 1005 50
a contact +9600 +10200 2044 1005 50
a contact +4800 +10200 2047 1004 50
a contact +0 +10800 1003 2019 50
a contact +0 +10800 2019 1003 50
a contact +10200 +11400 1005 9003 1200
a contact +9600 +11400 1006 2053 50
a contact +9600 +11400 2053 1006 50
a contact +10200 +11400 9003 1005 1200
a contact +10800 +12000 1003 2016 50
a contact +11400 +12000 1005 9003 1200
a contact +10800 +12000 2016 1003 50
a contact +11400 +12000 9003 1005 1200
a contact +7800 +12600 1002 2002 50
a contact +12000 +12600 1005 9003 1200
a contact +9600 +12600 1006 2018 50
a contact +7800 +12600 2002 1002 50
a contact +9600 +12600 2018 1006 50
a contact +12000 +12600 9003 1005 1200
a contact +12000 +13200 1003 2003 50
a contact +10200 +13200 1004 2017 50
a contact +10200 +13200 1004 2049 50
a contact +12000 +13200 2003 1003 50
a contact +10200 +13200 2017 1004 50
a contact +10200 +13200 2049 1004 50
a contact +13200 +13800 1004 9003 1200
a contact +13200 +13800 9003 1004 1200
a contact +9600 +14400 1001 2046 50
a contact +9600 +14400 1003 2037 50
a contact +12600 +14400 1005 2036 50
a contact +11400 +14400 1006 2042 50
a contact +9600 +14400 1007 2005 50
a contact +9600 +14400 2005 1007 50
a contact +12600 +14400 2036 1005 50
a contact +9600 +14400 2037 1003 50
a contact +11400 +14400 2042 1006 50
a contact +9600 +14400 2046 1001 50
a contact +4800 +15000 1001 2040 50
a contact +12600 +15000 1002 2012 50
a contact +12600 +15000 2012 1002 50
a contact +4800 +15000 2040 1001 50
a contact +9600 +15600 2051 9001 50
a contact +9600 +15600 9001 2051 50
a contact +13800 +16200 1004 9003 1200
a contact +15600 +16200 1004 9001 1200
a contact +12600 +16200 1005 2013 50
a contact +12600 +16200 2013 1005 50
a contact +15600 +16200 9001 1004 1200
a contact +13800 +16200 9003 1004 1200
a contact +9600 +16800 1002 2008 50
a contact +13200 +16800 1003 2017 50
a contact +14400 +16800 1003 2033 50
a contact +12600 +16800 1006 2053 50
a contact +9600 +16800 2008 1002 50
a contact +13200 +16800 2017 1003 50
a contact +14400 +16800 2033 1003 50
a contact +12600 +16800 2053 1006 50
a contact +14400 +17400 1001 2018 50
a contact +16200 +17400 1004 2026 50
a contact +14400 +17400 1007 2042 50
a contact +14400 +17400 2018 1001 50
a contact +16200 +17400 2026 1004 50
a contact +14400 +17400 2042 1007 50
a contact +15000 +18000 1001 2049 50
a contact +15000 +18000 1002 2055 50
a contact +16800 +18000 1003 9003 1200
a contact +14400 +18000 1006 2052 50
a contact +15000 +18000 2049 1001 50
a contact +14400 +18000 2052 1006 50
a contact +15000 +18000 2055 1002 50
a contact +16800 +18000 9003 1003 1200
a contact +14400 +18600 1005 2037 50
a contact +14400 +18600 2037 1005 50
a contact +17400 +19200 1001 2027 50
a contact +17400 +19200 1003 9001 1200
a contact +17400 +19200 1004 2004 50
a contact +18000 +19200 1006 2053 50
a contact +6000 +19200 1007 2041 50
a contact +17400 +19200 2004 1004 50
a contact +9600 +19200 2014 9002 50
a contact +17400 +19200 2027 1001 50
a contact +6000 +19200 2041 1007 50
a contact +18000 +19200 2053 1006 50
a contact +17400 +19200 9001 1003 1200
a contact +9600 +19200 9002 2014 50
a contact +16200 +19800 1005 2051 50
a contact +19200 +19800 1006 2046 50
a contact +16800 +19800 1006 2043 50
a contact +17400 +19800 1007 2050 50
a contact +16800 +19800 2043 1006 50
a contact +19200 +19800 2046 1006 50
a contact +17400 +19800 2050 1007 50
a contact +16200 +19800 2051 1005 50
a contact +18000 +20400 1002 2033 50
a contact +16800 +20400 1002 2047 50
a contact +19200 +20400 1003 2012 50
a contact +19200 +20400 2012 1003 50
a contact +18000 +20400 2033 1002 50
a contact +19200 +20400 2044 9002 50
a contact +16800 +20400 2047 1002 50
a contact +19200 +20400 9002 2044 50
a contact +20400 +21000 1002 9003 1200
a contact +20400 +21000 1002 9001 1200
a contact +20400 +21000 9001 1002 1200
a contact +20400 +21000 9003 1002 1200
a contact +18000 +21600 1001 2022 50
a contact +21000 +21600 1002 9003 1200
a contact +19200 +21600 1007 2056 50
a contact +19800 +21600 1007 2027 50
a contact +18000 +21600 2022 1001 50
a contact +19800 +21600 2027 1007 50
a contact +19200 +21600 2056 1007 50
a contact +21000 +21600 9003 1002 1200
a contact +21600 +22200 1001 2005 50
a contact +19800 +22200 1006 2041 50
a contact +21600 +22200 2005 1001 50
a contact +19800 +22200 2041 1006 50
a contact +22200 +22800 1001 2046 50
a contact +21000 +22800 1002 9001 1200
a contact +18600 +22800 1005 2049 50
a contact +20400 +22800 2015 9002 50
a contact +22200 +22800 2046 1001 50
a contact +18600 +22800 2049 1005 50
a contact +21000 +22800 9001 1002 1200
a contact +20400 +22800 9002 2015 50
a contact +22800 +23400 1001 2035 50
a contact +19200 +23400 1001 2014 50
a contact +16200 +23400 1004 2009 50
a contact +21600 +23400 1007 2028 50
a contact +16200 +23400 2009 1004 50
a contact +19200 +23400 2014 1001 50
a contact +21600 +23400 2028 1007 50
a contact +22800 +23400 2035 1001 50
a contact +19800 +24000 1005 2003 50
a contact +19800 +24000 2003 1005 50
a contact +23400 +24600 1001 9001 1200
a contact +24000 +24600 1001 9003 1200
a contact +21600 +24600 1007 2012 50
a contact +21600 +24600 2012 1007 50
a contact +23400 +24600 9001 1001 1200
a contact +24000 +24600 9003 1001 1200
a contact +24600 +25200 1001 9003 1200
a contact +20400 +25200 1003 2011 50
a contact +20400 +25200 2011 1003 50
a contact +24600 +25200 9003 1001 1200
a contact +24600 +26400 1001 9001 1200
a contact +24000 +26400 1005 2020 50
a contact +19800 +26400 1006 2013 50
a contact +19800 +26400 2013 1006 50
a contact +24000 +26400 2020 1005 50
a contact +24600 +26400 9001 1001 1200
a contact +22800 +27000 1002 2005 50
a contact +19200 +27000 1004 2038 50
a contact +22200 +27000 1006 2026 50
a contact +23400 +27000 1007 2049 50
a contact +24600 +27000 1007 2021 50
a contact +22800 +27000 2005 1002 50
a contact +24600 +27000 2021 1007 50
a contact +22200 +27000 2026 1006 50
a contact +19200 +27000 2038 1004 50
a contact +23400 +27000 2049 1007 50
a contact +27000 +28200 1007 9001 1200
a contact +27000 +28200 1007 9003 1200
a contact +27000 +28200 9001 1007 1200
a contact +27000 +28200 9003 1007 1200
a contact +28200 +28800 1007 9003 1200
a contact +28200 +28800 1007 9001 1200
a contact +28200 +28800 9001 1007 1200
a contact +28200 +28800 9003 1007 1200
a contact +28800 +29400 1007 9001 1200
a contact +28800 +29400 9001 1007 1200
a contact +27000 +30000 1002 2055 50
a contact +25200 +30000 1003 2035 50
a contact +27000 +30000 1004 2012 50
a contact +26400 +30000 1005 2054 50
a contact +27000 +30000 1006 2042 50
a contact +26400 +30000 1006 2039 50
a contact +27000 +30000 2012 1004 50
a contact +25200 +30000 2035 1003 50
a contact +26400 +30000 2039 1006 50
a contact +27000 +30000 2042 1006 50
a contact +26400 +30000 2054 1005 50
a contact +27000 +30000 2055 1002 50
a contact +22800 +30600 1005 2031 50
a contact +30000 +30600 1005 2052 50
a contact +29400 +30600 1007 2030 50
a contact +29400 +30600 2030 1007 50
a contact +22800 +30600 2031 1005 50
a contact +30000 +30600 2052 1005 50
a contact +23400 +31200 1004 2004 50
a contact +30000 +31200 1004 2033 50
a contact +30000 +31200 1006 9001 1200
a contact +29400 +31200 1007 2037 50
a contact +23400 +31200 2004 1004 50
a contact +30000 +31200 2033 1004 50
a contact +29400 +31200 2037 1007 50
a contact +30000 +31200 9001 1006 1200
a contact +30000 +31800 1003 2046 50
a contact +30000 +31800 2046 1003 50
a contact +26400 +32400 1001 2011 50
a contact +26400 +32400 2011 1001 50
a contact +31200 +33000 1006 9001 1200
a contact +22800 +33000 2007 9002 50
a contact +31200 +33000 9001 1006 1200
a contact +22800 +33000 9002 2007 50
a contact +22800 +33600 1002 2045 50
a contact +31800 +33600 1003 2040 50
a contact +31200 +33600 1004 2055 50
a contact +30600 +33600 1005 2027 50
a contact +30600 +33600 1005 2021 50
a contact +30000 +33600 2020 9003 50
a contact +30600 +33600 2021 1005 50
a contact +30600 +33600 2027 1005 50
a contact +31800 +33600 2040 1003 50
a contact +22800 +33600 2045 1002 50
a contact +31200 +33600 2055 1004 50
a contact +30000 +33600 9003 2020 50
a contact +31200 +34200 1004 2035 50
a contact +31200 +34200 2035 1004 50
a contact +32400 +34800 1001 2041 50
a contact +30000 +34800 1002 2003 50
a contact +19200 +34800 1003 2006 50
a contact +30600 +34800 1007 2013 50
a contact +31200 +34800 1007 2015 50
a contact +30000 +34800 2003 1002 50
a contact +19200 +34800 2006 1003 50
a contact +30600 +34800 2013 1007 50
a contact +31200 +34800 2015 1007 50
a contact +32400 +34800 2041 1001 50
a contact +33600 +35400 1002 2019 50
a contact +33600 +35400 2019 1002 50
a contact +35400 +36000 1002 2044 50
a contact +33000 +36000 2039 9002 50
a contact +35400 +36000 2044 1002 50
a contact +33000 +36000 9002 2039 50
a contact +34200 +36600 1004 2033 50
a contact +33600 +36600 1005 9001 1200
a contact +33000 +36600 1006 2028 50
a contact +33600 +36600 2002 9003 50
a contact +33000 +36600 2028 1006 50
a contact +34200 +36600 2033 1004 50
a contact +33600 +36600 9001 1005 1200
a contact +33600 +36600 9003 2002 50
a contact +36000 +37200 1002 2014 50
a contact +33600 +37200 1004 2009 50
a contact +36600 +37200 1004 2004 50
a contact +34800 +37200 1007 2056 50
a contact +36600 +37200 2004 1004 50
a contact +33600 +37200 2009 1004 50
a contact +36000 +37200 2014 1002 50
a contact +34800 +37200 2056 1007 50
a contact +26400 +37800 1001 2029 50
a contact +34800 +37800 1003 2016 50
a contact +36600 +37800 1005 2040 50
a contact +34800 +37800 2016 1003 50
a contact +26400 +37800 2029 1001 50
a contact +36600 +37800 2040 1005 50
a contact +37200 +39000 1004 9001 1200
a contact +37200 +39000 9001 1004 1200
a contact +37200 +39600 1002 2036 50
a contact +36600 +39600 1005 2002 50
a contact +37800 +39600 1005 2030 50
a contact +37200 +39600 1007 2041 50
a contact +36600 +39600 2002 1005 50
a contact +36600 +39600 2027 9003 50
a contact +37800 +39600 2030 1005 50
a contact +36000 +39600 2034 9002 50
a contact +37200 +39600 2036 1002 50
a contact +37200 +39600 2041 1007 50
a contact +36000 +39600 9002 2034 50
a contact +36600 +39600 9003 2027 50
a contact +37800 +40200 1001 2045 50
a contact +34800 +40200 1002 2053 50
a contact +33600 +40200 1003 2017 50
a contact +37800 +40200 1003 2044 50
a contact +33000 +40200 1006 2042 50
a contact +36600 +40200 1006 2049 50
a contact +33600 +40200 2017 1003 50
a contact +33000 +40200 2042 1006 50
a contact +37800 +40200 2044 1003 50
a contact +37800 +40200 2045 1001 50
a contact +36600 +40200 2049 1006 50
a contact +34800 +40200 2053 1002 50
a contact +34800 +40800 1001 2025 50
a contact +40200 +40800 1003 9001 1200
a contact +34800 +40800 2025 1001 50
a contact +40200 +40800 9001 1003 1200
a contact +40200 +41400 1006 2027 50
a contact +40200 +41400 2027 1006 50
a contact +40800 +42000 1003 9001 1200
a contact +40800 +42000 9001 1003 1200
a contact +39600 +42600 2029 9002 50
a contact +39600 +42600 9002 2029 50
a contact +42600 +43200 1003 9002 1200
a contact +42000 +43200 1003 9001 1200
a contact +39600 +43200 1004 2006 50
a contact +39600 +43200 1005 2046 50
a contact +40200 +43200 1006 2035 50
a contact +39600 +43200 2006 1004 50
a contact +40200 +43200 2035 1006 50
a contact +39600 +43200 2046 1005 50
a contact +42000 +43200 9001 1003 1200
a contact +42600 +43200 9002 1003 1200
a contact +40800 +43800 1001 2023 50
a contact +40200 +43800 1002 2030 50
a contact +39600 +43800 1002 2024 50
a contact +40800 +43800 2023 1001 50
a contact +39600 +43800 2024 1002 50
a contact +40200 +43800 2030 1002 50
a contact +40200 +44400 1001 2020 50
a contact +41400 +44400 1006 2019 50
a contact +39600 +44400 1007 2043 50
a contact +41400 +44400 2019 1006 50
a contact +40200 +44400 2020 1001 50
a contact +39600 +44400 2043 1007 50
a contact +39600 +45000 1004 2050 50
a contact +43200 +45000 1006 2044 50
a contact +43200 +45000 2044 1006 50
a contact +39600 +45000 2050 1004 50
a contact +43200 +45600 1003 2026 50
a contact +34800 +45600 1007 2008 50
a contact +34800 +45600 2008 1007 50
a contact +43200 +45600 2026 1003 50
a contact +39600 +45600 2048 9003 50
a contact +39600 +45600 9003 2048 50
a contact +43800 +46200 1002 9001 1200
a contact +44400 +46200 1002 9002 1200
a contact +43800 +46200 9001 1002 1200
a contact +44400 +46200 9002 1002 1200
a contact +43800 +46800 1001 2032 50
a contact +44400 +46800 1001 2025 50
a contact +44400 +46800 2025 1001 50
a contact +43800 +46800 2032 1001 50
a contact +46800 +47400 1001 9001 1200
a contact +44400 +47400 1006 2035 50
a contact +44400 +47400 1007 2045 50
a contact +44400 +47400 2035 1006 50
a contact +44400 +47400 2045 1007 50
a contact +46800 +47400 9001 1001 1200
a contact +47400 +48000 1001 9001 1200
a contact +47400 +48000 1001 9002 1200
a contact +46200 +48000 1002 2056 50
a contact +46200 +48000 1002 2053 50
a contact +46200 +48000 2053 1002 50
a contact +46200 +48000 2056 1002 50
a contact +47400 +48000 9001 1001 1200
a contact +47400 +48000 9002 1001 1200
a contact +48000 +48600 1001 9001 1200
a contact +43200 +48600 1005 2014 50
a contact +43200 +48600 2014 1005 50
a contact +48000 +48600 9001 1001 1200
a contact +45000 +49200 1004 2020 50
a contact +45000 +49200 2020 1004 50
a contact +48600 +49800 1001 9002 1200
a contact +45600 +49800 1003 2021 50
a contact +43200 +49800 1004 2010 50
a contact +47400 +49800 1006 2046 50
a contact +43200 +49800 2010 1004 50
a contact +45600 +49800 2021 1003 50
a contact +47400 +49800 2046 1006 50
a contact +48600 +49800 9002 1001 1200
a contact +45600 +50400 1007 2007 50
a contact +47400 +50400 1007 2015 50
a contact +45600 +50400 2007 1007 50
a contact +47400 +50400 2015 1007 50
a contact +45600 +50400 2037 9003 50
a contact +45600 +50400 9003 2037 50
a contact +39600 +51000 1005 2012 50
a contact +50400 +51000 1007 9001 1200
a contact +50400 +51000 1007 9002 1200
a contact +39600 +51000 2012 1005 50
a contact +50400 +51000 9001 1007 1200
a contact +50400 +51000 9002 1007 1200
a contact +49800 +51600 1006 2018 50
a contact +45000 +51600 1006 2023 50
a contact +49800 +51600 2018 1006 50
a contact +45000 +51600 2023 1006 50
a contact +48000 +52200 1002 2043 50
a contact +48600 +52200 1005 2032 50
a contact +51000 +52200 1007 9002 1200
a contact +48600 +52200 2032 1005 50
a contact +48000 +52200 2043 1002 50
a contact +51000 +52200 9002 1007 1200
a contact +49800 +52800 1001 2038 50
a contact +49800 +52800 1001 2021 50
a contact +49800 +52800 1003 2051 50
a contact +49800 +52800 2021 1001 50
a contact +49800 +52800 2038 1001 50
a contact +49800 +52800 2051 1003 50
a contact +50400 +52800 2056 9003 50
a contact +50400 +52800 9003 2056 50
a contact +52200 +53400 1002 2008 50
a contact +43200 +53400 1003 2013 50
a contact +49800 +53400 1004 2052 50
a contact +52200 +53400 1007 9002 1200
a contact +52200 +53400 2008 1002 50
a contact +43200 +53400 2013 1003 50
a contact +49800 +53400 2052 1004 50
a contact +52200 +53400 9002 1007 1200
a contact +48000 +54000 1002 2016 50
a contact +53400 +54000 1003 2037 50
a contact +52800 +54000 1003 2042 50
a contact +49200 +54000 1004 2044 50
a contact +51000 +54000 1005 2022 50
a contact +51600 +54000 1006 2007 50
a contact +51600 +54000 1006 2012 50
a contact +51600 +54000 2007 1006 50
a contact +51600 +54000 2012 1006 50
a contact +48000 +54000 2016 1002 50
a contact +51000 +54000 2022 1005 50
a contact +53400 +54000 2037 1003 50
a contact +52800 +54000 2042 1003 50
a contact +49200 +54000 2044 1004 50
a contact +52800 +54600 1001 2054 50
a contact +52800 +54600 2054 1001 50
a contact +52800 +55200 1001 2055 50
a contact +53400 +55200 1007 2029 50
a contact +53400 +55200 2029 1007 50
a contact +52800 +55200 2055 1001 50
a contact +54600 +55800 1001 2053 50
a contact +54600 +55800 2053 1001 50
a contact +54000 +56400 1006 9002 1200
a contact +53400 +56400 1007 2034 50
a contact +53400 +56400 2034 1007 50
a contact +54000 +56400 9002 1006 1200
a contact +53400 +57000 1004 2014 50
a contact +54000 +57000 1005 2044 50
a contact +52200 +57000 1005 2048 50
a contact +52200 +57000 2005 9001 50
a contact +53400 +57000 2014 1004 50
a contact +54000 +57000 2044 1005 50
a contact +52200 +57000 2048 1005 50
a contact +52800 +57000 2051 9003 50
a contact +52200 +57000 9001 2005 50
a contact +52800 +57000 9003 2051 50
a contact +55200 +57600 1001 2030 50
a contact +53400 +57600 1002 2001 50
a contact +53400 +57600 2001 1002 50
a contact +55200 +57600 2030 1001 50
a contact +54000 +58200 1002 2026 50
a contact +54000 +58200 2026 1002 50
a contact +55800 +58800 1001 2037 50
a contact +55800 +58800 2037 1001 50
a contact +57600 +59400 1002 2004 50
a contact +54000 +59400 1003 2056 50
a contact +54000 +59400 1004 2043 50
a contact +55200 +59400 1007 2025 50
a contact +57600 +59400 2004 1002 50
a contact +55200 +59400 2025 1007 50
a contact +54000 +59400 2043 1004 50
a contact +57000 +59400 2045 9003 50
a contact +54000 +59400 2056 1003 50
a contact +57000 +59400 9003 2045 50
a contact +57600 +60000 1001 2032 50
a contact +54000 +60000 1003 2010 50
a contact +57000 +60000 1005 9002 1200
a contact +56400 +60000 1007 2054 50
a contact +54000 +60000 2010 1003 50
a contact +57600 +60000 2032 1001 50
a contact +57000 +60000 2049 9001 50
a contact +56400 +60000 2054 1007 50
a contact +57000 +60000 9001 2049 50
a contact +57000 +60000 9002 1005 1200
a contact +58800 +60600 1001 2048 50
a contact +58200 +60600 1002 2022 50
a contact +59400 +60600 1004 2045 50
a contact +57000 +60600 1004 2031 50
a contact +56400 +60600 1006 2033 50
a contact +58200 +60600 2022 1002 50
a contact +57000 +60600 2031 1004 50
a contact +56400 +60600 2033 1006 50
a contact +59400 +60600 2045 1004 50
a contact +58800 +60600 2048 1001 50
a contact +59400 +61200 1007 2001 50
a contact +59400 +61200 2001 1007 50
a contact +59400 +61800 1003 2036 50
a contact +60000 +61800 1003 2041 50
a contact +56400 +61800 1006 2009 50
a contact +56400 +61800 2009 1006 50
a contact +59400 +61800 2036 1003 50
a contact +60000 +61800 2041 1003 50
a contact +60000 +61800 2044 9001 50
a contact +60000 +61800 9001 2044 50
a contact +60000 +62400 1007 2023 50
a contact +60000 +62400 2023 1007 50
a contact +59400 +63000 1002 2017 50
a contact +60600 +63000 1004 9002 1200
a contact +60000 +63000 1005 2027 50
a contact +59400 +63000 2017 1002 50
a contact +60000 +63000 2027 1005 50
a contact +60600 +63000 9002 1004 1200
a contact +60600 +63600 1001 2042 50
a contact +61800 +63600 1003 2010 50
a contact +61800 +63600 1003 2021 50
a contact +60600 +63600 1006 2025 50
a contact +61800 +63600 2010 1003 50
a contact +61800 +63600 2021 1003 50
a contact +60600 +63600 2025 1006 50
a contact +60600 +63600 2042 1001 50
a contact +60000 +64200 1005 2029 50
a contact +60000 +64200 2029 1005 50
a contact +63600 +64800 1001 2001 50
a contact +63600 +64800 2001 1001 50
a contact +63000 +65400 1005 2019 50
a contact +61800 +65400 1006 2015 50
a contact +61200 +65400 1007 2052 50
a contact +61800 +65400 2015 1006 50
a contact +63000 +65400 2019 1005 50
a contact +61200 +65400 2052 1007 50
a contact +63600 +66000 1003 9002 1200
a contact +61800 +66000 2036 9001 50
a contact +59400 +66000 2039 9003 50
a contact +61800 +66000 9001 2036 50
a contact +63600 +66000 9002 1003 1200
a contact +59400 +66000 9003 2039 50
a contact +66000 +66600 1003 9002 1200
a contact +66000 +66600 9002 1003 1200
a contact +63000 +67200 1002 2032 50
a contact +60600 +67200 1002 2028 50
a contact +60600 +67200 2028 1002 50
a contact +63000 +67200 2032 1002 50
a contact +63600 +67800 1006 2055 50
a contact +63600 +67800 2055 1006 50
a contact +60000 +69000 1001 2038 50
a contact +64800 +69000 1001 2040 50
a contact +64200 +69000 1005 2041 50
a contact +65400 +69000 1005 2047 50
a contact +62400 +69000 1007 2034 50
a contact +65400 +69000 1007 2018 50
a contact +65400 +69000 2018 1007 50
a contact +62400 +69000 2034 1007 50
a contact +60000 +69000 2038 1001 50
a contact +64800 +69000 2040 1001 50
a contact +64200 +69000 2041 1005 50
a contact +65400 +69000 2047 1005 50
a contact +66000 +69000 2052 9001 50
a contact +66000 +69000 9001 2052 50
a contact +67200 +69600 1002 9002 1200
a contact +65400 +69600 1006 2006 50
a contact +69000 +69600 1007 2043 50
a contact +65400 +69600 2006 1006 50
a contact +66000 +69600 2036 9003 50
a contact +69000 +69600 2043 1007 50
a contact +67200 +69600 9002 1002 1200
a contact +66000 +69600 9003 2036 50
a contact +69600 +70200 1002 9002 1200
a contact +63000 +70200 1004 2024 50
a contact +63000 +70200 2024 1004 50
a contact +69600 +70200 9002 1002 1200
a contact +69000 +70800 1001 2021 50
a contact +69000 +70800 1001 2046 50
a contact +66600 +70800 1003 2014 50
a contact +66600 +70800 2014 1003 50
a contact +69000 +70800 2021 1001 50
a contact +69000 +70800 2046 1001 50
a contact +70800 +71400 1003 2037 50
a contact +70800 +71400 2037 1003 50
a contact +67800 +72000 1006 2010 50
a contact +67800 +72000 2010 1006 50
a contact +70200 +72600 1002 2053 50
a contact +69000 +72600 1007 2044 50
a contact +69000 +72600 2044 1007 50
a contact +70200 +72600 2053 1002 50
a contact +70800 +73200 1001 9002 1200
a contact +63000 +73200 1004 2011 50
a contact +63000 +73200 2011 1004 50
a contact +69000 +73200 2030 9001 50
a contact +69000 +73200 9001 2030 50
a contact +70800 +73200 9002 1001 1200
a contact +71400 +73800 1003 2005 50
a contact +70200 +73800 1004 2034 50
a contact +69600 +73800 1006 2023 50
a contact +72600 +73800 1007 2017 50
a contact +69600 +73800 1007 2022 50
a contact +71400 +73800 2005 1003 50
a contact +72600 +73800 2017 1007 50
a contact +69600 +73800 2022 1007 50
a contact +69600 +73800 2023 1006 50
a contact +70200 +73800 2034 1004 50
a contact +69600 +73800 2035 9003 50
a contact +69600 +73800 9003 2035 50
a contact +73200 +74400 1001 2010 50
a contact +70200 +74400 1002 2056 50
a contact +73200 +74400 1004 2055 50
a contact +73800 +74400 1007 9002 1200
a contact +73200 +74400 2010 1001 50
a contact +73200 +74400 2055 1004 50
a contact +70200 +74400 2056 1002 50
a contact +73800 +74400 9002 1007 1200
a contact +72600 +75000 1002 2021 50
a contact +74400 +75000 1007 9002 1200
a contact +72600 +75000 2021 1002 50
a contact +74400 +75000 9002 1007 1200
a contact +75000 +75600 1002 2031 50
a contact +69000 +75600 1005 2003 50
a contact +72000 +75600 1006 2015 50
a contact +69000 +75600 2003 1005 50
a contact +72000 +75600 2015 1006 50
a contact +75000 +75600 2031 1002 50
a contact +73800 +76200 1003 2052 50
a contact +75000 +76200 1007 9002 1200
a contact +73800 +76200 2052 1003 50
a contact +75000 +76200 9002 1007 1200
a contact +74400 +76800 1001 2011 50
a contact +74400 +76800 1002 2027 50
a contact +73200 +76800 2006 9001 50
a contact +74400 +76800 2011 1001 50
a contact +74400 +76800 2027 1002 50
a contact +73800 +76800 2053 9003 50
a contact +73200 +76800 9001 2006 50
a contact +73800 +76800 9003 2053 50
a contact +73800 +77400 1004 2039 50
a contact +75600 +77400 1006 2021 50
a contact +73800 +77400 1006 2008 50
a contact +73800 +77400 2008 1006 50
a contact +75600 +77400 2021 1006 50
a contact +73800 +77400 2039 1004 50
a contact +73200 +78600 1001 2016 50
a contact +76800 +78600 1002 2005 50
a contact +66600 +78600 1003 2020 50
a contact +74400 +78600 1004 2054 50
a contact +75600 +78600 1005 2002 50
a contact +69000 +78600 1005 2018 50
a contact +77400 +78600 1006 9002 1200
a contact +76800 +78600 1007 2027 50
a contact +75600 +78600 2002 1005 50
a contact +76800 +78600 2005 1002 50
a contact +76800 +78600 2013 9001 50
a contact +73200 +78600 2016 1001 50
a contact +76800 +78600 2017 9003 50
a contact +69000 +78600 2018 1005 50
a contact +66600 +78600 2020 1003 50
a contact +76800 +78600 2027 1007 50
a contact +74400 +78600 2054 1004 50
a contact +76800 +78600 9001 2013 50
a contact +77400 +78600 9002 1006 1200
a contact +76800 +78600 9003 2017 50
a contact +76800 +79200 1001 2001 50
a contact +75600 +79200 1002 2009 50
a contact +76800 +79200 1007 2038 50
a contact +76800 +79200 2001 1001 50
a contact +75600 +79200 2009 1002 50
a contact +76800 +79200 2038 1007 50
a contact +78600 +79800 1001 2036 50
a contact +78600 +79800 1006 9003 1200
a contact +78600 +79800 2036 1001 50
a contact +78600 +79800 9003 1006 1200
a contact +78600 +80400 1002 2022 50
a contact +78600 +80400 1005 2043 50
a contact +78600 +80400 1005 2019 50
a contact +78600 +80400 2019 1005 50
a contact +78600 +80400 2022 1002 50
a contact +78600 +80400 2043 1005 50
a contact +76200 +81000 1003 2033 50
a contact +76200 +81000 2033 1003 50
a contact +79200 +81600 1002 2001 50
a contact +78600 +81600 1003 2054 50
a contact +78600 +81600 1007 2046 50
a contact +79200 +81600 2001 1002 50
a contact +78600 +81600 2046 1007 50
a contact +78600 +81600 2054 1003 50
a contact +78600 +82200 1004 2002 50
a contact +81000 +82200 1005 9003 1200
a contact +78600 +82200 2002 1004 50
a contact +81000 +82200 9003 1005 1200
a contact +79800 +82800 1001 2051 50
a contact +79200 +82800 1001 2004 50
a contact +81000 +82800 1003 2025 50
a contact +81600 +82800 1007 2040 50
a contact +79200 +82800 2004 1001 50
a contact +81000 +82800 2025 1003 50
a contact +81600 +82800 2040 1007 50
a contact +79800 +82800 2051 1001 50
a contact +80400 +83400 1002 2003 50
a contact +82200 +83400 1005 9003 1200
a contact +80400 +83400 2003 1002 50
a contact +82200 +83400 9003 1005 1200
a contact +81600 +84000 1002 2007 50
a contact +77400 +84000 1004 2050 50
a contact +82200 +84000 1004 2054 50
a contact +79800 +84000 1006 2016 50
a contact +79800 +84000 1006 2026 50
a contact +81600 +84000 2007 1002 50
a contact +79800 +84000 2016 1006 50
a contact +79800 +84000 2026 1006 50
a contact +77400 +84000 2050 1004 50
a contact +82200 +84000 2054 1004 50
a contact +79200 +84600 1007 2014 50
a contact +79200 +84600 2014 1007 50
a contact +83400 +85200 1005 2036 50
a contact +83400 +85200 2036 1005 50
a contact +84000 +85800 1004 9003 1200
a contact +84000 +85800 9003 1004 1200
a contact +82800 +86400 1001 2006 50
a contact +82800 +86400 1001 2011 50
a contact +83400 +86400 1002 2040 50
a contact +84000 +86400 1002 2019 50
a contact +82800 +86400 1003 2015 50
a contact +81600 +86400 1003 2047 50
a contact +85800 +86400 1004 9003 1200
a contact +83400 +86400 1005 2052 50
a contact +85200 +86400 1005 2050 50
a contact +84000 +86400 1006 2035 50
a contact +84000 +86400 1006 2054 50
a contact +84600 +86400 1007 2026 50
a contact +82800 +86400 1007 2055 50
a contact +82800 +86400 2006 1001 50
a contact +82800 +86400 2011 1001 50
a contact +82800 +86400 2015 1003 50
a contact +84000 +86400 2019 1002 50
a contact +78600 +86400 2024 9002 50
a contact +84600 +86400 2026 1007 50
a contact +78600 +86400 2028 9001 50
a contact +84000 +86400 2035 1006 50
a contact +83400 +86400 2040 1002 50
a contact +81600 +86400 2047 1003 50
a contact +85200 +86400 2050 1005 50
a contact +83400 +86400 2052 1005 50
a contact +84000 +86400 2054 1006 50
a contact +82800 +86400 2055 1007 50
a contact +78600 +86400 9001 2028 50
a contact +78600 +86400 9002 2024 50
a contact +85800 +86400 9003 1004 1200

a range +0 +1200 1006 2010 1102.0516
a range +0 +1200 2010 1006 1102.0516
a range +0 +1800 1002 2027 1101.9581
a range +0 +1800 1007 2008 1101.9245
a range +0 +1800 2008 1007 1101.9245
a range +0 +1800 2027 1002 1101.9581
a range +0 +1800 2056 9002 1103.3901
a range +0 +1800 9002 2056 1103.3901
a range +0 +2400 1001 9003 0.0593
a range +0 +2400 1007 2036 1101.9125
a range +1800 +2400 1007 2031 1101.9516
a range +1800 +2400 2031 1007 1101.9516
a range +0 +2400 2036 1007 1101.9125
a range +0 +2400 9003 1001 0.0593
a range +0 +3000 1004 2041 1102.2966
a range +0 +3000 1004 2033 1102.3026
a range +0 +3000 1005 2032 1102.1673
a range +1800 +3000 2023 9002 1102.2111
a range +0 +3000 2032 1005 1102.1673
a range +0 +3000 2033 1004 1102.3026
a range +0 +3000 2034 9001 1102.3664
a range +0 +3000 2041 1004 1102.2966
a range +0 +3000 9001 2034 1102.3664
a range +1800 +3000 9002 2023 1102.2111
a range +0 +3600 1005 2011 1102.2017
a range +2400 +3600 1007 2046 1101.9383
a range +2400 +3600 1007 2005 1101.9346
a range +2400 +3600 2005 1007 1101.9346
a range +0 +3600 2011 1005 1102.2017
a range +2400 +3600 2046 1007 1101.9383
a range +1800 +4200 1002 2025 1102.0515
a range +3000 +4200 1004 2027 1101.9567
a range +3600 +4200 1007 9003 0.0615
a range +3000 +4200 2017 9001 1102.339
a range +1800 +4200 2025 1002 1102.0515
a range +3000 +4200 2027 1004 1101.9567
a range +3000 +4200 9001 2017 1102.339
a range +3600 +4200 9003 1007 0.0615
a range +2400 +4800 1001 2047 1102.7005
a range +4200 +4800 1002 2024 1102.1251
a range +3000 +4800 1004 2051 1102.3132
a range +4200 +4800 2024 1002 1102.1251
a range +2400 +4800 2047 1001 1102.7005
a range +3000 +4800 2051 1004 1102.3132
a range +2400 +5400 1001 2026 1102.0502
a range +3600 +5400 1005 2041 1102.2026
a range +2400 +5400 2026 1001 1102.0502
a range +3600 +5400 2041 1005 1102.2026
a range +0 +6000 1002 2001 1102.5875
a range +4200 +6000 1007 9003 0.0615
a range +0 +6000 2001 1002 1102.5875
a range +4200 +6000 9003 1007 0.0615
a range +1200 +6600 1006 2050 1102.0446
a range +0 +6600 1006 2030 1102.0569
a range +0 +6600 2030 1006 1102.0569
a range +3000 +6600 2032 9002 1103.4087
a range +1200 +6600 2050 1006 1102.0446
a range +3000 +6600 9002 2032 1103.4087
a range +5400 +7800 1001 2002 1102.7105
a range +4800 +7800 1002 2054 1102.5774
a range +5400 +7800 2002 1001 1102.7105
a range +4800 +7800 2054 1002 1102.5774
a range +6600 +8400 1006 9003 0.0601
a range +6600 +8400 9003 1006 0.0601
a range +7800 +9600 1001 2001 1102.7095
a range +6000 +9600 1002 2039 1102.5615
a range +0 +9600 1003 2048 1102.4534
a range +5400 +9600 1005 2004 1102.1792
a range +8400 +9600 1006 9003 0.0601
a range +6000 +9600 1007 2018 1102.4949
a range +7800 +9600 2001 1001 1102.7095
a range +5400 +9600 2004 1005 1102.1792
a range +6000 +9600 2018 1007 1102.4949
a range +4200 +9600 2022 9001 1102.2982
a range +6600 +9600 2023 9002 1102.2111
a range +6000 +9600 2039 1002 1102.5615
a range +0 +9600 2048 1003 1102.4534
a range +4200 +9600 9001 2022 1102.2982
a range +6600 +9600 9002 2023 1102.2111
a range +8400 +9600 9003 1006 0.0601
a range +4200 +10200 1004 2029 1102.2825
a range +4800 +10200 1004 2047 1102.304
a range +9600 +10200 1005 2044 1102.1843
a range +3000 +10200 1005 2031 1102.1683
a range +4200 +10200 2029 1004 1102.2825
a range +3000 +10200 2031 1005 1102.1683
a range +9600 +10200 2044 1005 1102.1843
a range +4800 +10200 2047 1004 1102.304
a range +0 +10800 1003 2019 1102.4652
a range +0 +10800 2019 1003 1102.4652
a range +10200 +11400 1005 9003 0.0622
a range +9600 +11400 1006 2053 1102.9618
a range +9600 +11400 2053 1006 1102.9618
a range +10200 +11400 9003 1005 0.0622
a range +10800 +12000 1003 2016 1102.436
a range +11400 +12000 1005 9003 0.0622
a range +10800 +12000 2016 1003 1102.436
a range +11400 +12000 9003 1005 0.0622
a range +7800 +12600 1002 2002 1102.592
a range +12000 +12600 1005 9003 0.0622
a range +9600 +12600 1006 2018 1102.469
a range +7800 +12600 2002 1002 1102.592
a range +9600 +12600 2018 1006 1102.469
a range +12000 +12600 9003 1005 0.0622
a range +12000 +13200 1003 2003 1102.4455
a range +10200 +13200 1004 2017 1102.284
a range +10200 +13200 1004 2049 1102.3109
a range +12000 +13200 2003 1003 1102.4455
a range +10200 +13200 2017 1004 1102.284
a range +10200 +13200 2049 1004 1102.3109
a range +13200 +13800 1004 9003 0.0609
a range +13200 +13800 9003 1004 0.0609
a range +9600 +14400 1001 2046 1102.704
a range +9600 +14400 1003 2037 1102.453
a range +12600 +14400 1005 2036 1103.1145
a range +11400 +14400 1006 2042 1102.9627
a range +9600 +14400 1007 2005 1102.8305
a range +9600 +14400 2005 1007 1102.8305
a range +12600 +14400 2036 1005 1103.1145
a range +9600 +14400 2037 1003 1102.453
a range +11400 +14400 2042 1006 1102.9627
a range +9600 +14400 2046 1001 1102.704
a range +4800 +15000 1001 2040 1102.6955
a range +12600 +15000 1002 2012 1102.5747
a range +12600 +15000 2012 1002 1102.5747
a range +4800 +15000 2040 1001 1102.6955
a range +9600 +15600 2051 9001 1102.3514
a range +9600 +15600 9001 2051 1102.3514
a range +13800 +16200 1004 9003 0.0609
a range +15600 +16200 1004 9001 0.0607
a range +12600 +16200 1005 2013 1103.0914
a range +12600 +16200 2013 1005 1103.0914
a range +15600 +16200 9001 1004 0.0607
a range +13800 +16200 9003 1004 0.0609
a range +9600 +16800 1002 2008 1102.5821
a range +13200 +16800 1003 2017 1102.4468
a range +14400 +16800 1003 2033 1102.4645
a range +12600 +16800 1006 2053 1102.9618
a range +9600 +16800 2008 1002 1102.5821
a range +13200 +16800 2017 1003 1102.4468
a range +14400 +16800 2033 1003 1102.4645
a range +12600 +16800 2053 1006 1102.9618
a range +14400 +17400 1001 2018 1102.5457
a range +16200 +17400 1004 2026 1102.8003
a range +14400 +17400 1007 2042 1102.8618
a range +14400 +17400 2018 1001 1102.5457
a range +16200 +17400 2026 1004 1102.8003
a range +14400 +17400 2042 1007 1102.8618
a range +15000 +18000 1001 2049 1102.6934
a range +15000 +18000 1002 2055 1102.5799
a range +16800 +18000 1003 9003 0.0595
a range +14400 +18000 1006 2052 1102.9603
a range +15000 +18000 2049 1001 1102.6934
a range +14400 +18000 2052 1006 1102.9603
a range +15000 +18000 2055 1002 1102.5799
a range +16800 +18000 9003 1003 0.0595
a range +14400 +18600 1005 2037 1103.1168
a range +14400 +18600 2037 1005 1103.1168
a range +17400 +19200 1001 2027 1102.7058
a range +17400 +19200 1003 9001 0.0594
a range +17400 +19200 1004 2004 1103.2373
a range +18000 +19200 1006 2053 1102.9618
a range +6000 +19200 1007 2041 1102.8621
a range +17400 +19200 2004 1004 1103.2373
a range +9600 +19200 2014 9002 1103.3902
a range +17400 +19200 2027 1001 1102.7058
a range +6000 +19200 2041 1007 1102.8621
a range +18000 +19200 2053 1006 1102.9618
a range +17400 +19200 9001 1003 0.0594
a range +9600 +19200 9002 2014 1103.3902
a range +16200 +19800 1005 2051 1103.102
a range +19200 +19800 1006 2046 1102.9449
a range +16800 +19800 1006 2043 1102.953
a range +17400 +19800 1007 2050 1102.8327
a range +16800 +19800 2043 1006 1102.953
a range +19200 +19800 2046 1006 1102.9449
a range +17400 +19800 2050 1007 1102.8327
a range +16200 +19800 2051 1005 1103.102
a range +18000 +20400 1002 2033 1102.6052
a range +16800 +20400 1002 2047 1102.5923
a range +19200 +20400 1003 2012 1103.3364
a range +19200 +20400 2012 1003 1103.3364
a range +18000 +20400 2033 1002 1102.6052
a range +19200 +20400 2044 9002 1103.3958
a range +16800 +20400 2047 1002 1102.5923
a range +19200 +20400 9002 2044 1103.3958
a range +20400 +21000 1002 9003 0.0616
a range +20400 +21000 1002 9001 0.0615
a range +20400 +21000 9001 1002 0.0615
a range +20400 +21000 9003 1002 0.0616
a range +18000 +21600 1001 2022 1102.6766
a range +21000 +21600 1002 9003 0.0616
a range +19200 +21600 1007 2056 1102.8475
a range +19800 +21600 1007 2027 1102.8631
a range +18000 +21600 2022 1001 1102.6766
a range +19800 +21600 2027 1007 1102.8631
a range +19200 +21600 2056 1007 1102.8475
a range +21000 +21600 9003 1002 0.0616
a range +21600 +22200 1001 2005 1102.7014
a range +19800 +22200 1006 2041 1102.8613
a range +21600 +22200 2005 1001 1102.7014
a range +19800 +22200 2041 1006 1102.8613
a range +22200 +22800 1001 2046 1102.704
a range +21000 +22800 1002 9001 0.0615
a range +18600 +22800 1005 2049 1103.0988
a range +20400 +22800 2015 9002 1102.6751
a range +22200 +22800 2046 1001 1102.704
a range +18600 +22800 2049 1005 1103.0988
a range +21000 +22800 9001 1002 0.0615
a range +20400 +22800 9002 2015 1102.6751
a range +22800 +23400 1001 2035 1102.6834
a range +19200 +23400 1001 2014 1102.7064
a range +16200 +23400 1004 2009 1103.2388
a range +21600 +23400 1007 2028 1102.78
a range +16200 +23400 2009 1004 1103.2388
a range +19200 +23400 2014 1001 1102.7064
a range +21600 +23400 2028 1007 1102.78
a range +22800 +23400 2035 1001 1102.6834
a range +19800 +24000 1005 2003 1103.0831
a range +19800 +24000 2003 1005 1103.0831
a range +23400 +24600 1001 9001 0.0601
a range +24000 +24600 1001 9003 0.0602
a range +21600 +24600 1007 2012 1102.8479
a range +21600 +24600 2012 1007 1102.8479
a range +23400 +24600 9001 1001 0.0601
a range +24000 +24600 9003 1001 0.0602
a range +24600 +25200 1001 9003 0.0602
a range +20400 +25200 1003 2011 1103.3367
a range +20400 +25200 2011 1003 1103.3367
a range +24600 +25200 9003 1001 0.0602
a range +24600 +26400 1001 9001 0.0601
a range +24000 +26400 1005 2020 1103.0985
a range +19800 +26400 1006 2013 1102.9622
a range +19800 +26400 2013 1006 1102.9622
a range +24000 +26400 2020 1005 1103.0985
a range +24600 +26400 9001 1001 0.0601
a range +22800 +27000 1002 2005 1103.491
a range +19200 +27000 1004 2038 1103.234
a range +22200 +27000 1006 2026 1102.8919
a range +23400 +27000 1007 2049 1102.8309
a range +24600 +27000 1007 2021 1102.8154
a range +22800 +27000 2005 1002 1103.491
a range +24600 +27000 2021 1007 1102.8154
a range +22200 +27000 2026 1006 1102.8919
a range +19200 +27000 2038 1004 1103.234
a range +23400 +27000 2049 1007 1102.8309
a range +27000 +28200 1007 9001 0.0622
a range +27000 +28200 1007 9003 0.0623
a range +27000 +28200 9001 1007 0.0622
a range +27000 +28200 9003 1007 0.0623
a range +28200 +28800 1007 9003 0.0623
a range +28200 +28800 1007 9001 0.0622
a range +28200 +28800 9001 1007 0.0622
a range +28200 +28800 9003 1007 0.0623
a range +28800 +29400 1007 9001 0.0622
a range +28800 +29400 9001 1007 0.0622
a range +27000 +30000 1002 2055 1103.4887
a range +25200 +30000 1003 2035 1103.1932
a range +27000 +30000 1004 2012 1103.225
a range +26400 +30000 1005 2054 1103.0953
a range +27000 +30000 1006 2042 1102.9627
a range +26400 +30000 1006 2039 1102.9763
a range +27000 +30000 2012 1004 1103.225
a range +25200 +30000 2035 1003 1103.1932
a range +26400 +30000 2039 1006 1102.9763
a range +27000 +30000 2042 1006 1102.9627
a range +26400 +30000 2054 1005 1103.0953
a range +27000 +30000 2055 1002 1103.4887
a range +22800 +30600 1005 2031 1103.0724
a range +30000 +30600 1005 2052 1103.1011
a range +29400 +30600 1007 2030 1103.4265
a range +29400 +30600 2030 1007 1103.4265
a range +22800 +30600 2031 1005 1103.0724
a range +30000 +30600 2052 1005 1103.1011
a range +23400 +31200 1004 2004 1103.2373
a range +30000 +31200 1004 2033 1103.251
a range +30000 +31200 1006 9001 0.0609
a range +29400 +31200 1007 2037 1103.0628
a range +23400 +31200 2004 1004 1103.2373
a range +30000 +31200 2033 1004 1103.251
a range +29400 +31200 2037 1007 1103.0628
a range +30000 +31200 9001 1006 0.0609
a range +30000 +31800 1003 2046 1103.3558
a range +30000 +31800 2046 1003 1103.3558
a range +26400 +32400 1001 2011 1103.6027
a range +26400 +32400 2011 1001 1103.6027
a range +31200 +33000 1006 9001 0.0609
a range +22800 +33000 2007 9002 1103.3856
a range +31200 +33000 9001 1006 0.0609
a range +22800 +33000 9002 2007 1103.3856
a range +22800 +33600 1002 2045 1103.4953
a range +31800 +33600 1003 2040 1103.3245
a range +31200 +33600 1004 2055 1103.2249
a range +30600 +33600 1005 2027 1103.0883
a range +30600 +33600 1005 2021 1103.1084
a range +30000 +33600 2020 9003 1103.1931
a range +30600 +33600 2021 1005 1103.1084
a range +30600 +33600 2027 1005 1103.0883
a range +31800 +33600 2040 1003 1103.3245
a range +22800 +33600 2045 1002 1103.4953
a range +31200 +33600 2055 1004 1103.2249
a range +30000 +33600 9003 2020 1103.1931
a range +31200 +34200 1004 2035 1103.2307
a range +31200 +34200 2035 1004 1103.2307
a range +32400 +34800 1001 2041 1103.6218
a range +30000 +34800 1002 2003 1103.4979
a range +19200 +34800 1003 2006 1103.3567
a range +30600 +34800 1007 2013 1103.7509
a range +31200 +34800 1007 2015 1103.4916
a range +30000 +34800 2003 1002 1103.4979
a range +19200 +34800 2006 1003 1103.3567
a range +30600 +34800 2013 1007 1103.7509
a range +31200 +34800 2015 1007 1103.4916
a range +32400 +34800 2041 1001 1103.6218
a range +33600 +35400 1002 2019 1103.2715
a range +33600 +35400 2019 1002 1103.2715
a range +35400 +36000 1002 2044 1103.4959
a range +33000 +36000 2039 9002 1103.3671
a range +35400 +36000 2044 1002 1103.4959
a range +33000 +36000 9002 2039 1103.3671
a range +34200 +36600 1004 2033 1103.251
a range +33600 +36600 1005 9001 0.0595
a range +33000 +36600 1006 2028 1103.5069
a range +33600 +36600 2002 9003 1104.7685
a range +33000 +36600 2028 1006 1103.5069
a range +34200 +36600 2033 1004 1103.251
a range +33600 +36600 9001 1005 0.0595
a range +33600 +36600 9003 2002 1104.7685
a range +36000 +37200 1002 2014 1103.4933
a range +33600 +37200 1004 2009 1103.2388
a range +36600 +37200 1004 2004 1103.2373
a range +34800 +37200 1007 2056 1103.7457
a range +36600 +37200 2004 1004 1103.2373
a range +33600 +37200 2009 1004 1103.2388
a range +36000 +37200 2014 1002 1103.4933
a range +34800 +37200 2056 1007 1103.7457
a range +26400 +37800 1001 2029 1103.5694
a range +34800 +37800 1003 2016 1103.3571
a range +36600 +37800 1005 2040 1103.6483
a range +34800 +37800 2016 1003 1103.3571
a range +26400 +37800 2029 1001 1103.5694
a range +36600 +37800 2040 1005 1103.6483
a range +37200 +39000 1004 9001 0.0616
a range +37200 +39000 9001 1004 0.0616
a range +37200 +39600 1002 2036 1103.4669
a range +36600 +39600 1005 2002 1103.9868
a range +37800 +39600 1005 2030 1103.4077
a range +37200 +39600 1007 2041 1103.6813
a range +36600 +39600 2002 1005 1103.9868
a range +36600 +39600 2027 9003 1103.6001
a range +37800 +39600 2030 1005 1103.4077
a range +36000 +39600 2034 9002 1103.3926
a range +37200 +39600 2036 1002 1103.4669
a range +37200 +39600 2041 1007 1103.6813
a range +36000 +39600 9002 2034 1103.3926
a range +36600 +39600 9003 2027 1103.6001
a range +37800 +40200 1001 2045 1103.6037
a range +34800 +40200 1002 2053 1103.4816
a range +33600 +40200 1003 2017 1103.3659
a range +37800 +40200 1003 2044 1103.351
a range +33000 +40200 1006 2042 1103.5373
a range +36600 +40200 1006 2049 1103.8855
a range +33600 +40200 2017 1003 1103.3659
a range +33000 +40200 2042 1006 1103.5373
a range +37800 +40200 2044 1003 1103.351
a range +37800 +40200 2045 1001 1103.6037
a range +36600 +40200 2049 1006 1103.8855
a range +34800 +40200 2053 1002 1103.4816
a range +34800 +40800 1001 2025 1103.6051
a range +40200 +40800 1003 9001 0.0602
a range +34800 +40800 2025 1001 1103.6051
a range +40200 +40800 9001 1003 0.0602
a range +40200 +41400 1006 2027 1103.6017
a range +40200 +41400 2027 1006 1103.6017
a range +40800 +42000 1003 9001 0.0602
a range +40800 +42000 9001 1003 0.0602
a range +39600 +42600 2029 9002 1103.4029
a range +39600 +42600 9002 2029 1103.4029
a range +42600 +43200 1003 9002 0.0617
a range +42000 +43200 1003 9001 0.0602
a range +39600 +43200 1004 2006 1104.1447
a range +39600 +43200 1005 2046 1103.996
a range +40200 +43200 1006 2035 1103.8931
a range +39600 +43200 2006 1004 1104.1447
a range +40200 +43200 2035 1006 1103.8931
a range +39600 +43200 2046 1005 1103.996
a range +42000 +43200 9001 1003 0.0602
a range +42600 +43200 9002 1003 0.0617
a range +40800 +43800 1001 2023 1103.5847
a range +40200 +43800 1002 2030 1103.5107
a range +39600 +43800 1002 2024 1103.4645
a range +40800 +43800 2023 1001 1103.5847
a range +39600 +43800 2024 1002 1103.4645
a range +40200 +43800 2030 1002 1103.5107
a range +40200 +44400 1001 2020 1103.5801
a range +41400 +44400 1006 2019 1103.8721
a range +39600 +44400 1007 2043 1103.742
a range +41400 +44400 2019 1006 1103.8721
a range +40200 +44400 2020 1001 1103.5801
a range +39600 +44400 2043 1007 1103.742
a range +39600 +45000 1004 2050 1104.1361
a range +43200 +45000 1006 2044 1103.8724
a range +43200 +45000 2044 1006 1103.8724
a range +39600 +45000 2050 1004 1104.1361
a range +43200 +45600 1003 2026 1103.6322
a range +34800 +45600 1007 2008 1103.7398
a range +34800 +45600 2008 1007 1103.7398
a range +43200 +45600 2026 1003 1103.6322
a range +39600 +45600 2048 9003 1104.7831
a range +39600 +45600 9003 2048 1104.7831
a range +43800 +46200 1002 9001 0.0623
a range +44400 +46200 1002 9002 0.0604
a range +43800 +46200 9001 1002 0.0623
a range +44400 +46200 9002 1002 0.0604
a range +43800 +46800 1001 2032 1103.5974
a range +44400 +46800 1001 2025 1103.6051
a range +44400 +46800 2025 1001 1103.6051
a range +43800 +46800 2032 1001 1103.5974
a range +46800 +47400 1001 9001 0.061
a range +44400 +47400 1006 2035 1103.8931
a range +44400 +47400 1007 2045 1103.735
a range +44400 +47400 2035 1006 1103.8931
a range +44400 +47400 2045 1007 1103.735
a range +46800 +47400 9001 1001 0.061
a range +47400 +48000 1001 9001 0.061
a range +47400 +48000 1001 9002 0.0591
a range +46200 +48000 1002 2056 1104.3971
a range +46200 +48000 1002 2053 1104.3889
a range +46200 +48000 2053 1002 1104.3889
a range +46200 +48000 2056 1002 1104.3971
a range +47400 +48000 9001 1001 0.061
a range +47400 +48000 9002 1001 0.0591
a range +48000 +48600 1001 9001 0.061
a range +43200 +48600 1005 2014 1103.9841
a range +43200 +48600 2014 1005 1103.9841
a range +48000 +48600 9001 1001 0.061
a range +45000 +49200 1004 2020 1104.0462
a range +45000 +49200 2020 1004 1104.0462
a range +48600 +49800 1001 9002 0.0591
a range +45600 +49800 1003 2021 1103.9328
a range +43200 +49800 1004 2010 1104.1276
a range +47400 +49800 1006 2046 1103.8748
a range +43200 +49800 2010 1004 1104.1276
a range +45600 +49800 2021 1003 1103.9328
a range +47400 +49800 2046 1006 1103.8748
a range +48600 +49800 9002 1001 0.0591
a range +45600 +50400 1007 2007 1103.7351
a range +47400 +50400 1007 2015 1103.7439
a range +45600 +50400 2007 1007 1103.7351
a range +47400 +50400 2015 1007 1103.7439
a range +45600 +50400 2037 9003 1103.8521
a range +45600 +50400 9003 2037 1103.8521
a range +39600 +51000 1005 2012 1103.9896
a range +50400 +51000 1007 9001 0.0596
a range +50400 +51000 1007 9002 0.0611
a range +39600 +51000 2012 1005 1103.9896
a range +50400 +51000 9001 1007 0.0596
a range +50400 +51000 9002 1007 0.0611
a range +49800 +51600 1006 2018 1103.8631
a range +45000 +51600 1006 2023 1103.9052
a range +49800 +51600 2018 1006 1103.8631
a range +45000 +51600 2023 1006 1103.9052
a range +48000 +52200 1002 2043 1104.3969
a range +48600 +52200 1005 2032 1103.9975
a range +51000 +52200 1007 9002 0.0611
a range +48600 +52200 2032 1005 1103.9975
a range +48000 +52200 2043 1002 1104.3969
a range +51000 +52200 9002 1007 0.0611
a range +49800 +52800 1001 2038 1103.8183
a range +49800 +52800 1001 2021 1103.92
a range +49800 +52800 1003 2051 1104.2406
a range +49800 +52800 2021 1001 1103.92
a range +49800 +52800 2038 1001 1103.8183
a range +49800 +52800 2051 1003 1104.2406
a range +50400 +52800 2056 9003 1104.7662
a range +50400 +52800 9003 2056 1104.7662
a range +52200 +53400 1002 2008 1104.3776
a range +43200 +53400 1003 2013 1104.2466
a range +49800 +53400 1004 2052 1104.1289
a range +52200 +53400 1007 9002 0.0611
a range +52200 +53400 2008 1002 1104.3776
a range +43200 +53400 2013 1003 1104.2466
a range +49800 +53400 2052 1004 1104.1289
a range +52200 +53400 9002 1007 0.0611
a range +48000 +54000 1002 2016 1104.2679
a range +53400 +54000 1003 2037 1103.815
a range +52800 +54000 1003 2042 1104.2556
a range +49200 +54000 1004 2044 1104.1373
a range +51000 +54000 1005 2022 1103.9348
a range +51600 +54000 1006 2007 1103.8863
a range +51600 +54000 1006 2012 1103.8853
a range +51600 +54000 2007 1006 1103.8863
a range +51600 +54000 2012 1006 1103.8853
a range +48000 +54000 2016 1002 1104.2679
a range +51000 +54000 2022 1005 1103.9348
a range +53400 +54000 2037 1003 1103.815
a range +52800 +54000 2042 1003 1104.2556
a range +49200 +54000 2044 1004 1104.1373
a range +52800 +54600 1001 2054 1104.5368
a range +52800 +54600 2054 1001 1104.5368
a range +52800 +55200 1001 2055 1104.5359
a range +53400 +55200 1007 2029 1104.2954
a range +53400 +55200 2029 1007 1104.2954
a range +52800 +55200 2055 1001 1104.5359
a range +54600 +55800 1001 2053 1104.5359
a range +54600 +55800 2053 1001 1104.5359
a range +54000 +56400 1006 9002 0.0598
a range +53400 +56400 1007 2034 1104.0087
a range +53400 +56400 2034 1007 1104.0087
a range +54000 +56400 9002 1006 0.0598
a range +53400 +57000 1004 2014 1104.1281
a range +54000 +57000 1005 2044 1103.9889
a range +52200 +57000 1005 2048 1104.0024
a range +52200 +57000 2005 9001 1105.0581
a range +53400 +57000 2014 1004 1104.1281
a range +54000 +57000 2044 1005 1103.9889
a range +52200 +57000 2048 1005 1104.0024
a range +52800 +57000 2051 9003 1104.7795
a range +52200 +57000 9001 2005 1105.0581
a range +52800 +57000 9003 2051 1104.7795
a range +55200 +57600 1001 2030 1104.2482
a range +53400 +57600 1002 2001 1104.3994
a range +53400 +57600 2001 1002 1104.3994
a range +55200 +57600 2030 1001 1104.2482
a range +54000 +58200 1002 2026 1104.3996
a range +54000 +58200 2026 1002 1104.3996
a range +55800 +58800 1001 2037 1104.5333
a range +55800 +58800 2037 1001 1104.5333
a range +57600 +59400 1002 2004 1104.3886
a range +54000 +59400 1003 2056 1104.2513
a range +54000 +59400 1004 2043 1104.1335
a range +55200 +59400 1007 2025 1104.5511
a range +57600 +59400 2004 1002 1104.3886
a range +55200 +59400 2025 1007 1104.5511
a range +54000 +59400 2043 1004 1104.1335
a range +57000 +59400 2045 9003 1104.7739
a range +54000 +59400 2056 1003 1104.2513
a range +57000 +59400 9003 2045 1104.7739
a range +57600 +60000 1001 2032 1104.0958
a range +54000 +60000 1003 2010 1104.2376
a range +57000 +60000 1005 9002 0.0618
a range +56400 +60000 1007 2054 1104.6474
a range +54000 +60000 2010 1003 1104.2376
a range +57600 +60000 2032 1001 1104.0958
a range +57000 +60000 2049 9001 1105.0507
a range +56400 +60000 2054 1007 1104.6474
a range +57000 +60000 9001 2049 1105.0507
a range +57000 +60000 9002 1005 0.0618
a range +58800 +60600 1001 2048 1104.5202
a range +58200 +60600 1002 2022 1104.3648
a range +59400 +60600 1004 2045 1104.1407
a range +57000 +60600 1004 2031 1104.1506
a range +56400 +60600 1006 2033 1104.1021
a range +58200 +60600 2022 1002 1104.3648
a range +57000 +60600 2031 1004 1104.1506
a range +56400 +60600 2033 1006 1104.1021
a range +59400 +60600 2045 1004 1104.1407
a range +58800 +60600 2048 1001 1104.5202
a range +59400 +61200 1007 2001 1104.6354
a range +59400 +61200 2001 1007 1104.6354
a range +59400 +61800 1003 2036 1104.2328
a range +60000 +61800 1003 2041 1104.2452
a range +56400 +61800 1006 2009 1104.7908
a range +56400 +61800 2009 1006 1104.7908
a range +59400 +61800 2036 1003 1104.2328
a range +60000 +61800 2041 1003 1104.2452
a range +60000 +61800 2044 9001 1105.0661
a range +60000 +61800 9001 2044 1105.0661
a range +60000 +62400 1007 2023 1104.664
a range +60000 +62400 2023 1007 1104.664
a range +59400 +63000 1002 2017 1104.2042
a range +60600 +63000 1004 9002 0.0605
a range +60000 +63000 1005 2027 1104.3469
a range +59400 +63000 2017 1002 1104.2042
a range +60000 +63000 2027 1005 1104.3469
a range +60600 +63000 9002 1004 0.0605
a range +60600 +63600 1001 2042 1104.4093
a range +61800 +63600 1003 2010 1104.2376
a range +61800 +63600 1003 2021 1104.2419
a range +60600 +63600 1006 2025 1104.5005
a range +61800 +63600 2010 1003 1104.2376
a range +61800 +63600 2021 1003 1104.2419
a range +60600 +63600 2025 1006 1104.5005
a range +60600 +63600 2042 1001 1104.4093
a range +60000 +64200 1005 2029 1104.2945
a range +60000 +64200 2029 1005 1104.2945
a range +63600 +64800 1001 2001 1104.531
a range +63600 +64800 2001 1001 1104.531
a range +63000 +65400 1005 2019 1104.9191
a range +61800 +65400 1006 2015 1104.2293
a range +61200 +65400 1007 2052 1104.6508
a range +61800 +65400 2015 1006 1104.2293
a range +63000 +65400 2019 1005 1104.9191
a range +61200 +65400 2052 1007 1104.6508
a range +63600 +66000 1003 9002 0.0592
a range +61800 +66000 2036 9001 1104.707
a range +59400 +66000 2039 9003 1104.5357
a range +61800 +66000 9001 2036 1104.707
a range +63600 +66000 9002 1003 0.0592
a range +59400 +66000 9003 2039 1104.5357
a range +66000 +66600 1003 9002 0.0592
a range +66000 +66600 9002 1003 0.0592
a range +63000 +67200 1002 2032 1104.3876
a range +60600 +67200 1002 2028 1104.4125
a range +60600 +67200 2028 1002 1104.4125
a range +63000 +67200 2032 1002 1104.3876
a range +63600 +67800 1006 2055 1104.775
a range +63600 +67800 2055 1006 1104.775
a range +60000 +69000 1001 2038 1104.5427
a range +64800 +69000 1001 2040 1104.5515
a range +64200 +69000 1005 2041 1104.8725
a range +65400 +69000 1005 2047 1104.9039
a range +62400 +69000 1007 2034 1104.6371
a range +65400 +69000 1007 2018 1104.62
a range +65400 +69000 2018 1007 1104.62
a range +62400 +69000 2034 1007 1104.6371
a range +60000 +69000 2038 1001 1104.5427
a range +64800 +69000 2040 1001 1104.5515
a range +64200 +69000 2041 1005 1104.8725
a range +65400 +69000 2047 1005 1104.9039
a range +66000 +69000 2052 9001 1105.0507
a range +66000 +69000 9001 2052 1105.0507
a range +67200 +69600 1002 9002 0.0612
a range +65400 +69600 1006 2006 1104.7899
a range +69000 +69600 1007 2043 1104.6365
a range +65400 +69600 2006 1006 1104.7899
a range +66000 +69600 2036 9003 1104.7267
a range +69000 +69600 2043 1007 1104.6365
a range +67200 +69600 9002 1002 0.0612
a range +66000 +69600 9003 2036 1104.7267
a range +69600 +70200 1002 9002 0.0612
a range +63000 +70200 1004 2024 1104.5275
a range +63000 +70200 2024 1004 1104.5275
a range +69600 +70200 9002 1002 0.0612
a range +69000 +70800 1001 2021 1104.5126
a range +69000 +70800 1001 2046 1104.5202
a range +66600 +70800 1003 2014 1105.1297
a range +66600 +70800 2014 1003 1105.1297
a range +69000 +70800 2021 1001 1104.5126
a range +69000 +70800 2046 1001 1104.5202
a range +70800 +71400 1003 2037 1104.6018
a range +70800 +71400 2037 1003 1104.6018
a range +67800 +72000 1006 2010 1104.7872
a range +67800 +72000 2010 1006 1104.7872
a range +70200 +72600 1002 2053 1105.0748
a range +69000 +72600 1007 2044 1104.6341
a range +69000 +72600 2044 1007 1104.6341
a range +70200 +72600 2053 1002 1105.0748
a range +70800 +73200 1001 9002 0.0599
a range +63000 +73200 1004 2011 1105.0247
a range +63000 +73200 2011 1004 1105.0247
a range +69000 +73200 2030 9001 1105.0574
a range +69000 +73200 9001 2030 1105.0574
a range +70800 +73200 9002 1001 0.0599
a range +71400 +73800 1003 2005 1105.1219
a range +70200 +73800 1004 2034 1104.85
a range +69600 +73800 1006 2023 1104.6618
a range +72600 +73800 1007 2017 1104.6176
a range +69600 +73800 1007 2022 1104.6572
a range +71400 +73800 2005 1003 1105.1219
a range +72600 +73800 2017 1007 1104.6176
a range +69600 +73800 2022 1007 1104.6572
a range +69600 +73800 2023 1006 1104.6618
a range +70200 +73800 2034 1004 1104.85
a range +69600 +73800 2035 9003 1104.7744
a range +69600 +73800 9003 2035 1104.7744
a range +73200 +74400 1001 2010 1105.0208
a range +70200 +74400 1002 2056 1105.0854
a range +73200 +74400 1004 2055 1105.0328
a range +73800 +74400 1007 9002 0.0619
a range +73200 +74400 2010 1001 1105.0208
a range +73200 +74400 2055 1004 1105.0328
a range +70200 +74400 2056 1002 1105.0854
a range +73800 +74400 9002 1007 0.0619
a range +72600 +75000 1002 2021 1104.7025
a range +74400 +75000 1007 9002 0.0619
a range +72600 +75000 2021 1002 1104.7025
a range +74400 +75000 9002 1007 0.0619
a range +75000 +75600 1002 2031 1104.973
a range +69000 +75600 1005 2003 1104.8996
a range +72000 +75600 1006 2015 1104.7576
a range +69000 +75600 2003 1005 1104.8996
a range +72000 +75600 2015 1006 1104.7576
a range +75000 +75600 2031 1002 1104.973
a range +73800 +76200 1003 2052 1105.1146
a range +75000 +76200 1007 9002 0.0619
a range +73800 +76200 2052 1003 1105.1146
a range +75000 +76200 9002 1007 0.0619
a range +74400 +76800 1001 2011 1105.0245
a range +74400 +76800 1002 2027 1105.0887
a range +73200 +76800 2006 9001 1105.0533
a range +74400 +76800 2011 1001 1105.0245
a range +74400 +76800 2027 1002 1105.0887
a range +73800 +76800 2053 9003 1104.7719
a range +73200 +76800 9001 2006 1105.0533
a range +73800 +76800 9003 2053 1104.7719
a range +73800 +77400 1004 2039 1105.0135
a range +75600 +77400 1006 2021 1104.8052
a range +73800 +77400 1006 2008 1104.7926
a range +73800 +77400 2008 1006 1104.7926
a range +75600 +77400 2021 1006 1104.8052
a range +73800 +77400 2039 1004 1105.0135
a range +73200 +78600 1001 2016 1104.9963
a range +76800 +78600 1002 2005 1105.0791
a range +66600 +78600 1003 2020 1104.7717
a range +74400 +78600 1004 2054 1105.0293
a range +75600 +78600 1005 2002 1104.8948
a range +69000 +78600 1005 2018 1104.914
a range +77400 +78600 1006 9002 0.0606
a range +76800 +78600 1007 2027 1105.0218
a range +75600 +78600 2002 1005 1104.8948
a range +76800 +78600 2005 1002 1105.0791
a range +76800 +78600 2013 9001 1105.0619
a range +73200 +78600 2016 1001 1104.9963
a range +76800 +78600 2017 9003 1104.7717
a range +69000 +78600 2018 1005 1104.914
a range +66600 +78600 2020 1003 1104.7717
a range +76800 +78600 2027 1007 1105.0218
a range +74400 +78600 2054 1004 1105.0293
a range +76800 +78600 9001 2013 1105.0619
a range +77400 +78600 9002 1006 0.0606
a range +76800 +78600 9003 2017 1104.7717
a range +76800 +79200 1001 2001 1105.0404
a range +75600 +79200 1002 2009 1105.0677
a range +76800 +79200 1007 2038 1104.9932
a range +76800 +79200 2001 1001 1105.0404
a range +75600 +79200 2009 1002 1105.0677
a range +76800 +79200 2038 1007 1104.9932
a range +78600 +79800 1001 2036 1105.0069
a range +78600 +79800 1006 9003 0.0602
a range +78600 +79800 2036 1001 1105.0069
a range +78600 +79800 9003 1006 0.0602
a range +78600 +80400 1002 2022 1105.0549
a range +78600 +80400 1005 2043 1104.8915
a range +78600 +80400 1005 2019 1104.9191
a range +78600 +80400 2019 1005 1104.9191
a range +78600 +80400 2022 1002 1105.0549
a range +78600 +80400 2043 1005 1104.8915
a range +76200 +81000 1003 2033 1104.8627
a range +76200 +81000 2033 1003 1104.8627
a range +79200 +81600 1002 2001 1105.0893
a range +78600 +81600 1003 2054 1105.1214
a range +78600 +81600 1007 2046 1105.0154
a range +79200 +81600 2001 1002 1105.0893
a range +78600 +81600 2046 1007 1105.0154
a range +78600 +81600 2054 1003 1105.1214
a range +78600 +82200 1004 2002 1105.0446
a range +81000 +82200 1005 9003 0.0463
a range +78600 +82200 2002 1004 1105.0446
a range +81000 +82200 9003 1005 0.0463
a range +79800 +82800 1001 2051 1105.0212
a range +79200 +82800 1001 2004 1105.035
a range +81000 +82800 1003 2025 1105.1104
a range +81600 +82800 1007 2040 1105.0116
a range +79200 +82800 2004 1001 1105.035
a range +81000 +82800 2025 1003 1105.1104
a range +81600 +82800 2040 1007 1105.0116
a range +79800 +82800 2051 1001 1105.0212
a range +80400 +83400 1002 2003 1105.0876
a range +82200 +83400 1005 9003 0.0463
a range +80400 +83400 2003 1002 1105.0876
a range +82200 +83400 9003 1005 0.0463
a range +81600 +84000 1002 2007 1105.0703
a range +77400 +84000 1004 2050 1105.03
a range +82200 +84000 1004 2054 1105.0293
a range +79800 +84000 1006 2016 1105.0331
a range +79800 +84000 1006 2026 1105.0374
a range +81600 +84000 2007 1002 1105.0703
a range +79800 +84000 2016 1006 1105.0331
a range +79800 +84000 2026 1006 1105.0374
a range +77400 +84000 2050 1004 1105.03
a range +82200 +84000 2054 1004 1105.0293
a range +79200 +84600 1007 2014 1105.02
a range +79200 +84600 2014 1007 1105.02
a range +83400 +85200 1005 2036 1105.066
a range +83400 +85200 2036 1005 1105.066
a range +84000 +85800 1004 9003 0.0452
a range +84000 +85800 9003 1004 0.0452
a range +82800 +86400 1001 2006 1105.0254
a range +82800 +86400 1001 2011 1105.0245
a range +83400 +86400 1002 2040 1105.0785
a range +84000 +86400 1002 2019 1105.0791
a range +82800 +86400 1003 2015 1105.1451
a range +81600 +86400 1003 2047 1105.1214
a range +85800 +86400 1004 9003 0.0452
a range +83400 +86400 1005 2052 1105.082
a range +85200 +86400 1005 2050 1105.0803
a range +84000 +86400 1006 2035 1105.0196
a range +84000 +86400 1006 2054 1105.038
a range +84600 +86400 1007 2026 1105.0111
a range +82800 +86400 1007 2055 1105.0155
a range +82800 +86400 2006 1001 1105.0254
a range +82800 +86400 2011 1001 1105.0245
a range +82800 +86400 2015 1003 1105.1451
a range +84000 +86400 2019 1002 1105.0791
a range +78600 +86400 2024 9002 1105.0454
a range +84600 +86400 2026 1007 1105.0111
a range +78600 +86400 2028 9001 1105.0764
a range +84000 +86400 2035 1006 1105.0196
a range +83400 +86400 2040 1002 1105.0785
a range +81600 +86400 2047 1003 1105.1214
a range +85200 +86400 2050 1005 1105.0803
a range +83400 +86400 2052 1005 1105.082
a range +84000 +86400 2054 1006 1105.038
a range +82800 +86400 2055 1007 1105.0155
a range +78600 +86400 9001 2028 1105.0764
a range +78600 +86400 9002 2024 1105.0454
a range +85800 +86400 9003 1004 0.0452
