a contact +0 +1800 1001 9003 1200
a contact +0 +1800 1005 2031 50
a contact +0 +1800 2031 1005 50
a contact +0 +1800 9003 1001 1200
a contact +1800 +2400 1001 9003 1200
a contact +1800 +2400 9003 1001 1200
a contact +0 +3600 1002 2038 50
a contact +0 +3600 2038 1002 50
a contact +0 +4200 1004 2015 50
a contact +0 +4200 2015 1004 50
a contact +0 +4200 2033 9001 50
a contact +0 +4200 9001 2033 50
a contact +2400 +4800 1001 2040 50
a contact +1800 +4800 1005 2001 50
a contact +0 +4800 1005 2035 50
a contact +1800 +4800 2001 1005 50
a contact +0 +4800 2035 1005 50
a contact +2400 +4800 2040 1001 50
a contact +2400 +5400 1001 2016 50
a contact +2400 +5400 2016 1001 50
a contact +0 +6600 1003 2024 50
a contact +4800 +6600 1005 9003 1200
a contact +0 +6600 2017 9002 50
a contact +0 +6600 2024 1003 50
a contact +0 +6600 9002 2017 50
a contact +4800 +6600 9003 1005 1200
a contact +0 +7200 1004 2009 50
a contact +6600 +7200 1005 9003 1200
a contact +0 +7200 2009 1004 50
a contact +6600 +7200 9003 1005 1200
a contact +5400 +7800 1001 2018 50
a contact +5400 +7800 2018 1001 50
a contact +4800 +8400 1001 2014 50
a contact +4800 +8400 2014 1001 50
a contact +6600 +8400 2023 9002 50
a contact +6600 +8400 9002 2023 50
a contact +0 +9000 1003 2025 50
a contact +0 +9000 2025 1003 50
a contact +4200 +9600 1004 2022 50
a contact +7200 +9600 1004 2027 50
a contact +4200 +9600 2022 1004 50
a contact +7200 +9600 2027 1004 50
a contact +9600 +10800 1004 9003 1200
a contact +9600 +10800 9003 1004 1200
a contact +7800 +11400 1001 2020 50
a contact +10800 +11400 1004 9003 1200
a contact +7200 +11400 1005 2037 50
a contact +7800 +11400 2020 1001 50
a contact +7200 +11400 2037 1005 50
a contact +10800 +11400 9003 1004 1200
a contact +11400 +12000 1004 9003 1200
a contact +11400 +12000 9003 1004 1200
a contact +11400 +12600 1001 2013 50
a contact +0 +12600 1002 2006 50
a contact +3600 +12600 1002 2032 50
a contact +6600 +12600 1003 2012 50
a contact +0 +12600 2006 1002 50
a contact +6600 +12600 2012 1003 50
a contact +11400 +12600 2013 1001 50
a contact +8400 +12600 2021 9002 50
a contact +3600 +12600 2032 1002 50
a contact +8400 +12600 9002 2021 50
a contact +12600 +13800 1003 2031 50
a contact +9000 +13800 1003 2016 50
a contact +9000 +13800 2016 1003 50
a contact +12600 +13800 2031 1003 50
a contact +12600 +14400 1001 2024 50
a contact +8400 +14400 1001 2035 50
a contact +12600 +14400 1002 2015 50
a contact +12000 +14400 1004 2033 50
a contact +12600 +14400 2015 1002 50
a contact +12600 +14400 2024 1001 50
a contact +12000 +14400 2033 1004 50
a contact +8400 +14400 2035 1001 50
a contact +12600 +15600 1002 2018 50
a contact +4200 +15600 2003 9001 50
a contact +12600 +15600 2018 1002 50
a contact +4200 +15600 9001 2003 50
a contact +15600 +16200 1003 9001 1200
a contact +13800 +16200 1003 9003 1200
a contact +15600 +16200 9001 1003 1200
a contact +13800 +16200 9003 1003 1200
a contact +14400 +16800 1002 2008 50
a contact +16200 +16800 1003 9003 1200
a contact +14400 +16800 2008 1002 50
a contact +16200 +16800 9003 1003 1200
a contact +12600 +17400 2012 9002 50
a contact +12600 +17400 9002 2012 50
a contact +14400 +18000 1004 2002 50
a contact +14400 +18000 2002 1004 50
a contact +16800 +18600 1002 2007 50
a contact +15600 +18600 1002 2011 50
a contact +7200 +18600 1005 2004 50
a contact +7200 +18600 2004 1005 50
a contact +16800 +18600 2007 1002 50
a contact +15600 +18600 2011 1002 50
a contact +19200 +19800 1002 9001 1200
a contact +18600 +19800 1002 9003 1200
a contact +19200 +19800 9001 1002 1200
a contact +18600 +19800 9003 1002 1200
a contact +14400 +20400 1001 2039 50
a contact +19800 +20400 1002 9003 1200
a contact +19800 +20400 1002 9001 1200
a contact +14400 +20400 2039 1001 50
a contact +19800 +20400 9001 1002 1200
a contact +19800 +20400 9003 1002 1200
a contact +20400 +21000 1002 9001 1200
a contact +18000 +21000 1004 2038 50
a contact +18000 +21000 2038 1004 50
a contact +20400 +21000 9001 1002 1200
a contact +21000 +21600 1002 9003 1200
a contact +21000 +21600 1002 9001 1200
a contact +21000 +21600 9001 1002 1200
a contact +21000 +21600 9003 1002 1200
a contact +17400 +22800 2021 9002 50
a contact +17400 +22800 9002 2021 50
a contact +20400 +23400 1001 2027 50
a contact +14400 +23400 1001 2001 50
a contact +12000 +23400 1004 2040 50
a contact +21000 +23400 1004 2017 50
a contact +11400 +23400 1005 2020 50
a contact +14400 +23400 2001 1001 50
a contact +21000 +23400 2017 1004 50
a contact +11400 +23400 2020 1005 50
a contact +20400 +23400 2027 1001 50
a contact +12000 +23400 2040 1004 50
a contact +23400 +24000 1001 9003 1200
a contact +23400 +24000 1001 9001 1200
a contact +23400 +24000 9001 1001 1200
a contact +23400 +24000 9003 1001 1200
a contact +24000 +24600 1001 9001 1200
a contact +24000 +24600 9001 1001 1200
a contact +23400 +25200 1005 2014 50
a contact +23400 +25200 2014 1005 50
a contact +25200 +25800 1001 9001 1200
a contact +25200 +25800 9001 1001 1200
a contact +25800 +26400 1001 9001 1200
a contact +21600 +26400 1002 2033 50
a contact +21600 +26400 2033 1002 50
a contact +25800 +26400 9001 1001 1200
a contact +23400 +27000 1004 2028 50
a contact +25200 +27000 1005 2027 50
a contact +25200 +27000 2027 1005 50
a contact +23400 +27000 2028 1004 50
a contact +27000 +28200 1005 2012 50
a contact +18600 +28200 1005 2008 50
a contact +18600 +28200 2008 1005 50
a contact +27000 +28200 2012 1005 50
a contact +26400 +28800 1001 2024 50
a contact +26400 +28800 2024 1001 50
a contact +21600 +30000 1002 2003 50
a contact +28200 +30000 1005 9001 1200
a contact +21600 +30000 2003 1002 50
a contact +28200 +30000 9001 1005 1200
a contact +30000 +31200 1005 9001 1200
a contact +30000 +31200 9001 1005 1200
a contact +26400 +32400 1001 2035 50
a contact +26400 +32400 2035 1001 50
a contact +28800 +33000 1001 2007 50
a contact +16800 +33000 1003 2022 50
a contact +27000 +33000 1004 2001 50
a contact +23400 +33000 1004 2036 50
a contact +27000 +33000 2001 1004 50
a contact +28800 +33000 2007 1001 50
a contact +16800 +33000 2022 1003 50
a contact +22800 +33000 2023 9002 50
a contact +23400 +33000 2036 1004 50
a contact +22800 +33000 9002 2023 50
a contact +26400 +33600 1002 2011 50
a contact +26400 +33600 2011 1002 50
a contact +30000 +34200 2024 9003 50
a contact +30000 +34200 9003 2024 50
a contact +33000 +34800 1003 2032 50
a contact +33000 +34800 2032 1003 50
a contact +16800 +35400 1003 2037 50
a contact +33000 +35400 1004 9001 1200
a contact +16800 +35400 2037 1003 50
a contact +33000 +35400 9001 1004 1200
a contact +33000 +36600 1001 2022 50
a contact +30000 +36600 1002 2005 50
a contact +30000 +36600 2005 1002 50
a contact +33000 +36600 2022 1001 50
a contact +35400 +37800 1003 2030 50
a contact +34800 +37800 1003 2038 50
a contact +35400 +37800 2030 1003 50
a contact +34800 +37800 2038 1003 50
a contact +36600 +38400 1001 2029 50
a contact +31200 +38400 1005 2009 50
a contact +34200 +38400 2002 9003 50
a contact +31200 +38400 2009 1005 50
a contact +36600 +38400 2029 1001 50
a contact +34200 +38400 9003 2002 50
a contact +32400 +39000 1001 2034 50
a contact +33000 +39000 2008 9002 50
a contact +32400 +39000 2034 1001 50
a contact +33000 +39000 9002 2008 50
a contact +38400 +40200 1001 2020 50
a contact +37800 +40200 1003 9001 1200
a contact +38400 +40200 2020 1001 50
a contact +37800 +40200 9001 1003 1200
a contact +39000 +42000 1001 2021 50
a contact +40200 +42000 1001 2011 50
a contact +33600 +42000 1002 2018 50
a contact +36600 +42000 1002 2016 50
a contact +38400 +42000 1005 2028 50
a contact +40200 +42000 2011 1001 50
a contact +36600 +42000 2016 1002 50
a contact +33600 +42000 2018 1002 50
a contact +39000 +42000 2021 1001 50
a contact +38400 +42000 2028 1005 50
a contact +35400 +42600 1004 2006 50
a contact +35400 +42600 2006 1004 50
a contact +39000 +42600 2039 9002 50
a contact +39000 +42600 9002 2039 50
a contact +42000 +43200 1002 9001 1200
a contact +38400 +43200 2005 9003 50
a contact +42000 +43200 9001 1002 1200
a contact +38400 +43200 9003 2005 50
a contact +40200 +43800 1003 2026 50
a contact +42000 +43800 1005 2022 50
a contact +42000 +43800 2022 1005 50
a contact +40200 +43800 2026 1003 50
a contact +43200 +45000 1002 9001 1200
a contact +43200 +45000 1002 9002 1200
a contact +43200 +45000 9001 1002 1200
a contact +43200 +45000 9002 1002 1200
a contact +42000 +46200 1001 2040 50
a contact +42000 +46200 2040 1001 50
a contact +46200 +46800 1001 2016 50
a contact +42000 +46800 1001 2027 50
a contact +42600 +46800 1004 2038 50
a contact +46200 +46800 2016 1001 50
a contact +42000 +46800 2027 1001 50
a contact +42600 +46800 2038 1004 50
a contact +31200 +47400 1005 2031 50
a contact +31200 +47400 2031 1005 50
a contact +47400 +48000 1001 9002 1200
a contact +43800 +48000 1005 2003 50
a contact +43800 +48000 2003 1005 50
a contact +47400 +48000 9002 1001 1200
a contact +46800 +48600 1004 2023 50
a contact +46800 +48600 2023 1004 50
a contact +46800 +49200 1001 9001 1200
a contact +46800 +49200 9001 1001 1200
a contact +49200 +49800 1001 9002 1200
a contact +49200 +49800 9002 1001 1200
a contact +48000 +51600 1005 2007 50
a contact +47400 +51600 1005 2005 50
a contact +47400 +51600 2005 1005 50
a contact +48000 +51600 2007 1005 50
a contact +51600 +52200 1005 9001 1200
a contact +51600 +52200 9001 1005 1200
a contact +45000 +52800 1002 2033 50
a contact +35400 +52800 1004 2010 50
a contact +52200 +52800 1005 9002 1200
a contact +35400 +52800 2010 1004 50
a contact +45000 +52800 2033 1002 50
a contact +52200 +52800 9002 1005 1200
a contact +49800 +53400 1001 2023 50
a contact +40200 +53400 1003 2002 50
a contact +40200 +53400 2002 1003 50
a contact +49800 +53400 2023 1001 50
a contact +43200 +53400 2039 9003 50
a contact +43200 +53400 9003 2039 50
a contact +49800 +54000 1001 2035 50
a contact +52800 +54000 1004 2006 50
a contact +52800 +54000 1005 9002 1200
a contact +52800 +54000 2006 1004 50
a contact +49800 +54000 2035 1001 50
a contact +52800 +54000 9002 1005 1200
a contact +53400 +54600 1001 2008 50
a contact +45000 +54600 1002 2015 50
a contact +52800 +54600 1002 2038 50
a contact +43800 +54600 1003 2013 50
a contact +54000 +54600 1005 9002 1200
a contact +53400 +54600 2008 1001 50
a contact +43800 +54600 2013 1003 50
a contact +45000 +54600 2015 1002 50
a contact +52800 +54600 2038 1002 50
a contact +54000 +54600 9002 1005 1200
a contact +53400 +55200 1003 2031 50
a contact +53400 +55200 2031 1003 50
a contact +48600 +56400 1004 2030 50
a contact +54000 +56400 1004 2033 50
a contact +48600 +56400 2030 1004 50
a contact +54000 +56400 2033 1004 50
a contact +54600 +57000 1003 2021 50
a contact +56400 +57000 1004 9002 1200
a contact +54600 +57000 1005 2027 50
a contact +54600 +57000 2021 1003 50
a contact +54600 +57000 2027 1005 50
a contact +56400 +57000 9002 1004 1200
a contact +54600 +57600 1002 2018 50
a contact +57000 +57600 1004 9002 1200
a contact +54600 +57600 2018 1002 50
a contact +57000 +57600 9002 1004 1200
a contact +54600 +58200 1001 2034 50
a contact +54000 +58200 1001 2032 50
a contact +55200 +58200 1003 2029 50
a contact +57000 +58200 1003 2024 50
a contact +57600 +58200 1004 9002 1200
a contact +53400 +58200 2012 9003 50
a contact +57000 +58200 2024 1003 50
a contact +55200 +58200 2029 1003 50
a contact +54000 +58200 2032 1001 50
a contact +54600 +58200 2034 1001 50
a contact +57600 +58200 9002 1004 1200
a contact +53400 +58200 9003 2012 50
a contact +54600 +58800 1002 2036 50
a contact +54600 +58800 1005 2038 50
a contact +54600 +58800 2036 1002 50
a contact +54600 +58800 2038 1005 50
a contact +58200 +59400 1004 9002 1200
a contact +58200 +59400 9002 1004 1200
a contact +58200 +60000 1003 2009 50
a contact +58200 +60000 2009 1003 50
a contact +57600 +61200 1002 2020 50
a contact +60000 +61200 1003 2030 50
a contact +58200 +61200 1003 2028 50
a contact +57600 +61200 2020 1002 50
a contact +58200 +61200 2028 1003 50
a contact +60000 +61200 2030 1003 50
a contact +58200 +61800 1001 2023 50
a contact +58200 +61800 2023 1001 50
a contact +58200 +62400 1001 2018 50
a contact +58200 +62400 2018 1001 50
a contact +61200 +63600 1003 9002 1200
a contact +61200 +63600 9002 1003 1200
a contact +63600 +65400 1003 2008 50
a contact +63600 +65400 2008 1003 50
a contact +52200 +65400 2019 9001 50
a contact +52200 +65400 9001 2019 50
a contact +58800 +66000 1002 2029 50
a contact +61200 +66000 1002 2016 50
a contact +59400 +66000 1004 2032 50
a contact +59400 +66000 1004 2034 50
a contact +58200 +66000 2002 9003 50
a contact +61200 +66000 2016 1002 50
a contact +58800 +66000 2029 1002 50
a contact +59400 +66000 2032 1004 50
a contact +59400 +66000 2034 1004 50
a contact +58200 +66000 9003 2002 50
a contact +57000 +66600 1005 2021 50
a contact +57000 +66600 2021 1005 50
a contact +66000 +67200 1002 9002 1200
a contact +58800 +67200 1005 2026 50
a contact +58800 +67200 2026 1005 50
a contact +66000 +67200 9002 1002 1200
a contact +66000 +67800 1004 2032 50
a contact +66000 +67800 2032 1004 50
a contact +66000 +67800 2034 9003 50
a contact +66000 +67800 9003 2034 50
a contact +67200 +68400 1002 9002 1200
a contact +65400 +68400 1003 2040 50
a contact +65400 +68400 2005 9001 50
a contact +65400 +68400 2040 1003 50
a contact +65400 +68400 9001 2005 50
a contact +67200 +68400 9002 1002 1200
a contact +68400 +69600 1003 2038 50
a contact +68400 +69600 2038 1003 50
a contact +62400 +70800 1001 2014 50
a contact +61800 +70800 1001 2017 50
a contact +69600 +70800 1003 2016 50
a contact +66000 +70800 1004 2025 50
a contact +66600 +70800 1005 2036 50
a contact +62400 +70800 2014 1001 50
a contact +69600 +70800 2016 1003 50
a contact +61800 +70800 2017 1001 50
a contact +66000 +70800 2025 1004 50
a contact +66600 +70800 2036 1005 50
a contact +68400 +71400 1002 2027 50
a contact +68400 +71400 2027 1002 50
a contact +70800 +72600 1005 2022 50
a contact +70800 +72600 2022 1005 50
a contact +70800 +73200 1001 9002 1200
a contact +70800 +73200 9002 1001 1200
a contact +63600 +73800 1003 2009 50
a contact +70800 +73800 1004 2014 50
a contact +67200 +73800 1005 2029 50
a contact +63600 +73800 2009 1003 50
a contact +67800 +73800 2011 9003 50
a contact +70800 +73800 2014 1004 50
a contact +67200 +73800 2029 1005 50
a contact +67800 +73800 9003 2011 50
a contact +70800 +74400 1003 2010 50
a contact +70800 +74400 2010 1003 50
a contact +73800 +75000 1003 2026 50
a contact +72600 +75000 1005 2015 50
a contact +73800 +75000 1005 2016 50
a contact +72600 +75000 2015 1005 50
a contact +73800 +75000 2016 1005 50
a contact +73800 +75000 2026 1003 50
a contact +73800 +75600 1004 2021 50
a contact +75000 +75600 1005 9002 1200
a contact +73800 +75600 2021 1004 50
a contact +75000 +75600 9002 1005 1200
a contact +74400 +76200 1003 2019 50
a contact +74400 +76200 2019 1003 50
a contact +67800 +76800 1004 2013 50
a contact +75600 +76800 1005 9002 1200
a contact +67800 +76800 2013 1004 50
a contact +75600 +76800 9002 1005 1200
a contact +68400 +77400 1002 2002 50
a contact +68400 +77400 2002 1002 50
a contact +71400 +78600 1002 2025 50
a contact +73800 +78600 2024 9003 50
a contact +71400 +78600 2025 1002 50
a contact +73800 +78600 9003 2024 50
a contact +78600 +79800 1002 2021 50
a contact +76200 +79800 1003 2005 50
a contact +75600 +79800 1004 2014 50
a contact +76800 +79800 1004 2019 50
a contact +76200 +79800 2005 1003 50
a contact +68400 +79800 2007 9001 50
a contact +75600 +79800 2014 1004 50
a contact +76800 +79800 2019 1004 50
a contact +78600 +79800 2021 1002 50
a contact +68400 +79800 9001 2007 50
a contact +81000 +82200 1004 9003 1200
a contact +81000 +82200 9003 1004 1200
a contact +73200 +82800 1001 2030 50
a contact +82200 +82800 1004 9003 1200
a contact +73200 +82800 2030 1001 50
a contact +82200 +82800 9003 1004 1200
a contact +79800 +83400 1002 2027 50
a contact +77400 +83400 1002 2001 50
a contact +75000 +83400 1003 2028 50
a contact +78000 +83400 1005 2002 50
a contact +78000 +83400 1005 2012 50
a contact +77400 +83400 2001 1002 50
a contact +78000 +83400 2002 1005 50
a contact +78000 +83400 2012 1005 50
a contact +79800 +83400 2019 9001 50
a contact +79800 +83400 2027 1002 50
a contact +75000 +83400 2028 1003 50
a contact +79800 +83400 9001 2019 50
a contact +79800 +84600 1003 2034 50
a contact +83400 +84600 1003 2039 50
a contact +79800 +84600 2034 1003 50
a contact +83400 +84600 2039 1003 50
a contact +84600 +85800 1003 9003 1200
a contact +84600 +85800 9003 1003 1200
a contact +73200 +86400 1001 2004 50
a contact +82800 +86400 1001 2036 50
a contact +83400 +86400 1002 2028 50
a contact +83400 +86400 1002 2017 50
a contact +85800 +86400 1003 9003 1200
a contact +82800 +86400 1004 2009 50
a contact +82800 +86400 1004 2031 50
a contact +83400 +86400 1005 2029 50
a contact +83400 +86400 1005 2011 50
a contact +73200 +86400 2004 1001 50
a contact +82800 +86400 2009 1004 50
a contact +83400 +86400 2011 1005 50
a contact +83400 +86400 2015 9001 50
a contact +83400 +86400 2017 1002 50
a contact +78600 +86400 2026 9002 50
a contact +83400 +86400 2028 1002 50
a contact +83400 +86400 2029 1005 50
a contact +82800 +86400 2031 1004 50
a contact +82800 +86400 2036 1001 50
a contact +83400 +86400 9001 2015 50
a contact +78600 +86400 9002 2026 50
a contact +85800 +86400 9003 1003 1200

a range +0 +1800 1001 9003 0.0593
a range +0 +1800 1005 2031 1101.9898
a range +0 +1800 2031 1005 1101.9898
a range +0 +1800 9003 1001 0.0593
a range +1800 +2400 1001 9003 0.0593
a range +1800 +2400 9003 1001 0.0593
a range +0 +3600 1002 2038 1102.5062
a range +0 +3600 2038 1002 1102.5062
a range +0 +4200 1004 2015 1102.1562
a range +0 +4200 2015 1004 1102.1562
a range +0 +4200 2033 9001 1102.3466
a range +0 +4200 9001 2033 1102.3466
a range +2400 +4800 1001 2040 1102.7038
a range +1800 +4800 1005 2001 1101.9927
a range +0 +4800 1005 2035 1101.9737
a range +1800 +4800 2001 1005 1101.9927
a range +0 +4800 2035 1005 1101.9737
a range +2400 +4800 2040 1001 1102.7038
a range +2400 +5400 1001 2016 1102.2393
a range +2400 +5400 2016 1001 1102.2393
a range +0 +6600 1003 2024 1102.3316
a range +4800 +6600 1005 9003 0.0623
a range +0 +6600 2017 9002 1102.1882
a range +0 +6600 2024 1003 1102.3316
a range +0 +6600 9002 2017 1102.1882
a range +4800 +6600 9003 1005 0.0623
a range +0 +7200 1004 2009 1102.1778
a range +6600 +7200 1005 9003 0.0623
a range +0 +7200 2009 1004 1102.1778
a range +6600 +7200 9003 1005 0.0623
a range +5400 +7800 1001 2018 1102.0948
a range +5400 +7800 2018 1001 1102.0948
a range +4800 +8400 1001 2014 1102.4481
a range +4800 +8400 2014 1001 1102.4481
a range +6600 +8400 2023 9002 1102.5341
a range +6600 +8400 9002 2023 1102.5341
a range +0 +9000 1003 2025 1102.3444
a range +0 +9000 2025 1003 1102.3444
a range +4200 +9600 1004 2022 1102.1508
a range +7200 +9600 1004 2027 1102.1842
a range +4200 +9600 2022 1004 1102.1508
a range +7200 +9600 2027 1004 1102.1842
a range +9600 +10800 1004 9003 0.0618
a range +9600 +10800 9003 1004 0.0618
a range +7800 +11400 1001 2020 1102.7119
a range +10800 +11400 1004 9003 0.0618
a range +7200 +11400 1005 2037 1102.886
a range +7800 +11400 2020 1001 1102.7119
a range +7200 +11400 2037 1005 1102.886
a range +10800 +11400 9003 1004 0.0618
a range +11400 +12000 1004 9003 0.0618
a range +11400 +12000 9003 1004 0.0618
a range +11400 +12600 1001 2013 1102.5453
a range +0 +12600 1002 2006 1102.5168
a range +3600 +12600 1002 2032 1102.5165
a range +6600 +12600 1003 2012 1102.3057
a range +0 +12600 2006 1002 1102.5168
a range +6600 +12600 2012 1003 1102.3057
a range +11400 +12600 2013 1001 1102.5453
a range +8400 +12600 2021 9002 1102.6981
a range +3600 +12600 2032 1002 1102.5165
a range +8400 +12600 9002 2021 1102.6981
a range +12600 +13800 1003 2031 1102.3191
a range +9000 +13800 1003 2016 1102.3517
a range +9000 +13800 2016 1003 1102.3517
a range +12600 +13800 2031 1003 1102.3191
a range +12600 +14400 1001 2024 1102.7008
a range +8400 +14400 1001 2035 1102.6946
a range +12600 +14400 1002 2015 1102.3905
a range +12000 +14400 1004 2033 1103.0636
a range +12600 +14400 2015 1002 1102.3905
a range +12600 +14400 2024 1001 1102.7008
a range +12000 +14400 2033 1004 1103.0636
a range +8400 +14400 2035 1001 1102.6946
a range +12600 +15600 1002 2018 1102.493
a range +4200 +15600 2003 9001 1102.3464
a range +12600 +15600 2018 1002 1102.493
a range +4200 +15600 9001 2003 1102.3464
a range +15600 +16200 1003 9001 0.0611
a range +13800 +16200 1003 9003 0.0613
a range +15600 +16200 9001 1003 0.0611
a range +13800 +16200 9003 1003 0.0613
a range +14400 +16800 1002 2008 1102.5042
a range +16200 +16800 1003 9003 0.0613
a range +14400 +16800 2008 1002 1102.5042
a range +16200 +16800 9003 1003 0.0613
a range +12600 +17400 2012 9002 1102.6051
a range +12600 +17400 9002 2012 1102.6051
a range +14400 +18000 1004 2002 1103.0593
a range +14400 +18000 2002 1004 1103.0593
a range +16800 +18600 1002 2007 1102.5098
a range +15600 +18600 1002 2011 1102.5067
a range +7200 +18600 1005 2004 1102.874
a range +7200 +18600 2004 1005 1102.874
a range +16800 +18600 2007 1002 1102.5098
a range +15600 +18600 2011 1002 1102.5067
a range +19200 +19800 1002 9001 0.0606
a range +18600 +19800 1002 9003 0.0608
a range +19200 +19800 9001 1002 0.0606
a range +18600 +19800 9003 1002 0.0608
a range +14400 +20400 1001 2039 1102.6987
a range +19800 +20400 1002 9003 0.0608
a range +19800 +20400 1002 9001 0.0606
a range +14400 +20400 2039 1001 1102.6987
a range +19800 +20400 9001 1002 0.0606
a range +19800 +20400 9003 1002 0.0608
a range +20400 +21000 1002 9001 0.0606
a range +18000 +21000 1004 2038 1103.0775
a range +18000 +21000 2038 1004 1103.0775
a range +20400 +21000 9001 1002 0.0606
a range +21000 +21600 1002 9003 0.0608
a range +21000 +21600 1002 9001 0.0606
a range +21000 +21600 9001 1002 0.0606
a range +21000 +21600 9003 1002 0.0608
a range +17400 +22800 2021 9002 1102.6981
a range +17400 +22800 9002 2021 1102.6981
a range +20400 +23400 1001 2027 1102.6765
a range +14400 +23400 1001 2001 1102.7095
a range +12000 +23400 1004 2040 1103.0679
a range +21000 +23400 1004 2017 1103.0683
a range +11400 +23400 1005 2020 1102.7946
a range +14400 +23400 2001 1001 1102.7095
a range +21000 +23400 2017 1004 1103.0683
a range +11400 +23400 2020 1005 1102.7946
a range +20400 +23400 2027 1001 1102.6765
a range +12000 +23400 2040 1004 1103.0679
a range +23400 +24000 1001 9003 0.0602
a range +23400 +24000 1001 9001 0.0601
a range +23400 +24000 9001 1001 0.0601
a range +23400 +24000 9003 1001 0.0602
a range +24000 +24600 1001 9001 0.0601
a range +24000 +24600 9001 1001 0.0601
a range +23400 +25200 1005 2014 1102.8609
a range +23400 +25200 2014 1005 1102.8609
a range +25200 +25800 1001 9001 0.0601
a range +25200 +25800 9001 1001 0.0601
a range +25800 +26400 1001 9001 0.0601
a range +21600 +26400 1002 2033 1103.4242
a range +21600 +26400 2033 1002 1103.4242
a range +25800 +26400 9001 1001 0.0601
a range +23400 +27000 1004 2028 1103.0895
a range +25200 +27000 1005 2027 1102.8878
a range +25200 +27000 2027 1005 1102.8878
a range +23400 +27000 2028 1004 1103.0895
a range +27000 +28200 1005 2012 1102.8823
a range +18600 +28200 1005 2008 1102.8922
a range +18600 +28200 2008 1005 1102.8922
a range +27000 +28200 2012 1005 1102.8823
a range +26400 +28800 1001 2024 1103.5861
a range +26400 +28800 2024 1001 1103.5861
a range +21600 +30000 1002 2003 1103.4268
a range +28200 +30000 1005 9001 0.0596
a range +21600 +30000 2003 1002 1103.4268
a range +28200 +30000 9001 1005 0.0596
a range +30000 +31200 1005 9001 0.0596
a range +30000 +31200 9001 1005 0.0596
a range +26400 +32400 1001 2035 1103.5929
a range +26400 +32400 2035 1001 1103.5929
a range +28800 +33000 1001 2007 1103.5951
a range +16800 +33000 1003 2022 1103.2532
a range +27000 +33000 1004 2001 1103.0617
a range +23400 +33000 1004 2036 1103.0775
a range +27000 +33000 2001 1004 1103.0617
a range +28800 +33000 2007 1001 1103.5951
a range +16800 +33000 2022 1003 1103.2532
a range +22800 +33000 2023 9002 1103.3636
a range +23400 +33000 2036 1004 1103.0775
a range +22800 +33000 9002 2023 1103.3636
a range +26400 +33600 1002 2011 1103.4275
a range +26400 +33600 2011 1002 1103.4275
a range +30000 +34200 2024 9003 1104.0619
a range +30000 +34200 9003 2024 1104.0619
a range +33000 +34800 1003 2032 1103.2551
a range +33000 +34800 2032 1003 1103.2551
a range +16800 +35400 1003 2037 1103.2571
a range +33000 +35400 1004 9001 0.0591
a range +16800 +35400 2037 1003 1103.2571
a range +33000 +35400 9001 1004 0.0591
a range +33000 +36600 1001 2022 1103.6136
a range +30000 +36600 1002 2005 1103.4175
a range +30000 +36600 2005 1002 1103.4175
a range +33000 +36600 2022 1001 1103.6136
a range +35400 +37800 1003 2030 1103.2331
a range +34800 +37800 1003 2038 1103.2519
a range +35400 +37800 2030 1003 1103.2331
a range +34800 +37800 2038 1003 1103.2519
a range +36600 +38400 1001 2029 1103.6166
a range +31200 +38400 1005 2009 1103.7965
a range +34200 +38400 2002 9003 1104.7703
a range +31200 +38400 2009 1005 1103.7965
a range +36600 +38400 2029 1001 1103.6166
a range +34200 +38400 9003 2002 1104.7703
a range +32400 +39000 1001 2034 1103.5957
a range +33000 +39000 2008 9002 1103.3773
a range +32400 +39000 2034 1001 1103.5957
a range +33000 +39000 9002 2008 1103.3773
a range +38400 +40200 1001 2020 1103.625
a range +37800 +40200 1003 9001 0.062
a range +38400 +40200 2020 1001 1103.625
a range +37800 +40200 9001 1003 0.062
a range +39000 +42000 1001 2021 1103.5694
a range +40200 +42000 1001 2011 1103.5406
a range +33600 +42000 1002 2018 1103.3917
a range +36600 +42000 1002 2016 1103.404
a range +38400 +42000 1005 2028 1103.8103
a range +40200 +42000 2011 1001 1103.5406
a range +36600 +42000 2016 1002 1103.404
a range +33600 +42000 2018 1002 1103.3917
a range +39000 +42000 2021 1001 1103.5694
a range +38400 +42000 2028 1005 1103.8103
a range +35400 +42600 1004 2006 1103.9834
a range +35400 +42600 2006 1004 1103.9834
a range +39000 +42600 2039 9002 1103.3834
a range +39000 +42600 9002 2039 1103.3834
a range +42000 +43200 1002 9001 0.0615
a range +38400 +43200 2005 9003 1104.7859
a range +42000 +43200 9001 1002 0.0615
a range +38400 +43200 9003 2005 1104.7859
a range +40200 +43800 1003 2026 1103.9078
a range +42000 +43800 1005 2022 1103.7685
a range +42000 +43800 2022 1005 1103.7685
a range +40200 +43800 2026 1003 1103.9078
a range +43200 +45000 1002 9001 0.0615
a range +43200 +45000 1002 9002 0.0596
a range +43200 +45000 9001 1002 0.0615
a range +43200 +45000 9002 1002 0.0596
a range +42000 +46200 1001 2040 1103.6097
a range +42000 +46200 2040 1001 1103.6097
a range +46200 +46800 1001 2016 1103.5786
a range +42000 +46800 1001 2027 1103.5891
a range +42600 +46800 1004 2038 1103.9737
a range +46200 +46800 2016 1001 1103.5786
a range +42000 +46800 2027 1001 1103.5891
a range +42600 +46800 2038 1004 1103.9737
a range +31200 +47400 1005 2031 1103.7845
a range +31200 +47400 2031 1005 1103.7845
a range +47400 +48000 1001 9002 0.0591
a range +43800 +48000 1005 2003 1103.7757
a range +43800 +48000 2003 1005 1103.7757
a range +47400 +48000 9002 1001 0.0591
a range +46800 +48600 1004 2023 1103.9684
a range +46800 +48600 2023 1004 1103.9684
a range +46800 +49200 1001 9001 0.061
a range +46800 +49200 9001 1001 0.061
a range +49200 +49800 1001 9002 0.0591
a range +49200 +49800 9002 1001 0.0591
a range +48000 +51600 1005 2007 1103.7953
a range +47400 +51600 1005 2005 1103.7825
a range +47400 +51600 2005 1005 1103.7825
a range +48000 +51600 2007 1005 1103.7953
a range +51600 +52200 1005 9001 0.0605
a range +51600 +52200 9001 1005 0.0605
a range +45000 +52800 1002 2033 1104.3463
a range +35400 +52800 1004 2010 1103.9626
a range +52200 +52800 1005 9002 0.0619
a range +35400 +52800 2010 1004 1103.9626
a range +45000 +52800 2033 1002 1104.3463
a range +52200 +52800 9002 1005 0.0619
a range +49800 +53400 1001 2023 1104.1242
a range +40200 +53400 1003 2002 1104.164
a range +40200 +53400 2002 1003 1104.164
a range +49800 +53400 2023 1001 1104.1242
a range +43200 +53400 2039 9003 1104.7681
a range +43200 +53400 9003 2039 1104.7681
a range +49800 +54000 1001 2035 1104.5215
a range +52800 +54000 1004 2006 1103.9834
a range +52800 +54000 1005 9002 0.0619
a range +52800 +54000 2006 1004 1103.9834
a range +49800 +54000 2035 1001 1104.5215
a range +52800 +54000 9002 1005 0.0619
a range +53400 +54600 1001 2008 1104.5374
a range +45000 +54600 1002 2015 1103.9393
a range +52800 +54600 1002 2038 1104.3394
a range +43800 +54600 1003 2013 1104.1809
a range +54000 +54600 1005 9002 0.0619
a range +53400 +54600 2008 1001 1104.5374
a range +43800 +54600 2013 1003 1104.1809
a range +45000 +54600 2015 1002 1103.9393
a range +52800 +54600 2038 1002 1104.3394
a range +54000 +54600 9002 1005 0.0619
a range +53400 +55200 1003 2031 1104.1579
a range +53400 +55200 2031 1003 1104.1579
a range +48600 +56400 1004 2030 1103.9515
a range +54000 +56400 1004 2033 1103.9709
a range +48600 +56400 2030 1004 1103.9515
a range +54000 +56400 2033 1004 1103.9709
a range +54600 +57000 1003 2021 1104.1582
a range +56400 +57000 1004 9002 0.0614
a range +54600 +57000 1005 2027 1104.6838
a range +54600 +57000 2021 1003 1104.1582
a range +54600 +57000 2027 1005 1104.6838
a range +56400 +57000 9002 1004 0.0614
a range +54600 +57600 1002 2018 1104.3327
a range +57000 +57600 1004 9002 0.0614
a range +54600 +57600 2018 1002 1104.3327
a range +57000 +57600 9002 1004 0.0614
a range +54600 +58200 1001 2034 1104.5194
a range +54000 +58200 1001 2032 1104.5246
a range +55200 +58200 1003 2029 1104.1355
a range +57000 +58200 1003 2024 1104.127
a range +57600 +58200 1004 9002 0.0614
a range +53400 +58200 2012 9003 1104.2037
a range +57000 +58200 2024 1003 1104.127
a range +55200 +58200 2029 1003 1104.1355
a range +54000 +58200 2032 1001 1104.5246
a range +54600 +58200 2034 1001 1104.5194
a range +57600 +58200 9002 1004 0.0614
a range +53400 +58200 9003 2012 1104.2037
a range +54600 +58800 1002 2036 1104.3342
a range +54600 +58800 1005 2038 1104.694
a range +54600 +58800 2036 1002 1104.3342
a range +54600 +58800 2038 1005 1104.694
a range +58200 +59400 1004 9002 0.0614
a range +58200 +59400 9002 1004 0.0614
a range +58200 +60000 1003 2009 1104.147
a range +58200 +60000 2009 1003 1104.147
a range +57600 +61200 1002 2020 1104.3609
a range +60000 +61200 1003 2030 1104.1443
a range +58200 +61200 1003 2028 1104.1352
a range +57600 +61200 2020 1002 1104.3609
a range +58200 +61200 2028 1003 1104.1352
a range +60000 +61200 2030 1003 1104.1443
a range +58200 +61800 1001 2023 1104.1242
a range +58200 +61800 2023 1001 1104.1242
a range +58200 +62400 1001 2018 1104.5489
a range +58200 +62400 2018 1001 1104.5489
a range +61200 +63600 1003 9002 0.0609
a range +61200 +63600 9002 1003 0.0609
a range +63600 +65400 1003 2008 1105.0479
a range +63600 +65400 2008 1003 1105.0479
a range +52200 +65400 2019 9001 1104.4319
a range +52200 +65400 9001 2019 1104.4319
a range +58800 +66000 1002 2029 1104.3479
a range +61200 +66000 1002 2016 1104.3186
a range +59400 +66000 1004 2032 1104.8726
a range +59400 +66000 1004 2034 1104.881
a range +58200 +66000 2002 9003 1104.7703
a range +61200 +66000 2016 1002 1104.3186
a range +58800 +66000 2029 1002 1104.3479
a range +59400 +66000 2032 1004 1104.8726
a range +59400 +66000 2034 1004 1104.881
a range +58200 +66000 9003 2002 1104.7703
a range +57000 +66600 1005 2021 1104.2814
a range +57000 +66600 2021 1005 1104.2814
a range +66000 +67200 1002 9002 0.0604
a range +58800 +67200 1005 2026 1104.7078
a range +58800 +67200 2026 1005 1104.7078
a range +66000 +67200 9002 1002 0.0604
a range +66000 +67800 1004 2032 1104.8726
a range +66000 +67800 2032 1004 1104.8726
a range +66000 +67800 2034 9003 1104.7816
a range +66000 +67800 9003 2034 1104.7816
a range +67200 +68400 1002 9002 0.0604
a range +65400 +68400 1003 2040 1105.0594
a range +65400 +68400 2005 9001 1105.0507
a range +65400 +68400 2040 1003 1105.0594
a range +65400 +68400 9001 2005 1105.0507
a range +67200 +68400 9002 1002 0.0604
a range +68400 +69600 1003 2038 1105.0502
a range +68400 +69600 2038 1003 1105.0502
a range +62400 +70800 1001 2014 1104.5037
a range +61800 +70800 1001 2017 1104.5374
a range +69600 +70800 1003 2016 1104.6533
a range +66000 +70800 1004 2025 1104.8411
a range +66600 +70800 1005 2036 1104.6951
a range +62400 +70800 2014 1001 1104.5037
a range +69600 +70800 2016 1003 1104.6533
a range +61800 +70800 2017 1001 1104.5374
a range +66000 +70800 2025 1004 1104.8411
a range +66600 +70800 2036 1005 1104.6951
a range +68400 +71400 1002 2027 1104.6074
a range +68400 +71400 2027 1002 1104.6074
a range +70800 +72600 1005 2022 1104.6642
a range +70800 +72600 2022 1005 1104.6642
a range +70800 +73200 1001 9002 0.0599
a range +70800 +73200 9002 1001 0.0599
a range +63600 +73800 1003 2009 1105.0526
a range +70800 +73800 1004 2014 1104.8957
a range +67200 +73800 1005 2029 1104.6924
a range +63600 +73800 2009 1003 1105.0526
a range +67800 +73800 2011 9003 1104.7539
a range +70800 +73800 2014 1004 1104.8957
a range +67200 +73800 2029 1005 1104.6924
a range +67800 +73800 9003 2011 1104.7539
a range +70800 +74400 1003 2010 1105.0593
a range +70800 +74400 2010 1003 1105.0593
a range +73800 +75000 1003 2026 1104.6817
a range +72600 +75000 1005 2015 1104.697
a range +73800 +75000 1005 2016 1104.7084
a range +72600 +75000 2015 1005 1104.697
a range +73800 +75000 2016 1005 1104.7084
a range +73800 +75000 2026 1003 1104.6817
a range +73800 +75600 1004 2021 1104.8586
a range +75000 +75600 1005 9002 0.0595
a range +73800 +75600 2021 1004 1104.8586
a range +75000 +75600 9002 1005 0.0595
a range +74400 +76200 1003 2019 1105.0467
a range +74400 +76200 2019 1003 1105.0467
a range +67800 +76800 1004 2013 1104.8864
a range +75600 +76800 1005 9002 0.0595
a range +67800 +76800 2013 1004 1104.8864
a range +75600 +76800 9002 1005 0.0595
a range +68400 +77400 1002 2002 1105.1091
a range +68400 +77400 2002 1002 1105.1091
a range +71400 +78600 1002 2025 1104.7347
a range +73800 +78600 2024 9003 1104.7928
a range +71400 +78600 2025 1002 1104.7347
a range +73800 +78600 9003 2024 1104.7928
a range +78600 +79800 1002 2021 1105.1215
a range +76200 +79800 1003 2005 1105.0565
a range +75600 +79800 1004 2014 1104.8957
a range +76800 +79800 1004 2019 1104.8498
a range +76200 +79800 2005 1003 1105.0565
a range +68400 +79800 2007 9001 1105.0472
a range +75600 +79800 2014 1004 1104.8957
a range +76800 +79800 2019 1004 1104.8498
a range +78600 +79800 2021 1002 1105.1215
a range +68400 +79800 9001 2007 1105.0472
a range +81000 +82200 1004 9003 0.0485
a range +81000 +82200 9003 1004 0.0485
a range +73200 +82800 1001 2030 1105.0451
a range +82200 +82800 1004 9003 0.0485
a range +73200 +82800 2030 1001 1105.0451
a range +82200 +82800 9003 1004 0.0485
a range +79800 +83400 1002 2027 1105.0771
a range +77400 +83400 1002 2001 1105.1093
a range +75000 +83400 1003 2028 1105.0371
a range +78000 +83400 1005 2002 1105.0276
a range +78000 +83400 1005 2012 1104.99
a range +77400 +83400 2001 1002 1105.1093
a range +78000 +83400 2002 1005 1105.0276
a range +78000 +83400 2012 1005 1104.99
a range +79800 +83400 2019 9001 1105.0593
a range +79800 +83400 2027 1002 1105.0771
a range +75000 +83400 2028 1003 1105.0371
a range +79800 +83400 9001 2019 1105.0593
a range +79800 +84600 1003 2034 1105.0617
a range +83400 +84600 1003 2039 1105.054
a range +79800 +84600 2034 1003 1105.0617
a range +83400 +84600 2039 1003 1105.054
a range +84600 +85800 1003 9003 0.0471
a range +84600 +85800 9003 1003 0.0471
a range +73200 +86400 1001 2004 1105.0293
a range +82800 +86400 1001 2036 1105.0212
a range +83400 +86400 1002 2028 1105.0866
a range +83400 +86400 1002 2017 1105.076
a range +85800 +86400 1003 9003 0.0471
a range +82800 +86400 1004 2009 1105.079
a range +82800 +86400 1004 2031 1105.087
a range +83400 +86400 1005 2029 1105.0193
a range +83400 +86400 1005 2011 1105.0409
a range +73200 +86400 2004 1001 1105.0293
a range +82800 +86400 2009 1004 1105.079
a range +83400 +86400 2011 1005 1105.0409
a range +83400 +86400 2015 9001 1105.0419
a range +83400 +86400 2017 1002 1105.076
a range +78600 +86400 2026 9002 1105.042
a range +83400 +86400 2028 1002 1105.0866
a range +83400 +86400 2029 1005 1105.0193
a range +82800 +86400 2031 1004 1105.087
a range +82800 +86400 2036 1001 1105.0212
a range +83400 +86400 9001 2015 1105.0419
a range +78600 +86400 9002 2026 1105.042
a range +85800 +86400 9003 1003 0.0471
