a contact +100 +200 2002 9002 1000
a contact +100 +200 2019 2053 1000
a contact +100 +200 2025 2046 1000
a contact +100 +200 2046 2025 1000
a contact +100 +200 2053 2019 1000
a contact +100 +200 9002 2002 1000
a contact +200 +300 2016 2055 1000
a contact +200 +300 2019 2052 1000
a contact +200 +300 2052 2019 1000
a contact +200 +300 2055 2016 1000
a contact +300 +400 2019 2051 1000
a contact +300 +400 2020 2053 1000
a contact +300 +400 2051 2019 1000
a contact +300 +400 2053 2020 1000
a contact +600 +700 1004 2006 1000
a contact +600 +700 2006 1004 1000
a contact +900 +1000 1002 2003 1000
a contact +900 +1000 2003 1002 1000
a contact +1000 +1100 2025 2052 1000
a contact +1000 +1100 2030 2047 1000
a contact +1000 +1100 2031 2046 1000
a contact +1000 +1100 2046 2031 1000
a contact +1000 +1100 2047 2030 1000
a contact +1000 +1100 2052 2025 1000
a contact +1200 +1300 2012 9001 1000
a contact +1200 +1300 9001 2012 1000
a contact +1300 +1400 2026 2054 1000
a contact +1300 +1400 2054 2026 1000
a contact +1600 +1700 2025 2041 1000
a contact +1600 +1700 2041 2025 1000
a contact +2000 +2100 1004 2011 1000
a contact +2000 +2100 2004 2015 1000
a contact +2000 +2100 2011 1004 1000
a contact +2000 +2100 2015 2004 1000
a contact +2000 +2100 2021 2034 1000
a contact +2000 +2100 2034 2021 1000
a contact +2700 +2800 2010 2031 1000
a contact +2700 +2800 2028 2064 1000
a contact +2700 +2800 2031 2010 1000
a contact +2700 +2800 2064 2028 1000
a contact +3100 +3200 2007 2051 1000
a contact +3100 +3200 2051 2007 1000
a contact +3200 +3300 2019 2024 1000
a contact +3200 +3300 2024 2019 1000
a contact +3300 +3500 1002 2013 1000
a contact +3300 +3500 2013 1002 1000
a contact +3500 +3600 2016 2029 1000
a contact +3500 +3600 2029 2016 1000
a contact +3700 +3800 2024 9001 1000
a contact +3700 +3800 9001 2024 1000
a contact +3900 +4000 2010 2030 1000
a contact +3900 +4000 2030 2010 1000
a contact +4200 +4300 1003 2011 1000
a contact +4200 +4300 2011 1003 1000
a contact +4200 +4300 2051 2052 1000
a contact +4200 +4300 2052 2051 1000
a contact +4400 +4500 1004 2036 1000
a contact +4400 +4500 2009 2038 1000
a contact +4400 +4500 2012 2041 1000
a contact +4400 +4500 2036 1004 1000
a contact +4400 +4500 2038 2009 1000
a contact +4400 +4500 2041 2012 1000
a contact +4800 +4900 1004 2025 1000
a contact +4800 +4900 2025 1004 1000
a contact +5000 +5100 2063 2064 1000
a contact +5000 +5100 2064 2063 1000
a contact +5200 +5300 2022 2024 1000
a contact +5200 +5300 2024 2022 1000
a contact +5400 +5500 2056 2057 1000
a contact +5400 +5500 2057 2056 1000
a contact +5700 +5800 2007 2024 1000
a contact +5700 +5800 2024 2007 1000
a contact +6000 +6100 2030 2055 1000
a contact +6000 +6100 2033 2048 1000
a contact +6000 +6100 2048 2033 1000
a contact +6000 +6100 2055 2030 1000
a contact +6300 +6400 2030 2061 1000
a contact +6300 +6400 2061 2030 1000
a contact +6600 +6700 1002 2054 1000
a contact +6600 +6700 1003 2058 1000
a contact +6600 +6700 2054 1002 1000
a contact +6600 +6700 2058 1003 1000
a contact +6700 +6800 2023 2057 1000
a contact +6700 +6800 2057 2023 1000
a contact +7400 +7500 2008 2034 1000
a contact +7400 +7500 2034 2008 1000
a contact +7600 +7700 2026 2042 1000
a contact +7600 +7700 2042 2026 1000
a contact +7700 +7800 2030 2035 1000
a contact +7700 +7800 2035 2030 1000
a contact +8000 +8200 1002 9002 1000
a contact +8000 +8200 9002 1002 1000
a contact +8200 +8300 2015 2060 1000
a contact +8200 +8300 2060 2015 1000
a contact +8500 +8600 2014 2047 1000
a contact +8500 +8600 2047 2014 1000
a contact +8700 +8800 2034 2063 1000
a contact +8700 +8800 2063 2034 1000
a contact +8800 +8900 2004 2058 1000
a contact +8800 +8900 2058 2004 1000
a contact +9100 +9200 2043 2048 1000
a contact +9100 +9200 2048 2043 1000
a contact +9400 +9500 2031 2057 1000
a contact +9400 +9500 2057 2031 1000
a contact +9500 +9600 2002 2023 1000
a contact +9500 +9600 2023 2002 1000
a contact +9700 +9800 2003 2054 1000
a contact +9700 +9800 2020 2034 1000
a contact +9700 +9800 2034 2020 1000
a contact +9700 +9800 2054 2003 1000
a contact +9900 +10000 2036 2057 1000
a contact +9900 +10000 2057 2036 1000
a contact +10000 +10100 2027 2030 1000
a contact +10000 +10100 2030 2027 1000
a contact +10000 +10100 2042 2054 1000
a contact +10000 +10100 2046 2058 1000
a contact +10000 +10100 2054 2042 1000
a contact +10000 +10100 2058 2046 1000
a contact +10100 +10200 2024 2026 1000
a contact +10100 +10200 2026 2024 1000
a contact +10200 +10300 2037 9001 1000
a contact +10200 +10300 9001 2037 1000
a contact +10700 +10800 2029 2032 1000
a contact +10700 +10800 2032 2029 1000
a contact +10800 +10900 1004 2031 1000
a contact +10800 +10900 2031 1004 1000
a contact +11000 +11100 2014 2039 1000
a contact +11000 +11100 2039 2014 1000
a contact +11400 +11500 2006 2040 1000
a contact +11400 +11500 2040 2006 1000
a contact +11700 +11800 2044 2056 1000
a contact +11700 +11800 2056 2044 1000
a contact +11800 +11900 2029 9002 1000
a contact +11800 +11900 9002 2029 1000
a contact +12300 +12400 2021 2041 1000
a contact +12300 +12400 2041 2021 1000
a contact +12400 +12500 1003 9003 1000
a contact +12400 +12500 9003 1003 1000
a contact +12500 +12600 2063 9001 1000
a contact +12500 +12600 9001 2063 1000
a contact +13000 +13100 2038 2041 1000
a contact +13000 +13100 2041 2038 1000
a contact +13100 +13200 2030 2049 1000
a contact +13100 +13200 2049 2030 1000
a contact +13200 +13300 1002 9003 1000
a contact +13200 +13300 2029 2047 1000
a contact +13200 +13300 2047 2029 1000
a contact +13200 +13300 9003 1002 1000
a contact +13400 +13500 2034 2047 1000
a contact +13400 +13500 2047 2034 1000
a contact +13600 +13700 2035 2047 1000
a contact +13600 +13700 2047 2035 1000
a contact +13900 +14100 2008 2026 1000
a contact +13900 +14100 2026 2008 1000
a contact +14100 +14200 1002 2023 1000
a contact +14100 +14200 2023 1002 1000
a contact +14300 +14400 2005 2025 1000
a contact +14300 +14400 2025 2005 1000
a contact +14700 +14800 2004 2034 1000
a contact +14700 +14800 2034 2004 1000
a contact +14700 +14800 2040 2061 1000
a contact +14700 +14800 2061 2040 1000
a contact +15000 +15100 2009 2062 1000
a contact +15000 +15100 2062 2009 1000
a contact +15100 +15300 1004 2061 1000
a contact +15100 +15300 2008 2062 1000
a contact +15100 +15300 2061 1004 1000
a contact +15100 +15300 2062 2008 1000
a contact +15300 +15400 1003 2061 1000
a contact +15300 +15400 2007 2024 1000
a contact +15300 +15400 2024 2007 1000
a contact +15300 +15400 2061 1003 1000
a contact +15400 +15500 2040 2057 1000
a contact +15400 +15500 2057 2040 1000
a contact +15600 +15700 1004 2009 1000
a contact +15600 +15700 2009 1004 1000
a contact +15600 +15700 2036 2058 1000
a contact +15600 +15700 2058 2036 1000
a contact +16200 +16300 2051 9002 1000
a contact +16200 +16300 9002 2051 1000
a contact +16500 +16600 2005 2053 1000
a contact +16500 +16600 2053 2005 1000
a contact +16800 +16900 2013 2029 1000
a contact +16800 +16900 2029 2013 1000
a contact +16800 +16900 2032 2059 1000
a contact +16800 +16900 2059 2032 1000
a contact +17100 +17200 1003 2028 1000
a contact +17100 +17200 2010 2039 1000
a contact +17100 +17200 2028 1003 1000
a contact +17100 +17200 2039 2010 1000
a contact +17300 +17400 2008 2043 1000
a contact +17300 +17400 2043 2008 1000
a contact +17300 +17400 2057 2059 1000
a contact +17300 +17400 2059 2057 1000
a contact +17700 +17800 2001 2061 1000
a contact +17700 +17800 2016 2033 1000
a contact +17700 +17800 2033 2016 1000
a contact +17700 +17800 2061 2001 1000
a contact +17800 +17900 2003 2043 1000
a contact +17800 +17900 2043 2003 1000
a contact +17900 +18000 2004 2043 1000
a contact +17900 +18000 2043 2004 1000
a contact +17900 +18000 2058 2063 1000
a contact +17900 +18000 2063 2058 1000
a contact +18100 +18200 2005 2043 1000
a contact +18100 +18200 2043 2005 1000
a contact +18200 +18300 2015 2041 1000
a contact +18200 +18300 2026 2047 1000
a contact +18200 +18300 2041 2015 1000
a contact +18200 +18300 2047 2026 1000
a contact +18300 +18400 2056 2059 1000
a contact +18300 +18400 2059 2056 1000
a contact +18300 +18400 2060 2063 1000
a contact +18300 +18400 2063 2060 1000
a contact +18400 +18500 2060 2061 1000
a contact +18400 +18500 2061 2060 1000
a contact +19000 +19100 2014 2017 1000
a contact +19000 +19100 2017 2014 1000
a contact +19200 +19300 2031 2046 1000
a contact +19200 +19300 2046 2031 1000
a contact +19300 +19400 2026 2041 1000
a contact +19300 +19400 2041 2026 1000
a contact +19400 +19500 2009 2062 1000
a contact +19400 +19500 2062 2009 1000
a contact +19500 +19600 2014 9002 1000
a contact +19500 +19600 9002 2014 1000
a contact +19800 +20000 2006 2063 1000
a contact +19800 +20000 2063 2006 1000
a contact +20000 +20100 2004 2017 1000
a contact +20000 +20100 2017 2004 1000
a contact +20000 +20100 2024 2051 1000
a contact +20000 +20100 2051 2024 1000
a contact +20700 +20800 2039 2055 1000
a contact +20700 +20800 2055 2039 1000
a contact +21000 +21200 1004 2058 1000
a contact +21000 +21200 2019 2031 1000
a contact +21000 +21200 2023 2035 1000
a contact +21000 +21200 2031 2019 1000
a contact +21000 +21200 2035 2023 1000
a contact +21000 +21200 2058 1004 1000
a contact +21200 +21300 2045 2061 1000
a contact +21200 +21300 2061 2045 1000
a contact +21300 +21400 1002 2009 1000
a contact +21300 +21400 2009 1002 1000
a contact +21300 +21400 2029 2059 1000
a contact +21300 +21400 2059 2029 1000
a contact +21400 +21500 2016 2051 1000
a contact +21400 +21500 2051 2016 1000
a contact +21500 +21600 2019 2035 1000
a contact +21500 +21600 2035 2019 1000
a contact +21600 +21700 2007 2059 1000
a contact +21600 +21700 2059 2007 1000
a contact +22600 +22700 2013 2031 1000
a contact +22600 +22700 2031 2013 1000
a contact +22700 +22800 2062 2064 1000
a contact +22700 +22800 2064 2062 1000
a contact +22800 +22900 2015 2043 1000
a contact +22800 +22900 2043 2015 1000
a contact +23000 +23100 2031 2059 1000
a contact +23000 +23100 2059 2031 1000
a contact +23300 +23500 2002 2023 1000
a contact +23300 +23500 2023 2002 1000
a contact +23500 +23600 2014 2028 1000
a contact +23500 +23600 2028 2014 1000
a contact +23700 +23800 2016 2039 1000
a contact +23700 +23800 2039 2016 1000
a contact +24000 +24100 1003 2050 1000
a contact +24000 +24100 2027 9002 1000
a contact +24000 +24100 2050 1003 1000
a contact +24000 +24100 9002 2027 1000
a contact +24200 +24300 2036 2041 1000
a contact +24200 +24300 2041 2036 1000
a contact +24400 +24500 2031 2034 1000
a contact +24400 +24500 2034 2031 1000
a contact +24400 +24500 2037 2042 1000
a contact +24400 +24500 2042 2037 1000
a contact +24500 +24700 2007 2010 1000
a contact +24500 +24700 2010 2007 1000
a contact +24500 +24700 2024 2044 1000
a contact +24500 +24700 2032 2043 1000
a contact +24500 +24700 2043 2032 1000
a contact +24500 +24700 2044 2024 1000
a contact +24700 +24800 2008 2010 1000
a contact +24700 +24800 2010 2008 1000
a contact +24700 +24800 2024 2042 1000
a contact +24700 +24800 2042 2024 1000
a contact +24700 +24800 2055 2058 1000
a contact +24700 +24800 2058 2055 1000
a contact +24800 +24900 2014 2015 1000
a contact +24800 +24900 2015 2014 1000
a contact +24800 +24900 2022 2043 1000
a contact +24800 +24900 2043 2022 1000
a contact +25400 +25500 2027 2045 1000
a contact +25400 +25500 2042 2047 1000
a contact +25400 +25500 2045 2027 1000
a contact +25400 +25500 2047 2042 1000
a contact +25500 +25600 2020 2051 1000
a contact +25500 +25600 2027 2043 1000
a contact +25500 +25600 2035 2037 1000
a contact +25500 +25600 2037 2035 1000
a contact +25500 +25600 2043 2027 1000
a contact +25500 +25600 2051 2020 1000
a contact +25700 +25900 2023 2042 1000
a contact +25700 +25900 2042 2023 1000
a contact +25900 +26000 2022 2057 1000
a contact +25900 +26000 2057 2022 1000
a contact +26300 +26400 2015 2036 1000
a contact +26300 +26400 2036 2015 1000
a contact +26500 +26600 1003 2009 1000
a contact +26500 +26600 2009 1003 1000
a contact +26500 +26600 2021 2051 1000
a contact +26500 +26600 2025 2055 1000
a contact +26500 +26600 2051 2021 1000
a contact +26500 +26600 2055 2025 1000
a contact +26500 +26700 1004 9003 1000
a contact +26600 +26700 2027 2028 1000
a contact +26600 +26700 2028 2027 1000
a contact +26500 +26700 9003 1004 1000
a contact +26700 +26800 2022 2025 1000
a contact +26700 +26800 2025 2022 1000
a contact +26800 +26900 2014 2052 1000
a contact +26800 +26900 2052 2014 1000
a contact +26900 +27000 1003 2015 1000
a contact +26900 +27000 2015 1003 1000
a contact +27000 +27100 1004 2015 1000
a contact +27000 +27100 2015 1004 1000
a contact +27000 +27100 2035 2055 1000
a contact +27000 +27100 2040 2058 1000
a contact +27000 +27100 2055 2035 1000
a contact +27000 +27100 2058 2040 1000
a contact +27300 +27400 1002 2015 1000
a contact +27300 +27400 2015 1002 1000
a contact +27400 +27500 2045 2063 1000
a contact +27400 +27500 2063 2045 1000
a contact +28000 +28200 2013 2046 1000
a contact +28000 +28200 2046 2013 1000
a contact +28200 +28300 2015 2041 1000
a contact +28200 +28300 2041 2015 1000
a contact +28700 +28800 2013 2049 1000
a contact +28700 +28800 2049 2013 1000
a contact +28800 +28900 1002 2043 1000
a contact +28800 +28900 2001 2038 1000
a contact +28800 +28900 2038 2001 1000
a contact +28800 +28900 2043 1002 1000
a contact +28900 +29000 2013 2040 1000
a contact +28900 +29000 2040 2013 1000
a contact +29500 +29600 2018 2060 1000
a contact +29500 +29600 2060 2018 1000
a contact +29600 +29700 2032 2045 1000
a contact +29600 +29700 2045 2032 1000
a contact +29700 +29800 2014 2039 1000
a contact +29700 +29800 2039 2014 1000
a contact +29800 +29900 2005 2047 1000
a contact +29800 +29900 2015 2037 1000
a contact +29800 +29900 2037 2015 1000
a contact +29800 +29900 2047 2005 1000
a contact +29900 +30000 2020 2022 1000
a contact +29900 +30000 2022 2020 1000
a contact +30300 +30400 2014 2038 1000
a contact +30300 +30400 2038 2014 1000
a contact +30600 +30700 1004 9001 1000
a contact +30600 +30700 9001 1004 1000
a contact +30700 +30800 2014 2016 1000
a contact +30700 +30800 2016 2014 1000
a contact +30800 +30900 2005 2016 1000
a contact +30800 +30900 2016 2005 1000
a contact +30800 +30900 2039 2044 1000
a contact +30800 +30900 2044 2039 1000
a contact +30900 +31000 1002 2057 1000
a contact +30900 +31000 2057 1002 1000
a contact +31500 +31600 2034 2045 1000
a contact +31500 +31600 2045 2034 1000
a contact +31600 +31800 1003 2013 1000
a contact +31600 +31800 2013 1003 1000
a contact +31900 +32000 2008 2027 1000
a contact +31900 +32000 2011 2030 1000
a contact +31900 +32000 2027 2008 1000
a contact +31900 +32000 2030 2011 1000
a contact +32000 +32100 2007 2023 1000
a contact +32000 +32100 2022 2034 1000
a contact +32000 +32100 2023 2007 1000
a contact +32000 +32100 2034 2022 1000
a contact +32100 +32200 2007 2022 1000
a contact +32100 +32200 2022 2007 1000
a contact +32400 +32500 2011 9002 1000
a contact +32400 +32500 9002 2011 1000
a contact +33000 +33100 2010 2038 1000
a contact +33000 +33100 2038 2010 1000
a contact +33200 +33300 1001 2063 1000
a contact +33200 +33300 2016 2046 1000
a contact +33200 +33300 2046 2016 1000
a contact +33200 +33300 2063 1001 1000
a contact +33400 +33500 1003 2055 1000
a contact +33400 +33500 2055 1003 1000
a contact +33700 +33800 2009 2029 1000
a contact +33700 +33800 2029 2009 1000
a contact +33700 +33800 2047 2059 1000
a contact +33700 +33800 2059 2047 1000
a contact +33800 +33900 2006 2037 1000
a contact +33800 +33900 2037 2006 1000
a contact +33900 +34100 1003 2012 1000
a contact +33900 +34100 2012 1003 1000
a contact +34600 +34700 2046 2057 1000
a contact +34600 +34700 2057 2046 1000
a contact +34700 +34800 2006 2040 1000
a contact +34700 +34800 2040 2006 1000
a contact +35100 +35300 2011 2049 1000
a contact +35100 +35300 2023 2060 1000
a contact +35100 +35300 2049 2011 1000
a contact +35100 +35300 2060 2023 1000
a contact +35500 +35600 2022 2061 1000
a contact +35500 +35600 2030 2053 1000
a contact +35500 +35600 2053 2030 1000
a contact +35500 +35600 2061 2022 1000
a contact +35600 +35700 2008 2053 1000
a contact +35600 +35700 2030 2060 1000
a contact +35600 +35700 2053 2008 1000
a contact +35600 +35700 2060 2030 1000
a contact +35900 +36000 2029 2045 1000
a contact +35900 +36000 2045 2029 1000
a contact +36100 +36200 2027 2047 1000
a contact +36100 +36200 2047 2027 1000
a contact +36600 +36700 2008 2010 1000
a contact +36600 +36700 2010 2008 1000
a contact +36800 +36900 2012 2053 1000
a contact +36800 +36900 2053 2012 1000
a contact +37000 +37100 2007 2018 1000
a contact +37000 +37100 2018 2007 1000
a contact +37100 +37200 2037 2048 1000
a contact +37100 +37200 2048 2037 1000
a contact +37200 +37300 2037 2042 1000
a contact +37200 +37300 2042 2037 1000
a contact +37400 +37500 2030 2047 1000
a contact +37400 +37500 2031 2046 1000
a contact +37400 +37500 2046 2031 1000
a contact +37400 +37500 2047 2030 1000
a contact +37900 +38000 1001 2019 1000
a contact +37900 +38000 2019 1001 1000
a contact +38000 +38100 2045 2048 1000
a contact +38000 +38100 2048 2045 1000
a contact +39000 +39100 2040 2060 1000
a contact +39000 +39100 2060 2040 1000
a contact +39200 +39300 2017 2047 1000
a contact +39200 +39300 2047 2017 1000
a contact +39500 +39600 2019 2057 1000
a contact +39500 +39600 2057 2019 1000
a contact +40000 +40100 2008 2036 1000
a contact +40000 +40100 2036 2008 1000
a contact +40200 +40300 2010 2030 1000
a contact +40200 +40300 2030 2010 1000
a contact +40500 +40600 2043 2055 1000
a contact +40500 +40600 2055 2043 1000
a contact +40700 +40800 2033 2064 1000
a contact +40700 +40800 2050 9003 1000
a contact +40700 +40800 2064 2033 1000
a contact +40700 +40800 9003 2050 1000
a contact +42500 +42600 2028 2033 1000
a contact +42500 +42600 2033 2028 1000
a contact +42600 +42700 2021 2024 1000
a contact +42600 +42700 2024 2021 1000
a contact +43000 +43100 2057 2060 1000
a contact +43000 +43100 2060 2057 1000
a contact +43100 +43200 2011 2012 1000
a contact +43100 +43200 2012 2011 1000
a contact +43200 +43300 2008 2011 1000
a contact +43200 +43300 2011 2008 1000
a contact +43400 +43500 1004 2002 1000
a contact +43400 +43500 2002 1004 1000
a contact +43400 +43500 2041 2044 1000
a contact +43400 +43500 2044 2041 1000
a contact +43500 +43600 2035 2051 1000
a contact +43500 +43600 2051 2035 1000
a contact +44200 +44300 2020 2054 1000
a contact +44200 +44300 2054 2020 1000
a contact +44300 +44400 2003 2056 1000
a contact +44300 +44400 2056 2003 1000
a contact +44700 +44800 1004 2026 1000
a contact +44700 +44800 2026 1004 1000
a contact +44900 +45000 2001 2042 1000
a contact +44900 +45000 2007 2027 1000
a contact +44900 +45000 2011 2031 1000
a contact +44900 +45000 2027 2007 1000
a contact +44900 +45000 2031 2011 1000
a contact +44900 +45000 2042 2001 1000
a contact +45700 +45900 1002 2018 1000
a contact +45700 +45900 2018 1002 1000
a contact +46100 +46200 2004 2032 1000
a contact +46100 +46200 2032 2004 1000
a contact +46400 +46500 2017 2038 1000
a contact +46400 +46500 2038 2017 1000
a contact +46700 +46800 2004 2024 1000
a contact +46700 +46800 2015 2041 1000
a contact +46700 +46800 2024 2004 1000
a contact +46700 +46800 2041 2015 1000
a contact +47100 +47200 2003 2038 1000
a contact +47100 +47200 2038 2003 1000
a contact +47500 +47600 2005 2048 1000
a contact +47500 +47600 2048 2005 1000
a contact +47600 +47700 1003 2019 1000
a contact +47600 +47700 2012 2049 1000
a contact +47600 +47700 2019 1003 1000
a contact +47600 +47700 2030 2056 1000
a contact +47600 +47700 2049 2012 1000
a contact +47600 +47700 2056 2030 1000
a contact +47900 +48000 2006 2017 1000
a contact +47900 +48000 2017 2006 1000
a contact +47900 +48000 2024 2044 1000
a contact +47900 +48000 2044 2024 1000
a contact +48000 +48100 2006 2056 1000
a contact +48000 +48100 2056 2006 1000
a contact +48400 +48500 2036 2048 1000
a contact +48400 +48500 2048 2036 1000
a contact +48500 +48600 2033 2046 1000
a contact +48500 +48600 2046 2033 1000
a contact +48600 +48700 2058 2061 1000
a contact +48600 +48700 2061 2058 1000
a contact +49000 +49100 1003 2015 1000
a contact +49000 +49100 2004 2063 1000
a contact +49000 +49100 2015 1003 1000
a contact +49000 +49100 2031 2047 1000
a contact +49000 +49100 2047 2031 1000
a contact +49000 +49100 2063 2004 1000
a contact +49100 +49200 2002 2055 1000
a contact +49100 +49200 2023 2036 1000
a contact +49100 +49200 2036 2023 1000
a contact +49100 +49200 2055 2002 1000
a contact +49200 +49300 2023 2040 1000
a contact +49200 +49300 2040 2023 1000
a contact +49300 +49400 2031 2048 1000
a contact +49300 +49400 2048 2031 1000
a contact +49800 +49900 2001 2036 1000
a contact +49800 +49900 2026 2031 1000
a contact +49800 +49900 2031 2026 1000
a contact +49800 +49900 2036 2001 1000
a contact +49900 +50000 2013 2014 1000
a contact +49900 +50000 2014 2013 1000
a contact +49900 +50000 2030 2052 1000
a contact +49900 +50000 2052 2030 1000
a contact +50000 +50100 2027 2039 1000
a contact +50000 +50100 2030 2032 1000
a contact +50000 +50100 2032 2030 1000
a contact +50000 +50100 2039 2027 1000
a contact +50400 +50600 2002 2040 1000
a contact +50400 +50600 2040 2002 1000
a contact +51000 +51100 2041 2059 1000
a contact +51000 +51100 2059 2041 1000
a contact +51100 +51200 2015 2027 1000
a contact +51100 +51200 2027 2015 1000
a contact +51200 +51300 2002 2038 1000
a contact +51200 +51300 2038 2002 1000
a contact +51300 +51400 2012 2032 1000
a contact +51300 +51400 2032 2012 1000
a contact +51400 +51500 2016 2032 1000
a contact +51400 +51500 2032 2016 1000
a contact +51400 +51500 2046 2060 1000
a contact +51400 +51500 2060 2046 1000
a contact +51500 +51600 2007 2025 1000
a contact +51500 +51600 2025 2007 1000
a contact +51500 +51600 2037 2053 1000
a contact +51500 +51600 2053 2037 1000
a contact +51900 +52000 2015 2042 1000
a contact +51900 +52000 2042 2015 1000
a contact +52200 +52300 2019 2045 1000
a contact +52200 +52300 2045 2019 1000
a contact +52500 +52600 1002 2027 1000
a contact +52500 +52600 2027 1002 1000
a contact +52600 +52700 1001 2019 1000
a contact +52600 +52700 2016 2033 1000
a contact +52600 +52700 2019 1001 1000
a contact +52600 +52700 2033 2016 1000
a contact +52800 +53000 2005 2036 1000
a contact +52800 +53000 2036 2005 1000
a contact +53000 +53100 2025 2059 1000
a contact +53000 +53100 2059 2025 1000
a contact +53300 +53400 2002 2047 1000
a contact +53300 +53400 2014 2033 1000
a contact +53300 +53400 2024 2061 1000
a contact +53300 +53400 2033 2014 1000
a contact +53300 +53400 2047 2002 1000
a contact +53300 +53400 2061 2024 1000
a contact +53500 +53600 1003 2041 1000
a contact +53500 +53600 2041 1003 1000
a contact +53700 +53800 2009 2053 1000
a contact +53700 +53800 2011 2064 1000
a contact +53700 +53800 2053 2009 1000
a contact +53700 +53800 2064 2011 1000
a contact +54200 +54300 2002 2013 1000
a contact +54200 +54300 2013 2002 1000
a contact +54200 +54300 2026 2046 1000
a contact +54200 +54300 2046 2026 1000
a contact +54300 +54400 2002 2016 1000
a contact +54300 +54400 2016 2002 1000
a contact +54400 +54500 2024 2040 1000
a contact +54400 +54500 2040 2024 1000
a contact +54600 +54700 1002 2016 1000
a contact +54600 +54700 2016 1002 1000
a contact +54700 +54800 2028 2047 1000
a contact +54700 +54800 2047 2028 1000
a contact +54900 +55000 2023 2028 1000
a contact +54900 +55000 2028 2023 1000
a contact +54900 +55000 2040 2043 1000
a contact +54900 +55000 2043 2040 1000
a contact +55100 +55200 2020 9001 1000
a contact +55100 +55200 2031 2044 1000
a contact +55100 +55200 2044 2031 1000
a contact +55100 +55200 9001 2020 1000
a contact +55400 +55500 2002 2005 1000
a contact +55400 +55500 2005 2002 1000
a contact +55400 +55500 2051 2052 1000
a contact +55400 +55500 2052 2051 1000
a contact +55400 +55500 2055 2056 1000
a contact +55400 +55500 2056 2055 1000
a contact +55800 +55900 2030 2032 1000
a contact +55800 +55900 2032 2030 1000
a contact +55800 +55900 2040 2042 1000
a contact +55800 +55900 2042 2040 1000
a contact +55900 +56000 1002 2005 1000
a contact +55900 +56000 2005 1002 1000
a contact +55900 +56000 2031 2042 1000
a contact +55900 +56000 2042 2031 1000
a contact +56100 +56200 2028 2040 1000
a contact +56100 +56200 2040 2028 1000
a contact +57200 +57300 2048 9003 1000
a contact +57200 +57300 9003 2048 1000
a contact +57700 +57800 2047 2062 1000
a contact +57700 +57800 2062 2047 1000
a contact +58200 +58300 2011 2026 1000
a contact +58200 +58300 2026 2011 1000
a contact +58300 +58400 2022 2057 1000
a contact +58300 +58400 2040 2059 1000
a contact +58300 +58400 2057 2022 1000
a contact +58300 +58400 2059 2040 1000
a contact +58400 +58500 1001 2047 1000
a contact +58400 +58500 2047 1001 1000
a contact +58700 +58900 1004 2012 1000
a contact +58700 +58900 2012 1004 1000
a contact +58900 +59000 2009 2044 1000
a contact +58900 +59000 2035 2064 1000
a contact +58900 +59000 2044 2009 1000
a contact +58900 +59000 2064 2035 1000
a contact +59200 +59300 2011 2028 1000
a contact +59200 +59300 2028 2011 1000
a contact +59300 +59400 2032 2058 1000
a contact +59300 +59400 2058 2032 1000
a contact +59700 +59800 1004 2043 1000
a contact +59700 +59800 2043 1004 1000
a contact +59800 +59900 2025 9001 1000
a contact +59800 +59900 9001 2025 1000
a contact +59900 +60000 2016 2047 1000
a contact +59900 +60000 2047 2016 1000
a contact +60100 +60200 2001 2004 1000
a contact +60100 +60200 2004 2001 1000
a contact +60100 +60200 2039 2044 1000
a contact +60100 +60200 2044 2039 1000
a contact +60300 +60400 1003 9002 1000
a contact +60300 +60400 2006 9003 1000
a contact +60300 +60400 9002 1003 1000
a contact +60300 +60400 9003 2006 1000
a contact +60400 +60500 2034 2035 1000
a contact +60400 +60500 2035 2034 1000
a contact +60700 +60800 2016 2064 1000
a contact +60700 +60800 2025 2044 1000
a contact +60700 +60800 2044 2025 1000
a contact +60700 +60800 2064 2016 1000
a contact +60800 +60900 2021 2033 1000
a contact +60800 +60900 2033 2021 1000
a contact +60900 +61000 1002 2058 1000
a contact +60900 +61000 2027 2047 1000
a contact +60900 +61000 2047 2027 1000
a contact +60900 +61000 2058 1002 1000
a contact +61000 +61200 2023 2041 1000
a contact +61000 +61200 2041 2023 1000
a contact +61200 +61300 2012 2013 1000
a contact +61200 +61300 2013 2012 1000
a contact +61200 +61300 2028 2030 1000
a contact +61200 +61300 2030 2028 1000
a contact +61800 +61900 2042 2044 1000
a contact +61800 +61900 2044 2042 1000
a contact +61900 +62000 2059 2064 1000
a contact +61900 +62000 2064 2059 1000
a contact +62000 +62100 2015 2055 1000
a contact +62000 +62100 2034 2046 1000
a contact +62000 +62100 2036 2047 1000
a contact +62000 +62100 2046 2034 1000
a contact +62000 +62100 2047 2036 1000
a contact +62000 +62100 2055 2015 1000
a contact +62200 +62400 2035 2047 1000
a contact +62200 +62400 2047 2035 1000
a contact +62400 +62500 2035 2046 1000
a contact +62400 +62500 2046 2035 1000
a contact +62700 +62800 2004 2026 1000
a contact +62700 +62800 2026 2004 1000
a contact +62900 +63000 2022 2056 1000
a contact +62900 +63000 2056 2022 1000
a contact +63000 +63100 2008 2035 1000
a contact +63000 +63100 2030 9001 1000
a contact +63000 +63100 2035 2008 1000
a contact +63000 +63100 9001 2030 1000
a contact +63100 +63200 2018 2049 1000
a contact +63100 +63200 2049 2018 1000
a contact +63200 +63300 2004 2044 1000
a contact +63200 +63300 2044 2004 1000
a contact +63400 +63600 2004 2033 1000
a contact +63400 +63600 2033 2004 1000
a contact +63700 +63800 2005 2021 1000
a contact +63700 +63800 2021 2005 1000
a contact +63700 +63800 2041 2062 1000
a contact +63700 +63800 2062 2041 1000
a contact +64200 +64300 2013 2038 1000
a contact +64200 +64300 2038 2013 1000
a contact +64500 +64600 2035 9001 1000
a contact +64500 +64600 9001 2035 1000
a contact +64800 +64900 2048 2062 1000
a contact +64800 +64900 2062 2048 1000
a contact +65000 +65100 2007 2041 1000
a contact +65000 +65100 2041 2007 1000
a contact +66700 +66800 2024 2045 1000
a contact +66700 +66800 2045 2024 1000
a contact +67300 +67400 2025 2038 1000
a contact +67300 +67400 2038 2025 1000
a contact +67300 +67400 2039 2041 1000
a contact +67300 +67400 2041 2039 1000
a contact +67700 +67800 1003 2038 1000
a contact +67700 +67800 2038 1003 1000
a contact +68100 +68300 2022 2036 1000
a contact +68100 +68300 2023 2043 1000
a contact +68100 +68300 2031 2034 1000
a contact +68100 +68300 2034 2031 1000
a contact +68100 +68300 2036 2022 1000
a contact +68100 +68300 2043 2023 1000
a contact +68100 +68300 2044 2046 1000
a contact +68100 +68300 2046 2044 1000
a contact +68300 +68400 2003 2050 1000
a contact +68300 +68400 2050 2003 1000
a contact +68700 +68800 2030 2052 1000
a contact +68700 +68800 2052 2030 1000
a contact +68900 +69000 2001 2029 1000
a contact +68900 +69000 2029 2001 1000
a contact +69100 +69200 2017 2028 1000
a contact +69100 +69200 2028 2017 1000
a contact +69200 +69300 2008 2024 1000
a contact +69200 +69300 2024 2008 1000
a contact +69200 +69300 2025 9001 1000
a contact +69200 +69300 9001 2025 1000
a contact +69500 +69600 2001 2028 1000
a contact +69500 +69600 2028 2001 1000
a contact +69700 +69800 2026 2058 1000
a contact +69700 +69800 2058 2026 1000
a contact +69800 +69900 1004 2050 1000
a contact +69800 +69900 2050 1004 1000
a contact +70200 +70300 2005 2038 1000
a contact +70200 +70300 2009 2042 1000
a contact +70200 +70300 2038 2005 1000
a contact +70200 +70300 2042 2009 1000
a contact +70300 +70400 2012 2030 1000
a contact +70300 +70400 2030 2012 1000
a contact +70300 +70400 2035 9003 1000
a contact +70300 +70400 2045 2059 1000
a contact +70300 +70400 2059 2045 1000
a contact +70300 +70400 9003 2035 1000
a contact +70400 +70500 2011 2023 1000
a contact +70400 +70500 2023 2011 1000
a contact +70500 +70700 2034 2062 1000
a contact +70500 +70700 2048 9003 1000
a contact +70500 +70700 2062 2034 1000
a contact +70500 +70700 9003 2048 1000
a contact +70900 +71000 2005 2026 1000
a contact +70900 +71000 2026 2005 1000
a contact +71000 +71100 2014 2041 1000
a contact +71000 +71100 2041 2014 1000
a contact +71200 +71300 2013 2025 1000
a contact +71200 +71300 2025 2013 1000
a contact +71300 +71400 2006 2048 1000
a contact +71300 +71400 2048 2006 1000
a contact +71400 +71500 2014 2033 1000
a contact +71400 +71500 2033 2014 1000
a contact +71500 +71600 2007 2047 1000
a contact +71500 +71600 2047 2007 1000
a contact +71600 +71800 1004 2013 1000
a contact +71600 +71800 2013 1004 1000
a contact +71800 +71900 1003 2013 1000
a contact +71800 +71900 2013 1003 1000
a contact +72200 +72300 1001 1004 1000
a contact +72200 +72300 1004 1001 1000
a contact +72800 +73000 1004 2059 1000
a contact +72800 +73000 2059 1004 1000
a contact +73000 +73100 1002 2063 1000
a contact +73000 +73100 2063 1002 1000
a contact +73100 +73200 1004 2010 1000
a contact +73100 +73200 2010 1004 1000
a contact +73100 +73200 2025 2046 1000
a contact +73100 +73200 2028 2045 1000
a contact +73100 +73200 2045 2028 1000
a contact +73100 +73200 2046 2025 1000
a contact +73300 +73400 1002 2056 1000
a contact +73300 +73400 2056 1002 1000
a contact +73400 +73500 1001 2056 1000
a contact +73400 +73500 2013 2064 1000
a contact +73400 +73500 2056 1001 1000
a contact +73400 +73500 2064 2013 1000
a contact +73600 +73700 1003 2058 1000
a contact +73600 +73700 2034 2045 1000
a contact +73600 +73700 2045 2034 1000
a contact +73600 +73700 2046 2048 1000
a contact +73600 +73700 2048 2046 1000
a contact +73600 +73700 2058 1003 1000
a contact +74200 +74300 1003 2033 1000
a contact +74200 +74300 2005 2054 1000
a contact +74200 +74300 2006 2060 1000
a contact +74200 +74300 2033 1003 1000
a contact +74200 +74300 2054 2005 1000
a contact +74200 +74300 2060 2006 1000
a contact +74300 +74400 2006 2059 1000
a contact +74300 +74400 2059 2006 1000
a contact +74400 +74500 2005 9003 1000
a contact +74400 +74500 2022 2035 1000
a contact +74400 +74500 2035 2022 1000
a contact +74400 +74500 9003 2005 1000
a contact +74900 +75000 1003 2047 1000
a contact +74900 +75000 2016 2056 1000
a contact +74900 +75000 2047 1003 1000
a contact +74900 +75000 2056 2016 1000
a contact +75000 +75100 1004 2027 1000
a contact +75000 +75100 2026 2046 1000
a contact +75000 +75100 2027 1004 1000
a contact +75000 +75100 2046 2026 1000
a contact +75400 +75500 2025 2046 1000
a contact +75400 +75500 2034 2052 1000
a contact +75400 +75500 2046 2025 1000
a contact +75400 +75500 2052 2034 1000
a contact +75400 +75500 2058 2060 1000
a contact +75400 +75500 2060 2058 1000
a contact +75500 +75600 2021 2057 1000
a contact +75500 +75600 2057 2021 1000
a contact +75600 +75700 1003 2044 1000
a contact +75600 +75700 2036 9003 1000
a contact +75600 +75700 2044 1003 1000
a contact +75600 +75700 9003 2036 1000
a contact +75700 +75800 2036 9001 1000
a contact +75700 +75800 9001 2036 1000
a contact +76500 +76600 2013 2028 1000
a contact +76500 +76600 2014 2027 1000
a contact +76500 +76600 2027 2014 1000
a contact +76500 +76600 2028 2013 1000
a contact +76900 +77000 2016 2031 1000
a contact +76900 +77000 2018 2030 1000
a contact +76900 +77000 2030 2018 1000
a contact +76900 +77000 2031 2016 1000
a contact +77000 +77100 1002 2054 1000
a contact +77000 +77100 2035 2057 1000
a contact +77000 +77100 2046 2059 1000
a contact +77000 +77100 2054 1002 1000
a contact +77000 +77100 2057 2035 1000
a contact +77000 +77100 2059 2046 1000
a contact +77400 +77500 2025 2055 1000
a contact +77400 +77500 2055 2025 1000
a contact +77800 +77900 2009 2028 1000
a contact +77800 +77900 2013 2032 1000
a contact +77800 +77900 2028 2009 1000
a contact +77800 +77900 2032 2013 1000
a contact +77900 +78000 2028 2055 1000
a contact +77900 +78000 2055 2028 1000
a contact +78100 +78200 2014 2036 1000
a contact +78100 +78200 2036 2014 1000
a contact +78300 +78400 2038 2050 1000
a contact +78300 +78400 2050 2038 1000
a contact +79400 +79500 2027 2040 1000
a contact +79400 +79500 2040 2027 1000
a contact +79700 +79800 1003 2015 1000
a contact +79700 +79800 2015 1003 1000
a contact +79700 +79800 2028 2031 1000
a contact +79700 +79800 2031 2028 1000
a contact +79700 +79800 2044 2046 1000
a contact +79700 +79800 2046 2044 1000
a contact +79900 +80100 1003 2053 1000
a contact +79900 +80100 2053 1003 1000
a contact +80200 +80300 2011 9001 1000
a contact +80200 +80300 2022 2037 1000
a contact +80200 +80300 2037 2022 1000
a contact +80200 +80300 9001 2011 1000
a contact +80900 +81000 2057 2059 1000
a contact +80900 +81000 2059 2057 1000
a contact +81100 +81200 2016 2053 1000
a contact +81100 +81200 2028 2033 1000
a contact +81100 +81200 2033 2028 1000
a contact +81100 +81200 2053 2016 1000
a contact +81300 +81400 2014 2055 1000
a contact +81300 +81400 2055 2014 1000
a contact +81300 +81400 2062 2063 1000
a contact +81300 +81400 2063 2062 1000
a contact +81800 +81900 2057 2060 1000
a contact +81800 +81900 2060 2057 1000
a contact +81900 +82000 2018 2051 1000
a contact +81900 +82000 2051 2018 1000
a contact +82100 +82200 2027 2064 1000
a contact +82100 +82200 2064 2027 1000
a contact +82200 +82300 2046 2063 1000
a contact +82200 +82300 2063 2046 1000
a contact +82600 +82700 2029 2060 1000
a contact +82600 +82700 2060 2029 1000
a contact +83100 +83200 2003 2048 1000
a contact +83100 +83200 2048 2003 1000
a contact +83200 +83300 2008 2029 1000
a contact +83200 +83300 2017 2034 1000
a contact +83200 +83300 2029 2008 1000
a contact +83200 +83300 2034 2017 1000
a contact +83300 +83400 2003 2024 1000
a contact +83300 +83400 2024 2003 1000
a contact +83400 +83600 2005 2037 1000
a contact +83400 +83600 2016 2043 1000
a contact +83400 +83600 2031 2063 1000
a contact +83400 +83600 2037 2005 1000
a contact +83400 +83600 2043 2016 1000
a contact +83400 +83600 2063 2031 1000
a contact +83800 +83900 2027 2062 1000
a contact +83800 +83900 2062 2027 1000
a contact +83900 +84000 2021 2051 1000
a contact +83900 +84000 2051 2021 1000
a contact +84200 +84300 2025 2062 1000
a contact +84200 +84300 2028 2059 1000
a contact +84200 +84300 2059 2028 1000
a contact +84200 +84300 2062 2025 1000
a contact +84300 +84400 1003 9003 1000
a contact +84300 +84400 9003 1003 1000
a contact +84400 +84500 2009 2036 1000
a contact +84400 +84500 2036 2009 1000
a contact +84600 +84800 2016 2040 1000
a contact +84600 +84800 2040 2016 1000
a contact +84900 +85000 2025 2045 1000
a contact +84900 +85000 2045 2025 1000
a contact +85000 +85100 1002 2009 1000
a contact +85000 +85100 2009 1002 1000
a contact +85000 +85100 2016 2039 1000
a contact +85000 +85100 2039 2016 1000
a contact +85100 +85200 1004 2006 1000
a contact +85100 +85200 2006 1004 1000
a contact +85400 +85500 2003 2006 1000
a contact +85400 +85500 2006 2003 1000
a contact +85400 +85500 2013 2064 1000
a contact +85400 +85500 2064 2013 1000
a contact +85500 +85600 2015 2064 1000
a contact +85500 +85600 2028 2041 1000
a contact +85500 +85600 2041 2028 1000
a contact +85500 +85600 2064 2015 1000
a contact +85700 +85800 1004 2055 1000
a contact +85700 +85800 2003 2059 1000
a contact +85700 +85800 2032 2048 1000
a contact +85700 +85800 2048 2032 1000
a contact +85700 +85800 2055 1004 1000
a contact +85700 +85800 2059 2003 1000
a contact +85800 +86000 2011 2058 1000
a contact +85800 +86000 2058 2011 1000
a contact +86100 +86200 2021 2036 1000
a contact +86100 +86200 2036 2021 1000
a contact +86200 +86300 2027 9002 1000
a contact +86200 +86300 2044 2045 1000
a contact +86200 +86300 2045 2044 1000
a contact +86200 +86300 9002 2027 1000

a range +100 +200 2002 9002 1103.3723
a range +100 +200 2019 2053 0.0148
a range +100 +200 2025 2046 0.038
a range +100 +200 2046 2025 0.038
a range +100 +200 2053 2019 0.0148
a range +100 +200 9002 2002 1103.3723
a range +200 +300 2016 2055 0.0436
a range +200 +300 2019 2052 0.0149
a range +200 +300 2052 2019 0.0149
a range +200 +300 2055 2016 0.0436
a range +300 +400 2019 2051 0.0193
a range +300 +400 2020 2053 0.0067
a range +300 +400 2051 2019 0.0193
a range +300 +400 2053 2020 0.0067
a range +600 +700 1004 2006 1102.0009
a range +600 +700 2006 1004 1102.0009
a range +900 +1000 1002 2003 1102.4731
a range +900 +1000 2003 1002 1102.4731
a range +1000 +1100 2025 2052 0.0431
a range +1000 +1100 2030 2047 0.0157
a range +1000 +1100 2031 2046 0.0157
a range +1000 +1100 2046 2031 0.0157
a range +1000 +1100 2047 2030 0.0157
a range +1000 +1100 2052 2025 0.0431
a range +1200 +1300 2012 9001 1102.3239
a range +1200 +1300 9001 2012 1102.3239
a range +1300 +1400 2026 2054 0.0415
a range +1300 +1400 2054 2026 0.0415
a range +1600 +1700 2025 2041 0.0182
a range +1600 +1700 2041 2025 0.0182
a range +2000 +2100 1004 2011 1102.018
a range +2000 +2100 2004 2015 0.0404
a range +2000 +2100 2011 1004 1102.018
a range +2000 +2100 2015 2004 0.0404
a range +2000 +2100 2021 2034 0.0259
a range +2000 +2100 2034 2021 0.0259
a range +2700 +2800 2010 2031 0.0373
a range +2700 +2800 2028 2064 0.0308
a range +2700 +2800 2031 2010 0.0373
a range +2700 +2800 2064 2028 0.0308
a range +3100 +3200 2007 2051 0.0434
a range +3100 +3200 2051 2007 0.0434
a range +3200 +3300 2019 2024 0.0404
a range +3200 +3300 2024 2019 0.0404
a range +3300 +3500 1002 2013 1102.4545
a range +3300 +3500 2013 1002 1102.4545
a range +3500 +3600 2016 2029 0.0281
a range +3500 +3600 2029 2016 0.0281
a range +3700 +3800 2024 9001 1102.1679
a range +3700 +3800 9001 2024 1102.1679
a range +3900 +4000 2010 2030 0.0319
a range +3900 +4000 2030 2010 0.0319
a range +4200 +4300 1003 2011 1102.2434
a range +4200 +4300 2011 1003 1102.2434
a range +4200 +4300 2051 2052 0.0095
a range +4200 +4300 2052 2051 0.0095
a range +4400 +4500 1004 2036 1101.991
a range +4400 +4500 2009 2038 0.0369
a range +4400 +4500 2012 2041 0.031
a range +4400 +4500 2036 1004 1101.991
a range +4400 +4500 2038 2009 0.0369
a range +4400 +4500 2041 2012 0.031
a range +4800 +4900 1004 2025 1102.0099
a range +4800 +4900 2025 1004 1102.0099
a range +5000 +5100 2063 2064 0.0095
a range +5000 +5100 2064 2063 0.0095
a range +5200 +5300 2022 2024 0.0186
a range +5200 +5300 2024 2022 0.0186
a range +5400 +5500 2056 2057 0.0095
a range +5400 +5500 2057 2056 0.0095
a range +5700 +5800 2007 2024 0.0192
a range +5700 +5800 2024 2007 0.0192
a range +6000 +6100 2030 2055 0.0434
a range +6000 +6100 2033 2048 0.0095
a range +6000 +6100 2048 2033 0.0095
a range +6000 +6100 2055 2030 0.0434
a range +6300 +6400 2030 2061 0.0146
a range +6300 +6400 2061 2030 0.0146
a range +6600 +6700 1002 2054 1102.4662
a range +6600 +6700 1003 2058 1102.2449
a range +6600 +6700 2054 1002 1102.4662
a range +6600 +6700 2058 1003 1102.2449
a range +6700 +6800 2023 2057 0.0361
a range +6700 +6800 2057 2023 0.0361
a range +7400 +7500 2008 2034 0.0433
a range +7400 +7500 2034 2008 0.0433
a range +7600 +7700 2026 2042 0.0155
a range +7600 +7700 2042 2026 0.0155
a range +7700 +7800 2030 2035 0.0417
a range +7700 +7800 2035 2030 0.0417
a range +8000 +8200 1002 9002 0.0591
a range +8000 +8200 9002 1002 0.0591
a range +8200 +8300 2015 2060 0.0435
a range +8200 +8300 2060 2015 0.0435
a range +8500 +8600 2014 2047 0.025
a range +8500 +8600 2047 2014 0.025
a range +8700 +8800 2034 2063 0.0311
a range +8700 +8800 2063 2034 0.0311
a range +8800 +8900 2004 2058 0.0432
a range +8800 +8900 2058 2004 0.0432
a range +9100 +9200 2043 2048 0.0404
a range +9100 +9200 2048 2043 0.0404
a range +9400 +9500 2031 2057 0.0434
a range +9400 +9500 2057 2031 0.0434
a range +9500 +9600 2002 2023 0.0373
a range +9500 +9600 2023 2002 0.0373
a range +9700 +9800 2003 2054 0.0431
a range +9700 +9800 2020 2034 0.0201
a range +9700 +9800 2034 2020 0.0201
a range +9700 +9800 2054 2003 0.0431
a range +9900 +10000 2036 2057 0.0395
a range +9900 +10000 2057 2036 0.0395
a range +10000 +10100 2027 2030 0.027
a range +10000 +10100 2030 2027 0.027
a range +10000 +10100 2042 2054 0.0366
a range +10000 +10100 2046 2058 0.0319
a range +10000 +10100 2054 2042 0.0366
a range +10000 +10100 2058 2046 0.0319
a range +10100 +10200 2024 2026 0.0186
a range +10100 +10200 2026 2024 0.0186
a range +10200 +10300 2037 9001 1102.3274
a range +10200 +10300 9001 2037 1102.3274
a range +10700 +10800 2029 2032 0.027
a range +10700 +10800 2032 2029 0.027
a range +10800 +10900 1004 2031 1102.5333
a range +10800 +10900 2031 1004 1102.5333
a range +11000 +11100 2014 2039 0.0433
a range +11000 +11100 2039 2014 0.0433
a range +11400 +11500 2006 2040 0.0313
a range +11400 +11500 2040 2006 0.0313
a range +11700 +11800 2044 2056 0.0353
a range +11700 +11800 2056 2044 0.0353
a range +11800 +11900 2029 9002 1102.6573
a range +11800 +11900 9002 2029 1102.6573
a range +12300 +12400 2021 2041 0.0353
a range +12300 +12400 2041 2021 0.0353
a range +12400 +12500 1003 9003 0.0592
a range +12400 +12500 9003 1003 0.0592
a range +12500 +12600 2063 9001 1102.3284
a range +12500 +12600 9001 2063 1102.3284
a range +13000 +13100 2038 2041 0.027
a range +13000 +13100 2041 2038 0.027
a range +13100 +13200 2030 2049 0.0369
a range +13100 +13200 2049 2030 0.0369
a range +13200 +13300 1002 9003 0.0591
a range +13200 +13300 2029 2047 0.02
a range +13200 +13300 2047 2029 0.02
a range +13200 +13300 9003 1002 0.0591
a range +13400 +13500 2034 2047 0.027
a range +13400 +13500 2047 2034 0.027
a range +13600 +13700 2035 2047 0.0343
a range +13600 +13700 2047 2035 0.0343
a range +13900 +14100 2008 2026 0.0251
a range +13900 +14100 2026 2008 0.0251
a range +14100 +14200 1002 2023 1102.4641
a range +14100 +14200 2023 1002 1102.4641
a range +14300 +14400 2005 2025 0.0353
a range +14300 +14400 2025 2005 0.0353
a range +14700 +14800 2004 2034 0.0233
a range +14700 +14800 2034 2004 0.0233
a range +14700 +14800 2040 2061 0.0396
a range +14700 +14800 2061 2040 0.0396
a range +15000 +15100 2009 2062 0.043
a range +15000 +15100 2062 2009 0.043
a range +15100 +15300 1004 2061 1102.9189
a range +15100 +15300 2008 2062 0.0431
a range +15100 +15300 2061 1004 1102.9189
a range +15100 +15300 2062 2008 0.0431
a range +15300 +15400 1003 2061 1103.1384
a range +15300 +15400 2007 2024 0.0192
a range +15300 +15400 2024 2007 0.0192
a range +15300 +15400 2061 1003 1103.1384
a range +15400 +15500 2040 2057 0.0205
a range +15400 +15500 2057 2040 0.0205
a range +15600 +15700 1004 2009 1102.9288
a range +15600 +15700 2009 1004 1102.9288
a range +15600 +15700 2036 2058 0.043
a range +15600 +15700 2058 2036 0.043
a range +16200 +16300 2051 9002 1103.3692
a range +16200 +16300 9002 2051 1103.3692
a range +16500 +16600 2005 2053 0.0431
a range +16500 +16600 2053 2005 0.0431
a range +16800 +16900 2013 2029 0.0035
a range +16800 +16900 2029 2013 0.0035
a range +16800 +16900 2032 2059 0.043
a range +16800 +16900 2059 2032 0.043
a range +17100 +17200 1003 2028 1102.6553
a range +17100 +17200 2010 2039 0.0393
a range +17100 +17200 2028 1003 1102.6553
a range +17100 +17200 2039 2010 0.0393
a range +17300 +17400 2008 2043 0.0371
a range +17300 +17400 2043 2008 0.0371
a range +17300 +17400 2057 2059 0.0186
a range +17300 +17400 2059 2057 0.0186
a range +17700 +17800 2001 2061 0.0434
a range +17700 +17800 2016 2033 0.035
a range +17700 +17800 2033 2016 0.035
a range +17700 +17800 2061 2001 0.0434
a range +17800 +17900 2003 2043 0.0433
a range +17800 +17900 2043 2003 0.0433
a range +17900 +18000 2004 2043 0.0431
a range +17900 +18000 2043 2004 0.0431
a range +17900 +18000 2058 2063 0.0404
a range +17900 +18000 2063 2058 0.0404
a range +18100 +18200 2005 2043 0.0433
a range +18100 +18200 2043 2005 0.0433
a range +18200 +18300 2015 2041 0.0432
a range +18200 +18300 2026 2047 0.0373
a range +18200 +18300 2041 2015 0.0432
a range +18200 +18300 2047 2026 0.0373
a range +18300 +18400 2056 2059 0.027
a range +18300 +18400 2059 2056 0.027
a range +18300 +18400 2060 2063 0.027
a range +18300 +18400 2063 2060 0.027
a range +18400 +18500 2060 2061 0.0095
a range +18400 +18500 2061 2060 0.0095
a range +19000 +19100 2014 2017 0.0302
a range +19000 +19100 2017 2014 0.0302
a range +19200 +19300 2031 2046 0.0157
a range +19200 +19300 2046 2031 0.0157
a range +19300 +19400 2026 2041 0.0193
a range +19300 +19400 2041 2026 0.0193
a range +19400 +19500 2009 2062 0.0434
a range +19400 +19500 2062 2009 0.0434
a range +19500 +19600 2014 9002 1103.3825
a range +19500 +19600 9002 2014 1103.3825
a range +19800 +20000 2006 2063 0.0434
a range +19800 +20000 2063 2006 0.0434
a range +20000 +20100 2004 2017 0.0282
a range +20000 +20100 2017 2004 0.0282
a range +20000 +20100 2024 2051 0.043
a range +20000 +20100 2051 2024 0.043
a range +20700 +20800 2039 2055 0.0154
a range +20700 +20800 2055 2039 0.0154
a range +21000 +21200 1004 2058 1102.9259
a range +21000 +21200 2019 2031 0.0343
a range +21000 +21200 2023 2035 0.0319
a range +21000 +21200 2031 2019 0.0343
a range +21000 +21200 2035 2023 0.0319
a range +21000 +21200 2058 1004 1102.9259
a range +21200 +21300 2045 2061 0.0035
a range +21200 +21300 2061 2045 0.0035
a range +21300 +21400 1002 2009 1103.3658
a range +21300 +21400 2009 1002 1103.3658
a range +21300 +21400 2029 2059 0.0148
a range +21300 +21400 2059 2029 0.0148
a range +21400 +21500 2016 2051 0.0433
a range +21400 +21500 2051 2016 0.0433
a range +21500 +21600 2019 2035 0.0104
a range +21500 +21600 2035 2019 0.0104
a range +21600 +21700 2007 2059 0.043
a range +21600 +21700 2059 2007 0.043
a range +22600 +22700 2013 2031 0.02
a range +22600 +22700 2031 2013 0.02
a range +22700 +22800 2062 2064 0.0186
a range +22700 +22800 2064 2062 0.0186
a range +22800 +22900 2015 2043 0.0251
a range +22800 +22900 2043 2015 0.0251
a range +23000 +23100 2031 2059 0.0251
a range +23000 +23100 2059 2031 0.0251
a range +23300 +23500 2002 2023 0.0373
a range +23300 +23500 2023 2002 0.0373
a range +23500 +23600 2014 2028 0.0175
a range +23500 +23600 2028 2014 0.0175
a range +23700 +23800 2016 2039 0.0431
a range +23700 +23800 2039 2016 0.0431
a range +24000 +24100 1003 2050 1103.1513
a range +24000 +24100 2027 9002 1102.7473
a range +24000 +24100 2050 1003 1103.1513
a range +24000 +24100 9002 2027 1102.7473
a range +24200 +24300 2036 2041 0.0404
a range +24200 +24300 2041 2036 0.0404
a range +24400 +24500 2031 2034 0.0311
a range +24400 +24500 2034 2031 0.0311
a range +24400 +24500 2037 2042 0.0404
a range +24400 +24500 2042 2037 0.0404
a range +24500 +24700 2007 2010 0.027
a range +24500 +24700 2010 2007 0.027
a range +24500 +24700 2024 2044 0.0353
a range +24500 +24700 2032 2043 0.038
a range +24500 +24700 2043 2032 0.038
a range +24500 +24700 2044 2024 0.0353
a range +24700 +24800 2008 2010 0.0186
a range +24700 +24800 2010 2008 0.0186
a range +24700 +24800 2024 2042 0.0251
a range +24700 +24800 2042 2024 0.0251
a range +24700 +24800 2055 2058 0.027
a range +24700 +24800 2058 2055 0.027
a range +24800 +24900 2014 2015 0.0095
a range +24800 +24900 2015 2014 0.0095
a range +24800 +24900 2022 2043 0.0417
a range +24800 +24900 2043 2022 0.0417
a range +25400 +25500 2027 2045 0.0176
a range +25400 +25500 2042 2047 0.0404
a range +25400 +25500 2045 2027 0.0176
a range +25400 +25500 2047 2042 0.0404
a range +25500 +25600 2020 2051 0.0149
a range +25500 +25600 2027 2043 0.0104
a range +25500 +25600 2035 2037 0.0186
a range +25500 +25600 2037 2035 0.0186
a range +25500 +25600 2043 2027 0.0104
a range +25500 +25600 2051 2020 0.0149
a range +25700 +25900 2023 2042 0.0311
a range +25700 +25900 2042 2023 0.0311
a range +25900 +26000 2022 2057 0.0369
a range +25900 +26000 2057 2022 0.0369
a range +26300 +26400 2015 2036 0.043
a range +26300 +26400 2036 2015 0.043
a range +26500 +26600 1003 2009 1103.1427
a range +26500 +26600 2009 1003 1103.1427
a range +26500 +26600 2021 2051 0.0148
a range +26500 +26600 2025 2055 0.0361
a range +26500 +26600 2051 2021 0.0148
a range +26500 +26600 2055 2025 0.0361
a range +26500 +26700 1004 9003 0.0596
a range +26600 +26700 2027 2028 0.0095
a range +26600 +26700 2028 2027 0.0095
a range +26500 +26700 9003 1004 0.0596
a range +26700 +26800 2022 2025 0.027
a range +26700 +26800 2025 2022 0.027
a range +26800 +26900 2014 2052 0.0432
a range +26800 +26900 2052 2014 0.0432
a range +26900 +27000 1003 2015 1103.1414
a range +26900 +27000 2015 1003 1103.1414
a range +27000 +27100 1004 2015 1102.9114
a range +27000 +27100 2015 1004 1102.9114
a range +27000 +27100 2035 2055 0.0319
a range +27000 +27100 2040 2058 0.0251
a range +27000 +27100 2055 2035 0.0319
a range +27000 +27100 2058 2040 0.0251
a range +27300 +27400 1002 2015 1103.3842
a range +27300 +27400 2015 1002 1103.3842
a range +27400 +27500 2045 2063 0.02
a range +27400 +27500 2063 2045 0.02
a range +28000 +28200 2013 2046 0.0146
a range +28000 +28200 2046 2013 0.0146
a range +28200 +28300 2015 2041 0.0431
a range +28200 +28300 2041 2015 0.0431
a range +28700 +28800 2013 2049 0.0432
a range +28700 +28800 2049 2013 0.0432
a range +28800 +28900 1002 2043 1103.3725
a range +28800 +28900 2001 2038 0.0431
a range +28800 +28900 2038 2001 0.0431
a range +28800 +28900 2043 1002 1103.3725
a range +28900 +29000 2013 2040 0.0431
a range +28900 +29000 2040 2013 0.0431
a range +29500 +29600 2018 2060 0.0433
a range +29500 +29600 2060 2018 0.0433
a range +29600 +29700 2032 2045 0.0281
a range +29600 +29700 2045 2032 0.0281
a range +29700 +29800 2014 2039 0.043
a range +29700 +29800 2039 2014 0.043
a range +29800 +29900 2005 2047 0.0433
a range +29800 +29900 2015 2037 0.0433
a range +29800 +29900 2037 2015 0.0433
a range +29800 +29900 2047 2005 0.0433
a range +29900 +30000 2020 2022 0.0186
a range +29900 +30000 2022 2020 0.0186
a range +30300 +30400 2014 2038 0.0432
a range +30300 +30400 2038 2014 0.0432
a range +30600 +30700 1004 9001 0.0595
a range +30600 +30700 9001 1004 0.0595
a range +30700 +30800 2014 2016 0.0186
a range +30700 +30800 2016 2014 0.0186
a range +30800 +30900 2005 2016 0.0404
a range +30800 +30900 2016 2005 0.0404
a range +30800 +30900 2039 2044 0.0404
a range +30800 +30900 2044 2039 0.0404
a range +30900 +31000 1002 2057 1103.3676
a range +30900 +31000 2057 1002 1103.3676
a range +31500 +31600 2034 2045 0.0404
a range +31500 +31600 2045 2034 0.0404
a range +31600 +31800 1003 2013 1103.1361
a range +31600 +31800 2013 1003 1103.1361
a range +31900 +32000 2008 2027 0.0303
a range +31900 +32000 2011 2030 0.0249
a range +31900 +32000 2027 2008 0.0303
a range +31900 +32000 2030 2011 0.0249
a range +32000 +32100 2007 2023 0.0154
a range +32000 +32100 2022 2034 0.0319
a range +32000 +32100 2023 2007 0.0154
a range +32000 +32100 2034 2022 0.0319
a range +32100 +32200 2007 2022 0.0157
a range +32100 +32200 2022 2007 0.0157
a range +32400 +32500 2011 9002 1103.3758
a range +32400 +32500 9002 2011 1103.3758
a range +33000 +33100 2010 2038 0.0415
a range +33000 +33100 2038 2010 0.0415
a range +33200 +33300 1001 2063 1103.5946
a range +33200 +33300 2016 2046 0.0313
a range +33200 +33300 2046 2016 0.0313
a range +33200 +33300 2063 1001 1103.5946
a range +33400 +33500 1003 2055 1103.1497
a range +33400 +33500 2055 1003 1103.1497
a range +33700 +33800 2009 2029 0.0334
a range +33700 +33800 2029 2009 0.0334
a range +33700 +33800 2047 2059 0.0319
a range +33700 +33800 2059 2047 0.0319
a range +33800 +33900 2006 2037 0.0146
a range +33800 +33900 2037 2006 0.0146
a range +33900 +34100 1003 2012 1103.1356
a range +33900 +34100 2012 1003 1103.1356
a range +34600 +34700 2046 2057 0.038
a range +34600 +34700 2057 2046 0.038
a range +34700 +34800 2006 2040 0.0313
a range +34700 +34800 2040 2006 0.0313
a range +35100 +35300 2011 2049 0.0434
a range +35100 +35300 2023 2060 0.0432
a range +35100 +35300 2049 2011 0.0434
a range +35100 +35300 2060 2023 0.0432
a range +35500 +35600 2022 2061 0.0431
a range +35500 +35600 2030 2053 0.0431
a range +35500 +35600 2053 2030 0.0431
a range +35500 +35600 2061 2022 0.0431
a range +35600 +35700 2008 2053 0.0434
a range +35600 +35700 2030 2060 0.0147
a range +35600 +35700 2053 2008 0.0434
a range +35600 +35700 2060 2030 0.0147
a range +35900 +36000 2029 2045 0.0035
a range +35900 +36000 2045 2029 0.0035
a range +36100 +36200 2027 2047 0.0319
a range +36100 +36200 2047 2027 0.0319
a range +36600 +36700 2008 2010 0.0186
a range +36600 +36700 2010 2008 0.0186
a range +36800 +36900 2012 2053 0.0435
a range +36800 +36900 2053 2012 0.0435
a range +37000 +37100 2007 2018 0.0373
a range +37000 +37100 2018 2007 0.0373
a range +37100 +37200 2037 2048 0.0404
a range +37100 +37200 2048 2037 0.0404
a range +37200 +37300 2037 2042 0.0404
a range +37200 +37300 2042 2037 0.0404
a range +37400 +37500 2030 2047 0.0157
a range +37400 +37500 2031 2046 0.0157
a range +37400 +37500 2046 2031 0.0157
a range +37400 +37500 2047 2030 0.0157
a range +37900 +38000 1001 2019 1103.5751
a range +37900 +38000 2019 1001 1103.5751
a range +38000 +38100 2045 2048 0.027
a range +38000 +38100 2048 2045 0.027
a range +39000 +39100 2040 2060 0.0353
a range +39000 +39100 2060 2040 0.0353
a range +39200 +39300 2017 2047 0.025
a range +39200 +39300 2047 2017 0.025
a range +39500 +39600 2019 2057 0.0433
a range +39500 +39600 2057 2019 0.0433
a range +40000 +40100 2008 2036 0.0308
a range +40000 +40100 2036 2008 0.0308
a range +40200 +40300 2010 2030 0.0319
a range +40200 +40300 2030 2010 0.0319
a range +40500 +40600 2043 2055 0.0366
a range +40500 +40600 2055 2043 0.0366
a range +40700 +40800 2033 2064 0.0205
a range +40700 +40800 2050 9003 1104.7636
a range +40700 +40800 2064 2033 0.0205
a range +40700 +40800 9003 2050 1104.7636
a range +42500 +42600 2028 2033 0.0395
a range +42500 +42600 2033 2028 0.0395
a range +42600 +42700 2021 2024 0.027
a range +42600 +42700 2024 2021 0.027
a range +43000 +43100 2057 2060 0.027
a range +43000 +43100 2060 2057 0.027
a range +43100 +43200 2011 2012 0.0095
a range +43100 +43200 2012 2011 0.0095
a range +43200 +43300 2008 2011 0.027
a range +43200 +43300 2011 2008 0.027
a range +43400 +43500 1004 2002 1103.8276
a range +43400 +43500 2002 1004 1103.8276
a range +43400 +43500 2041 2044 0.027
a range +43400 +43500 2044 2041 0.027
a range +43500 +43600 2035 2051 0.0104
a range +43500 +43600 2051 2035 0.0104
a range +44200 +44300 2020 2054 0.0147
a range +44200 +44300 2054 2020 0.0147
a range +44300 +44400 2003 2056 0.0433
a range +44300 +44400 2056 2003 0.0433
a range +44700 +44800 1004 2026 1103.5053
a range +44700 +44800 2026 1004 1103.5053
a range +44900 +45000 2001 2042 0.0434
a range +44900 +45000 2007 2027 0.0366
a range +44900 +45000 2011 2031 0.0319
a range +44900 +45000 2027 2007 0.0366
a range +44900 +45000 2031 2011 0.0319
a range +44900 +45000 2042 2001 0.0434
a range +45700 +45900 1002 2018 1103.8439
a range +45700 +45900 2018 1002 1103.8439
a range +46100 +46200 2004 2032 0.0353
a range +46100 +46200 2032 2004 0.0353
a range +46400 +46500 2017 2038 0.038
a range +46400 +46500 2038 2017 0.038
a range +46700 +46800 2004 2024 0.0333
a range +46700 +46800 2015 2041 0.0433
a range +46700 +46800 2024 2004 0.0333
a range +46700 +46800 2041 2015 0.0433
a range +47100 +47200 2003 2038 0.0191
a range +47100 +47200 2038 2003 0.0191
a range +47500 +47600 2005 2048 0.043
a range +47500 +47600 2048 2005 0.043
a range +47600 +47700 1003 2019 1103.8562
a range +47600 +47700 2012 2049 0.0432
a range +47600 +47700 2019 1003 1103.8562
a range +47600 +47700 2030 2056 0.043
a range +47600 +47700 2049 2012 0.0432
a range +47600 +47700 2056 2030 0.043
a range +47900 +48000 2006 2017 0.038
a range +47900 +48000 2017 2006 0.038
a range +47900 +48000 2024 2044 0.0353
a range +47900 +48000 2044 2024 0.0353
a range +48000 +48100 2006 2056 0.0431
a range +48000 +48100 2056 2006 0.0431
a range +48400 +48500 2036 2048 0.0343
a range +48400 +48500 2048 2036 0.0343
a range +48500 +48600 2033 2046 0.027
a range +48500 +48600 2046 2033 0.027
a range +48600 +48700 2058 2061 0.027
a range +48600 +48700 2061 2058 0.027
a range +49000 +49100 1003 2015 1104.0612
a range +49000 +49100 2004 2063 0.0432
a range +49000 +49100 2015 1003 1104.0612
a range +49000 +49100 2031 2047 0.0154
a range +49000 +49100 2047 2031 0.0154
a range +49000 +49100 2063 2004 0.0432
a range +49100 +49200 2002 2055 0.0434
a range +49100 +49200 2023 2036 0.0259
a range +49100 +49200 2036 2023 0.0259
a range +49100 +49200 2055 2002 0.0434
a range +49200 +49300 2023 2040 0.0192
a range +49200 +49300 2040 2023 0.0192
a range +49300 +49400 2031 2048 0.0192
a range +49300 +49400 2048 2031 0.0192
a range +49800 +49900 2001 2036 0.031
a range +49800 +49900 2026 2031 0.0404
a range +49800 +49900 2031 2026 0.0404
a range +49800 +49900 2036 2001 0.031
a range +49900 +50000 2013 2014 0.0095
a range +49900 +50000 2014 2013 0.0095
a range +49900 +50000 2030 2052 0.0432
a range +49900 +50000 2052 2030 0.0432
a range +50000 +50100 2027 2039 0.0366
a range +50000 +50100 2030 2032 0.0186
a range +50000 +50100 2032 2030 0.0186
a range +50000 +50100 2039 2027 0.0366
a range +50400 +50600 2002 2040 0.0432
a range +50400 +50600 2040 2002 0.0432
a range +51000 +51100 2041 2059 0.0231
a range +51000 +51100 2059 2041 0.0231
a range +51100 +51200 2015 2027 0.0319
a range +51100 +51200 2027 2015 0.0319
a range +51200 +51300 2002 2038 0.0252
a range +51200 +51300 2038 2002 0.0252
a range +51300 +51400 2012 2032 0.0333
a range +51300 +51400 2032 2012 0.0333
a range +51400 +51500 2016 2032 0.0182
a range +51400 +51500 2032 2016 0.0182
a range +51400 +51500 2046 2060 0.0175
a range +51400 +51500 2060 2046 0.0175
a range +51500 +51600 2007 2025 0.025
a range +51500 +51600 2025 2007 0.025
a range +51500 +51600 2037 2053 0.0035
a range +51500 +51600 2053 2037 0.0035
a range +51900 +52000 2015 2042 0.0432
a range +51900 +52000 2042 2015 0.0432
a range +52200 +52300 2019 2045 0.043
a range +52200 +52300 2045 2019 0.043
a range +52500 +52600 1002 2027 1104.2644
a range +52500 +52600 2027 1002 1104.2644
a range +52600 +52700 1001 2019 1103.8486
a range +52600 +52700 2016 2033 0.035
a range +52600 +52700 2019 1001 1103.8486
a range +52600 +52700 2033 2016 0.035
a range +52800 +53000 2005 2036 0.0067
a range +52800 +53000 2036 2005 0.0067
a range +53000 +53100 2025 2059 0.0315
a range +53000 +53100 2059 2025 0.0315
a range +53300 +53400 2002 2047 0.0393
a range +53300 +53400 2014 2033 0.0369
a range +53300 +53400 2024 2061 0.043
a range +53300 +53400 2033 2014 0.0369
a range +53300 +53400 2047 2002 0.0393
a range +53300 +53400 2061 2024 0.043
a range +53500 +53600 1003 2041 1104.0311
a range +53500 +53600 2041 1003 1104.0311
a range +53700 +53800 2009 2053 0.0433
a range +53700 +53800 2011 2064 0.0431
a range +53700 +53800 2053 2009 0.0433
a range +53700 +53800 2064 2011 0.0431
a range +54200 +54300 2002 2013 0.0404
a range +54200 +54300 2013 2002 0.0404
a range +54200 +54300 2026 2046 0.0319
a range +54200 +54300 2046 2026 0.0319
a range +54300 +54400 2002 2016 0.0186
a range +54300 +54400 2016 2002 0.0186
a range +54400 +54500 2024 2040 0.0182
a range +54400 +54500 2040 2024 0.0182
a range +54600 +54700 1002 2016 1104.2762
a range +54600 +54700 2016 1002 1104.2762
a range +54700 +54800 2028 2047 0.0259
a range +54700 +54800 2047 2028 0.0259
a range +54900 +55000 2023 2028 0.0404
a range +54900 +55000 2028 2023 0.0404
a range +54900 +55000 2040 2043 0.027
a range +54900 +55000 2043 2040 0.027
a range +55100 +55200 2020 9001 1104.5174
a range +55100 +55200 2031 2044 0.0259
a range +55100 +55200 2044 2031 0.0259
a range +55100 +55200 9001 2020 1104.5174
a range +55400 +55500 2002 2005 0.027
a range +55400 +55500 2005 2002 0.027
a range +55400 +55500 2051 2052 0.0095
a range +55400 +55500 2052 2051 0.0095
a range +55400 +55500 2055 2056 0.0095
a range +55400 +55500 2056 2055 0.0095
a range +55800 +55900 2030 2032 0.0186
a range +55800 +55900 2032 2030 0.0186
a range +55800 +55900 2040 2042 0.0186
a range +55800 +55900 2042 2040 0.0186
a range +55900 +56000 1002 2005 1104.2713
a range +55900 +56000 2005 1002 1104.2713
a range +55900 +56000 2031 2042 0.0373
a range +55900 +56000 2042 2031 0.0373
a range +56100 +56200 2028 2040 0.0353
a range +56100 +56200 2040 2028 0.0353
a range +57200 +57300 2048 9003 1103.9899
a range +57200 +57300 9003 2048 1103.9899
a range +57700 +57800 2047 2062 0.0157
a range +57700 +57800 2062 2047 0.0157
a range +58200 +58300 2011 2026 0.0159
a range +58200 +58300 2026 2011 0.0159
a range +58300 +58400 2022 2057 0.0369
a range +58300 +58400 2040 2059 0.0303
a range +58300 +58400 2057 2022 0.0369
a range +58300 +58400 2059 2040 0.0303
a range +58400 +58500 1001 2047 1103.994
a range +58400 +58500 2047 1001 1103.994
a range +58700 +58900 1004 2012 1104.7291
a range +58700 +58900 2012 1004 1104.7291
a range +58900 +59000 2009 2044 0.031
a range +58900 +59000 2035 2064 0.0303
a range +58900 +59000 2044 2009 0.031
a range +58900 +59000 2064 2035 0.0303
a range +59200 +59300 2011 2028 0.0113
a range +59200 +59300 2028 2011 0.0113
a range +59300 +59400 2032 2058 0.0431
a range +59300 +59400 2058 2032 0.0431
a range +59700 +59800 1004 2043 1104.1801
a range +59700 +59800 2043 1004 1104.1801
a range +59800 +59900 2025 9001 1104.2941
a range +59800 +59900 9001 2025 1104.2941
a range +59900 +60000 2016 2047 0.0323
a range +59900 +60000 2047 2016 0.0323
a range +60100 +60200 2001 2004 0.027
a range +60100 +60200 2004 2001 0.027
a range +60100 +60200 2039 2044 0.0404
a range +60100 +60200 2044 2039 0.0404
a range +60300 +60400 1003 9002 0.0595
a range +60300 +60400 2006 9003 1104.7503
a range +60300 +60400 9002 1003 0.0595
a range +60300 +60400 9003 2006 1104.7503
a range +60400 +60500 2034 2035 0.0095
a range +60400 +60500 2035 2034 0.0095
a range +60700 +60800 2016 2064 0.0431
a range +60700 +60800 2025 2044 0.0282
a range +60700 +60800 2044 2025 0.0282
a range +60700 +60800 2064 2016 0.0431
a range +60800 +60900 2021 2033 0.0334
a range +60800 +60900 2033 2021 0.0334
a range +60900 +61000 1002 2058 1104.2865
a range +60900 +61000 2027 2047 0.0319
a range +60900 +61000 2047 2027 0.0319
a range +60900 +61000 2058 1002 1104.2865
a range +61000 +61200 2023 2041 0.025
a range +61000 +61200 2041 2023 0.025
a range +61200 +61300 2012 2013 0.0095
a range +61200 +61300 2013 2012 0.0095
a range +61200 +61300 2028 2030 0.0186
a range +61200 +61300 2030 2028 0.0186
a range +61800 +61900 2042 2044 0.0186
a range +61800 +61900 2044 2042 0.0186
a range +61900 +62000 2059 2064 0.0404
a range +61900 +62000 2064 2059 0.0404
a range +62000 +62100 2015 2055 0.0434
a range +62000 +62100 2034 2046 0.0343
a range +62000 +62100 2036 2047 0.0404
a range +62000 +62100 2046 2034 0.0343
a range +62000 +62100 2047 2036 0.0404
a range +62000 +62100 2055 2015 0.0434
a range +62200 +62400 2035 2047 0.0343
a range +62200 +62400 2047 2035 0.0343
a range +62400 +62500 2035 2046 0.0404
a range +62400 +62500 2046 2035 0.0404
a range +62700 +62800 2004 2026 0.043
a range +62700 +62800 2026 2004 0.043
a range +62900 +63000 2022 2056 0.0313
a range +62900 +63000 2056 2022 0.0313
a range +63000 +63100 2008 2035 0.0432
a range +63000 +63100 2030 9001 1104.7903
a range +63000 +63100 2035 2008 0.0432
a range +63000 +63100 9001 2030 1104.7903
a range +63100 +63200 2018 2049 0.0325
a range +63100 +63200 2049 2018 0.0325
a range +63200 +63300 2004 2044 0.043
a range +63200 +63300 2044 2004 0.043
a range +63400 +63600 2004 2033 0.031
a range +63400 +63600 2033 2004 0.031
a range +63700 +63800 2005 2021 0.0035
a range +63700 +63800 2021 2005 0.0035
a range +63700 +63800 2041 2062 0.038
a range +63700 +63800 2062 2041 0.038
a range +64200 +64300 2013 2038 0.0432
a range +64200 +64300 2038 2013 0.0432
a range +64500 +64600 2035 9001 1104.5784
a range +64500 +64600 9001 2035 1104.5784
a range +64800 +64900 2048 2062 0.0231
a range +64800 +64900 2062 2048 0.0231
a range +65000 +65100 2007 2041 0.0361
a range +65000 +65100 2041 2007 0.0361
a range +66700 +66800 2024 2045 0.0396
a range +66700 +66800 2045 2024 0.0396
a range +67300 +67400 2025 2038 0.0302
a range +67300 +67400 2038 2025 0.0302
a range +67300 +67400 2039 2041 0.0186
a range +67300 +67400 2041 2039 0.0186
a range +67700 +67800 1003 2038 1104.4072
a range +67700 +67800 2038 1003 1104.4072
a range +68100 +68300 2022 2036 0.0175
a range +68100 +68300 2023 2043 0.0366
a range +68100 +68300 2031 2034 0.0311
a range +68100 +68300 2034 2031 0.0311
a range +68100 +68300 2036 2022 0.0175
a range +68100 +68300 2043 2023 0.0366
a range +68100 +68300 2044 2046 0.0186
a range +68100 +68300 2046 2044 0.0186
a range +68300 +68400 2003 2050 0.0433
a range +68300 +68400 2050 2003 0.0433
a range +68700 +68800 2030 2052 0.0434
a range +68700 +68800 2052 2030 0.0434
a range +68900 +69000 2001 2029 0.0353
a range +68900 +69000 2029 2001 0.0353
a range +69100 +69200 2017 2028 0.0404
a range +69100 +69200 2028 2017 0.0404
a range +69200 +69300 2008 2024 0.0182
a range +69200 +69300 2024 2008 0.0182
a range +69200 +69300 2025 9001 1105.0204
a range +69200 +69300 9001 2025 1105.0204
a range +69500 +69600 2001 2028 0.0395
a range +69500 +69600 2028 2001 0.0395
a range +69700 +69800 2026 2058 0.0287
a range +69700 +69800 2058 2026 0.0287
a range +69800 +69900 1004 2050 1104.7416
a range +69800 +69900 2050 1004 1104.7416
a range +70200 +70300 2005 2038 0.0146
a range +70200 +70300 2009 2042 0.0325
a range +70200 +70300 2038 2005 0.0146
a range +70200 +70300 2042 2009 0.0325
a range +70300 +70400 2012 2030 0.0175
a range +70300 +70400 2030 2012 0.0175
a range +70300 +70400 2035 9003 1104.5935
a range +70300 +70400 2045 2059 0.0176
a range +70300 +70400 2059 2045 0.0176
a range +70300 +70400 9003 2035 1104.5935
a range +70400 +70500 2011 2023 0.0366
a range +70400 +70500 2023 2011 0.0366
a range +70500 +70700 2034 2062 0.0366
a range +70500 +70700 2048 9003 1104.7327
a range +70500 +70700 2062 2034 0.0366
a range +70500 +70700 9003 2048 1104.7327
a range +70900 +71000 2005 2026 0.041
a range +70900 +71000 2026 2005 0.041
a range +71000 +71100 2014 2041 0.0431
a range +71000 +71100 2041 2014 0.0431
a range +71200 +71300 2013 2025 0.0334
a range +71200 +71300 2025 2013 0.0334
a range +71300 +71400 2006 2048 0.0432
a range +71300 +71400 2048 2006 0.0432
a range +71400 +71500 2014 2033 0.0369
a range +71400 +71500 2033 2014 0.0369
a range +71500 +71600 2007 2047 0.043
a range +71500 +71600 2047 2007 0.043
a range +71600 +71800 1004 2013 1104.733
a range +71600 +71800 2013 1004 1104.733
a range +71800 +71900 1003 2013 1104.9666
a range +71800 +71900 2013 1003 1104.9666
a range +72200 +72300 1001 1004 0.0837
a range +72200 +72300 1004 1001 0.0837
a range +72800 +73000 1004 2059 1104.7276
a range +72800 +73000 2059 1004 1104.7276
a range +73000 +73100 1002 2063 1105.1067
a range +73000 +73100 2063 1002 1105.1067
a range +73100 +73200 1004 2010 1104.7239
a range +73100 +73200 2010 1004 1104.7239
a range +73100 +73200 2025 2046 0.038
a range +73100 +73200 2028 2045 0.0088
a range +73100 +73200 2045 2028 0.0088
a range +73100 +73200 2046 2025 0.038
a range +73300 +73400 1002 2056 1105.1214
a range +73300 +73400 2056 1002 1105.1214
a range +73400 +73500 1001 2056 1105.0377
a range +73400 +73500 2013 2064 0.0434
a range +73400 +73500 2056 1001 1105.0377
a range +73400 +73500 2064 2013 0.0434
a range +73600 +73700 1003 2058 1104.9616
a range +73600 +73700 2034 2045 0.0404
a range +73600 +73700 2045 2034 0.0404
a range +73600 +73700 2046 2048 0.0186
a range +73600 +73700 2048 2046 0.0186
a range +73600 +73700 2058 1003 1104.9616
a range +74200 +74300 1003 2033 1104.6638
a range +74200 +74300 2005 2054 0.0433
a range +74200 +74300 2006 2060 0.0436
a range +74200 +74300 2033 1003 1104.6638
a range +74200 +74300 2054 2005 0.0433
a range +74200 +74300 2060 2006 0.0436
a range +74300 +74400 2006 2059 0.043
a range +74300 +74400 2059 2006 0.043
a range +74400 +74500 2005 9003 1104.7532
a range +74400 +74500 2022 2035 0.0249
a range +74400 +74500 2035 2022 0.0249
a range +74400 +74500 9003 2005 1104.7532
a range +74900 +75000 1003 2047 1104.7878
a range +74900 +75000 2016 2056 0.0436
a range +74900 +75000 2047 1003 1104.7878
a range +74900 +75000 2056 2016 0.0436
a range +75000 +75100 1004 2027 1104.7165
a range +75000 +75100 2026 2046 0.0319
a range +75000 +75100 2027 1004 1104.7165
a range +75000 +75100 2046 2026 0.0319
a range +75400 +75500 2025 2046 0.038
a range +75400 +75500 2034 2052 0.0201
a range +75400 +75500 2046 2025 0.038
a range +75400 +75500 2052 2034 0.0201
a range +75400 +75500 2058 2060 0.0186
a range +75400 +75500 2060 2058 0.0186
a range +75500 +75600 2021 2057 0.0374
a range +75500 +75600 2057 2021 0.0374
a range +75600 +75700 1003 2044 1104.9646
a range +75600 +75700 2036 9003 1104.7546
a range +75600 +75700 2044 1003 1104.9646
a range +75600 +75700 9003 2036 1104.7546
a range +75700 +75800 2036 9001 1105.053
a range +75700 +75800 9001 2036 1105.053
a range +76500 +76600 2013 2028 0.0088
a range +76500 +76600 2014 2027 0.0249
a range +76500 +76600 2027 2014 0.0249
a range +76500 +76600 2028 2013 0.0088
a range +76900 +77000 2016 2031 0.0192
a range +76900 +77000 2018 2030 0.0343
a range +76900 +77000 2030 2018 0.0343
a range +76900 +77000 2031 2016 0.0192
a range +77000 +77100 1002 2054 1105.1178
a range +77000 +77100 2035 2057 0.043
a range +77000 +77100 2046 2059 0.0249
a range +77000 +77100 2054 1002 1105.1178
a range +77000 +77100 2057 2035 0.043
a range +77000 +77100 2059 2046 0.0249
a range +77400 +77500 2025 2055 0.0361
a range +77400 +77500 2055 2025 0.0361
a range +77800 +77900 2009 2028 0.0282
a range +77800 +77900 2013 2032 0.0281
a range +77800 +77900 2028 2009 0.0282
a range +77800 +77900 2032 2013 0.0281
a range +77900 +78000 2028 2055 0.0431
a range +77900 +78000 2055 2028 0.0431
a range +78100 +78200 2014 2036 0.0433
a range +78100 +78200 2036 2014 0.0433
a range +78300 +78400 2038 2050 0.0319
a range +78300 +78400 2050 2038 0.0319
a range +79400 +79500 2027 2040 0.0303
a range +79400 +79500 2040 2027 0.0303
a range +79700 +79800 1003 2015 1104.9616
a range +79700 +79800 2015 1003 1104.9616
a range +79700 +79800 2028 2031 0.027
a range +79700 +79800 2031 2028 0.027
a range +79700 +79800 2044 2046 0.0186
a range +79700 +79800 2046 2044 0.0186
a range +79900 +80100 1003 2053 1104.9487
a range +79900 +80100 2053 1003 1104.9487
a range +80200 +80300 2011 9001 1105.0635
a range +80200 +80300 2022 2037 0.0112
a range +80200 +80300 2037 2022 0.0112
a range +80200 +80300 9001 2011 1105.0635
a range +80900 +81000 2057 2059 0.0186
a range +80900 +81000 2059 2057 0.0186
a range +81100 +81200 2016 2053 0.0432
a range +81100 +81200 2028 2033 0.0395
a range +81100 +81200 2033 2028 0.0395
a range +81100 +81200 2053 2016 0.0432
a range +81300 +81400 2014 2055 0.043
a range +81300 +81400 2055 2014 0.043
a range +81300 +81400 2062 2063 0.0095
a range +81300 +81400 2063 2062 0.0095
a range +81800 +81900 2057 2060 0.027
a range +81800 +81900 2060 2057 0.027
a range +81900 +82000 2018 2051 0.0253
a range +81900 +82000 2051 2018 0.0253
a range +82100 +82200 2027 2064 0.0313
a range +82100 +82200 2064 2027 0.0313
a range +82200 +82300 2046 2063 0.0157
a range +82200 +82300 2063 2046 0.0157
a range +82600 +82700 2029 2060 0.0067
a range +82600 +82700 2060 2029 0.0067
a range +83100 +83200 2003 2048 0.0371
a range +83100 +83200 2048 2003 0.0371
a range +83200 +83300 2008 2029 0.0396
a range +83200 +83300 2017 2034 0.0193
a range +83200 +83300 2029 2008 0.0396
a range +83200 +83300 2034 2017 0.0193
a range +83300 +83400 2003 2024 0.038
a range +83300 +83400 2024 2003 0.038
a range +83400 +83600 2005 2037 0.0065
a range +83400 +83600 2016 2043 0.0313
a range +83400 +83600 2031 2063 0.0284
a range +83400 +83600 2037 2005 0.0065
a range +83400 +83600 2043 2016 0.0313
a range +83400 +83600 2063 2031 0.0284
a range +83800 +83900 2027 2062 0.0191
a range +83800 +83900 2062 2027 0.0191
a range +83900 +84000 2021 2051 0.0148
a range +83900 +84000 2051 2021 0.0148
a range +84200 +84300 2025 2062 0.0315
a range +84200 +84300 2028 2059 0.0149
a range +84200 +84300 2059 2028 0.0149
a range +84200 +84300 2062 2025 0.0315
a range +84300 +84400 1003 9003 0.0435
a range +84300 +84400 9003 1003 0.0435
a range +84400 +84500 2009 2036 0.0374
a range +84400 +84500 2036 2009 0.0374
a range +84600 +84800 2016 2040 0.035
a range +84600 +84800 2040 2016 0.035
a range +84900 +85000 2025 2045 0.0334
a range +84900 +85000 2045 2025 0.0334
a range +85000 +85100 1002 2009 1105.1236
a range +85000 +85100 2009 1002 1105.1236
a range +85000 +85100 2016 2039 0.0362
a range +85000 +85100 2039 2016 0.0362
a range +85100 +85200 1004 2006 1105.0333
a range +85100 +85200 2006 1004 1105.0333
a range +85400 +85500 2003 2006 0.027
a range +85400 +85500 2006 2003 0.027
a range +85400 +85500 2013 2064 0.0332
a range +85400 +85500 2064 2013 0.0332
a range +85500 +85600 2015 2064 0.0415
a range +85500 +85600 2028 2041 0.0282
a range +85500 +85600 2041 2028 0.0282
a range +85500 +85600 2064 2015 0.0415
a range +85700 +85800 1004 2055 1105.0345
a range +85700 +85800 2003 2059 0.0415
a range +85700 +85800 2032 2048 0.0182
a range +85700 +85800 2048 2032 0.0182
a range +85700 +85800 2055 1004 1105.0345
a range +85700 +85800 2059 2003 0.0415
a range +85800 +86000 2011 2058 0.0321
a range +85800 +86000 2058 2011 0.0321
a range +86100 +86200 2021 2036 0.0088
a range +86100 +86200 2036 2021 0.0088
a range +86200 +86300 2027 9002 1105.0778
a range +86200 +86300 2044 2045 0.0095
a range +86200 +86300 2045 2044 0.0095
a range +86200 +86300 9002 2027 1105.0778
