a contact +0 +600 1003 2017 50
a contact +0 +600 2017 1003 50
a contact +0 +1800 1001 9003 1200
a contact +0 +1800 9003 1001 1200
a contact +1800 +2400 1001 9003 1200
a contact +1800 +2400 9003 1001 1200
a contact +0 +6000 1004 2013 50
a contact +0 +6000 1004 2015 50
a contact +0 +6000 2013 1004 50
a contact +0 +6000 2015 1004 50
a contact +600 +7200 1003 2018 50
a contact +600 +7200 2018 1003 50
a contact +0 +7800 1003 2011 50
a contact +6000 +7800 1004 9003 1200
a contact +0 +7800 2011 1003 50
a contact +6000 +7800 9003 1004 1200
a contact +7800 +8400 1003 2018 50
a contact +7800 +8400 1004 9003 1200
a contact +7800 +8400 2018 1003 50
a contact +7800 +8400 9003 1004 1200
a contact +8400 +12000 1003 2019 50
a contact +7200 +12000 1003 2012 50
a contact +7200 +12000 2012 1003 50
a contact +8400 +12000 2019 1003 50
a contact +2400 +12600 1001 2017 50
a contact +12000 +12600 1003 9003 1200
a contact +2400 +12600 2017 1001 50
a contact +0 +12600 2025 9001 50
a contact +0 +12600 9001 2025 50
a contact +12000 +12600 9003 1003 1200
a contact +12600 +13800 1003 9003 1200
a contact +12600 +13800 9003 1003 1200
a contact +13800 +14400 1003 9003 1200
a contact +13800 +14400 9003 1003 1200
a contact +12600 +15600 2017 9001 50
a contact +12600 +15600 9001 2017 50
a contact +0 +17400 1002 2010 50
a contact +0 +17400 1002 2022 50
a contact +0 +17400 2010 1002 50
a contact +0 +17400 2022 1002 50
a contact +17400 +18000 1002 9003 1200
a contact +17400 +18000 9003 1002 1200
a contact +12600 +18600 1001 2015 50
a contact +2400 +18600 1001 2028 50
a contact +8400 +18600 1004 2023 50
a contact +12600 +18600 2015 1001 50
a contact +8400 +18600 2023 1004 50
a contact +2400 +18600 2028 1001 50
a contact +18000 +19800 1002 9003 1200
a contact +18000 +19800 9003 1002 1200
a contact +18000 +20400 1002 9001 1200
a contact +18600 +20400 1004 2011 50
a contact +18600 +20400 2011 1004 50
a contact +18000 +20400 9001 1002 1200
a contact +18600 +23400 1001 2019 50
a contact +18600 +23400 1001 2014 50
a contact +18600 +23400 2014 1001 50
a contact +18600 +23400 2019 1001 50
a contact +23400 +24000 1001 9001 1200
a contact +23400 +24000 1001 9003 1200
a contact +23400 +24000 9001 1001 1200
a contact +23400 +24000 9003 1001 1200
a contact +24000 +24600 1001 9001 1200
a contact +24000 +24600 9001 1001 1200
a contact +20400 +25200 1004 2006 50
a contact +20400 +25200 2006 1004 50
a contact +24000 +25800 1001 9003 1200
a contact +25200 +25800 1001 9001 1200
a contact +25200 +25800 9001 1001 1200
a contact +24000 +25800 9003 1001 1200
a contact +25800 +26400 1001 9001 1200
a contact +25800 +26400 9001 1001 1200
a contact +14400 +28200 1003 2025 50
a contact +14400 +28200 2025 1003 50
a contact +0 +28800 2005 9002 50
a contact +0 +28800 9002 2005 50
a contact +20400 +29400 1002 2011 50
a contact +14400 +29400 1003 2007 50
a contact +8400 +29400 1004 2026 50
a contact +25200 +29400 1004 2019 50
a contact +14400 +29400 2007 1003 50
a contact +20400 +29400 2011 1002 50
a contact +25200 +29400 2019 1004 50
a contact +8400 +29400 2026 1004 50
a contact +29400 +30000 1004 9003 1200
a contact +29400 +30000 9003 1004 1200
a contact +29400 +32400 1004 9001 1200
a contact +29400 +32400 9001 1004 1200
a contact +28800 +34800 2021 9002 50
a contact +28800 +34800 9002 2021 50
a contact +28200 +35400 1003 2003 50
a contact +29400 +35400 1003 2011 50
a contact +28200 +35400 2003 1003 50
a contact +29400 +35400 2011 1003 50
a contact +35400 +37200 1003 9001 1200
a contact +35400 +37200 9001 1003 1200
a contact +37200 +37800 1003 9001 1200
a contact +37200 +37800 9001 1003 1200
a contact +34800 +38400 2009 9002 50
a contact +34800 +38400 9002 2009 50
a contact +26400 +39000 1001 2010 50
a contact +26400 +39000 2010 1001 50
a contact +30000 +39600 2017 9003 50
a contact +30000 +39600 9003 2017 50
a contact +26400 +41400 1001 2023 50
a contact +20400 +41400 1002 2027 50
a contact +29400 +41400 1002 2028 50
a contact +26400 +41400 2023 1001 50
a contact +20400 +41400 2027 1002 50
a contact +29400 +41400 2028 1002 50
a contact +39000 +42600 1001 2011 50
a contact +41400 +42600 1002 9001 1200
a contact +39000 +42600 2011 1001 50
a contact +38400 +42600 2018 9002 50
a contact +41400 +42600 9001 1002 1200
a contact +38400 +42600 9002 2018 50
a contact +42600 +43200 1002 9001 1200
a contact +42600 +43200 9001 1002 1200
a contact +42600 +43800 1002 9002 1200
a contact +42600 +43800 9002 1002 1200
a contact +42600 +46800 1001 2019 50
a contact +41400 +46800 1001 2014 50
a contact +41400 +46800 2014 1001 50
a contact +42600 +46800 2019 1001 50
a contact +46800 +47400 1001 9001 1200
a contact +37800 +47400 1003 2007 50
a contact +37800 +47400 2007 1003 50
a contact +46800 +47400 9001 1001 1200
a contact +47400 +48000 1001 9002 1200
a contact +47400 +48000 9002 1001 1200
a contact +47400 +48600 1001 9001 1200
a contact +47400 +48600 9001 1001 1200
a contact +48600 +49200 1001 9001 1200
a contact +32400 +49200 1004 2013 50
a contact +39600 +49200 2002 9003 50
a contact +32400 +49200 2013 1004 50
a contact +48600 +49200 9001 1001 1200
a contact +39600 +49200 9003 2002 50
a contact +49200 +49800 1001 9002 1200
a contact +49200 +49800 9002 1001 1200
a contact +37800 +51600 1003 2020 50
a contact +37800 +51600 2020 1003 50
a contact +49200 +52800 1004 2012 50
a contact +32400 +52800 1004 2006 50
a contact +32400 +52800 2006 1004 50
a contact +49200 +52800 2012 1004 50
a contact +52800 +54000 1004 9002 1200
a contact +52800 +54000 9002 1004 1200
a contact +54000 +55800 1004 9002 1200
a contact +54000 +55800 9002 1004 1200
a contact +43800 +56400 1002 2022 50
a contact +43800 +56400 2022 1002 50
a contact +51600 +58800 1003 2004 50
a contact +47400 +58800 1003 2008 50
a contact +51600 +58800 2004 1003 50
a contact +47400 +58800 2008 1003 50
a contact +56400 +60000 1002 2026 50
a contact +56400 +60000 2026 1002 50
a contact +49800 +60600 1001 2009 50
a contact +49800 +60600 1001 2024 50
a contact +49800 +60600 2009 1001 50
a contact +49800 +60600 2024 1001 50
a contact +60600 +61800 1001 2008 50
a contact +58800 +61800 1003 9002 1200
a contact +60600 +61800 2008 1001 50
a contact +58800 +61800 9002 1003 1200
a contact +52200 +62400 2003 9001 50
a contact +52200 +62400 9001 2003 50
a contact +43800 +63000 1002 2016 50
a contact +43800 +63000 2016 1002 50
a contact +60000 +64800 1002 2019 50
a contact +63000 +64800 1002 2013 50
a contact +63000 +64800 2013 1002 50
a contact +60000 +64800 2019 1002 50
a contact +64800 +66600 1002 9002 1200
a contact +64800 +66600 9002 1002 1200
a contact +66600 +67200 1002 9002 1200
a contact +66600 +67200 9002 1002 1200
a contact +60600 +70800 1001 2027 50
a contact +61800 +70800 1001 2012 50
a contact +55800 +70800 1004 2002 50
a contact +55800 +70800 1004 2020 50
a contact +55800 +70800 2002 1004 50
a contact +61800 +70800 2012 1001 50
a contact +62400 +70800 2018 9001 50
a contact +55800 +70800 2020 1004 50
a contact +60600 +70800 2027 1001 50
a contact +62400 +70800 9001 2018 50
a contact +70800 +72000 1001 9002 1200
a contact +70800 +72000 9002 1001 1200
a contact +72000 +73200 1001 9002 1200
a contact +72000 +73200 9002 1001 1200
a contact +70800 +76200 1004 2015 50
a contact +70800 +76200 1004 2016 50
a contact +70800 +76200 2015 1004 50
a contact +70800 +76200 2016 1004 50
a contact +76200 +77400 1004 9002 1200
a contact +76200 +77400 9002 1004 1200
a contact +77400 +78000 1004 9002 1200
a contact +77400 +78000 9002 1004 1200
a contact +49200 +78600 2001 9003 50
a contact +49200 +78600 9003 2001 50
a contact +78600 +79200 1004 9003 1200
a contact +78600 +79200 9003 1004 1200
a contact +67200 +81000 1002 2009 50
a contact +61800 +81000 1003 2024 50
a contact +67200 +81000 2009 1002 50
a contact +61800 +81000 2024 1003 50
a contact +61800 +81600 1003 2004 50
a contact +61800 +81600 2004 1003 50
a contact +73200 +82200 1001 2003 50
a contact +81000 +82200 1003 2016 50
a contact +81600 +82200 1003 2026 50
a contact +73200 +82200 2003 1001 50
a contact +81000 +82200 2016 1003 50
a contact +81600 +82200 2026 1003 50
a contact +82800 +84000 1003 9003 1200
a contact +78600 +84000 2018 9002 50
a contact +78600 +84000 9002 2018 50
a contact +82800 +84000 9003 1003 1200
a contact +81000 +85200 1002 2019 50
a contact +84000 +85200 1003 9003 1200
a contact +81000 +85200 2019 1002 50
a contact +84000 +85200 9003 1003 1200
a contact +82200 +86400 1001 2013 50
a contact +73200 +86400 1001 2008 50
a contact +85200 +86400 1002 2017 50
a contact +67200 +86400 1002 2021 50
a contact +85200 +86400 1003 2019 50
a contact +85200 +86400 1003 2001 50
a contact +79200 +86400 1004 2012 50
a contact +79200 +86400 1004 2015 50
a contact +85200 +86400 2001 1003 50
a contact +84000 +86400 2004 9002 50
a contact +73200 +86400 2008 1001 50
a contact +79200 +86400 2012 1004 50
a contact +82200 +86400 2013 1001 50
a contact +70800 +86400 2014 9001 50
a contact +79200 +86400 2015 1004 50
a contact +85200 +86400 2017 1002 50
a contact +85200 +86400 2019 1003 50
a contact +67200 +86400 2021 1002 50
a contact +70800 +86400 9001 2014 50
a contact +84000 +86400 9002 2004 50

a range +0 +600 1003 2017 1102.2501
a range +0 +600 2017 1003 1102.2501
a range +0 +1800 1001 9003 0.0593
a range +0 +1800 9003 1001 0.0593
a range +1800 +2400 1001 9003 0.0593
a range +1800 +2400 9003 1001 0.0593
a range +0 +6000 1004 2013 1102.0379
a range +0 +6000 1004 2015 1102.0467
a range +0 +6000 2013 1004 1102.0379
a range +0 +6000 2015 1004 1102.0467
a range +600 +7200 1003 2018 1102.2704
a range +600 +7200 2018 1003 1102.2704
a range +0 +7800 1003 2011 1102.2705
a range +6000 +7800 1004 9003 0.0604
a range +0 +7800 2011 1003 1102.2705
a range +6000 +7800 9003 1004 0.0604
a range +7800 +8400 1003 2018 1102.2704
a range +7800 +8400 1004 9003 0.0604
a range +7800 +8400 2018 1003 1102.2704
a range +7800 +8400 9003 1004 0.0604
a range +8400 +12000 1003 2019 1102.2831
a range +7200 +12000 1003 2012 1102.2842
a range +7200 +12000 2012 1003 1102.2842
a range +8400 +12000 2019 1003 1102.2831
a range +2400 +12600 1001 2017 1102.7029
a range +12000 +12600 1003 9003 0.0615
a range +2400 +12600 2017 1001 1102.7029
a range +0 +12600 2025 9001 1102.3543
a range +0 +12600 9001 2025 1102.3543
a range +12000 +12600 9003 1003 0.0615
a range +12600 +13800 1003 9003 0.0615
a range +12600 +13800 9003 1003 0.0615
a range +13800 +14400 1003 9003 0.0615
a range +13800 +14400 9003 1003 0.0615
a range +12600 +15600 2017 9001 1102.3596
a range +12600 +15600 9001 2017 1102.3596
a range +0 +17400 1002 2010 1102.4894
a range +0 +17400 1002 2022 1102.462
a range +0 +17400 2010 1002 1102.4894
a range +0 +17400 2022 1002 1102.462
a range +17400 +18000 1002 9003 0.0591
a range +17400 +18000 9003 1002 0.0591
a range +12600 +18600 1001 2015 1102.7209
a range +2400 +18600 1001 2028 1102.7017
a range +8400 +18600 1004 2023 1102.9254
a range +12600 +18600 2015 1001 1102.7209
a range +8400 +18600 2023 1004 1102.9254
a range +2400 +18600 2028 1001 1102.7017
a range +18000 +19800 1002 9003 0.0591
a range +18000 +19800 9003 1002 0.0591
a range +18000 +20400 1002 9001 0.0625
a range +18600 +20400 1004 2011 1102.9173
a range +18600 +20400 2011 1004 1102.9173
a range +18000 +20400 9001 1002 0.0625
a range +18600 +23400 1001 2019 1102.6759
a range +18600 +23400 1001 2014 1102.7058
a range +18600 +23400 2014 1001 1102.7058
a range +18600 +23400 2019 1001 1102.6759
a range +23400 +24000 1001 9001 0.0601
a range +23400 +24000 1001 9003 0.0602
a range +23400 +24000 9001 1001 0.0601
a range +23400 +24000 9003 1001 0.0602
a range +24000 +24600 1001 9001 0.0601
a range +24000 +24600 9001 1001 0.0601
a range +20400 +25200 1004 2006 1102.9417
a range +20400 +25200 2006 1004 1102.9417
a range +24000 +25800 1001 9003 0.0602
a range +25200 +25800 1001 9001 0.0601
a range +25200 +25800 9001 1001 0.0601
a range +24000 +25800 9003 1001 0.0602
a range +25800 +26400 1001 9001 0.0601
a range +25800 +26400 9001 1001 0.0601
a range +14400 +28200 1003 2025 1103.1714
a range +14400 +28200 2025 1003 1103.1714
a range +0 +28800 2005 9002 1103.3779
a range +0 +28800 9002 2005 1103.3779
a range +20400 +29400 1002 2011 1103.1482
a range +14400 +29400 1003 2007 1103.1559
a range +8400 +29400 1004 2026 1102.9339
a range +25200 +29400 1004 2019 1102.9384
a range +14400 +29400 2007 1003 1103.1559
a range +20400 +29400 2011 1002 1103.1482
a range +25200 +29400 2019 1004 1102.9384
a range +8400 +29400 2026 1004 1102.9339
a range +29400 +30000 1004 9003 0.0613
a range +29400 +30000 9003 1004 0.0613
a range +29400 +32400 1004 9001 0.0612
a range +29400 +32400 9001 1004 0.0612
a range +28800 +34800 2021 9002 1103.3832
a range +28800 +34800 9002 2021 1103.3832
a range +28200 +35400 1003 2003 1103.1664
a range +29400 +35400 1003 2011 1103.1862
a range +28200 +35400 2003 1003 1103.1664
a range +29400 +35400 2011 1003 1103.1862
a range +35400 +37200 1003 9001 0.0623
a range +35400 +37200 9001 1003 0.0623
a range +37200 +37800 1003 9001 0.0623
a range +37200 +37800 9001 1003 0.0623
a range +34800 +38400 2009 9002 1103.3882
a range +34800 +38400 9002 2009 1103.3882
a range +26400 +39000 1001 2010 1103.2243
a range +26400 +39000 2010 1001 1103.2243
a range +30000 +39600 2017 9003 1103.2827
a range +30000 +39600 9003 2017 1103.2827
a range +26400 +41400 1001 2023 1103.6037
a range +20400 +41400 1002 2027 1103.3866
a range +29400 +41400 1002 2028 1103.3906
a range +26400 +41400 2023 1001 1103.6037
a range +20400 +41400 2027 1002 1103.3866
a range +29400 +41400 2028 1002 1103.3906
a range +39000 +42600 1001 2011 1103.5769
a range +41400 +42600 1002 9001 0.0599
a range +39000 +42600 2011 1001 1103.5769
a range +38400 +42600 2018 9002 1103.3821
a range +41400 +42600 9001 1002 0.0599
a range +38400 +42600 9002 2018 1103.3821
a range +42600 +43200 1002 9001 0.0599
a range +42600 +43200 9001 1002 0.0599
a range +42600 +43800 1002 9002 0.0613
a range +42600 +43800 9002 1002 0.0613
a range +42600 +46800 1001 2019 1103.5858
a range +41400 +46800 1001 2014 1103.6226
a range +41400 +46800 2014 1001 1103.6226
a range +42600 +46800 2019 1001 1103.5858
a range +46800 +47400 1001 9001 0.061
a range +37800 +47400 1003 2007 1104.0538
a range +37800 +47400 2007 1003 1104.0538
a range +46800 +47400 9001 1001 0.061
a range +47400 +48000 1001 9002 0.0591
a range +47400 +48000 9002 1001 0.0591
a range +47400 +48600 1001 9001 0.061
a range +47400 +48600 9001 1001 0.061
a range +48600 +49200 1001 9001 0.061
a range +32400 +49200 1004 2013 1103.7733
a range +39600 +49200 2002 9003 1104.7731
a range +32400 +49200 2013 1004 1103.7733
a range +48600 +49200 9001 1001 0.061
a range +39600 +49200 9003 2002 1104.7731
a range +49200 +49800 1001 9002 0.0591
a range +49200 +49800 9002 1001 0.0591
a range +37800 +51600 1003 2020 1103.7191
a range +37800 +51600 2020 1003 1103.7191
a range +49200 +52800 1004 2012 1103.8546
a range +32400 +52800 1004 2006 1103.8437
a range +32400 +52800 2006 1004 1103.8437
a range +49200 +52800 2012 1004 1103.8546
a range +52800 +54000 1004 9002 0.0601
a range +52800 +54000 9002 1004 0.0601
a range +54000 +55800 1004 9002 0.0601
a range +54000 +55800 9002 1004 0.0601
a range +43800 +56400 1002 2022 1104.3044
a range +43800 +56400 2022 1002 1104.3044
a range +51600 +58800 1003 2004 1104.0753
a range +47400 +58800 1003 2008 1104.0489
a range +51600 +58800 2004 1003 1104.0753
a range +47400 +58800 2008 1003 1104.0489
a range +56400 +60000 1002 2026 1104.2879
a range +56400 +60000 2026 1002 1104.2879
a range +49800 +60600 1001 2009 1104.1548
a range +49800 +60600 1001 2024 1104.5193
a range +49800 +60600 2009 1001 1104.1548
a range +49800 +60600 2024 1001 1104.5193
a range +60600 +61800 1001 2008 1104.2806
a range +58800 +61800 1003 9002 0.0612
a range +60600 +61800 2008 1001 1104.2806
a range +58800 +61800 9002 1003 0.0612
a range +52200 +62400 2003 9001 1105.0581
a range +52200 +62400 9001 2003 1105.0581
a range +43800 +63000 1002 2016 1104.2663
a range +43800 +63000 2016 1002 1104.2663
a range +60000 +64800 1002 2019 1104.2732
a range +63000 +64800 1002 2013 1104.2808
a range +63000 +64800 2013 1002 1104.2808
a range +60000 +64800 2019 1002 1104.2732
a range +64800 +66600 1002 9002 0.0622
a range +64800 +66600 9002 1002 0.0622
a range +66600 +67200 1002 9002 0.0622
a range +66600 +67200 9002 1002 0.0622
a range +60600 +70800 1001 2027 1104.5359
a range +61800 +70800 1001 2012 1104.5332
a range +55800 +70800 1004 2002 1104.7253
a range +55800 +70800 1004 2020 1104.546
a range +55800 +70800 2002 1004 1104.7253
a range +61800 +70800 2012 1001 1104.5332
a range +62400 +70800 2018 9001 1104.7533
a range +55800 +70800 2020 1004 1104.546
a range +60600 +70800 2027 1001 1104.5359
a range +62400 +70800 9001 2018 1104.7533
a range +70800 +72000 1001 9002 0.0599
a range +70800 +72000 9002 1001 0.0599
a range +72000 +73200 1001 9002 0.0599
a range +72000 +73200 9002 1001 0.0599
a range +70800 +76200 1004 2015 1104.7107
a range +70800 +76200 1004 2016 1104.7164
a range +70800 +76200 2015 1004 1104.7107
a range +70800 +76200 2016 1004 1104.7164
a range +76200 +77400 1004 9002 0.061
a range +76200 +77400 9002 1004 0.061
a range +77400 +78000 1004 9002 0.061
a range +77400 +78000 9002 1004 0.061
a range +49200 +78600 2001 9003 1104.7652
a range +49200 +78600 9003 2001 1104.7652
a range +78600 +79200 1004 9003 0.0605
a range +78600 +79200 9003 1004 0.0605
a range +67200 +81000 1002 2009 1104.9793
a range +61800 +81000 1003 2024 1104.9737
a range +67200 +81000 2009 1002 1104.9793
a range +61800 +81000 2024 1003 1104.9737
a range +61800 +81600 1003 2004 1104.9698
a range +61800 +81600 2004 1003 1104.9698
a range +73200 +82200 1001 2003 1105.0303
a range +81000 +82200 1003 2016 1104.9847
a range +81600 +82200 1003 2026 1104.9609
a range +73200 +82200 2003 1001 1105.0303
a range +81000 +82200 2016 1003 1104.9847
a range +81600 +82200 2026 1003 1104.9609
a range +82800 +84000 1003 9003 0.0435
a range +78600 +84000 2018 9002 1105.0465
a range +78600 +84000 9002 2018 1105.0465
a range +82800 +84000 9003 1003 0.0435
a range +81000 +85200 1002 2019 1105.0905
a range +84000 +85200 1003 9003 0.0435
a range +81000 +85200 2019 1002 1105.0905
a range +84000 +85200 9003 1003 0.0435
a range +82200 +86400 1001 2013 1105.0187
a range +73200 +86400 1001 2008 1105.0534
a range +85200 +86400 1002 2017 1105.1135
a range +67200 +86400 1002 2021 1105.1235
a range +85200 +86400 1003 2019 1105.0886
a range +85200 +86400 1003 2001 1105.1221
a range +79200 +86400 1004 2012 1105.0039
a range +79200 +86400 1004 2015 1105.0506
a range +85200 +86400 2001 1003 1105.1221
a range +84000 +86400 2004 9002 1105.0565
a range +73200 +86400 2008 1001 1105.0534
a range +79200 +86400 2012 1004 1105.0039
a range +82200 +86400 2013 1001 1105.0187
a range +70800 +86400 2014 9001 1105.0677
a range +79200 +86400 2015 1004 1105.0506
a range +85200 +86400 2017 1002 1105.1135
a range +85200 +86400 2019 1003 1105.0886
a range +67200 +86400 2021 1002 1105.1235
a range +70800 +86400 9001 2014 1105.0677
a range +84000 +86400 9002 2004 1105.0565
