a contact +600 +1200 2002 9002 1000
a contact +600 +1200 2021 2038 1000
a contact +600 +1200 2038 2021 1000
a contact +600 +1200 9002 2002 1000
a contact +1200 +1800 1001 1004 1000
a contact +1200 +1800 1004 1001 1000
a contact +2400 +3000 2003 9002 1000
a contact +2400 +3000 2004 9001 1000
a contact +2400 +3000 2021 2035 1000
a contact +2400 +3000 2022 2037 1000
a contact +2400 +3000 2023 2036 1000
a contact +2400 +3000 2035 2021 1000
a contact +2400 +3000 2036 2023 1000
a contact +2400 +3000 2037 2022 1000
a contact +2400 +3000 9001 2004 1000
a contact +2400 +3000 9002 2003 1000
a contact +3000 +3600 2022 2036 1000
a contact +3000 +3600 2036 2022 1000
a contact +3600 +4200 2021 2034 1000
a contact +3600 +4200 2023 2037 1000
a contact +3600 +4200 2024 2036 1000
a contact +3600 +4200 2034 2021 1000
a contact +3600 +4200 2036 2024 1000
a contact +3600 +4200 2037 2023 1000
a contact +4200 +4800 1004 2052 1000
a contact +4200 +4800 2012 2043 1000
a contact +4200 +4800 2024 2037 1000
a contact +4200 +4800 2037 2024 1000
a contact +4200 +4800 2043 2012 1000
a contact +4200 +4800 2052 1004 1000
a contact +4800 +5400 1004 2051 1000
a contact +4800 +5400 2051 1004 1000
a contact +5400 +6000 2018 2042 1000
a contact +5400 +6000 2042 2018 1000
a contact +8400 +9000 2001 2013 1000
a contact +8400 +9000 2013 2001 1000
a contact +9000 +9600 2019 2040 1000
a contact +9000 +9600 2040 2019 1000
a contact +10800 +11400 2001 2015 1000
a contact +10800 +11400 2015 2001 1000
a contact +11400 +12000 2001 2016 1000
a contact +11400 +12000 2016 2001 1000
a contact +12000 +12600 2018 2027 1000
a contact +12000 +12600 2027 2018 1000
a contact +12600 +13200 1004 2009 1000
a contact +12600 +13200 2009 1004 1000
a contact +13200 +13800 2007 2047 1000
a contact +13200 +13800 2047 2007 1000
a contact +13800 +14400 2009 2020 1000
a contact +13800 +14400 2012 2052 1000
a contact +13800 +14400 2020 2009 1000
a contact +13800 +14400 2052 2012 1000
a contact +15000 +15600 2033 9002 1000
a contact +15000 +15600 9002 2033 1000
a contact +15600 +16200 2001 2029 1000
a contact +15600 +16200 2029 2001 1000
a contact +16200 +16800 2018 2028 1000
a contact +16200 +16800 2028 2018 1000
a contact +16200 +16800 2035 2052 1000
a contact +16200 +16800 2052 2035 1000
a contact +16800 +17400 2032 2045 1000
a contact +16800 +17400 2045 2032 1000
a contact +17400 +18000 2035 2051 1000
a contact +17400 +18000 2051 2035 1000
a contact +18000 +18600 2036 2051 1000
a contact +18000 +18600 2037 2052 1000
a contact +18000 +18600 2051 2036 1000
a contact +18000 +18600 2052 2037 1000
a contact +18600 +19200 2038 9002 1000
a contact +18600 +19200 9002 2038 1000
a contact +19200 +19800 2008 2018 1000
a contact +19200 +19800 2018 2008 1000
a contact +19200 +19800 2033 2047 1000
a contact +19200 +19800 2039 9002 1000
a contact +19200 +19800 2047 2033 1000
a contact +19200 +19800 9002 2039 1000
a contact +19800 +20400 2008 2031 1000
a contact +19800 +20400 2031 2008 1000

a range +600 +1200 2002 9002 1102.5627
a range +600 +1200 2021 2038 0.0372
a range +600 +1200 2038 2021 0.0372
a range +600 +1200 9002 2002 1102.5627
a range +1200 +1800 1001 1004 0.0837
a range +1200 +1800 1004 1001 0.0837
a range +2400 +3000 2003 9002 1102.5578
a range +2400 +3000 2004 9001 1102.3564
a range +2400 +3000 2021 2035 0.014
a range +2400 +3000 2022 2037 0.0213
a range +2400 +3000 2023 2036 0.0041
a range +2400 +3000 2035 2021 0.014
a range +2400 +3000 2036 2023 0.0041
a range +2400 +3000 2037 2022 0.0213
a range +2400 +3000 9001 2004 1102.3564
a range +2400 +3000 9002 2003 1102.5578
a range +3000 +3600 2022 2036 0.0107
a range +3000 +3600 2036 2022 0.0107
a range +3600 +4200 2021 2034 0.0126
a range +3600 +4200 2023 2037 0.0136
a range +3600 +4200 2024 2036 0.0136
a range +3600 +4200 2034 2021 0.0126
a range +3600 +4200 2036 2024 0.0136
a range +3600 +4200 2037 2023 0.0136
a range +4200 +4800 1004 2052 1102.0313
a range +4200 +4800 2012 2043 0.0443
a range +4200 +4800 2024 2037 0.0121
a range +4200 +4800 2037 2024 0.0121
a range +4200 +4800 2043 2012 0.0443
a range +4200 +4800 2052 1004 1102.0313
a range +4800 +5400 1004 2051 1102.0343
a range +4800 +5400 2051 1004 1102.0343
a range +5400 +6000 2018 2042 0.0222
a range +5400 +6000 2042 2018 0.0222
a range +8400 +9000 2001 2013 0.0116
a range +8400 +9000 2013 2001 0.0116
a range +9000 +9600 2019 2040 0.045
a range +9000 +9600 2040 2019 0.045
a range +10800 +11400 2001 2015 0.0165
a range +10800 +11400 2015 2001 0.0165
a range +11400 +12000 2001 2016 0.0227
a range +11400 +12000 2016 2001 0.0227
a range +12000 +12600 2018 2027 0.0369
a range +12000 +12600 2027 2018 0.0369
a range +12600 +13200 1004 2009 1102.5285
a range +12600 +13200 2009 1004 1102.5285
a range +13200 +13800 2007 2047 0.0441
a range +13200 +13800 2047 2007 0.0441
a range +13800 +14400 2009 2020 0.0243
a range +13800 +14400 2012 2052 0.0447
a range +13800 +14400 2020 2009 0.0243
a range +13800 +14400 2052 2012 0.0447
a range +15000 +15600 2033 9002 1102.5368
a range +15000 +15600 9002 2033 1102.5368
a range +15600 +16200 2001 2029 0.0229
a range +15600 +16200 2029 2001 0.0229
a range +16200 +16800 2018 2028 0.03
a range +16200 +16800 2028 2018 0.03
a range +16200 +16800 2035 2052 0.0388
a range +16200 +16800 2052 2035 0.0388
a range +16800 +17400 2032 2045 0.0184
a range +16800 +17400 2045 2032 0.0184
a range +17400 +18000 2035 2051 0.0309
a range +17400 +18000 2051 2035 0.0309
a range +18000 +18600 2036 2051 0.0241
a range +18000 +18600 2037 2052 0.0271
a range +18000 +18600 2051 2036 0.0241
a range +18000 +18600 2052 2037 0.0271
a range +18600 +19200 2038 9002 1102.5777
a range +18600 +19200 9002 2038 1102.5777
a range +19200 +19800 2008 2018 0.035
a range +19200 +19800 2018 2008 0.035
a range +19200 +19800 2033 2047 0.0188
a range +19200 +19800 2039 9002 1102.5558
a range +19200 +19800 2047 2033 0.0188
a range +19200 +19800 9002 2039 1102.5558
a range +19800 +20400 2008 2031 0.041
a range +19800 +20400 2031 2008 0.041
