a contact +1200 +1800 2005 2031 1000
a contact +1200 +1800 2031 2005 1000
a contact +3000 +3600 2017 2027 1000
a contact +3000 +3600 2027 2017 1000
a contact +3600 +4200 2010 2018 1000
a contact +3600 +4200 2018 2010 1000
a contact +5400 +6000 2020 9001 1000
a contact +5400 +6000 9001 2020 1000
a contact +7200 +7800 2007 2013 1000
a contact +7200 +7800 2013 2007 1000
a contact +7200 +7800 2021 2031 1000
a contact +7200 +7800 2023 9001 1000
a contact +7200 +7800 2031 2021 1000
a contact +7200 +7800 9001 2023 1000
a contact +8400 +9000 1001 2031 1000
a contact +8400 +9000 2031 1001 1000
a contact +9000 +9600 2017 9001 1000
a contact +9000 +9600 2023 2032 1000
a contact +9000 +9600 2032 2023 1000
a contact +9000 +9600 9001 2017 1000
a contact +9600 +10200 2007 9002 1000
a contact +9600 +10200 2022 2031 1000
a contact +9600 +10200 2031 2022 1000
a contact +9600 +10200 9002 2007 1000
a contact +10800 +11400 2017 2018 1000
a contact +10800 +11400 2018 2017 1000
a contact +11400 +12000 2002 2029 1000
a contact +11400 +12000 2003 2025 1000
a contact +11400 +12000 2025 2003 1000
a contact +11400 +12000 2029 2002 1000
a contact +12000 +12600 2005 2026 1000
a contact +12000 +12600 2026 2005 1000
a contact +13800 +14400 2007 2022 1000
a contact +13800 +14400 2022 2007 1000
a contact +13800 +14400 2023 2030 1000
a contact +13800 +14400 2030 2023 1000
a contact +14400 +15000 1002 2028 1000
a contact +14400 +15000 2028 1002 1000
a contact +15000 +15600 2005 2021 1000
a contact +15000 +15600 2008 2020 1000
a contact +15000 +15600 2011 2017 1000
a contact +15000 +15600 2017 2011 1000
a contact +15000 +15600 2020 2008 1000
a contact +15000 +15600 2021 2005 1000
a contact +15600 +16200 2004 2021 1000
a contact +15600 +16200 2016 9002 1000
a contact +15600 +16200 2021 2004 1000
a contact +15600 +16200 9002 2016 1000
a contact +17400 +18000 1002 2023 1000
a contact +17400 +18000 2023 1002 1000
a contact +19800 +20400 2016 2025 1000
a contact +19800 +20400 2025 2016 1000
a contact +21000 +21600 1002 2020 1000
a contact +21000 +21600 2004 2031 1000
a contact +21000 +21600 2020 1002 1000
a contact +21000 +21600 2031 2004 1000

a range +1200 +1800 2005 2031 0.045
a range +1200 +1800 2031 2005 0.045
a range +3000 +3600 2017 2027 0.0319
a range +3000 +3600 2027 2017 0.0319
a range +3600 +4200 2010 2018 0.0037
a range +3600 +4200 2018 2010 0.0037
a range +5400 +6000 2020 9001 1102.2479
a range +5400 +6000 9001 2020 1102.2479
a range +7200 +7800 2007 2013 0.0319
a range +7200 +7800 2013 2007 0.0319
a range +7200 +7800 2021 2031 0.0319
a range +7200 +7800 2023 9001 1102.3242
a range +7200 +7800 2031 2021 0.0319
a range +7200 +7800 9001 2023 1102.3242
a range +8400 +9000 1001 2031 1102.6194
a range +8400 +9000 2031 1001 1102.6194
a range +9000 +9600 2017 9001 1102.3491
a range +9000 +9600 2023 2032 0.0231
a range +9000 +9600 2032 2023 0.0231
a range +9000 +9600 9001 2017 1102.3491
a range +9600 +10200 2007 9002 1102.5631
a range +9600 +10200 2022 2031 0.0175
a range +9600 +10200 2031 2022 0.0175
a range +9600 +10200 9002 2007 1102.5631
a range +10800 +11400 2017 2018 0.0186
a range +10800 +11400 2018 2017 0.0186
a range +11400 +12000 2002 2029 0.0439
a range +11400 +12000 2003 2025 0.0456
a range +11400 +12000 2025 2003 0.0456
a range +11400 +12000 2029 2002 0.0439
a range +12000 +12600 2005 2026 0.0439
a range +12000 +12600 2026 2005 0.0439
a range +13800 +14400 2007 2022 0.0147
a range +13800 +14400 2022 2007 0.0147
a range +13800 +14400 2023 2030 0.0175
a range +13800 +14400 2030 2023 0.0175
a range +14400 +15000 1002 2028 1102.5236
a range +14400 +15000 2028 1002 1102.5236
a range +15000 +15600 2005 2021 0.0286
a range +15000 +15600 2008 2020 0.0442
a range +15000 +15600 2011 2017 0.0319
a range +15000 +15600 2017 2011 0.0319
a range +15000 +15600 2020 2008 0.0442
a range +15000 +15600 2021 2005 0.0286
a range +15600 +16200 2004 2021 0.0362
a range +15600 +16200 2016 9002 1102.5799
a range +15600 +16200 2021 2004 0.0362
a range +15600 +16200 9002 2016 1102.5799
a range +17400 +18000 1002 2023 1102.5434
a range +17400 +18000 2023 1002 1102.5434
a range +19800 +20400 2016 2025 0.0362
a range +19800 +20400 2025 2016 0.0362
a range +21000 +21600 1002 2020 1102.5101
a range +21000 +21600 2004 2031 0.0303
a range +21000 +21600 2020 1002 1102.5101
a range +21000 +21600 2031 2004 0.0303
