a contact +0 +2400 1001 9003 1200
a contact +0 +2400 9003 1001 1200
a contact +0 +3000 2009 9002 50
a contact +0 +3000 9002 2009 50
a contact +2400 +6600 1001 2011 50
a contact +0 +6600 1002 2005 50
a contact +0 +6600 2005 1002 50
a contact +2400 +6600 2011 1001 50
a contact +0 +7800 1002 2017 50
a contact +0 +7800 1003 2012 50
a contact +0 +7800 1003 2002 50
a contact +0 +7800 2002 1003 50
a contact +0 +7800 2012 1003 50
a contact +0 +7800 2017 1002 50
a contact +7800 +10200 1003 9003 1200
a contact +7800 +10200 9003 1003 1200
a contact +10200 +10800 1003 9003 1200
a contact +10200 +10800 9003 1003 1200
a contact +6600 +12000 1002 2006 50
a contact +6600 +12000 2006 1002 50
a contact +6600 +12600 1001 2016 50
a contact +6600 +12600 2016 1001 50
a contact +3000 +13800 2001 9002 50
a contact +3000 +13800 9002 2001 50
a contact +12000 +15600 1002 2018 50
a contact +7800 +15600 1002 2008 50
a contact +7800 +15600 2008 1002 50
a contact +0 +15600 2015 9001 50
a contact +12000 +15600 2018 1002 50
a contact +0 +15600 9001 2015 50
a contact +13800 +17400 2004 9002 50
a contact +13800 +17400 9002 2004 50
a contact +15600 +18600 1002 9003 1200
a contact +17400 +18600 1002 9001 1200
a contact +17400 +18600 9001 1002 1200
a contact +15600 +18600 9003 1002 1200
a contact +12600 +19200 1001 2007 50
a contact +12600 +19200 2007 1001 50
a contact +18600 +21600 1002 2005 50
a contact +18600 +21600 2005 1002 50
a contact +19200 +23400 1001 2012 50
a contact +2400 +23400 1001 2019 50
a contact +19200 +23400 2012 1001 50
a contact +2400 +23400 2019 1001 50
a contact +23400 +24000 1001 9003 1200
a contact +23400 +24000 9003 1001 1200
a contact +24000 +25800 1001 9003 1200
a contact +24000 +25800 9003 1001 1200
a contact +24000 +26400 1001 9001 1200
a contact +24000 +26400 9001 1001 1200
a contact +10800 +31200 1003 2014 50
a contact +10800 +31200 1003 2002 50
a contact +10800 +31200 2002 1003 50
a contact +10800 +31200 2014 1003 50
a contact +31200 +32400 1003 9001 1200
a contact +31200 +32400 9001 1003 1200
a contact +32400 +34200 1003 9001 1200
a contact +32400 +34200 9001 1003 1200
a contact +26400 +35400 1001 2012 50
a contact +21600 +35400 1002 2020 50
a contact +26400 +35400 2012 1001 50
a contact +21600 +35400 2020 1002 50
a contact +18600 +37200 1002 2013 50
a contact +18600 +37200 2013 1002 50
a contact +37200 +39000 1002 2012 50
a contact +35400 +39000 1002 2007 50
a contact +35400 +39000 2007 1002 50
a contact +37200 +39000 2012 1002 50
a contact +35400 +40200 1001 2010 50
a contact +17400 +40200 2003 9002 50
a contact +35400 +40200 2010 1001 50
a contact +30000 +40200 2017 9003 50
a contact +17400 +40200 9002 2003 50
a contact +30000 +40200 9003 2017 50
a contact +26400 +40800 1001 2011 50
a contact +26400 +40800 2011 1001 50
a contact +39000 +42000 1002 9001 1200
a contact +39000 +42000 9001 1002 1200
a contact +40200 +42600 2014 9002 50
a contact +40200 +42600 9002 2014 50
a contact +34200 +45000 1003 2006 50
a contact +34200 +45000 2006 1003 50
a contact +40200 +46800 1001 2002 50
a contact +40800 +46800 1001 2015 50
a contact +42000 +46800 1002 2012 50
a contact +40200 +46800 2002 1001 50
a contact +42000 +46800 2012 1002 50
a contact +40800 +46800 2015 1001 50
a contact +40200 +48000 2010 9003 50
a contact +40200 +48000 9003 2010 50
a contact +46800 +48600 1001 9001 1200
a contact +46800 +48600 9001 1001 1200
a contact +48600 +49200 1001 9002 1200
a contact +48600 +49200 9002 1001 1200
a contact +49200 +49800 1001 9002 1200
a contact +45000 +49800 1003 2018 50
a contact +45000 +49800 2018 1003 50
a contact +49200 +49800 9002 1001 1200
a contact +48000 +51600 2016 9003 50
a contact +48000 +51600 9003 2016 50
a contact +42000 +53400 1002 2020 50
a contact +34200 +53400 1003 2009 50
a contact +34200 +53400 2009 1003 50
a contact +42000 +53400 2020 1002 50
a contact +49800 +54600 1003 2007 50
a contact +53400 +54600 1003 2017 50
a contact +49800 +54600 2007 1003 50
a contact +53400 +54600 2017 1003 50
a contact +54600 +55200 1003 9002 1200
a contact +54600 +55200 9002 1003 1200
a contact +55200 +55800 1003 9002 1200
a contact +55200 +55800 9002 1003 1200
a contact +49800 +57000 1001 2019 50
a contact +46800 +57000 1002 2008 50
a contact +55800 +57000 1003 9002 1200
a contact +46800 +57000 2008 1002 50
a contact +49800 +57000 2019 1001 50
a contact +55800 +57000 9002 1003 1200
a contact +53400 +57600 1002 2004 50
a contact +57000 +57600 1003 9002 1200
a contact +53400 +57600 2004 1002 50
a contact +57000 +57600 9002 1003 1200
a contact +57000 +59400 1002 2006 50
a contact +57000 +59400 2006 1002 50
a contact +52200 +60000 2011 9001 50
a contact +52200 +60000 9001 2011 50
a contact +57600 +62400 1002 2010 50
a contact +59400 +62400 1002 2016 50
a contact +57600 +62400 1003 2014 50
a contact +57600 +62400 2010 1002 50
a contact +57600 +62400 2014 1003 50
a contact +59400 +62400 2016 1002 50
a contact +57600 +63000 1003 2009 50
a contact +57600 +63000 2009 1003 50
a contact +62400 +63600 1002 9002 1200
a contact +62400 +63600 9002 1002 1200
a contact +63600 +64800 1002 9002 1200
a contact +63600 +64800 9002 1002 1200
a contact +64800 +65400 1002 9002 1200
a contact +64800 +65400 9002 1002 1200
a contact +60000 +67200 2008 9001 50
a contact +60000 +67200 9001 2008 50
a contact +62400 +67800 1003 2010 50
a contact +62400 +67800 2010 1003 50
a contact +49800 +68400 1001 2005 50
a contact +49800 +68400 2005 1001 50
a contact +57000 +69000 1001 2002 50
a contact +57000 +69000 2002 1001 50
a contact +68400 +70800 1001 2008 50
a contact +69000 +70800 1001 2016 50
a contact +67200 +70800 2003 9001 50
a contact +68400 +70800 2008 1001 50
a contact +69000 +70800 2016 1001 50
a contact +67200 +70800 9001 2003 50
a contact +65400 +72000 1002 2007 50
a contact +67800 +72000 1003 2006 50
a contact +67800 +72000 2006 1003 50
a contact +65400 +72000 2007 1002 50
a contact +70800 +72600 1001 9002 1200
a contact +63000 +72600 1003 2001 50
a contact +63000 +72600 2001 1003 50
a contact +70800 +72600 9002 1001 1200
a contact +72600 +73200 1001 9002 1200
a contact +51600 +73200 2018 9003 50
a contact +72600 +73200 9002 1001 1200
a contact +51600 +73200 9003 2018 50
a contact +72000 +78000 1002 2013 50
a contact +72000 +78000 2013 1002 50
a contact +72600 +78600 1003 2006 50
a contact +72000 +78600 1003 2007 50
a contact +72600 +78600 2006 1003 50
a contact +72000 +78600 2007 1003 50
a contact +73200 +78600 2011 9003 50
a contact +73200 +78600 9003 2011 50
a contact +70800 +79800 2017 9001 50
a contact +70800 +79800 9001 2017 50
a contact +73200 +80400 1001 2016 50
a contact +73200 +80400 1001 2001 50
a contact +73200 +80400 2001 1001 50
a contact +73200 +80400 2016 1001 50
a contact +79800 +81000 1003 9003 1200
a contact +79800 +81000 9003 1003 1200
a contact +79800 +82800 2003 9001 50
a contact +79800 +82800 9001 2003 50
a contact +80400 +86400 1001 2015 50
a contact +80400 +86400 1001 2016 50
a contact +65400 +86400 1002 2004 50
a contact +78000 +86400 1002 2020 50
a contact +81000 +86400 1003 2008 50
a contact +81000 +86400 1003 2010 50
a contact +65400 +86400 2004 1002 50
a contact +81000 +86400 2008 1003 50
a contact +81000 +86400 2010 1003 50
a contact +78600 +86400 2011 9002 50
a contact +82800 +86400 2013 9001 50
a contact +80400 +86400 2015 1001 50
a contact +80400 +86400 2016 1001 50
a contact +78000 +86400 2020 1002 50
a contact +82800 +86400 9001 2013 50
a contact +78600 +86400 9002 2011 50

a range +0 +2400 1001 9003 0.0593
a range +0 +2400 9003 1001 0.0593
a range +0 +3000 2009 9002 1102.1882
a range +0 +3000 9002 2009 1102.1882
a range +2400 +6600 1001 2011 1102.7209
a range +0 +6600 1002 2005 1102.3911
a range +0 +6600 2005 1002 1102.3911
a range +2400 +6600 2011 1001 1102.7209
a range +0 +7800 1002 2017 1102.399
a range +0 +7800 1003 2012 1102.079
a range +0 +7800 1003 2002 1102.0886
a range +0 +7800 2002 1003 1102.0886
a range +0 +7800 2012 1003 1102.079
a range +0 +7800 2017 1002 1102.399
a range +7800 +10200 1003 9003 0.062
a range +7800 +10200 9003 1003 0.062
a range +10200 +10800 1003 9003 0.062
a range +10200 +10800 9003 1003 0.062
a range +6600 +12000 1002 2006 1102.3755
a range +6600 +12000 2006 1002 1102.3755
a range +6600 +12600 1001 2016 1102.7071
a range +6600 +12600 2016 1001 1102.7071
a range +3000 +13800 2001 9002 1103.3947
a range +3000 +13800 9002 2001 1103.3947
a range +12000 +15600 1002 2018 1102.4065
a range +7800 +15600 1002 2008 1102.422
a range +7800 +15600 2008 1002 1102.422
a range +0 +15600 2015 9001 1102.3304
a range +12000 +15600 2018 1002 1102.4065
a range +0 +15600 9001 2015 1102.3304
a range +13800 +17400 2004 9002 1103.3771
a range +13800 +17400 9002 2004 1103.3771
a range +15600 +18600 1002 9003 0.0611
a range +17400 +18600 1002 9001 0.061
a range +17400 +18600 9001 1002 0.061
a range +15600 +18600 9003 1002 0.0611
a range +12600 +19200 1001 2007 1102.5453
a range +12600 +19200 2007 1001 1102.5453
a range +18600 +21600 1002 2005 1103.2896
a range +18600 +21600 2005 1002 1103.2896
a range +19200 +23400 1001 2012 1102.7142
a range +2400 +23400 1001 2019 1102.6909
a range +19200 +23400 2012 1001 1102.7142
a range +2400 +23400 2019 1001 1102.6909
a range +23400 +24000 1001 9003 0.0602
a range +23400 +24000 9003 1001 0.0602
a range +24000 +25800 1001 9003 0.0602
a range +24000 +25800 9003 1001 0.0602
a range +24000 +26400 1001 9001 0.0601
a range +24000 +26400 9001 1001 0.0601
a range +10800 +31200 1003 2014 1103.0201
a range +10800 +31200 1003 2002 1102.9888
a range +10800 +31200 2002 1003 1102.9888
a range +10800 +31200 2014 1003 1103.0201
a range +31200 +32400 1003 9001 0.0592
a range +31200 +32400 9001 1003 0.0592
a range +32400 +34200 1003 9001 0.0592
a range +32400 +34200 9001 1003 0.0592
a range +26400 +35400 1001 2012 1103.3483
a range +21600 +35400 1002 2020 1103.2922
a range +26400 +35400 2012 1001 1103.3483
a range +21600 +35400 2020 1002 1103.2922
a range +18600 +37200 1002 2013 1103.2395
a range +18600 +37200 2013 1002 1103.2395
a range +37200 +39000 1002 2012 1103.3186
a range +35400 +39000 1002 2007 1103.3192
a range +35400 +39000 2007 1002 1103.3192
a range +37200 +39000 2012 1002 1103.3186
a range +35400 +40200 1001 2010 1103.6169
a range +17400 +40200 2003 9002 1103.3876
a range +35400 +40200 2010 1001 1103.6169
a range +30000 +40200 2017 9003 1104.777
a range +17400 +40200 9002 2003 1103.3876
a range +30000 +40200 9003 2017 1104.777
a range +26400 +40800 1001 2011 1103.5694
a range +26400 +40800 2011 1001 1103.5694
a range +39000 +42000 1002 9001 0.0618
a range +39000 +42000 9001 1002 0.0618
a range +40200 +42600 2014 9002 1103.3652
a range +40200 +42600 9002 2014 1103.3652
a range +34200 +45000 1003 2006 1103.4426
a range +34200 +45000 2006 1003 1103.4426
a range +40200 +46800 1001 2002 1103.6009
a range +40800 +46800 1001 2015 1103.6166
a range +42000 +46800 1002 2012 1104.2254
a range +40200 +46800 2002 1001 1103.6009
a range +42000 +46800 2012 1002 1104.2254
a range +40800 +46800 2015 1001 1103.6166
a range +40200 +48000 2010 9003 1103.6458
a range +40200 +48000 9003 2010 1103.6458
a range +46800 +48600 1001 9001 0.061
a range +46800 +48600 9001 1001 0.061
a range +48600 +49200 1001 9002 0.0591
a range +48600 +49200 9002 1001 0.0591
a range +49200 +49800 1001 9002 0.0591
a range +45000 +49800 1003 2018 1103.9063
a range +45000 +49800 2018 1003 1103.9063
a range +49200 +49800 9002 1001 0.0591
a range +48000 +51600 2016 9003 1104.7675
a range +48000 +51600 9003 2016 1104.7675
a range +42000 +53400 1002 2020 1104.1954
a range +34200 +53400 1003 2009 1103.8705
a range +34200 +53400 2009 1003 1103.8705
a range +42000 +53400 2020 1002 1104.1954
a range +49800 +54600 1003 2007 1103.8855
a range +53400 +54600 1003 2017 1103.8962
a range +49800 +54600 2007 1003 1103.8855
a range +53400 +54600 2017 1003 1103.8962
a range +54600 +55200 1003 9002 0.0616
a range +54600 +55200 9002 1003 0.0616
a range +55200 +55800 1003 9002 0.0616
a range +55200 +55800 9002 1003 0.0616
a range +49800 +57000 1001 2019 1104.5315
a range +46800 +57000 1002 2008 1103.9816
a range +55800 +57000 1003 9002 0.0616
a range +46800 +57000 2008 1002 1103.9816
a range +49800 +57000 2019 1001 1104.5315
a range +55800 +57000 9002 1003 0.0616
a range +53400 +57600 1002 2004 1104.1929
a range +57000 +57600 1003 9002 0.0616
a range +53400 +57600 2004 1002 1104.1929
a range +57000 +57600 9002 1003 0.0616
a range +57000 +59400 1002 2006 1104.2109
a range +57000 +59400 2006 1002 1104.2109
a range +52200 +60000 2011 9001 1104.3184
a range +52200 +60000 9001 2011 1104.3184
a range +57600 +62400 1002 2010 1104.1831
a range +59400 +62400 1002 2016 1104.2054
a range +57600 +62400 1003 2014 1104.6453
a range +57600 +62400 2010 1002 1104.1831
a range +57600 +62400 2014 1003 1104.6453
a range +59400 +62400 2016 1002 1104.2054
a range +57600 +63000 1003 2009 1104.6129
a range +57600 +63000 2009 1003 1104.6129
a range +62400 +63600 1002 9002 0.0608
a range +62400 +63600 9002 1002 0.0608
a range +63600 +64800 1002 9002 0.0608
a range +63600 +64800 9002 1002 0.0608
a range +64800 +65400 1002 9002 0.0608
a range +64800 +65400 9002 1002 0.0608
a range +60000 +67200 2008 9001 1104.7534
a range +60000 +67200 9001 2008 1104.7534
a range +62400 +67800 1003 2010 1104.3959
a range +62400 +67800 2010 1003 1104.3959
a range +49800 +68400 1001 2005 1104.5392
a range +49800 +68400 2005 1001 1104.5392
a range +57000 +69000 1001 2002 1104.5187
a range +57000 +69000 2002 1001 1104.5187
a range +68400 +70800 1001 2008 1104.5094
a range +69000 +70800 1001 2016 1104.5299
a range +67200 +70800 2003 9001 1105.0507
a range +68400 +70800 2008 1001 1104.5094
a range +69000 +70800 2016 1001 1104.5299
a range +67200 +70800 9001 2003 1105.0507
a range +65400 +72000 1002 2007 1104.945
a range +67800 +72000 1003 2006 1104.8072
a range +67800 +72000 2006 1003 1104.8072
a range +65400 +72000 2007 1002 1104.945
a range +70800 +72600 1001 9002 0.0599
a range +63000 +72600 1003 2001 1104.8185
a range +63000 +72600 2001 1003 1104.8185
a range +70800 +72600 9002 1001 0.0599
a range +72600 +73200 1001 9002 0.0599
a range +51600 +73200 2018 9003 1104.7836
a range +72600 +73200 9002 1001 0.0599
a range +51600 +73200 9003 2018 1104.7836
a range +72000 +78000 1002 2013 1104.7535
a range +72000 +78000 2013 1002 1104.7535
a range +72600 +78600 1003 2006 1104.8072
a range +72000 +78600 1003 2007 1104.8337
a range +72600 +78600 2006 1003 1104.8072
a range +72000 +78600 2007 1003 1104.8337
a range +73200 +78600 2011 9003 1104.755
a range +73200 +78600 9003 2011 1104.755
a range +70800 +79800 2017 9001 1105.0621
a range +70800 +79800 9001 2017 1105.0621
a range +73200 +80400 1001 2016 1105.0383
a range +73200 +80400 1001 2001 1105.0404
a range +73200 +80400 2001 1001 1105.0404
a range +73200 +80400 2016 1001 1105.0383
a range +79800 +81000 1003 9003 0.0551
a range +79800 +81000 9003 1003 0.0551
a range +79800 +82800 2003 9001 1105.0507
a range +79800 +82800 9001 2003 1105.0507
a range +80400 +86400 1001 2015 1105.0318
a range +80400 +86400 1001 2016 1105.0383
a range +65400 +86400 1002 2004 1105.1177
a range +78000 +86400 1002 2020 1105.1289
a range +81000 +86400 1003 2008 1105.0383
a range +81000 +86400 1003 2010 1105.0556
a range +65400 +86400 2004 1002 1105.1177
a range +81000 +86400 2008 1003 1105.0383
a range +81000 +86400 2010 1003 1105.0556
a range +78600 +86400 2011 9002 1105.0877
a range +82800 +86400 2013 9001 1105.0422
a range +80400 +86400 2015 1001 1105.0318
a range +80400 +86400 2016 1001 1105.0383
a range +78000 +86400 2020 1002 1105.1289
a range +82800 +86400 9001 2013 1105.0422
a range +78600 +86400 9002 2011 1105.0877
