a contact +0 +800 2001 9002 1000
a contact +0 +800 9002 2001 1000
a contact +1300 +2400 2002 2006 1000
a contact +1300 +2400 2006 2002 1000
a contact +1300 +7800 2001 9001 1000
a contact +1300 +7800 9001 2001 1000
a contact +16300 +16800 1002 9001 1000
a contact +16300 +16800 9001 1002 1000
a contact +16300 +17300 2001 2005 1000
a contact +16300 +17300 2005 2001 1000
a contact +23700 +24200 1001 9003 1000
a contact +23700 +24200 9003 1001 1000
a contact +24700 +25200 1001 9003 1000
a contact +24700 +25200 9003 1001 1000
a contact +31900 +32400 1002 2007 1000
a contact +31900 +32400 2007 1002 1000
a contact +32400 +33400 1002 2007 1000
a contact +32400 +33400 2007 1002 1000
a contact +33900 +34400 1002 2007 1000
a contact +33900 +34400 2007 1002 1000
a contact +38200 +38700 1002 2006 1000
a contact +38200 +38700 2006 1002 1000
a contact +39600 +39800 1002 2006 1000
a contact +39600 +39800 2006 1002 1000
a contact +39800 +40300 1002 2006 1000
a contact +39800 +40300 2006 1002 1000
a contact +40800 +41100 1002 2006 1000
a contact +40800 +41100 2006 1002 1000
a contact +41300 +41800 1002 2003 1000
a contact +41300 +41800 2003 1002 1000
a contact +41800 +42200 1001 2004 1000
a contact +41800 +42200 2004 1001 1000
a contact +42700 +43200 1001 2004 1000
a contact +42700 +43200 2004 1001 1000
a contact +43700 +44100 1001 2004 1000
a contact +43700 +44100 2004 1001 1000
a contact +44600 +45000 1001 2004 1000
a contact +44600 +45000 2004 1001 1000
a contact +42200 +45400 2001 2005 1000
a contact +42200 +45400 2005 2001 1000
a contact +45400 +45600 2001 2007 1000
a contact +45400 +45600 2007 2001 1000
a contact +45600 +46600 2002 2007 1000
a contact +45600 +46600 2007 2002 1000
a contact +48800 +49000 2002 2007 1000
a contact +48800 +49000 2007 2002 1000
a contact +49000 +50300 2001 2007 1000
a contact +49000 +50300 2007 2001 1000
a contact +52400 +53300 1001 2004 1000
a contact +52400 +53300 2004 1001 1000
a contact +53800 +54300 1001 2004 1000
a contact +53800 +54300 2004 1001 1000
a contact +47100 +54500 2008 9003 1000
a contact +47100 +54500 9003 2008 1000
a contact +54600 +55000 1001 2004 1000
a contact +54600 +55000 2004 1001 1000
a contact +55500 +56000 1001 2004 1000
a contact +55500 +56000 2004 1001 1000
a contact +54600 +56000 2008 9003 1000
a contact +54600 +56000 9003 2008 1000
a contact +56100 +56600 2008 9003 1000
a contact +56100 +56600 9003 2008 1000
a contact +56600 +57000 1001 2004 1000
a contact +56600 +57000 2004 1001 1000
a contact +57500 +58000 1001 2004 1000
a contact +57500 +58000 2004 1001 1000
a contact +56700 +58000 2008 9003 1000
a contact +56700 +58000 9003 2008 1000
a contact +58200 +58500 1001 2004 1000
a contact +58200 +58500 2004 1001 1000
a contact +58200 +59500 2008 9003 1000
a contact +58200 +59500 9003 2008 1000
a contact +59200 +60000 1001 2004 1000
a contact +59200 +60000 2004 1001 1000
a contact +60700 +61200 1001 2004 1000
a contact +60700 +61200 2004 1001 1000
a contact +60200 +61200 2008 9003 1000
a contact +60200 +61200 9003 2008 1000
a contact +61200 +61300 2003 9001 1000
a contact +61200 +61300 2005 9003 1000
a contact +61200 +61300 9001 2003 1000
a contact +61200 +61300 9003 2005 1000
a contact +61800 +62300 1001 2004 1000
a contact +61800 +62300 2004 1001 1000
a contact +61300 +62300 2008 9003 1000
a contact +61300 +62300 9003 2008 1000
a contact +62500 +63000 1001 2004 1000
a contact +62500 +63000 2004 1001 1000
a contact +63500 +63900 1001 2004 1000
a contact +63500 +63900 2004 1001 1000
a contact +62500 +64400 2008 9003 1000
a contact +62500 +64400 9003 2008 1000
a contact +64500 +65000 1001 2004 1000
a contact +64500 +65000 2004 1001 1000
a contact +65800 +66400 2006 9001 1000
a contact +65800 +66400 9001 2006 1000
a contact +68600 +68700 2005 9003 1000
a contact +68600 +68700 9003 2005 1000
a contact +68700 +69200 1001 2004 1000
a contact +68700 +69200 2004 1001 1000
a contact +69600 +70100 2008 9003 1000
a contact +69600 +70100 9003 2008 1000
a contact +70100 +70200 1002 2008 1000
a contact +70100 +70200 2004 9001 1000
a contact +70100 +70200 2008 1002 1000
a contact +70100 +70200 9001 2004 1000
a contact +70100 +70300 2005 9003 1000
a contact +70100 +70300 9003 2005 1000
a contact +71800 +72300 2006 9003 1000
a contact +71800 +72300 9003 2006 1000
a contact +73000 +73100 2003 9001 1000
a contact +73000 +73100 2005 9003 1000
a contact +73000 +73100 9001 2003 1000
a contact +73000 +73100 9003 2005 1000
a contact +73100 +73800 1001 2004 1000
a contact +73100 +73800 2004 1001 1000
a contact +73800 +73900 2005 9003 1000
a contact +73800 +73900 9003 2005 1000
a contact +74600 +75100 1001 2004 1000
a contact +74600 +75100 2004 1001 1000
a contact +75900 +76400 1001 2004 1000
a contact +75900 +76400 2004 1001 1000
a contact +75900 +76400 2008 9003 1000
a contact +75900 +76400 9003 2008 1000
a contact +76400 +77100 2006 9003 1000
a contact +76400 +77100 9003 2006 1000
a contact +77300 +77500 1001 2006 1000
a contact +77300 +77500 2002 2007 1000
a contact +77300 +77500 2006 1001 1000
a contact +77300 +77500 2007 2002 1000
a contact +78000 +78200 1001 2004 1000
a contact +78000 +78200 2004 1001 1000
a contact +78400 +78900 1001 2004 1000
a contact +78400 +78900 2004 1001 1000
a contact +78900 +79000 1002 2008 1000
a contact +78900 +79000 2008 1002 1000
a contact +78900 +79500 1001 2006 1000
a contact +78900 +79500 2006 1001 1000
a contact +79500 +79600 2001 9002 1000
a contact +79500 +79600 9002 2001 1000
a contact +81000 +81500 1001 2004 1000
a contact +81000 +81500 2004 1001 1000
a contact +81500 +82000 1002 2004 1000
a contact +81500 +82000 2001 2007 1000
a contact +81500 +82000 2003 9001 1000
a contact +81500 +82000 2004 1002 1000
a contact +81500 +82000 2007 2001 1000
a contact +81500 +82000 9001 2003 1000
a contact +83300 +83800 1001 2004 1000
a contact +83300 +83800 2004 1001 1000
a contact +83800 +84300 2004 9001 1000
a contact +83800 +84300 9001 2004 1000

a range +0 +800 2001 9002 1103.3763
a range +0 +800 9002 2001 1103.3763
a range +1300 +2400 2002 2006 0.0337
a range +1300 +2400 2006 2002 0.0337
a range +1300 +7800 2001 9001 1102.3343
a range +1300 +7800 9001 2001 1102.3343
a range +16300 +16800 1002 9001 0.0591
a range +16300 +16800 9001 1002 0.0591
a range +16300 +17300 2001 2005 0.0337
a range +16300 +17300 2005 2001 0.0337
a range +23700 +24200 1001 9003 0.0591
a range +23700 +24200 9003 1001 0.0591
a range +24700 +25200 1001 9003 0.0591
a range +24700 +25200 9003 1001 0.0591
a range +31900 +32400 1002 2007 1103.1486
a range +31900 +32400 2007 1002 1103.1486
a range +32400 +33400 1002 2007 1103.1486
a range +32400 +33400 2007 1002 1103.1486
a range +33900 +34400 1002 2007 1103.1486
a range +33900 +34400 2007 1002 1103.1486
a range +38200 +38700 1002 2006 1103.5392
a range +38200 +38700 2006 1002 1103.5392
a range +39600 +39800 1002 2006 1103.5392
a range +39600 +39800 2006 1002 1103.5392
a range +39800 +40300 1002 2006 1103.5392
a range +39800 +40300 2006 1002 1103.5392
a range +40800 +41100 1002 2006 1103.5392
a range +40800 +41100 2006 1002 1103.5392
a range +41300 +41800 1002 2003 1103.9834
a range +41300 +41800 2003 1002 1103.9834
a range +41800 +42200 1001 2004 1103.6172
a range +41800 +42200 2004 1001 1103.6172
a range +42700 +43200 1001 2004 1103.6172
a range +42700 +43200 2004 1001 1103.6172
a range +43700 +44100 1001 2004 1103.6172
a range +43700 +44100 2004 1001 1103.6172
a range +44600 +45000 1001 2004 1103.6172
a range +44600 +45000 2004 1001 1103.6172
a range +42200 +45400 2001 2005 0.0337
a range +42200 +45400 2005 2001 0.0337
a range +45400 +45600 2001 2007 0.0432
a range +45400 +45600 2007 2001 0.0432
a range +45600 +46600 2002 2007 0.0433
a range +45600 +46600 2007 2002 0.0433
a range +48800 +49000 2002 2007 0.0433
a range +48800 +49000 2007 2002 0.0433
a range +49000 +50300 2001 2007 0.0431
a range +49000 +50300 2007 2001 0.0431
a range +52400 +53300 1001 2004 1104.3114
a range +52400 +53300 2004 1001 1104.3114
a range +53800 +54300 1001 2004 1104.3114
a range +53800 +54300 2004 1001 1104.3114
a range +47100 +54500 2008 9003 1104.7521
a range +47100 +54500 9003 2008 1104.7521
a range +54600 +55000 1001 2004 1104.3114
a range +54600 +55000 2004 1001 1104.3114
a range +55500 +56000 1001 2004 1104.3114
a range +55500 +56000 2004 1001 1104.3114
a range +54600 +56000 2008 9003 1104.7521
a range +54600 +56000 9003 2008 1104.7521
a range +56100 +56600 2008 9003 1104.7521
a range +56100 +56600 9003 2008 1104.7521
a range +56600 +57000 1001 2004 1104.3114
a range +56600 +57000 2004 1001 1104.3114
a range +57500 +58000 1001 2004 1104.3114
a range +57500 +58000 2004 1001 1104.3114
a range +56700 +58000 2008 9003 1104.7521
a range +56700 +58000 9003 2008 1104.7521
a range +58200 +58500 1001 2004 1104.3114
a range +58200 +58500 2004 1001 1104.3114
a range +58200 +59500 2008 9003 1104.7521
a range +58200 +59500 9003 2008 1104.7521
a range +59200 +60000 1001 2004 1104.3114
a range +59200 +60000 2004 1001 1104.3114
a range +60700 +61200 1001 2004 1104.3114
a range +60700 +61200 2004 1001 1104.3114
a range +60200 +61200 2008 9003 1104.7521
a range +60200 +61200 9003 2008 1104.7521
a range +61200 +61300 2003 9001 1104.6512
a range +61200 +61300 2005 9003 1104.6891
a range +61200 +61300 9001 2003 1104.6512
a range +61200 +61300 9003 2005 1104.6891
a range +61800 +62300 1001 2004 1104.3114
a range +61800 +62300 2004 1001 1104.3114
a range +61300 +62300 2008 9003 1104.7521
a range +61300 +62300 9003 2008 1104.7521
a range +62500 +63000 1001 2004 1104.3114
a range +62500 +63000 2004 1001 1104.3114
a range +63500 +63900 1001 2004 1104.3114
a range +63500 +63900 2004 1001 1104.3114
a range +62500 +64400 2008 9003 1104.7521
a range +62500 +64400 9003 2008 1104.7521
a range +64500 +65000 1001 2004 1104.3114
a range +64500 +65000 2004 1001 1104.3114
a range +65800 +66400 2006 9001 1104.3091
a range +65800 +66400 9001 2006 1104.3091
a range +68600 +68700 2005 9003 1104.6891
a range +68600 +68700 9003 2005 1104.6891
a range +68700 +69200 1001 2004 1104.517
a range +68700 +69200 2004 1001 1104.517
a range +69600 +70100 2008 9003 1104.7521
a range +69600 +70100 9003 2008 1104.7521
a range +70100 +70200 1002 2008 1104.9588
a range +70100 +70200 2004 9001 1105.0204
a range +70100 +70200 2008 1002 1104.9588
a range +70100 +70200 9001 2004 1105.0204
a range +70100 +70300 2005 9003 1104.6891
a range +70100 +70300 9003 2005 1104.6891
a range +71800 +72300 2006 9003 1104.7407
a range +71800 +72300 9003 2006 1104.7407
a range +73000 +73100 2003 9001 1104.6512
a range +73000 +73100 2005 9003 1104.6891
a range +73000 +73100 9001 2003 1104.6512
a range +73000 +73100 9003 2005 1104.6891
a range +73100 +73800 1001 2004 1104.9803
a range +73100 +73800 2004 1001 1104.9803
a range +73800 +73900 2005 9003 1104.6891
a range +73800 +73900 9003 2005 1104.6891
a range +74600 +75100 1001 2004 1104.9803
a range +74600 +75100 2004 1001 1104.9803
a range +75900 +76400 1001 2004 1104.9803
a range +75900 +76400 2004 1001 1104.9803
a range +75900 +76400 2008 9003 1104.7521
a range +75900 +76400 9003 2008 1104.7521
a range +76400 +77100 2006 9003 1104.7407
a range +76400 +77100 9003 2006 1104.7407
a range +77300 +77500 1001 2006 1104.9984
a range +77300 +77500 2002 2007 0.0434
a range +77300 +77500 2006 1001 1104.9984
a range +77300 +77500 2007 2002 0.0434
a range +78000 +78200 1001 2004 1104.9803
a range +78000 +78200 2004 1001 1104.9803
a range +78400 +78900 1001 2004 1104.9803
a range +78400 +78900 2004 1001 1104.9803
a range +78900 +79000 1002 2008 1104.9588
a range +78900 +79000 2008 1002 1104.9588
a range +78900 +79500 1001 2006 1104.9984
a range +78900 +79500 2006 1001 1104.9984
a range +79500 +79600 2001 9002 1105.0546
a range +79500 +79600 9002 2001 1105.0546
a range +81000 +81500 1001 2004 1104.9803
a range +81000 +81500 2004 1001 1104.9803
a range +81500 +82000 1002 2004 1104.963
a range +81500 +82000 2001 2007 0.0432
a range +81500 +82000 2003 9001 1105.0351
a range +81500 +82000 2004 1002 1104.963
a range +81500 +82000 2007 2001 0.0432
a range +81500 +82000 9001 2003 1105.0351
a range +83300 +83800 1001 2004 1104.9803
a range +83300 +83800 2004 1001 1104.9803
a range +83800 +84300 2004 9001 1105.0204
a range +83800 +84300 9001 2004 1105.0204
