a contact +0 +1200 1001 9003 1200
a contact +0 +1200 9003 1001 1200
a contact +1200 +2400 1001 9003 1200
a contact +1200 +2400 9003 1001 1200
a contact +0 +7200 2003 9002 50
a contact +0 +7200 9002 2003 50
a contact +0 +9000 1002 2011 50
a contact +0 +9000 2011 1002 50
a contact +0 +10200 2006 9001 50
a contact +0 +10200 9001 2006 50
a contact +2400 +12000 1001 2008 50
a contact +0 +12000 1002 2009 50
a contact +9000 +12000 1002 2004 50
a contact +9000 +12000 2004 1002 50
a contact +2400 +12000 2008 1001 50
a contact +0 +12000 2009 1002 50
a contact +12000 +14400 1002 9003 1200
a contact +7200 +14400 2007 9002 50
a contact +7200 +14400 9002 2007 50
a contact +12000 +14400 9003 1002 1200
a contact +10200 +15600 2005 9001 50
a contact +10200 +15600 9001 2005 50
a contact +14400 +16200 2012 9002 50
a contact +14400 +16200 9002 2012 50
a contact +12000 +20400 1001 2006 50
a contact +12000 +20400 2006 1001 50
a contact +14400 +22800 1002 2008 50
a contact +14400 +22800 2008 1002 50
a contact +20400 +23400 1001 2004 50
a contact +2400 +23400 1001 2010 50
a contact +20400 +23400 2004 1001 50
a contact +2400 +23400 2010 1001 50
a contact +23400 +24000 1001 9003 1200
a contact +14400 +24000 1002 2002 50
a contact +14400 +24000 2002 1002 50
a contact +23400 +24000 9003 1001 1200
a contact +24000 +24600 1001 9001 1200
a contact +24000 +24600 9001 1001 1200
a contact +24600 +25800 1001 9001 1200
a contact +24600 +25800 9001 1001 1200
a contact +25800 +26400 1001 9001 1200
a contact +25800 +26400 9001 1001 1200
a contact +30000 +31200 2006 9003 50
a contact +30000 +31200 9003 2006 50
a contact +24000 +32400 1002 2005 50
a contact +24000 +32400 2005 1002 50
a contact +32400 +35400 1002 2009 50
a contact +22800 +35400 1002 2011 50
a contact +32400 +35400 2009 1002 50
a contact +22800 +35400 2011 1002 50
a contact +35400 +37200 1002 9001 1200
a contact +35400 +37200 9001 1002 1200
a contact +26400 +37800 1001 2007 50
a contact +37200 +37800 1002 9001 1200
a contact +16200 +37800 2001 9002 50
a contact +26400 +37800 2007 1001 50
a contact +37200 +37800 9001 1002 1200
a contact +16200 +37800 9002 2001 50
a contact +37800 +42600 2007 9002 50
a contact +37800 +42600 9002 2007 50
a contact +26400 +44400 1001 2004 50
a contact +26400 +44400 2004 1001 50
a contact +37800 +46800 1001 2006 50
a contact +44400 +46800 1001 2005 50
a contact +44400 +46800 2005 1001 50
a contact +37800 +46800 2006 1001 50
a contact +46800 +48000 1001 9001 1200
a contact +46800 +48000 9001 1001 1200
a contact +48000 +49200 1001 9001 1200
a contact +48000 +49200 9001 1001 1200
a contact +48000 +49800 1001 9002 1200
a contact +48000 +49800 9002 1001 1200
a contact +37800 +58800 1002 2003 50
a contact +37800 +58800 1002 2012 50
a contact +37800 +58800 2003 1002 50
a contact +37800 +58800 2012 1002 50
a contact +49800 +60600 1001 2011 50
a contact +58800 +60600 1002 9002 1200
a contact +49800 +60600 2011 1001 50
a contact +58800 +60600 9002 1002 1200
a contact +60600 +61200 1002 9002 1200
a contact +60600 +61200 9002 1002 1200
a contact +61200 +61800 1002 9002 1200
a contact +61200 +61800 9002 1002 1200
a contact +60600 +70800 1001 2012 50
a contact +49800 +70800 1001 2009 50
a contact +49800 +70800 2009 1001 50
a contact +60600 +70800 2012 1001 50
a contact +70800 +73200 1001 9002 1200
a contact +70800 +73200 9002 1001 1200
a contact +31200 +74400 2002 9003 50
a contact +52200 +74400 2010 9001 50
a contact +52200 +74400 9001 2010 50
a contact +31200 +74400 9003 2002 50
a contact +73200 +76200 1001 2003 50
a contact +73200 +76200 2003 1001 50
a contact +61800 +78000 1002 2008 50
a contact +61800 +78000 1002 2005 50
a contact +61800 +78000 2005 1002 50
a contact +61800 +78000 2008 1002 50
a contact +74400 +78600 2006 9003 50
a contact +74400 +78600 9003 2006 50
a contact +78600 +79800 2005 9002 50
a contact +78600 +79800 9002 2005 50
a contact +79800 +80400 2012 9002 50
a contact +79800 +80400 9002 2012 50
a contact +80400 +81000 2011 9002 50
a contact +80400 +81000 9002 2011 50
a contact +81000 +81600 2012 9002 50
a contact +81000 +81600 9002 2012 50
a contact +78000 +82200 1002 2002 50
a contact +78000 +82200 1002 2003 50
a contact +78000 +82200 2002 1002 50
a contact +78000 +82200 2003 1002 50
a contact +81600 +82200 2006 9002 50
a contact +81600 +82200 9002 2006 50
a contact +82800 +83400 1002 9003 1200
a contact +82200 +83400 2005 9002 50
a contact +82200 +83400 9002 2005 50
a contact +82800 +83400 9003 1002 1200
a contact +83400 +84000 1002 9003 1200
a contact +83400 +84000 2012 9002 50
a contact +83400 +84000 9002 2012 50
a contact +83400 +84000 9003 1002 1200
a contact +84000 +84600 1002 9003 1200
a contact +84000 +84600 2011 9002 50
a contact +84000 +84600 9002 2011 50
a contact +84000 +84600 9003 1002 1200
a contact +84600 +85200 1002 9003 1200
a contact +84600 +85200 2006 9002 50
a contact +84600 +85200 9002 2006 50
a contact +84600 +85200 9003 1002 1200
a contact +85200 +85800 2005 9002 50
a contact +85200 +85800 9002 2005 50
a contact +76200 +86400 1001 2004 50
a contact +73200 +86400 1001 2001 50
a contact +85200 +86400 1002 2002 50
a contact +85200 +86400 1002 2003 50
a contact +73200 +86400 2001 1001 50
a contact +85200 +86400 2002 1002 50
a contact +85200 +86400 2003 1002 50
a contact +76200 +86400 2004 1001 50
a contact +74400 +86400 2007 9001 50
a contact +85800 +86400 2011 9002 50
a contact +74400 +86400 9001 2007 50
a contact +85800 +86400 9002 2011 50

a range +0 +1200 1001 9003 0.0593
a range +0 +1200 9003 1001 0.0593
a range +1200 +2400 1001 9003 0.0593
a range +1200 +2400 9003 1001 0.0593
a range +0 +7200 2003 9002 1103.3768
a range +0 +7200 9002 2003 1103.3768
a range +0 +9000 1002 2011 1102.2591
a range +0 +9000 2011 1002 1102.2591
a range +0 +10200 2006 9001 1102.1543
a range +0 +10200 9001 2006 1102.1543
a range +2400 +12000 1001 2008 1102.6959
a range +0 +12000 1002 2009 1102.2822
a range +9000 +12000 1002 2004 1102.2416
a range +9000 +12000 2004 1002 1102.2416
a range +2400 +12000 2008 1001 1102.6959
a range +0 +12000 2009 1002 1102.2822
a range +12000 +14400 1002 9003 0.0615
a range +7200 +14400 2007 9002 1102.6981
a range +7200 +14400 9002 2007 1102.6981
a range +12000 +14400 9003 1002 0.0615
a range +10200 +15600 2005 9001 1102.3652
a range +10200 +15600 9001 2005 1102.3652
a range +14400 +16200 2012 9002 1103.3794
a range +14400 +16200 9002 2012 1103.3794
a range +12000 +20400 1001 2006 1102.6797
a range +12000 +20400 2006 1001 1102.6797
a range +14400 +22800 1002 2008 1103.1769
a range +14400 +22800 2008 1002 1103.1769
a range +20400 +23400 1001 2004 1102.7218
a range +2400 +23400 1001 2010 1102.7071
a range +20400 +23400 2004 1001 1102.7218
a range +2400 +23400 2010 1001 1102.7071
a range +23400 +24000 1001 9003 0.0602
a range +14400 +24000 1002 2002 1103.1695
a range +14400 +24000 2002 1002 1103.1695
a range +23400 +24000 9003 1001 0.0602
a range +24000 +24600 1001 9001 0.0601
a range +24000 +24600 9001 1001 0.0601
a range +24600 +25800 1001 9001 0.0601
a range +24600 +25800 9001 1001 0.0601
a range +25800 +26400 1001 9001 0.0601
a range +25800 +26400 9001 1001 0.0601
a range +30000 +31200 2006 9003 1102.97
a range +30000 +31200 9003 2006 1102.97
a range +24000 +32400 1002 2005 1103.1772
a range +24000 +32400 2005 1002 1103.1772
a range +32400 +35400 1002 2009 1103.173
a range +22800 +35400 1002 2011 1103.1684
a range +32400 +35400 2009 1002 1103.173
a range +22800 +35400 2011 1002 1103.1684
a range +35400 +37200 1002 9001 0.0623
a range +35400 +37200 9001 1002 0.0623
a range +26400 +37800 1001 2007 1103.5694
a range +37200 +37800 1002 9001 0.0623
a range +16200 +37800 2001 9002 1103.3947
a range +26400 +37800 2007 1001 1103.5694
a range +37200 +37800 9001 1002 0.0623
a range +16200 +37800 9002 2001 1103.3947
a range +37800 +42600 2007 9002 1103.4029
a range +37800 +42600 9002 2007 1103.4029
a range +26400 +44400 1001 2004 1103.5406
a range +26400 +44400 2004 1001 1103.5406
a range +37800 +46800 1001 2006 1103.5978
a range +44400 +46800 1001 2005 1103.5822
a range +44400 +46800 2005 1001 1103.5822
a range +37800 +46800 2006 1001 1103.5978
a range +46800 +48000 1001 9001 0.061
a range +46800 +48000 9001 1001 0.061
a range +48000 +49200 1001 9001 0.061
a range +48000 +49200 9001 1001 0.061
a range +48000 +49800 1001 9002 0.0591
a range +48000 +49800 9002 1001 0.0591
a range +37800 +58800 1002 2003 1104.0616
a range +37800 +58800 1002 2012 1104.062
a range +37800 +58800 2003 1002 1104.0616
a range +37800 +58800 2012 1002 1104.062
a range +49800 +60600 1001 2011 1104.5198
a range +58800 +60600 1002 9002 0.0612
a range +49800 +60600 2011 1001 1104.5198
a range +58800 +60600 9002 1002 0.0612
a range +60600 +61200 1002 9002 0.0612
a range +60600 +61200 9002 1002 0.0612
a range +61200 +61800 1002 9002 0.0612
a range +61200 +61800 9002 1002 0.0612
a range +60600 +70800 1001 2012 1104.5345
a range +49800 +70800 1001 2009 1104.5453
a range +49800 +70800 2009 1001 1104.5453
a range +60600 +70800 2012 1001 1104.5345
a range +70800 +73200 1001 9002 0.0599
a range +70800 +73200 9002 1001 0.0599
a range +31200 +74400 2002 9003 1104.7844
a range +52200 +74400 2010 9001 1105.0661
a range +52200 +74400 9001 2010 1105.0661
a range +31200 +74400 9003 2002 1104.7844
a range +73200 +76200 1001 2003 1105.0218
a range +73200 +76200 2003 1001 1105.0218
a range +61800 +78000 1002 2008 1104.9047
a range +61800 +78000 1002 2005 1104.8751
a range +61800 +78000 2005 1002 1104.8751
a range +61800 +78000 2008 1002 1104.9047
a range +74400 +78600 2006 9003 1104.7743
a range +74400 +78600 9003 2006 1104.7743
a range +78600 +79800 2005 9002 1104.8429
a range +78600 +79800 9002 2005 1104.8429
a range +79800 +80400 2012 9002 1105.0589
a range +79800 +80400 9002 2012 1105.0589
a range +80400 +81000 2011 9002 1105.0622
a range +80400 +81000 9002 2011 1105.0622
a range +81000 +81600 2012 9002 1105.0589
a range +81000 +81600 9002 2012 1105.0589
a range +78000 +82200 1002 2002 1104.9747
a range +78000 +82200 1002 2003 1104.9555
a range +78000 +82200 2002 1002 1104.9747
a range +78000 +82200 2003 1002 1104.9555
a range +81600 +82200 2006 9002 1105.0478
a range +81600 +82200 9002 2006 1105.0478
a range +82800 +83400 1002 9003 0.0435
a range +82200 +83400 2005 9002 1105.0581
a range +82200 +83400 9002 2005 1105.0581
a range +82800 +83400 9003 1002 0.0435
a range +83400 +84000 1002 9003 0.0435
a range +83400 +84000 2012 9002 1105.0589
a range +83400 +84000 9002 2012 1105.0589
a range +83400 +84000 9003 1002 0.0435
a range +84000 +84600 1002 9003 0.0435
a range +84000 +84600 2011 9002 1105.0622
a range +84000 +84600 9002 2011 1105.0622
a range +84000 +84600 9003 1002 0.0435
a range +84600 +85200 1002 9003 0.0435
a range +84600 +85200 2006 9002 1105.0478
a range +84600 +85200 9002 2006 1105.0478
a range +84600 +85200 9003 1002 0.0435
a range +85200 +85800 2005 9002 1105.0581
a range +85200 +85800 9002 2005 1105.0581
a range +76200 +86400 1001 2004 1105.0534
a range +73200 +86400 1001 2001 1105.0404
a range +85200 +86400 1002 2002 1105.1087
a range +85200 +86400 1002 2003 1105.1035
a range +73200 +86400 2001 1001 1105.0404
a range +85200 +86400 2002 1002 1105.1087
a range +85200 +86400 2003 1002 1105.1035
a range +76200 +86400 2004 1001 1105.0534
a range +74400 +86400 2007 9001 1105.0805
a range +85800 +86400 2011 9002 1105.0622
a range +74400 +86400 9001 2007 1105.0805
a range +85800 +86400 9002 2011 1105.0622
