a contact +0 +600 2001 9001 1000
a contact +0 +600 2002 9002 1000
a contact +0 +600 2003 9004 1000
a contact +0 +600 2004 9005 1000
a contact +0 +600 2005 9007 1000
a contact +0 +600 2006 9008 1000
a contact +600 +1200 2001 9002 1000
a contact +600 +1200 2002 9001 1000
a contact +600 +1200 2003 9005 1000
a contact +600 +1200 2004 9004 1000
a contact +600 +1200 2005 9008 1000
a contact +600 +1200 2006 9007 1000
a contact +1200 +1800 2001 9004 1000
a contact +1200 +1800 2002 9005 1000
a contact +1200 +1800 2003 9001 1000
a contact +1200 +1800 2004 9002 1000
a contact +1200 +1800 2007 9007 1000
a contact +1200 +1800 2008 9008 1000
a contact +1800 +2400 2001 9005 1000
a contact +1800 +2400 2002 9004 1000
a contact +1800 +2400 2003 9002 1000
a contact +1800 +2400 2004 9001 1000
a contact +1800 +2400 2007 9008 1000
a contact +1800 +2400 2008 9007 1000
a contact +2400 +3000 2001 9007 1000
a contact +2400 +3000 2002 9008 1000
a contact +2400 +3000 2005 9001 1000
a contact +2400 +3000 2006 9002 1000
a contact +2400 +3000 2007 9004 1000
a contact +2400 +3000 2008 9005 1000
a contact +3000 +3600 2001 9008 1000
a contact +3000 +3600 2002 9007 1000
a contact +3000 +3600 2005 9002 1000
a contact +3000 +3600 2006 9001 1000
a contact +3000 +3600 2007 9005 1000
a contact +3000 +3600 2008 9004 1000
a contact +3600 +4200 2003 9007 1000
a contact +3600 +4200 2004 9008 1000
a contact +3600 +4200 2005 9004 1000
a contact +3600 +4200 2006 9005 1000
a contact +3600 +4200 2007 9001 1000
a contact +3600 +4200 2008 9002 1000
a contact +4200 +4800 2003 9008 1000
a contact +4200 +4800 2004 9007 1000
a contact +4200 +4800 2005 9005 1000
a contact +4200 +4800 2006 9004 1000
a contact +4200 +4800 2007 9002 1000
a contact +4200 +4800 2008 9001 1000
a contact +4800 +5400 2009 9001 1000
a contact +4800 +5400 2010 9002 1000
a contact +4800 +5400 2011 9004 1000
a contact +4800 +5400 2012 9005 1000
a contact +4800 +5400 2013 9007 1000
a contact +4800 +5400 2014 9008 1000
a contact +5400 +6000 2009 9002 1000
a contact +5400 +6000 2011 9001 1000
a contact +5400 +6000 2012 9004 1000
a contact +5400 +6000 2013 9005 1000
a contact +5400 +6000 2014 9007 1000
a contact +5400 +6000 2015 9008 1000
a contact +6000 +6600 2009 9004 1000
a contact +6000 +6600 2011 9002 1000
a contact +6000 +6600 2012 9001 1000
a contact +6000 +6600 2013 9008 1000
a contact +6000 +6600 2014 9005 1000
a contact +6000 +6600 2015 9007 1000
a contact +6600 +7200 2009 9005 1000
a contact +6600 +7200 2011 9007 1000
a contact +6600 +7200 2012 9002 1000
a contact +6600 +7200 2013 9001 1000
a contact +6600 +7200 2014 9004 1000
a contact +6600 +7200 2016 9008 1000
a contact +7200 +7800 2009 9007 1000
a contact +7200 +7800 2010 9001 1000
a contact +7200 +7800 2011 9005 1000
a contact +7200 +7800 2012 9008 1000
a contact +7200 +7800 2013 9002 1000
a contact +7200 +7800 2015 9004 1000
a contact +7800 +8400 2009 9008 1000
a contact +7800 +8400 2010 9004 1000
a contact +7800 +8400 2012 9007 1000
a contact +7800 +8400 2014 9001 1000
a contact +7800 +8400 2015 9002 1000
a contact +7800 +8400 2016 9005 1000
a contact +8400 +9000 2010 9005 1000
a contact +8400 +9000 2011 9008 1000
a contact +8400 +9000 2013 9004 1000
a contact +8400 +9000 2014 9002 1000
a contact +8400 +9000 2015 9001 1000
a contact +8400 +9000 2016 9007 1000
a contact +9000 +9600 2010 9007 1000
a contact +9000 +9600 2015 9005 1000
a contact +9000 +9600 2016 9001 1000
a contact +9000 +9600 2017 9002 1000
a contact +9000 +9600 2018 9004 1000
a contact +9000 +9600 2019 9008 1000
a contact +9600 +10200 2010 9008 1000
a contact +9600 +10200 2016 9002 1000
a contact +9600 +10200 2017 9001 1000
a contact +9600 +10200 2018 9005 1000
a contact +9600 +10200 2019 9004 1000
a contact +9600 +10200 2020 9007 1000
a contact +10200 +10800 2016 9004 1000
a contact +10200 +10800 2017 9005 1000
a contact +10200 +10800 2018 9001 1000
a contact +10200 +10800 2019 9002 1000
a contact +10200 +10800 2020 9008 1000
a contact +10200 +10800 2021 9007 1000
a contact +10800 +11400 2017 9004 1000
a contact +10800 +11400 2018 9002 1000
a contact +10800 +11400 2019 9001 1000
a contact +10800 +11400 2020 9005 1000
a contact +10800 +11400 2021 9008 1000
a contact +10800 +11400 2022 9007 1000
a contact +11400 +12000 2017 9007 1000
a contact +11400 +12000 2018 9008 1000
a contact +11400 +12000 2019 9005 1000
a contact +11400 +12000 2020 9001 1000
a contact +11400 +12000 2021 9002 1000
a contact +11400 +12000 2022 9004 1000
a contact +12000 +12600 2017 9008 1000
a contact +12000 +12600 2018 9007 1000
a contact +12000 +12600 2020 9002 1000
a contact +12000 +12600 2021 9001 1000
a contact +12000 +12600 2022 9005 1000
a contact +12000 +12600 2023 9004 1000
a contact +12600 +13200 2019 9007 1000
a contact +12600 +13200 2020 9004 1000
a contact +12600 +13200 2021 9005 1000
a contact +12600 +13200 2022 9001 1000
a contact +12600 +13200 2023 9002 1000
a contact +12600 +13200 2024 9008 1000
a contact +13200 +13800 2021 9004 1000
a contact +13200 +13800 2022 9002 1000
a contact +13200 +13800 2023 9001 1000
a contact +13200 +13800 2024 9005 1000
a contact +13200 +13800 2025 9007 1000
a contact +13200 +13800 2026 9008 1000
a contact +13800 +14400 2022 9008 1000
a contact +13800 +14400 2023 9005 1000
a contact +13800 +14400 2024 9001 1000
a contact +13800 +14400 2025 9002 1000
a contact +13800 +14400 2026 9004 1000
a contact +13800 +14400 2027 9007 1000
a contact +14400 +15000 2023 9007 1000
a contact +14400 +15000 2024 9002 1000
a contact +14400 +15000 2025 9001 1000
a contact +14400 +15000 2026 9005 1000
a contact +14400 +15000 2027 9004 1000
a contact +14400 +15000 2028 9008 1000
a contact +15000 +15600 2023 9008 1000
a contact +15000 +15600 2024 9004 1000
a contact +15000 +15600 2025 9005 1000
a contact +15000 +15600 2026 9001 1000
a contact +15000 +15600 2027 9002 1000
a contact +15000 +15600 2028 9007 1000
a contact +15600 +16200 2025 9008 1000
a contact +15600 +16200 2026 9002 1000
a contact +15600 +16200 2027 9005 1000
a contact +16200 +16800 2027 9008 1000
a contact +16200 +16800 2028 9002 1000
a contact +16200 +16800 2029 9005 1000
a contact +16800 +17400 2028 9005 1000
a contact +16800 +17400 2029 9002 1000
a contact +16800 +17400 2030 9008 1000
a contact +17400 +18000 2029 9008 1000
a contact +17400 +18000 2030 9002 1000
a contact +17400 +18000 2031 9005 1000
a contact +18000 +18600 2030 9005 1000
a contact +18000 +18600 2031 9002 1000
a contact +18000 +18600 2032 9008 1000
a contact +18600 +19200 2031 9008 1000
a contact +18600 +19200 2032 9002 1000
a contact +18600 +19200 2033 9005 1000
a contact +19200 +19800 2032 9005 1000
a contact +19200 +19800 2033 9002 1000
a contact +19200 +19800 2034 9008 1000
a contact +19800 +20400 2033 9008 1000
a contact +19800 +20400 2034 9002 1000
a contact +19800 +20400 2035 9005 1000
a contact +20400 +21000 2034 9005 1000
a contact +20400 +21000 2035 9002 1000
a contact +20400 +21000 2036 9008 1000
a contact +21000 +21600 2035 9008 1000
a contact +21000 +21600 2036 9002 1000
a contact +21000 +21600 2037 9005 1000
a contact +21600 +22200 2036 9005 1000
a contact +21600 +22200 2037 9002 1000
a contact +21600 +22200 2038 9008 1000
a contact +22200 +22800 2037 9008 1000
a contact +22200 +22800 2038 9002 1000
a contact +22200 +22800 2039 9005 1000
a contact +22800 +23400 2038 9005 1000
a contact +22800 +23400 2039 9002 1000
a contact +22800 +23400 2040 9008 1000
a contact +23400 +24000 2039 9008 1000
a contact +23400 +24000 2040 9002 1000
a contact +23400 +24000 2041 9005 1000
a contact +24000 +24600 2040 9005 1000
a contact +24000 +24600 2041 9002 1000
a contact +24000 +24600 2042 9008 1000
a contact +24600 +25200 2041 9008 1000
a contact +24600 +25200 2042 9002 1000
a contact +24600 +25200 2043 9005 1000
a contact +25200 +25800 2042 9005 1000
a contact +25200 +25800 2043 9002 1000
a contact +25200 +25800 2044 9008 1000
a contact +25800 +26400 2043 9008 1000
a contact +25800 +26400 2044 9002 1000
a contact +25800 +26400 2045 9005 1000
a contact +26400 +27000 2044 9005 1000
a contact +26400 +27000 2045 9002 1000
a contact +26400 +27000 2046 9008 1000
a contact +27000 +27600 2045 9008 1000
a contact +27000 +27600 2046 9002 1000
a contact +27000 +27600 2047 9005 1000
a contact +27600 +28200 2046 9005 1000
a contact +27600 +28200 2047 9002 1000
a contact +27600 +28200 2048 9008 1000
a contact +28200 +28800 2002 9005 1000
a contact +28200 +28800 2047 9008 1000
a contact +28200 +28800 2048 9002 1000
a contact +28800 +29400 2001 9002 1000
a contact +28800 +29400 2002 9008 1000
a contact +28800 +29400 2048 9005 1000
a contact +29400 +30000 2001 9005 1000
a contact +29400 +30000 2002 9002 1000
a contact +29400 +30000 2003 9008 1000
a contact +30000 +30600 2001 9003 1000
a contact +30000 +30600 2002 9006 1000
a contact +30000 +30600 2003 9002 1000
a contact +30000 +30600 2004 9005 1000
a contact +30000 +30600 2005 9008 1000
a contact +30000 +30600 2006 9009 1000
a contact +30600 +31200 2001 9006 1000
a contact +30600 +31200 2002 9003 1000
a contact +30600 +31200 2003 9005 1000
a contact +30600 +31200 2004 9002 1000
a contact +30600 +31200 2005 9009 1000
a contact +30600 +31200 2006 9008 1000
a contact +31200 +31800 2001 9008 1000
a contact +31200 +31800 2002 9009 1000
a contact +31200 +31800 2003 9003 1000
a contact +31200 +31800 2004 9006 1000
a contact +31200 +31800 2005 9002 1000
a contact +31200 +31800 2006 9005 1000
a contact +31800 +32400 2001 9009 1000
a contact +31800 +32400 2003 9006 1000
a contact +31800 +32400 2004 9003 1000
a contact +31800 +32400 2005 9005 1000
a contact +31800 +32400 2006 9002 1000
a contact +31800 +32400 2007 9008 1000
a contact +32400 +33000 2003 9009 1000
a contact +32400 +33000 2004 9008 1000
a contact +32400 +33000 2005 9003 1000
a contact +32400 +33000 2006 9006 1000
a contact +32400 +33000 2007 9002 1000
a contact +32400 +33000 2009 9005 1000
a contact +33000 +33600 2004 9009 1000
a contact +33000 +33600 2005 9006 1000
a contact +33000 +33600 2006 9003 1000
a contact +33000 +33600 2007 9005 1000
a contact +33000 +33600 2009 9002 1000
a contact +33000 +33600 2010 9008 1000
a contact +33600 +34200 2007 9003 1000
a contact +33600 +34200 2008 9002 1000
a contact +33600 +34200 2009 9006 1000
a contact +33600 +34200 2010 9005 1000
a contact +33600 +34200 2011 9008 1000
a contact +33600 +34200 2012 9009 1000
a contact +34200 +34800 2007 9006 1000
a contact +34200 +34800 2008 9003 1000
a contact +34200 +34800 2009 9008 1000
a contact +34200 +34800 2010 9002 1000
a contact +34200 +34800 2011 9005 1000
a contact +34200 +34800 2013 9009 1000
a contact +34800 +35400 2008 9005 1000
a contact +34800 +35400 2009 9003 1000
a contact +34800 +35400 2010 9006 1000
a contact +34800 +35400 2011 9002 1000
a contact +34800 +35400 2012 9008 1000
a contact +34800 +35400 2014 9009 1000
a contact +35400 +36000 2008 9006 1000
a contact +35400 +36000 2009 9009 1000
a contact +35400 +36000 2010 9003 1000
a contact +35400 +36000 2012 9002 1000
a contact +35400 +36000 2013 9005 1000
a contact +35400 +36000 2014 9008 1000
a contact +36000 +36600 2008 9008 1000
a contact +36000 +36600 2010 9009 1000
a contact +36000 +36600 2011 9003 1000
a contact +36000 +36600 2012 9005 1000
a contact +36000 +36600 2013 9002 1000
a contact +36000 +36600 2014 9006 1000
a contact +36600 +37200 2007 9009 1000
a contact +36600 +37200 2011 9006 1000
a contact +36600 +37200 2012 9003 1000
a contact +36600 +37200 2013 9008 1000
a contact +36600 +37200 2014 9002 1000
a contact +36600 +37200 2015 9005 1000
a contact +37200 +37800 2008 9009 1000
a contact +37200 +37800 2012 9006 1000
a contact +37200 +37800 2013 9003 1000
a contact +37200 +37800 2014 9005 1000
a contact +37200 +37800 2015 9002 1000
a contact +37200 +37800 2016 9008 1000
a contact +37800 +38400 2011 9009 1000
a contact +37800 +38400 2013 9006 1000
a contact +37800 +38400 2014 9003 1000
a contact +37800 +38400 2015 9008 1000
a contact +37800 +38400 2016 9002 1000
a contact +37800 +38400 2017 9005 1000
a contact +38400 +39000 2015 9003 1000
a contact +38400 +39000 2016 9005 1000
a contact +38400 +39000 2017 9002 1000
a contact +38400 +39000 2018 9006 1000
a contact +38400 +39000 2019 9008 1000
a contact +38400 +39000 2020 9009 1000
a contact +39000 +39600 2015 9006 1000
a contact +39000 +39600 2016 9003 1000
a contact +39000 +39600 2017 9008 1000
a contact +39000 +39600 2018 9002 1000
a contact +39000 +39600 2019 9005 1000
a contact +39000 +39600 2021 9009 1000
a contact +39600 +40200 2015 9009 1000
a contact +39600 +40200 2016 9006 1000
a contact +39600 +40200 2017 9003 1000
a contact +39600 +40200 2018 9005 1000
a contact +39600 +40200 2019 9002 1000
a contact +39600 +40200 2020 9008 1000
a contact +40200 +40800 2016 9009 1000
a contact +40200 +40800 2017 9006 1000
a contact +40200 +40800 2018 9003 1000
a contact +40200 +40800 2020 9002 1000
a contact +40200 +40800 2021 9005 1000
a contact +40200 +40800 2022 9008 1000
a contact +40800 +41400 2017 9009 1000
a contact +40800 +41400 2018 9008 1000
a contact +40800 +41400 2019 9003 1000
a contact +40800 +41400 2020 9005 1000
a contact +40800 +41400 2021 9002 1000
a contact +40800 +41400 2022 9006 1000
a contact +41400 +42000 2018 9009 1000
a contact +41400 +42000 2019 9006 1000
a contact +41400 +42000 2020 9003 1000
a contact +41400 +42000 2021 9008 1000
a contact +41400 +42000 2022 9002 1000
a contact +41400 +42000 2023 9005 1000
a contact +42000 +42600 2019 9009 1000
a contact +42000 +42600 2020 9006 1000
a contact +42000 +42600 2021 9003 1000
a contact +42000 +42600 2022 9005 1000
a contact +42000 +42600 2023 9002 1000
a contact +42000 +42600 2024 9008 1000
a contact +42600 +43200 2021 9006 1000
a contact +42600 +43200 2022 9009 1000
a contact +42600 +43200 2023 9003 1000
a contact +43200 +43800 2022 9003 1000
a contact +43200 +43800 2023 9009 1000
a contact +43200 +43800 2024 9006 1000
a contact +43800 +44400 2023 9006 1000
a contact +43800 +44400 2024 9009 1000
a contact +43800 +44400 2025 9003 1000
a contact +44400 +45000 2024 9003 1000
a contact +44400 +45000 2025 9009 1000
a contact +44400 +45000 2026 9006 1000
a contact +45000 +45600 2025 9006 1000
a contact +45000 +45600 2026 9009 1000
a contact +45000 +45600 2027 9003 1000
a contact +45600 +46200 2026 9003 1000
a contact +45600 +46200 2027 9009 1000
a contact +45600 +46200 2028 9006 1000
a contact +46200 +46800 2027 9006 1000
a contact +46200 +46800 2028 9009 1000
a contact +46200 +46800 2029 9003 1000
a contact +46800 +47400 2028 9003 1000
a contact +46800 +47400 2029 9009 1000
a contact +46800 +47400 2030 9006 1000
a contact +47400 +48000 2029 9006 1000
a contact +47400 +48000 2030 9009 1000
a contact +47400 +48000 2031 9003 1000
a contact +48000 +48600 2030 9003 1000
a contact +48000 +48600 2031 9009 1000
a contact +48000 +48600 2032 9006 1000
a contact +48600 +49200 2031 9006 1000
a contact +48600 +49200 2032 9009 1000
a contact +48600 +49200 2033 9003 1000
a contact +49200 +49800 2032 9003 1000
a contact +49200 +49800 2033 9009 1000
a contact +49200 +49800 2034 9006 1000
a contact +49800 +50400 2033 9006 1000
a contact +49800 +50400 2034 9009 1000
a contact +49800 +50400 2036 9003 1000
a contact +50400 +51000 2034 9003 1000
a contact +50400 +51000 2036 9009 1000
a contact +50400 +51000 2037 9006 1000
a contact +51000 +51600 2035 9009 1000
a contact +51000 +51600 2036 9006 1000
a contact +51000 +51600 2037 9003 1000
a contact +51600 +52200 2035 9003 1000
a contact +51600 +52200 2037 9009 1000
a contact +51600 +52200 2038 9006 1000
a contact +52200 +52800 2024 9007 1000
a contact +52200 +52800 2025 9004 1000
a contact +52200 +52800 2027 9001 1000
a contact +52200 +52800 2035 9006 1000
a contact +52200 +52800 2038 9003 1000
a contact +52200 +52800 2039 9009 1000
a contact +52800 +53400 2026 9007 1000
a contact +52800 +53400 2028 9001 1000
a contact +52800 +53400 2029 9004 1000
a contact +52800 +53400 2038 9009 1000
a contact +52800 +53400 2039 9003 1000
a contact +52800 +53400 2040 9006 1000
a contact +53400 +54000 2028 9004 1000
a contact +53400 +54000 2029 9001 1000
a contact +53400 +54000 2030 9007 1000
a contact +53400 +54000 2039 9006 1000
a contact +53400 +54000 2040 9003 1000
a contact +53400 +54000 2041 9009 1000
a contact +54000 +54600 2029 9007 1000
a contact +54000 +54600 2030 9001 1000
a contact +54000 +54600 2031 9004 1000
a contact +54000 +54600 2040 9009 1000
a contact +54000 +54600 2041 9003 1000
a contact +54000 +54600 2042 9006 1000
a contact +54600 +55200 2030 9004 1000
a contact +54600 +55200 2031 9001 1000
a contact +54600 +55200 2032 9007 1000
a contact +54600 +55200 2041 9006 1000
a contact +54600 +55200 2042 9003 1000
a contact +54600 +55200 2043 9009 1000
a contact +55200 +55800 2031 9007 1000
a contact +55200 +55800 2032 9001 1000
a contact +55200 +55800 2033 9004 1000
a contact +55200 +55800 2042 9009 1000
a contact +55200 +55800 2043 9003 1000
a contact +55200 +55800 2044 9006 1000
a contact +55800 +56400 2032 9004 1000
a contact +55800 +56400 2033 9001 1000
a contact +55800 +56400 2034 9007 1000
a contact +55800 +56400 2043 9006 1000
a contact +55800 +56400 2044 9003 1000
a contact +55800 +56400 2045 9009 1000
a contact +56400 +57000 2033 9007 1000
a contact +56400 +57000 2034 9001 1000
a contact +56400 +57000 2035 9004 1000
a contact +56400 +57000 2044 9009 1000
a contact +56400 +57000 2045 9003 1000
a contact +56400 +57000 2046 9006 1000
a contact +57000 +57600 2034 9004 1000
a contact +57000 +57600 2035 9001 1000
a contact +57000 +57600 2036 9007 1000
a contact +57000 +57600 2045 9006 1000
a contact +57000 +57600 2046 9003 1000
a contact +57000 +57600 2047 9009 1000
a contact +57600 +58200 2035 9007 1000
a contact +57600 +58200 2036 9001 1000
a contact +57600 +58200 2037 9004 1000
a contact +57600 +58200 2046 9009 1000
a contact +57600 +58200 2047 9003 1000
a contact +57600 +58200 2048 9006 1000
a contact +58200 +58800 2002 9009 1000
a contact +58200 +58800 2036 9004 1000
a contact +58200 +58800 2037 9001 1000
a contact +58200 +58800 2038 9007 1000
a contact +58200 +58800 2047 9006 1000
a contact +58200 +58800 2048 9003 1000
a contact +58800 +59400 2001 9003 1000
a contact +58800 +59400 2002 9006 1000
a contact +58800 +59400 2037 9007 1000
a contact +58800 +59400 2038 9001 1000
a contact +58800 +59400 2039 9004 1000
a contact +58800 +59400 2048 9009 1000
a contact +59400 +60000 2001 9006 1000
a contact +59400 +60000 2002 9003 1000
a contact +59400 +60000 2003 9009 1000
a contact +59400 +60000 2038 9004 1000
a contact +59400 +60000 2039 9001 1000
a contact +59400 +60000 2040 9007 1000
a contact +60000 +60600 2001 9009 1000
a contact +60000 +60600 2003 9003 1000
a contact +60000 +60600 2004 9006 1000
a contact +60000 +60600 2039 9007 1000
a contact +60000 +60600 2040 9001 1000
a contact +60000 +60600 2041 9004 1000
a contact +60600 +61200 2003 9006 1000
a contact +60600 +61200 2004 9003 1000
a contact +60600 +61200 2005 9009 1000
a contact +60600 +61200 2040 9004 1000
a contact +60600 +61200 2041 9001 1000
a contact +60600 +61200 2042 9007 1000
a contact +61200 +61800 2004 9009 1000
a contact +61200 +61800 2005 9003 1000
a contact +61200 +61800 2006 9006 1000
a contact +61200 +61800 2041 9007 1000
a contact +61200 +61800 2042 9001 1000
a contact +61200 +61800 2043 9004 1000
a contact +61800 +62400 2005 9006 1000
a contact +61800 +62400 2006 9003 1000
a contact +61800 +62400 2007 9009 1000
a contact +61800 +62400 2042 9004 1000
a contact +61800 +62400 2043 9001 1000
a contact +61800 +62400 2044 9007 1000
a contact +62400 +63000 2006 9009 1000
a contact +62400 +63000 2007 9003 1000
a contact +62400 +63000 2008 9006 1000
a contact +62400 +63000 2043 9007 1000
a contact +62400 +63000 2044 9001 1000
a contact +62400 +63000 2045 9004 1000
a contact +63000 +63600 2007 9006 1000
a contact +63000 +63600 2008 9003 1000
a contact +63000 +63600 2009 9009 1000
a contact +63000 +63600 2044 9004 1000
a contact +63000 +63600 2045 9001 1000
a contact +63000 +63600 2046 9007 1000
a contact +63600 +64200 2008 9009 1000
a contact +63600 +64200 2009 9003 1000
a contact +63600 +64200 2010 9006 1000
a contact +63600 +64200 2045 9007 1000
a contact +63600 +64200 2046 9001 1000
a contact +63600 +64200 2047 9004 1000
a contact +64200 +64800 2009 9006 1000
a contact +64200 +64800 2011 9003 1000
a contact +64200 +64800 2012 9009 1000
a contact +64200 +64800 2046 9004 1000
a contact +64200 +64800 2047 9001 1000
a contact +64200 +64800 2048 9007 1000
a contact +64800 +65400 2002 9004 1000
a contact +64800 +65400 2011 9006 1000
a contact +64800 +65400 2012 9003 1000
a contact +64800 +65400 2013 9009 1000
a contact +64800 +65400 2047 9007 1000
a contact +64800 +65400 2048 9001 1000
a contact +65400 +66000 2001 9001 1000
a contact +65400 +66000 2002 9007 1000
a contact +65400 +66000 2011 9009 1000
a contact +65400 +66000 2012 9006 1000
a contact +65400 +66000 2013 9003 1000
a contact +65400 +66000 2048 9004 1000
a contact +66000 +66600 2001 9004 1000
a contact +66000 +66600 2002 9001 1000
a contact +66000 +66600 2003 9007 1000
a contact +66000 +66600 2010 9003 1000
a contact +66000 +66600 2013 9006 1000
a contact +66000 +66600 2014 9009 1000
a contact +66600 +67200 2001 9007 1000
a contact +66600 +67200 2003 9001 1000
a contact +66600 +67200 2004 9004 1000
a contact +66600 +67200 2010 9009 1000
a contact +66600 +67200 2014 9003 1000
a contact +66600 +67200 2015 9006 1000
a contact +67200 +67800 2003 9004 1000
a contact +67200 +67800 2004 9001 1000
a contact +67200 +67800 2005 9007 1000
a contact +67200 +67800 2014 9006 1000
a contact +67200 +67800 2015 9003 1000
a contact +67200 +67800 2016 9009 1000
a contact +67800 +68400 2004 9007 1000
a contact +67800 +68400 2005 9001 1000
a contact +67800 +68400 2006 9004 1000
a contact +67800 +68400 2015 9009 1000
a contact +67800 +68400 2016 9003 1000
a contact +67800 +68400 2017 9006 1000
a contact +68400 +69000 2005 9004 1000
a contact +68400 +69000 2006 9001 1000
a contact +68400 +69000 2007 9007 1000
a contact +68400 +69000 2016 9006 1000
a contact +68400 +69000 2017 9003 1000
a contact +68400 +69000 2018 9009 1000
a contact +69000 +69600 2006 9007 1000
a contact +69000 +69600 2007 9001 1000
a contact +69000 +69600 2008 9004 1000
a contact +69000 +69600 2017 9009 1000
a contact +69000 +69600 2018 9003 1000
a contact +69000 +69600 2019 9006 1000
a contact +69600 +70200 2007 9004 1000
a contact +69600 +70200 2008 9001 1000
a contact +69600 +70200 2009 9007 1000
a contact +69600 +70200 2018 9006 1000
a contact +69600 +70200 2019 9003 1000
a contact +69600 +70200 2020 9009 1000
a contact +70200 +70800 2008 9007 1000
a contact +70200 +70800 2009 9001 1000
a contact +70200 +70800 2010 9004 1000
a contact +70200 +70800 2019 9009 1000
a contact +70200 +70800 2020 9003 1000
a contact +70200 +70800 2021 9006 1000
a contact +70800 +71400 2009 9004 1000
a contact +70800 +71400 2010 9001 1000
a contact +70800 +71400 2011 9007 1000
a contact +70800 +71400 2020 9006 1000
a contact +70800 +71400 2021 9003 1000
a contact +70800 +71400 2022 9009 1000
a contact +71400 +72000 2010 9007 1000
a contact +71400 +72000 2011 9001 1000
a contact +71400 +72000 2012 9004 1000
a contact +71400 +72000 2021 9009 1000
a contact +71400 +72000 2022 9003 1000
a contact +71400 +72000 2023 9006 1000
a contact +72000 +72600 2011 9004 1000
a contact +72000 +72600 2012 9001 1000
a contact +72000 +72600 2013 9007 1000
a contact +72000 +72600 2022 9006 1000
a contact +72000 +72600 2023 9003 1000
a contact +72000 +72600 2024 9009 1000
a contact +72600 +73200 2012 9007 1000
a contact +72600 +73200 2013 9001 1000
a contact +72600 +73200 2014 9004 1000
a contact +72600 +73200 2023 9009 1000
a contact +72600 +73200 2024 9003 1000
a contact +72600 +73200 2025 9006 1000
a contact +73200 +73800 2013 9004 1000
a contact +73200 +73800 2014 9001 1000
a contact +73200 +73800 2015 9007 1000
a contact +73200 +73800 2024 9006 1000
a contact +73200 +73800 2025 9003 1000
a contact +73200 +73800 2026 9009 1000
a contact +73800 +74400 2014 9007 1000
a contact +73800 +74400 2015 9001 1000
a contact +73800 +74400 2016 9004 1000
a contact +73800 +74400 2025 9009 1000
a contact +73800 +74400 2026 9003 1000
a contact +73800 +74400 2027 9006 1000
a contact +74400 +75000 2015 9004 1000
a contact +74400 +75000 2016 9001 1000
a contact +74400 +75000 2017 9007 1000
a contact +74400 +75000 2026 9006 1000
a contact +74400 +75000 2027 9003 1000
a contact +74400 +75000 2028 9009 1000
a contact +75000 +75600 2016 9007 1000
a contact +75000 +75600 2017 9001 1000
a contact +75000 +75600 2018 9004 1000
a contact +75000 +75600 2027 9009 1000
a contact +75000 +75600 2028 9003 1000
a contact +75000 +75600 2029 9006 1000
a contact +75600 +76200 2017 9004 1000
a contact +75600 +76200 2018 9001 1000
a contact +75600 +76200 2019 9007 1000
a contact +75600 +76200 2028 9006 1000
a contact +75600 +76200 2029 9003 1000
a contact +75600 +76200 2030 9009 1000
a contact +76200 +76800 2018 9007 1000
a contact +76200 +76800 2019 9001 1000
a contact +76200 +76800 2020 9004 1000
a contact +76200 +76800 2029 9009 1000
a contact +76200 +76800 2030 9003 1000
a contact +76200 +76800 2031 9006 1000
a contact +76800 +77400 2019 9004 1000
a contact +76800 +77400 2020 9001 1000
a contact +76800 +77400 2021 9007 1000
a contact +76800 +77400 2030 9006 1000
a contact +76800 +77400 2031 9003 1000
a contact +76800 +77400 2032 9009 1000
a contact +77400 +78000 2020 9007 1000
a contact +77400 +78000 2021 9001 1000
a contact +77400 +78000 2022 9004 1000
a contact +77400 +78000 2031 9009 1000
a contact +77400 +78000 2032 9003 1000
a contact +77400 +78000 2033 9006 1000
a contact +78000 +78600 2021 9004 1000
a contact +78000 +78600 2022 9001 1000
a contact +78000 +78600 2023 9007 1000
a contact +78000 +78600 2032 9006 1000
a contact +78000 +78600 2033 9003 1000
a contact +78000 +78600 2034 9009 1000
a contact +78600 +79200 2022 9007 1000
a contact +78600 +79200 2023 9001 1000
a contact +78600 +79200 2024 9002 1000
a contact +78600 +79200 2025 9004 1000
a contact +78600 +79200 2026 9005 1000
a contact +78600 +79200 2027 9008 1000
a contact +79200 +79800 2023 9004 1000
a contact +79200 +79800 2024 9001 1000
a contact +79200 +79800 2025 9002 1000
a contact +79200 +79800 2026 9007 1000
a contact +79200 +79800 2027 9005 1000
a contact +79200 +79800 2028 9008 1000
a contact +79800 +80400 2023 9008 1000
a contact +79800 +80400 2024 9004 1000
a contact +79800 +80400 2025 9001 1000
a contact +79800 +80400 2026 9002 1000
a contact +79800 +80400 2027 9007 1000
a contact +79800 +80400 2028 9005 1000
a contact +80400 +81000 2024 9005 1000
a contact +80400 +81000 2025 9007 1000
a contact +80400 +81000 2026 9001 1000
a contact +80400 +81000 2027 9002 1000
a contact +80400 +81000 2028 9004 1000
a contact +80400 +81000 2029 9008 1000
a contact +81000 +81600 2024 9007 1000
a contact +81000 +81600 2025 9005 1000
a contact +81000 +81600 2026 9004 1000
a contact +81000 +81600 2027 9001 1000
a contact +81000 +81600 2028 9002 1000
a contact +81000 +81600 2030 9008 1000
a contact +81600 +82200 2025 9008 1000
a contact +81600 +82200 2027 9004 1000
a contact +81600 +82200 2028 9001 1000
a contact +81600 +82200 2029 9002 1000
a contact +81600 +82200 2030 9005 1000
a contact +81600 +82200 2031 9007 1000
a contact +82200 +82800 2026 9008 1000
a contact +82200 +82800 2028 9007 1000
a contact +82200 +82800 2029 9001 1000
a contact +82200 +82800 2030 9002 1000
a contact +82200 +82800 2031 9004 1000
a contact +82200 +82800 2032 9005 1000
a contact +82800 +83400 2029 9004 1000
a contact +82800 +83400 2030 9001 1000
a contact +82800 +83400 2031 9002 1000
a contact +82800 +83400 2032 9007 1000
a contact +82800 +83400 2033 9005 1000
a contact +82800 +83400 2035 9008 1000
a contact +83400 +84000 2029 9005 1000
a contact +83400 +84000 2030 9004 1000
a contact +83400 +84000 2031 9001 1000
a contact +83400 +84000 2032 9002 1000
a contact +83400 +84000 2033 9007 1000
a contact +83400 +84000 2034 9008 1000
a contact +84000 +84600 2029 9007 1000
a contact +84000 +84600 2031 9005 1000
a contact +84000 +84600 2032 9001 1000
a contact +84000 +84600 2033 9002 1000
a contact +84000 +84600 2034 9004 1000
a contact +84000 +84600 2036 9008 1000
a contact +84600 +85200 2030 9007 1000
a contact +84600 +85200 2031 9008 1000
a contact +84600 +85200 2032 9004 1000
a contact +84600 +85200 2033 9001 1000
a contact +84600 +85200 2034 9002 1000
a contact +84600 +85200 2035 9005 1000
a contact +85200 +85800 2032 9008 1000
a contact +85200 +85800 2033 9004 1000
a contact +85200 +85800 2034 9001 1000
a contact +85200 +85800 2035 9002 1000
a contact +85200 +85800 2036 9005 1000
a contact +85200 +85800 2037 9007 1000
a contact +85800 +86400 2033 9008 1000
a contact +85800 +86400 2034 9005 1000
a contact +85800 +86400 2035 9001 1000
a contact +85800 +86400 2036 9002 1000
a contact +85800 +86400 2037 9004 1000
a contact +85800 +86400 2038 9007 1000

a range +0 +600 2001 9001 1102.3368
a range +0 +600 2002 9002 1103.3954
a range +0 +600 2003 9004 1102.3463
a range +0 +600 2004 9005 1103.3782
a range +0 +600 2005 9007 1102.3545
a range +0 +600 2006 9008 1103.3901
a range +600 +1200 2001 9002 1103.3975
a range +600 +1200 2002 9001 1102.3372
a range +600 +1200 2003 9005 1103.3858
a range +600 +1200 2004 9004 1102.355
a range +600 +1200 2005 9008 1103.3802
a range +600 +1200 2006 9007 1102.3451
a range +1200 +1800 2001 9004 1102.3368
a range +1200 +1800 2002 9005 1103.3954
a range +1200 +1800 2003 9001 1102.3463
a range +1200 +1800 2004 9002 1103.3782
a range +1200 +1800 2007 9007 1102.3447
a range +1200 +1800 2008 9008 1102.2106
a range +1800 +2400 2001 9005 1103.3975
a range +1800 +2400 2002 9004 1102.3372
a range +1800 +2400 2003 9002 1103.3858
a range +1800 +2400 2004 9001 1102.355
a range +1800 +2400 2007 9008 1102.3249
a range +1800 +2400 2008 9007 1102.2254
a range +2400 +3000 2001 9007 1102.3368
a range +2400 +3000 2002 9008 1103.3954
a range +2400 +3000 2005 9001 1102.3545
a range +2400 +3000 2006 9002 1103.3901
a range +2400 +3000 2007 9004 1102.3447
a range +2400 +3000 2008 9005 1102.2106
a range +3000 +3600 2001 9008 1103.3975
a range +3000 +3600 2002 9007 1102.3372
a range +3000 +3600 2005 9002 1103.3802
a range +3000 +3600 2006 9001 1102.3451
a range +3000 +3600 2007 9005 1102.3249
a range +3000 +3600 2008 9004 1102.2254
a range +3600 +4200 2003 9007 1102.3463
a range +3600 +4200 2004 9008 1103.3782
a range +3600 +4200 2005 9004 1102.3545
a range +3600 +4200 2006 9005 1103.3901
a range +3600 +4200 2007 9001 1102.3447
a range +3600 +4200 2008 9002 1102.2106
a range +4200 +4800 2003 9008 1103.3858
a range +4200 +4800 2004 9007 1102.355
a range +4200 +4800 2005 9005 1103.3802
a range +4200 +4800 2006 9004 1102.3451
a range +4200 +4800 2007 9002 1102.3249
a range +4200 +4800 2008 9001 1102.2254
a range +4800 +5400 2009 9001 1102.0813
a range +4800 +5400 2010 9002 1101.9603
a range +4800 +5400 2011 9004 1102.3328
a range +4800 +5400 2012 9005 1102.4402
a range +4800 +5400 2013 9007 1102.3382
a range +4800 +5400 2014 9008 1103.4056
a range +5400 +6000 2009 9002 1102.0734
a range +5400 +6000 2011 9001 1102.3328
a range +5400 +6000 2012 9004 1102.3571
a range +5400 +6000 2013 9005 1103.4105
a range +5400 +6000 2014 9007 1102.3623
a range +5400 +6000 2015 9008 1103.3816
a range +6000 +6600 2009 9004 1102.0813
a range +6000 +6600 2011 9002 1102.5804
a range +6000 +6600 2012 9001 1102.3571
a range +6000 +6600 2013 9008 1103.4105
a range +6000 +6600 2014 9005 1103.4056
a range +6000 +6600 2015 9007 1102.3688
a range +6600 +7200 2009 9005 1102.0734
a range +6600 +7200 2011 9007 1102.3328
a range +6600 +7200 2012 9002 1102.4402
a range +6600 +7200 2013 9001 1102.3382
a range +6600 +7200 2014 9004 1102.3623
a range +6600 +7200 2016 9008 1103.3647
a range +7200 +7800 2009 9007 1102.0813
a range +7200 +7800 2010 9001 1102.3223
a range +7200 +7800 2011 9005 1102.5804
a range +7200 +7800 2012 9008 1102.4402
a range +7200 +7800 2013 9002 1103.4105
a range +7200 +7800 2015 9004 1102.3688
a range +7800 +8400 2009 9008 1102.0734
a range +7800 +8400 2010 9004 1102.3223
a range +7800 +8400 2012 9007 1102.3571
a range +7800 +8400 2014 9001 1102.3623
a range +7800 +8400 2015 9002 1103.3816
a range +7800 +8400 2016 9005 1103.3647
a range +8400 +9000 2010 9005 1102.697
a range +8400 +9000 2011 9008 1102.5804
a range +8400 +9000 2013 9004 1102.3382
a range +8400 +9000 2014 9002 1103.4056
a range +8400 +9000 2015 9001 1102.3688
a range +8400 +9000 2016 9007 1102.3516
a range +9000 +9600 2010 9007 1102.3223
a range +9000 +9600 2015 9005 1103.3816
a range +9000 +9600 2016 9001 1102.3516
a range +9000 +9600 2017 9002 1103.3697
a range +9000 +9600 2018 9004 1102.3224
a range +9000 +9600 2019 9008 1103.3967
a range +9600 +10200 2010 9008 1102.697
a range +9600 +10200 2016 9002 1103.3647
a range +9600 +10200 2017 9001 1102.3299
a range +9600 +10200 2018 9005 1103.3926
a range +9600 +10200 2019 9004 1102.354
a range +9600 +10200 2020 9007 1102.3536
a range +10200 +10800 2016 9004 1102.3516
a range +10200 +10800 2017 9005 1103.3697
a range +10200 +10800 2018 9001 1102.3224
a range +10200 +10800 2019 9002 1103.3967
a range +10200 +10800 2020 9008 1103.3889
a range +10200 +10800 2021 9007 1102.3452
a range +10800 +11400 2017 9004 1102.3299
a range +10800 +11400 2018 9002 1103.3926
a range +10800 +11400 2019 9001 1102.354
a range +10800 +11400 2020 9005 1103.3889
a range +10800 +11400 2021 9008 1103.3803
a range +10800 +11400 2022 9007 1102.3374
a range +11400 +12000 2017 9007 1102.3299
a range +11400 +12000 2018 9008 1103.3926
a range +11400 +12000 2019 9005 1103.3967
a range +11400 +12000 2020 9001 1102.3536
a range +11400 +12000 2021 9002 1103.3803
a range +11400 +12000 2022 9004 1102.3374
a range +12000 +12600 2017 9008 1103.3697
a range +12000 +12600 2018 9007 1102.3224
a range +12000 +12600 2020 9002 1103.3889
a range +12000 +12600 2021 9001 1102.3452
a range +12000 +12600 2022 9005 1103.3792
a range +12000 +12600 2023 9004 1102.3378
a range +12600 +13200 2019 9007 1102.354
a range +12600 +13200 2020 9004 1102.3536
a range +12600 +13200 2021 9005 1103.3803
a range +12600 +13200 2022 9001 1102.3374
a range +12600 +13200 2023 9002 1103.3865
a range +12600 +13200 2024 9008 1103.3952
a range +13200 +13800 2021 9004 1102.3452
a range +13200 +13800 2022 9002 1103.3792
a range +13200 +13800 2023 9001 1102.3378
a range +13200 +13800 2024 9005 1103.3952
a range +13200 +13800 2025 9007 1102.3425
a range +13200 +13800 2026 9008 1103.3993
a range +13800 +14400 2022 9008 1103.3792
a range +13800 +14400 2023 9005 1103.3865
a range +13800 +14400 2024 9001 1102.3458
a range +13800 +14400 2025 9002 1103.3883
a range +13800 +14400 2026 9004 1102.355
a range +13800 +14400 2027 9007 1102.3585
a range +14400 +15000 2023 9007 1102.3378
a range +14400 +15000 2024 9002 1103.3952
a range +14400 +15000 2025 9001 1102.3425
a range +14400 +15000 2026 9005 1103.3993
a range +14400 +15000 2027 9004 1102.3585
a range +14400 +15000 2028 9008 1103.3874
a range +15000 +15600 2023 9008 1103.3865
a range +15000 +15600 2024 9004 1102.3458
a range +15000 +15600 2025 9005 1103.3883
a range +15000 +15600 2026 9001 1102.355
a range +15000 +15600 2027 9002 1103.3991
a range +15000 +15600 2028 9007 1102.3489
a range +15600 +16200 2025 9008 1103.3883
a range +15600 +16200 2026 9002 1103.3993
a range +15600 +16200 2027 9005 1103.3991
a range +16200 +16800 2027 9008 1103.3991
a range +16200 +16800 2028 9002 1103.3874
a range +16200 +16800 2029 9005 1103.3766
a range +16800 +17400 2028 9005 1103.3874
a range +16800 +17400 2029 9002 1103.3766
a range +16800 +17400 2030 9008 1103.3764
a range +17400 +18000 2029 9008 1103.3766
a range +17400 +18000 2030 9002 1103.3764
a range +17400 +18000 2031 9005 1103.3222
a range +18000 +18600 2030 9005 1103.3764
a range +18000 +18600 2031 9002 1103.3222
a range +18000 +18600 2032 9008 1103.1552
a range +18600 +19200 2031 9008 1103.3222
a range +18600 +19200 2032 9002 1103.1552
a range +18600 +19200 2033 9005 1102.9647
a range +19200 +19800 2032 9005 1103.1552
a range +19200 +19800 2033 9002 1102.9647
a range +19200 +19800 2034 9008 1102.7752
a range +19800 +20400 2033 9008 1102.9647
a range +19800 +20400 2034 9002 1102.7752
a range +19800 +20400 2035 9005 1102.587
a range +20400 +21000 2034 9005 1102.7752
a range +20400 +21000 2035 9002 1102.587
a range +20400 +21000 2036 9008 1103.4115
a range +21000 +21600 2035 9008 1102.587
a range +21000 +21600 2036 9002 1103.4115
a range +21000 +21600 2037 9005 1103.3717
a range +21600 +22200 2036 9005 1103.4115
a range +21600 +22200 2037 9002 1103.3717
a range +21600 +22200 2038 9008 1103.4027
a range +22200 +22800 2037 9008 1103.3717
a range +22200 +22800 2038 9002 1103.4027
a range +22200 +22800 2039 9005 1103.4179
a range +22800 +23400 2038 9005 1103.4027
a range +22800 +23400 2039 9002 1103.4179
a range +22800 +23400 2040 9008 1103.403
a range +23400 +24000 2039 9008 1103.4179
a range +23400 +24000 2040 9002 1103.403
a range +23400 +24000 2041 9005 1103.3727
a range +24000 +24600 2040 9005 1103.403
a range +24000 +24600 2041 9002 1103.3727
a range +24000 +24600 2042 9008 1103.3579
a range +24600 +25200 2041 9008 1103.3727
a range +24600 +25200 2042 9002 1103.3579
a range +24600 +25200 2043 9005 1103.3925
a range +25200 +25800 2042 9005 1103.3579
a range +25200 +25800 2043 9002 1103.3925
a range +25200 +25800 2044 9008 1103.3995
a range +25800 +26400 2043 9008 1103.3925
a range +25800 +26400 2044 9002 1103.3995
a range +25800 +26400 2045 9005 1103.3951
a range +26400 +27000 2044 9005 1103.3995
a range +26400 +27000 2045 9002 1103.3951
a range +26400 +27000 2046 9008 1103.383
a range +27000 +27600 2045 9008 1103.3951
a range +27000 +27600 2046 9002 1103.383
a range +27000 +27600 2047 9005 1103.3762
a range +27600 +28200 2046 9005 1103.383
a range +27600 +28200 2047 9002 1103.3762
a range +27600 +28200 2048 9008 1103.3804
a range +28200 +28800 2002 9005 1103.3954
a range +28200 +28800 2047 9008 1103.3762
a range +28200 +28800 2048 9002 1103.3804
a range +28800 +29400 2001 9002 1103.3975
a range +28800 +29400 2002 9008 1103.3954
a range +28800 +29400 2048 9005 1103.3804
a range +29400 +30000 2001 9005 1103.3975
a range +29400 +30000 2002 9002 1103.3954
a range +29400 +30000 2003 9008 1103.3858
a range +30000 +30600 2001 9003 1104.7848
a range +30000 +30600 2002 9006 1104.7807
a range +30000 +30600 2003 9002 1103.3858
a range +30000 +30600 2004 9005 1103.3782
a range +30000 +30600 2005 9008 1103.3802
a range +30000 +30600 2006 9009 1104.7791
a range +30600 +31200 2001 9006 1104.7848
a range +30600 +31200 2002 9003 1104.7807
a range +30600 +31200 2003 9005 1103.3858
a range +30600 +31200 2004 9002 1103.3782
a range +30600 +31200 2005 9009 1104.7687
a range +30600 +31200 2006 9008 1103.3901
a range +31200 +31800 2001 9008 1103.3975
a range +31200 +31800 2002 9009 1104.7807
a range +31200 +31800 2003 9003 1104.7708
a range +31200 +31800 2004 9006 1104.7648
a range +31200 +31800 2005 9002 1103.3802
a range +31200 +31800 2006 9005 1103.3901
a range +31800 +32400 2001 9009 1104.7848
a range +31800 +32400 2003 9006 1104.7708
a range +31800 +32400 2004 9003 1104.7648
a range +31800 +32400 2005 9005 1103.3802
a range +31800 +32400 2006 9002 1103.3901
a range +31800 +32400 2007 9008 1103.1008
a range +32400 +33000 2003 9009 1104.7708
a range +32400 +33000 2004 9008 1103.3782
a range +32400 +33000 2005 9003 1104.7687
a range +32400 +33000 2006 9006 1104.7791
a range +32400 +33000 2007 9002 1103.1008
a range +32400 +33000 2009 9005 1103.3812
a range +33000 +33600 2004 9009 1104.7648
a range +33000 +33600 2005 9006 1104.7687
a range +33000 +33600 2006 9003 1104.7791
a range +33000 +33600 2007 9005 1103.1008
a range +33000 +33600 2009 9002 1103.3812
a range +33000 +33600 2010 9008 1103.4035
a range +33600 +34200 2007 9003 1103.103
a range +33600 +34200 2008 9002 1103.3649
a range +33600 +34200 2009 9006 1103.5755
a range +33600 +34200 2010 9005 1103.4035
a range +33600 +34200 2011 9008 1103.3634
a range +33600 +34200 2012 9009 1103.2148
a range +34200 +34800 2007 9006 1103.103
a range +34200 +34800 2008 9003 1103.7132
a range +34200 +34800 2009 9008 1103.3812
a range +34200 +34800 2010 9002 1103.4035
a range +34200 +34800 2011 9005 1103.3634
a range +34200 +34800 2013 9009 1104.7563
a range +34800 +35400 2008 9005 1103.3649
a range +34800 +35400 2009 9003 1103.5755
a range +34800 +35400 2010 9006 1103.4624
a range +34800 +35400 2011 9002 1103.3634
a range +34800 +35400 2012 9008 1103.2198
a range +34800 +35400 2014 9009 1104.7796
a range +35400 +36000 2008 9006 1103.7132
a range +35400 +36000 2009 9009 1103.5755
a range +35400 +36000 2010 9003 1103.4624
a range +35400 +36000 2012 9002 1103.2198
a range +35400 +36000 2013 9005 1103.4105
a range +35400 +36000 2014 9008 1103.4056
a range +36000 +36600 2008 9008 1103.3649
a range +36000 +36600 2010 9009 1103.4624
a range +36000 +36600 2011 9003 1103.3499
a range +36000 +36600 2012 9005 1103.2198
a range +36000 +36600 2013 9002 1103.4105
a range +36000 +36600 2014 9006 1104.7796
a range +36600 +37200 2007 9009 1103.852
a range +36600 +37200 2011 9006 1103.3499
a range +36600 +37200 2012 9003 1103.2148
a range +36600 +37200 2013 9008 1103.4105
a range +36600 +37200 2014 9002 1103.4056
a range +36600 +37200 2015 9005 1103.3816
a range +37200 +37800 2008 9009 1103.7132
a range +37200 +37800 2012 9006 1103.2148
a range +37200 +37800 2013 9003 1104.7563
a range +37200 +37800 2014 9005 1103.4056
a range +37200 +37800 2015 9002 1103.3816
a range +37200 +37800 2016 9008 1103.3647
a range +37800 +38400 2011 9009 1103.3499
a range +37800 +38400 2013 9006 1104.7563
a range +37800 +38400 2014 9003 1104.7796
a range +37800 +38400 2015 9008 1103.3816
a range +37800 +38400 2016 9002 1103.3647
a range +37800 +38400 2017 9005 1103.3697
a range +38400 +39000 2015 9003 1104.798
a range +38400 +39000 2016 9005 1103.3647
a range +38400 +39000 2017 9002 1103.3697
a range +38400 +39000 2018 9006 1104.7522
a range +38400 +39000 2019 9008 1103.3967
a range +38400 +39000 2020 9009 1104.775
a range +39000 +39600 2015 9006 1104.798
a range +39000 +39600 2016 9003 1104.7921
a range +39000 +39600 2017 9008 1103.3697
a range +39000 +39600 2018 9002 1103.3926
a range +39000 +39600 2019 9005 1103.3967
a range +39000 +39600 2021 9009 1104.7832
a range +39600 +40200 2015 9009 1104.798
a range +39600 +40200 2016 9006 1104.7921
a range +39600 +40200 2017 9003 1104.7708
a range +39600 +40200 2018 9005 1103.3926
a range +39600 +40200 2019 9002 1103.3967
a range +39600 +40200 2020 9008 1103.3889
a range +40200 +40800 2016 9009 1104.7921
a range +40200 +40800 2017 9006 1104.7708
a range +40200 +40800 2018 9003 1104.7522
a range +40200 +40800 2020 9002 1103.3889
a range +40200 +40800 2021 9005 1103.3803
a range +40200 +40800 2022 9008 1103.3792
a range +40800 +41400 2017 9009 1104.7708
a range +40800 +41400 2018 9008 1103.3926
a range +40800 +41400 2019 9003 1104.7663
a range +40800 +41400 2020 9005 1103.3889
a range +40800 +41400 2021 9002 1103.3803
a range +40800 +41400 2022 9006 1104.7831
a range +41400 +42000 2018 9009 1104.7522
a range +41400 +42000 2019 9006 1104.7663
a range +41400 +42000 2020 9003 1104.775
a range +41400 +42000 2021 9008 1103.3803
a range +41400 +42000 2022 9002 1103.3792
a range +41400 +42000 2023 9005 1103.3865
a range +42000 +42600 2019 9009 1104.7663
a range +42000 +42600 2020 9006 1104.775
a range +42000 +42600 2021 9003 1104.7832
a range +42000 +42600 2022 9005 1103.3792
a range +42000 +42600 2023 9002 1103.3865
a range +42000 +42600 2024 9008 1103.3952
a range +42600 +43200 2021 9006 1104.7832
a range +42600 +43200 2022 9009 1104.7831
a range +42600 +43200 2023 9003 1104.7752
a range +43200 +43800 2022 9003 1104.7831
a range +43200 +43800 2023 9009 1104.7752
a range +43200 +43800 2024 9006 1104.7668
a range +43800 +44400 2023 9006 1104.7752
a range +43800 +44400 2024 9009 1104.7668
a range +43800 +44400 2025 9003 1104.7825
a range +44400 +45000 2024 9003 1104.7668
a range +44400 +45000 2025 9009 1104.7825
a range +44400 +45000 2026 9006 1104.7699
a range +45000 +45600 2025 9006 1104.7825
a range +45000 +45600 2026 9009 1104.7699
a range +45000 +45600 2027 9003 1104.7621
a range +45600 +46200 2026 9003 1104.7699
a range +45600 +46200 2027 9009 1104.7621
a range +45600 +46200 2028 9006 1104.7673
a range +46200 +46800 2027 9006 1104.7621
a range +46200 +46800 2028 9009 1104.7673
a range +46200 +46800 2029 9003 1104.7797
a range +46800 +47400 2028 9003 1104.7673
a range +46800 +47400 2029 9009 1104.7797
a range +46800 +47400 2030 9006 1104.7875
a range +47400 +48000 2029 9006 1104.7797
a range +47400 +48000 2030 9009 1104.7875
a range +47400 +48000 2031 9003 1104.3992
a range +48000 +48600 2030 9003 1104.7875
a range +48000 +48600 2031 9009 1104.3992
a range +48000 +48600 2032 9006 1104.2093
a range +48600 +49200 2031 9006 1104.3992
a range +48600 +49200 2032 9009 1104.2093
a range +48600 +49200 2033 9003 1104.0213
a range +49200 +49800 2032 9003 1104.2093
a range +49200 +49800 2033 9009 1104.0213
a range +49200 +49800 2034 9006 1103.8352
a range +49800 +50400 2033 9006 1104.0213
a range +49800 +50400 2034 9009 1103.8352
a range +49800 +50400 2036 9003 1104.5897
a range +50400 +51000 2034 9003 1103.8352
a range +50400 +51000 2036 9009 1104.5897
a range +50400 +51000 2037 9006 1104.7923
a range +51000 +51600 2035 9009 1104.7807
a range +51000 +51600 2036 9006 1104.5897
a range +51000 +51600 2037 9003 1104.7923
a range +51600 +52200 2035 9003 1104.7807
a range +51600 +52200 2037 9009 1104.7923
a range +51600 +52200 2038 9006 1104.8047
a range +52200 +52800 2024 9007 1105.0568
a range +52200 +52800 2025 9004 1105.0454
a range +52200 +52800 2027 9001 1105.06
a range +52200 +52800 2035 9006 1104.7807
a range +52200 +52800 2038 9003 1104.8047
a range +52200 +52800 2039 9009 1104.7869
a range +52800 +53400 2026 9007 1105.0479
a range +52800 +53400 2028 9001 1105.0699
a range +52800 +53400 2029 9004 1105.0673
a range +52800 +53400 2038 9009 1104.8047
a range +52800 +53400 2039 9003 1104.7869
a range +52800 +53400 2040 9006 1104.7563
a range +53400 +54000 2028 9004 1105.0699
a range +53400 +54000 2029 9001 1105.0673
a range +53400 +54000 2030 9007 1105.0559
a range +53400 +54000 2039 9006 1104.7869
a range +53400 +54000 2040 9003 1104.7563
a range +53400 +54000 2041 9009 1104.7451
a range +54000 +54600 2029 9007 1105.0673
a range +54000 +54600 2030 9001 1105.0559
a range +54000 +54600 2031 9004 1104.3928
a range +54000 +54600 2040 9009 1104.7563
a range +54000 +54600 2041 9003 1104.7451
a range +54000 +54600 2042 9006 1104.7626
a range +54600 +55200 2030 9004 1105.0559
a range +54600 +55200 2031 9001 1104.3928
a range +54600 +55200 2032 9007 1104.212
a range +54600 +55200 2041 9006 1104.7451
a range +54600 +55200 2042 9003 1104.7626
a range +54600 +55200 2043 9009 1104.7853
a range +55200 +55800 2031 9007 1104.3928
a range +55200 +55800 2032 9001 1104.212
a range +55200 +55800 2033 9004 1104.0326
a range +55200 +55800 2042 9009 1104.7626
a range +55200 +55800 2043 9003 1104.7853
a range +55200 +55800 2044 9006 1104.7853
a range +55800 +56400 2032 9004 1104.212
a range +55800 +56400 2033 9001 1104.0326
a range +55800 +56400 2034 9007 1104.9227
a range +55800 +56400 2043 9006 1104.7853
a range +55800 +56400 2044 9003 1104.7853
a range +55800 +56400 2045 9009 1104.7748
a range +56400 +57000 2033 9007 1104.0326
a range +56400 +57000 2034 9001 1104.9227
a range +56400 +57000 2035 9004 1104.7596
a range +56400 +57000 2044 9009 1104.7853
a range +56400 +57000 2045 9003 1104.7748
a range +56400 +57000 2046 9006 1104.7643
a range +57000 +57600 2034 9004 1104.9227
a range +57000 +57600 2035 9001 1104.7596
a range +57000 +57600 2036 9007 1104.5751
a range +57000 +57600 2045 9006 1104.7748
a range +57000 +57600 2046 9003 1104.7643
a range +57000 +57600 2047 9009 1104.7647
a range +57600 +58200 2035 9007 1104.7596
a range +57600 +58200 2036 9001 1104.5751
a range +57600 +58200 2037 9004 1105.0812
a range +57600 +58200 2046 9009 1104.7643
a range +57600 +58200 2047 9003 1104.7647
a range +57600 +58200 2048 9006 1104.7745
a range +58200 +58800 2002 9009 1104.7807
a range +58200 +58800 2036 9004 1104.5751
a range +58200 +58800 2037 9001 1105.0812
a range +58200 +58800 2038 9007 1105.0521
a range +58200 +58800 2047 9006 1104.7647
a range +58200 +58800 2048 9003 1104.7745
a range +58800 +59400 2001 9003 1104.7848
a range +58800 +59400 2002 9006 1104.7807
a range +58800 +59400 2037 9007 1105.0812
a range +58800 +59400 2038 9001 1105.0521
a range +58800 +59400 2039 9004 1105.0295
a range +58800 +59400 2048 9009 1104.7745
a range +59400 +60000 2001 9006 1104.7848
a range +59400 +60000 2002 9003 1104.7807
a range +59400 +60000 2003 9009 1104.7708
a range +59400 +60000 2038 9004 1105.0521
a range +59400 +60000 2039 9001 1105.0295
a range +59400 +60000 2040 9007 1105.0348
a range +60000 +60600 2001 9009 1104.7848
a range +60000 +60600 2003 9003 1104.7708
a range +60000 +60600 2004 9006 1104.7648
a range +60000 +60600 2039 9007 1105.0295
a range +60000 +60600 2040 9001 1105.0348
a range +60000 +60600 2041 9004 1105.0635
a range +60600 +61200 2003 9006 1104.7708
a range +60600 +61200 2004 9003 1104.7648
a range +60600 +61200 2005 9009 1104.7687
a range +60600 +61200 2040 9004 1105.0348
a range +60600 +61200 2041 9001 1105.0635
a range +60600 +61200 2042 9007 1105.0857
a range +61200 +61800 2004 9009 1104.7648
a range +61200 +61800 2005 9003 1104.7687
a range +61200 +61800 2006 9006 1104.7791
a range +61200 +61800 2041 9007 1105.0635
a range +61200 +61800 2042 9001 1105.0857
a range +61200 +61800 2043 9004 1105.0641
a range +61800 +62400 2005 9006 1104.7687
a range +61800 +62400 2006 9003 1104.7791
a range +61800 +62400 2007 9009 1104.6064
a range +61800 +62400 2042 9004 1105.0857
a range +61800 +62400 2043 9001 1105.0641
a range +61800 +62400 2044 9007 1105.0525
a range +62400 +63000 2006 9009 1104.7791
a range +62400 +63000 2007 9003 1104.6064
a range +62400 +63000 2008 9006 1104.4877
a range +62400 +63000 2043 9007 1105.0641
a range +62400 +63000 2044 9001 1105.0525
a range +62400 +63000 2045 9004 1105.0457
a range +63000 +63600 2007 9006 1104.6064
a range +63000 +63600 2008 9003 1104.4877
a range +63000 +63600 2009 9009 1104.3445
a range +63000 +63600 2044 9004 1105.0525
a range +63000 +63600 2045 9001 1105.0457
a range +63000 +63600 2046 9007 1105.0513
a range +63600 +64200 2008 9009 1104.4877
a range +63600 +64200 2009 9003 1104.3445
a range +63600 +64200 2010 9006 1104.2263
a range +63600 +64200 2045 9007 1105.0457
a range +63600 +64200 2046 9001 1105.0513
a range +63600 +64200 2047 9004 1105.0632
a range +64200 +64800 2009 9006 1104.3445
a range +64200 +64800 2011 9003 1104.7904
a range +64200 +64800 2012 9009 1104.7504
a range +64200 +64800 2046 9004 1105.0513
a range +64200 +64800 2047 9001 1105.0632
a range +64200 +64800 2048 9007 1105.0695
a range +64800 +65400 2002 9004 1105.0492
a range +64800 +65400 2011 9006 1104.7904
a range +64800 +65400 2012 9003 1104.7504
a range +64800 +65400 2013 9009 1104.7563
a range +64800 +65400 2047 9007 1105.0632
a range +64800 +65400 2048 9001 1105.0695
a range +65400 +66000 2001 9001 1105.0488
a range +65400 +66000 2002 9007 1105.0492
a range +65400 +66000 2011 9009 1104.7904
a range +65400 +66000 2012 9006 1104.7504
a range +65400 +66000 2013 9003 1104.7563
a range +65400 +66000 2048 9004 1105.0695
a range +66000 +66600 2001 9004 1105.0488
a range +66000 +66600 2002 9001 1105.0492
a range +66000 +66600 2003 9007 1105.058
a range +66000 +66600 2010 9003 1104.7674
a range +66000 +66600 2013 9006 1104.7563
a range +66000 +66600 2014 9009 1104.7796
a range +66600 +67200 2001 9007 1105.0488
a range +66600 +67200 2003 9001 1105.058
a range +66600 +67200 2004 9004 1105.0666
a range +66600 +67200 2010 9009 1104.7674
a range +66600 +67200 2014 9003 1104.7796
a range +66600 +67200 2015 9006 1104.798
a range +67200 +67800 2003 9004 1105.058
a range +67200 +67800 2004 9001 1105.0666
a range +67200 +67800 2005 9007 1105.0662
a range +67200 +67800 2014 9006 1104.7796
a range +67200 +67800 2015 9003 1104.798
a range +67200 +67800 2016 9009 1104.7921
a range +67800 +68400 2004 9007 1105.0666
a range +67800 +68400 2005 9001 1105.0662
a range +67800 +68400 2006 9004 1105.057
a range +67800 +68400 2015 9009 1104.798
a range +67800 +68400 2016 9003 1104.7921
a range +67800 +68400 2017 9006 1104.7708
a range +68400 +69000 2005 9004 1105.0662
a range +68400 +69000 2006 9001 1105.057
a range +68400 +69000 2007 9007 1104.5908
a range +68400 +69000 2016 9006 1104.7921
a range +68400 +69000 2017 9003 1104.7708
a range +68400 +69000 2018 9009 1104.7522
a range +69000 +69600 2006 9007 1105.057
a range +69000 +69600 2007 9001 1104.5908
a range +69000 +69600 2008 9004 1104.477
a range +69000 +69600 2017 9009 1104.7708
a range +69000 +69600 2018 9003 1104.7522
a range +69000 +69600 2019 9006 1104.7663
a range +69600 +70200 2007 9004 1104.5908
a range +69600 +70200 2008 9001 1104.477
a range +69600 +70200 2009 9007 1105.0791
a range +69600 +70200 2018 9006 1104.7522
a range +69600 +70200 2019 9003 1104.7663
a range +69600 +70200 2020 9009 1104.775
a range +70200 +70800 2008 9007 1104.477
a range +70200 +70800 2009 9001 1105.0791
a range +70200 +70800 2010 9004 1104.9865
a range +70200 +70800 2019 9009 1104.7663
a range +70200 +70800 2020 9003 1104.775
a range +70200 +70800 2021 9006 1104.7832
a range +70800 +71400 2009 9004 1105.0791
a range +70800 +71400 2010 9001 1104.9865
a range +70800 +71400 2011 9007 1104.8455
a range +70800 +71400 2020 9006 1104.775
a range +70800 +71400 2021 9003 1104.7832
a range +70800 +71400 2022 9009 1104.7831
a range +71400 +72000 2010 9007 1104.9865
a range +71400 +72000 2011 9001 1104.8455
a range +71400 +72000 2012 9004 1104.7299
a range +71400 +72000 2021 9009 1104.7832
a range +71400 +72000 2022 9003 1104.7831
a range +71400 +72000 2023 9006 1104.7752
a range +72000 +72600 2011 9004 1104.8455
a range +72000 +72600 2012 9001 1104.7299
a range +72000 +72600 2013 9007 1105.0813
a range +72000 +72600 2022 9006 1104.7831
a range +72000 +72600 2023 9003 1104.7752
a range +72000 +72600 2024 9009 1104.7668
a range +72600 +73200 2012 9007 1104.7299
a range +72600 +73200 2013 9001 1105.0813
a range +72600 +73200 2014 9004 1105.0727
a range +72600 +73200 2023 9009 1104.7752
a range +72600 +73200 2024 9003 1104.7668
a range +72600 +73200 2025 9006 1104.7825
a range +73200 +73800 2013 9004 1105.0813
a range +73200 +73800 2014 9001 1105.0727
a range +73200 +73800 2015 9007 1105.0478
a range +73200 +73800 2024 9006 1104.7668
a range +73200 +73800 2025 9003 1104.7825
a range +73200 +73800 2026 9009 1104.7699
a range +73800 +74400 2014 9007 1105.0727
a range +73800 +74400 2015 9001 1105.0478
a range +73800 +74400 2016 9004 1105.0337
a range +73800 +74400 2025 9009 1104.7825
a range +73800 +74400 2026 9003 1104.7699
a range +73800 +74400 2027 9006 1104.7621
a range +74400 +75000 2015 9004 1105.0478
a range +74400 +75000 2016 9001 1105.0337
a range +74400 +75000 2017 9007 1105.0419
a range +74400 +75000 2026 9006 1104.7699
a range +74400 +75000 2027 9003 1104.7621
a range +74400 +75000 2028 9009 1104.7673
a range +75000 +75600 2016 9007 1105.0337
a range +75000 +75600 2017 9001 1105.0419
a range +75000 +75600 2018 9004 1105.0659
a range +75000 +75600 2027 9009 1104.7621
a range +75000 +75600 2028 9003 1104.7673
a range +75000 +75600 2029 9006 1104.7797
a range +75600 +76200 2017 9004 1105.0419
a range +75600 +76200 2018 9001 1105.0659
a range +75600 +76200 2019 9007 1105.0656
a range +75600 +76200 2028 9006 1104.7673
a range +75600 +76200 2029 9003 1104.7797
a range +75600 +76200 2030 9009 1104.7875
a range +76200 +76800 2018 9007 1105.0659
a range +76200 +76800 2019 9001 1105.0656
a range +76200 +76800 2020 9004 1105.066
a range +76200 +76800 2029 9009 1104.7797
a range +76200 +76800 2030 9003 1104.7875
a range +76200 +76800 2031 9006 1104.7564
a range +76800 +77400 2019 9004 1105.0656
a range +76800 +77400 2020 9001 1105.066
a range +76800 +77400 2021 9007 1105.0578
a range +76800 +77400 2030 9006 1104.7875
a range +76800 +77400 2031 9003 1104.7564
a range +76800 +77400 2032 9009 1104.7452
a range +77400 +78000 2020 9007 1105.066
a range +77400 +78000 2021 9001 1105.0578
a range +77400 +78000 2022 9004 1105.0494
a range +77400 +78000 2031 9009 1104.7564
a range +77400 +78000 2032 9003 1104.7452
a range +77400 +78000 2033 9006 1104.7635
a range +78000 +78600 2021 9004 1105.0578
a range +78000 +78600 2022 9001 1105.0494
a range +78000 +78600 2023 9007 1105.049
a range +78000 +78600 2032 9006 1104.7452
a range +78000 +78600 2033 9003 1104.7635
a range +78000 +78600 2034 9009 1104.7935
a range +78600 +79200 2022 9007 1105.0494
a range +78600 +79200 2023 9001 1105.049
a range +78600 +79200 2024 9002 1105.064
a range +78600 +79200 2025 9004 1105.0454
a range +78600 +79200 2026 9005 1105.0552
a range +78600 +79200 2027 9008 1105.0672
a range +79200 +79800 2023 9004 1105.049
a range +79200 +79800 2024 9001 1105.0568
a range +79200 +79800 2025 9002 1105.0526
a range +79200 +79800 2026 9007 1105.0479
a range +79200 +79800 2027 9005 1105.0672
a range +79200 +79800 2028 9008 1105.0771
a range +79800 +80400 2023 9008 1105.0562
a range +79800 +80400 2024 9004 1105.0568
a range +79800 +80400 2025 9001 1105.0454
a range +79800 +80400 2026 9002 1105.0552
a range +79800 +80400 2027 9007 1105.06
a range +79800 +80400 2028 9005 1105.0771
a range +80400 +81000 2024 9005 1105.064
a range +80400 +81000 2025 9007 1105.0454
a range +80400 +81000 2026 9001 1105.0479
a range +80400 +81000 2027 9002 1105.0672
a range +80400 +81000 2028 9004 1105.0699
a range +80400 +81000 2029 9008 1105.0745
a range +81000 +81600 2024 9007 1105.0568
a range +81000 +81600 2025 9005 1105.0526
a range +81000 +81600 2026 9004 1105.0479
a range +81000 +81600 2027 9001 1105.06
a range +81000 +81600 2028 9002 1105.0771
a range +81000 +81600 2030 9008 1105.0631
a range +81600 +82200 2025 9008 1105.0526
a range +81600 +82200 2027 9004 1105.06
a range +81600 +82200 2028 9001 1105.0699
a range +81600 +82200 2029 9002 1105.0745
a range +81600 +82200 2030 9005 1105.0631
a range +81600 +82200 2031 9007 1105.0379
a range +82200 +82800 2026 9008 1105.0552
a range +82200 +82800 2028 9007 1105.0699
a range +82200 +82800 2029 9001 1105.0673
a range +82200 +82800 2030 9002 1105.0631
a range +82200 +82800 2031 9004 1105.0379
a range +82200 +82800 2032 9005 1105.073
a range +82800 +83400 2029 9004 1105.0673
a range +82800 +83400 2030 9001 1105.0559
a range +82800 +83400 2031 9002 1105.0451
a range +82800 +83400 2032 9007 1105.0658
a range +82800 +83400 2033 9005 1105.0939
a range +82800 +83400 2035 9008 1105.0571
a range +83400 +84000 2029 9005 1105.0745
a range +83400 +84000 2030 9004 1105.0559
a range +83400 +84000 2031 9001 1105.0379
a range +83400 +84000 2032 9002 1105.073
a range +83400 +84000 2033 9007 1105.0867
a range +83400 +84000 2034 9008 1105.0843
a range +84000 +84600 2029 9007 1105.0673
a range +84000 +84600 2031 9005 1105.0451
a range +84000 +84600 2032 9001 1105.0658
a range +84000 +84600 2033 9002 1105.0939
a range +84000 +84600 2034 9004 1105.0771
a range +84000 +84600 2036 9008 1105.0361
a range +84600 +85200 2030 9007 1105.0559
a range +84600 +85200 2031 9008 1105.0451
a range +84600 +85200 2032 9004 1105.0658
a range +84600 +85200 2033 9001 1105.0867
a range +84600 +85200 2034 9002 1105.0843
a range +84600 +85200 2035 9005 1105.0571
a range +85200 +85800 2032 9008 1105.073
a range +85200 +85800 2033 9004 1105.0867
a range +85200 +85800 2034 9001 1105.0771
a range +85200 +85800 2035 9002 1105.0571
a range +85200 +85800 2036 9005 1105.0361
a range +85200 +85800 2037 9007 1105.0812
a range +85800 +86400 2033 9008 1105.0939
a range +85800 +86400 2034 9005 1105.0843
a range +85800 +86400 2035 9001 1105.0498
a range +85800 +86400 2036 9002 1105.0361
a range +85800 +86400 2037 9004 1105.0812
a range +85800 +86400 2038 9007 1105.0521
