a contact +0 +100 2001 2016 100.0 12890.8015
a contact +0 +100 2002 2007 100.0 12890.8015
a contact +0 +100 2003 2014 100.0 12890.8015
a contact +0 +100 2004 2005 100.0 12890.8015
a contact +0 +100 2005 2004 100.0 12890.8015
a contact +0 +100 2006 2011 100.0 12890.8015
a contact +0 +100 2007 2002 100.0 12890.8015
a contact +0 +100 2008 2009 100.0 12890.8015
a contact +0 +100 2009 2008 100.0 12890.8015
a contact +0 +100 2010 2015 100.0 12890.8015
a contact +0 +100 2011 2006 100.0 12890.8015
a contact +0 +100 2012 2013 100.0 12890.8015
a contact +0 +100 2013 2012 100.0 12890.8015
a contact +0 +100 2014 2003 100.0 12890.8015
a contact +0 +100 2015 2010 100.0 12890.8015
a contact +0 +100 2016 2001 100.0 12890.8015
a contact +0 +1000 2002 3003 1000.0 14005.0771
a contact +0 +1000 2004 3004 1000.0 14005.0771
a contact +0 +1000 2014 3001 1000.0 14005.0771
a contact +0 +1000 2016 3002 1000.0 14005.0771
a contact +0 +1000 3001 2014 1000.0 14005.0771
a contact +0 +1000 3002 2016 1000.0 14005.0771
a contact +0 +1000 3003 2002 1000.0 14005.0771
a contact +0 +1000 3004 2004 1000.0 14005.0771
a contact +0 +2500 2010 3001 2500.0 14105.8033
a contact +0 +2500 2012 3002 2500.0 14105.8033
a contact +0 +2500 2014 3003 2500.0 14105.8033
a contact +0 +2500 2016 3004 2500.0 14105.8033
a contact +0 +2500 3001 2010 2500.0 14105.8033
a contact +0 +2500 3002 2012 2500.0 14105.8033
a contact +0 +2500 3003 2014 2500.0 14105.8033
a contact +0 +2500 3004 2016 2500.0 14105.8033
a contact +0 +3200 2001 3003 3200.0 14108.6966
a contact +0 +3200 2003 3004 3200.0 14108.6966
a contact +0 +3200 2013 3001 3200.0 14108.6966
a contact +0 +3200 2015 3002 3200.0 14108.6966
a contact +0 +3200 3001 2013 3200.0 14108.6966
a contact +0 +3200 3002 2015 3200.0 14108.6966
a contact +0 +3200 3003 2001 3200.0 14108.6966
a contact +0 +3200 3004 2003 3200.0 14108.6966
a contact +0 +3600 2002 2010 3600.0 12963.3473
a contact +0 +3600 2004 2012 3600.0 12963.3473
a contact +0 +3600 2006 2014 3600.0 12963.3473
a contact +0 +3600 2008 2016 3600.0 12963.3473
a contact +0 +3600 2010 2002 3600.0 12963.3473
a contact +0 +3600 2012 2004 3600.0 12963.3473
a contact +0 +3600 2014 2006 3600.0 12963.3473
a contact +0 +3600 2016 2008 3600.0 12963.3473
a contact +0 +4000 1001 1003 4000.0 23470.0607
a contact +0 +4000 1002 1004 4000.0 23470.0607
a contact +0 +4000 1003 1001 4000.0 23470.0607
a contact +0 +4000 1004 1002 4000.0 23470.0607
a contact +1900 +4900 2001 2006 3000.0 12940.7967
a contact +1900 +4900 2002 2013 3000.0 12940.7967
a contact +1900 +4900 2003 2008 3000.0 12940.7967
a contact +1900 +4900 2004 2015 3000.0 12940.7967
a contact +1900 +4900 2005 2010 3000.0 12940.7967
a contact +1900 +4900 2006 2001 3000.0 12940.7967
a contact +1900 +4900 2007 2012 3000.0 12940.7967
a contact +1900 +4900 2008 2003 3000.0 12940.7967
a contact +1900 +4900 2009 2014 3000.0 12940.7967
a contact +1900 +4900 2010 2005 3000.0 12940.7967
a contact +1900 +4900 2011 2016 3000.0 12940.7967
a contact +1900 +4900 2012 2007 3000.0 12940.7967
a contact +1900 +4900 2013 2002 3000.0 12940.7967
a contact +1900 +4900 2014 2009 3000.0 12940.7967
a contact +1900 +4900 2015 2004 3000.0 12940.7967
a contact +1900 +4900 2016 2011 3000.0 12940.7967
a contact +0 +4900 3001 3004 4900.0 15108.1608
a contact +0 +4900 3002 3003 4900.0 15108.1608
a contact +0 +4900 3003 3002 4900.0 15108.1608
a contact +0 +4900 3004 3001 4900.0 15108.1608
a contact +0 +5600 2009 3001 5600.0 14053.8919
a contact +0 +5600 2011 3002 5600.0 14053.8919
a contact +0 +5600 2013 3003 5600.0 14053.8919
a contact +0 +5600 2015 3004 5600.0 14053.8919
a contact +0 +5600 3001 2009 5600.0 14053.8919
a contact +0 +5600 3002 2011 5600.0 14053.8919
a contact +0 +5600 3003 2013 5600.0 14053.8919
a contact +0 +5600 3004 2015 5600.0 14053.8919
a contact +0 +7100 2005 3001 7100.0 14022.8213
a contact +0 +7100 2007 3002 7100.0 14022.8213
a contact +0 +7100 2009 3003 7100.0 14022.8213
a contact +0 +7100 2011 3004 7100.0 14022.8213
a contact +0 +7100 3001 2005 7100.0 14022.8213
a contact +0 +7100 3002 2007 7100.0 14022.8213
a contact +0 +7100 3003 2009 7100.0 14022.8213
a contact +0 +7100 3004 2011 7100.0 14022.8213
a contact +0 +8000 2010 3002 8000.0 14114.5791
a contact +0 +8000 2012 3001 8000.0 14114.5791
a contact +0 +8000 2014 3004 8000.0 14114.5791
a contact +0 +8000 2016 3003 8000.0 14114.5791
a contact +0 +8000 3001 2012 8000.0 14114.5791
a contact +0 +8000 3002 2010 8000.0 14114.5791
a contact +0 +8000 3003 2016 8000.0 14114.5791
a contact +0 +8000 3004 2014 8000.0 14114.5791
a contact +1800 +8100 2006 3002 6300.0 14015.883
a contact +1800 +8100 2008 3001 6300.0 14015.883
a contact +1800 +8100 2010 3004 6300.0 14015.883
a contact +1800 +8100 2012 3003 6300.0 14015.883
a contact +1800 +8100 3001 2008 6300.0 14015.883
a contact +1800 +8100 3002 2006 6300.0 14015.883
a contact +1800 +8100 3003 2012 6300.0 14015.883
a contact +1800 +8100 3004 2010 6300.0 14015.883
a contact +3200 +8300 2001 2009 5100.0 12945.0355
a contact +3200 +8300 2003 2011 5100.0 12945.0355
a contact +3200 +8300 2005 2013 5100.0 12945.0355
a contact +3200 +8300 2007 2015 5100.0 12945.0355
a contact +3200 +8300 2009 2001 5100.0 12945.0355
a contact +3200 +8300 2011 2003 5100.0 12945.0355
a contact +3200 +8300 2013 2005 5100.0 12945.0355
a contact +3200 +8300 2015 2007 5100.0 12945.0355
a contact +6600 +9600 2001 2016 3000.0 12932.8034
a contact +6600 +9600 2002 2007 3000.0 12932.8034
a contact +6600 +9600 2003 2014 3000.0 12932.8034
a contact +6600 +9600 2004 2005 3000.0 12932.8034
a contact +6600 +9600 2005 2004 3000.0 12932.8034
a contact +6600 +9600 2006 2011 3000.0 12932.8034
a contact +6600 +9600 2007 2002 3000.0 12932.8034
a contact +6600 +9600 2008 2009 3000.0 12932.8034
a contact +6600 +9600 2009 2008 3000.0 12932.8034
a contact +6600 +9600 2010 2015 3000.0 12932.8034
a contact +6600 +9600 2011 2006 3000.0 12932.8034
a contact +6600 +9600 2012 2013 3000.0 12932.8034
a contact +6600 +9600 2013 2012 3000.0 12932.8034
a contact +6600 +9600 2014 2003 3000.0 12932.8034
a contact +6600 +9600 2015 2010 3000.0 12932.8034
a contact +6600 +9600 2016 2001 3000.0 12932.8034
a contact +2900 +10000 2009 3002 7100.0 14056.2564
a contact +2900 +10000 2011 3001 7100.0 14056.2564
a contact +2900 +10000 2013 3004 7100.0 14056.2564
a contact +2900 +10000 2015 3003 7100.0 14056.2564
a contact +2900 +10000 3001 2011 7100.0 14056.2564
a contact +2900 +10000 3002 2009 7100.0 14056.2564
a contact +2900 +10000 3003 2015 7100.0 14056.2564
a contact +2900 +10000 3004 2013 7100.0 14056.2564
a contact +7600 +11600 1001 1003 4000.0 23523.6676
a contact +7600 +11600 1002 1004 4000.0 23523.6676
a contact +7600 +11600 1003 1001 4000.0 23523.6676
a contact +7600 +11600 1004 1002 4000.0 23523.6676
a contact +0 +11900 2002 3002 11900.0 14018.0887
a contact +0 +11900 2004 3001 11900.0 14018.0887
a contact +0 +11900 2006 3004 11900.0 14018.0887
a contact +0 +11900 2008 3003 11900.0 14018.0887
a contact +0 +11900 3001 2004 11900.0 14018.0887
a contact +0 +11900 3002 2002 11900.0 14018.0887
a contact +0 +11900 3003 2008 11900.0 14018.0887
a contact +0 +11900 3004 2006 11900.0 14018.0887
a contact +5200 +12600 2010 3001 7400.0 14036.4036
a contact +5200 +12600 2012 3002 7400.0 14036.4036
a contact +5200 +12600 2014 3003 7400.0 14036.4036
a contact +5200 +12600 2016 3004 7400.0 14036.4036
a contact +5200 +12600 3001 2010 7400.0 14036.4036
a contact +5200 +12600 3002 2012 7400.0 14036.4036
a contact +5200 +12600 3003 2014 7400.0 14036.4036
a contact +5200 +12600 3004 2016 7400.0 14036.4036
a contact +7900 +13000 2002 2010 5100.0 12926.6703
a contact +7900 +13000 2004 2012 5100.0 12926.6703
a contact +7900 +13000 2006 2014 5100.0 12926.6703
a contact +7900 +13000 2008 2016 5100.0 12926.6703
a contact +7900 +13000 2010 2002 5100.0 12926.6703
a contact +7900 +13000 2012 2004 5100.0 12926.6703
a contact +7900 +13000 2014 2006 5100.0 12926.6703
a contact +7900 +13000 2016 2008 5100.0 12926.6703
a contact +7200 +13300 2001 3003 6100.0 14118.1526
a contact +7200 +13300 2003 3004 6100.0 14118.1526
a contact +7200 +13300 2013 3001 6100.0 14118.1526
a contact +7200 +13300 2015 3002 6100.0 14118.1526
a contact +7200 +13300 3001 2013 6100.0 14118.1526
a contact +7200 +13300 3002 2015 6100.0 14118.1526
a contact +7200 +13300 3003 2001 6100.0 14118.1526
a contact +7200 +13300 3004 2003 6100.0 14118.1526
a contact +11400 +14300 2001 2006 2900.0 12924.8486
a contact +11400 +14300 2002 2013 2900.0 12924.8486
a contact +11400 +14300 2003 2008 2900.0 12924.8486
a contact +11400 +14300 2004 2015 2900.0 12924.8486
a contact +11400 +14300 2005 2010 2900.0 12924.8486
a contact +11400 +14300 2006 2001 2900.0 12924.8486
a contact +11400 +14300 2007 2012 2900.0 12924.8486
a contact +11400 +14300 2008 2003 2900.0 12924.8486
a contact +11400 +14300 2009 2014 2900.0 12924.8486
a contact +11400 +14300 2010 2005 2900.0 12924.8486
a contact +11400 +14300 2011 2016 2900.0 12924.8486
a contact +11400 +14300 2012 2007 2900.0 12924.8486
a contact +11400 +14300 2013 2002 2900.0 12924.8486
a contact +11400 +14300 2014 2009 2900.0 12924.8486
a contact +11400 +14300 2015 2004 2900.0 12924.8486
a contact +11400 +14300 2016 2011 2900.0 12924.8486
a contact +7200 +15700 2009 3001 8500.0 14022.8867
a contact +7200 +15700 2011 3002 8500.0 14022.8867
a contact +7200 +15700 2013 3003 8500.0 14022.8867
a contact +7200 +15700 2015 3004 8500.0 14022.8867
a contact +7200 +15700 3001 2009 8500.0 14022.8867
a contact +7200 +15700 3002 2011 8500.0 14022.8867
a contact +7200 +15700 3003 2013 8500.0 14022.8867
a contact +7200 +15700 3004 2015 8500.0 14022.8867
a contact +9400 +16400 3001 3004 7000.0 15183.6966
a contact +9400 +16400 3002 3003 7000.0 15183.6966
a contact +9400 +16400 3003 3002 7000.0 15183.6966
a contact +9400 +16400 3004 3001 7000.0 15183.6966
a contact +0 +17500 2002 3004 17500.0 14044.3084
a contact +0 +17500 2004 3003 17500.0 14044.3084
a contact +0 +17500 2014 3002 17500.0 14044.3084
a contact +0 +17500 2016 3001 17500.0 14044.3084
a contact +0 +17500 3001 2016 17500.0 14044.3084
a contact +0 +17500 3002 2014 17500.0 14044.3084
a contact +0 +17500 3003 2004 17500.0 14044.3084
a contact +0 +17500 3004 2002 17500.0 14044.3084
a contact +12600 +17700 2001 2009 5100.0 12908.2529
a contact +12600 +17700 2003 2011 5100.0 12908.2529
a contact +12600 +17700 2005 2013 5100.0 12908.2529
a contact +12600 +17700 2007 2015 5100.0 12908.2529
a contact +12600 +17700 2009 2001 5100.0 12908.2529
a contact +12600 +17700 2011 2003 5100.0 12908.2529
a contact +12600 +17700 2013 2005 5100.0 12908.2529
a contact +12600 +17700 2015 2007 5100.0 12908.2529
a contact +12500 +18500 2006 3002 6000.0 14023.7257
a contact +12500 +18500 2008 3001 6000.0 14023.7257
a contact +10000 +18500 2010 3002 8500.0 14043.5967
a contact +12500 +18500 2010 3004 6000.0 14023.7257
a contact +10000 +18500 2012 3001 8500.0 14043.5967
a contact +12500 +18500 2012 3003 6000.0 14023.7257
a contact +10000 +18500 2014 3004 8500.0 14043.5967
a contact +10000 +18500 2016 3003 8500.0 14043.5967
a contact +12500 +18500 3001 2008 6000.0 14023.7257
a contact +10000 +18500 3001 2012 8500.0 14043.5967
a contact +12500 +18500 3002 2006 6000.0 14023.7257
a contact +10000 +18500 3002 2010 8500.0 14043.5967
a contact +12500 +18500 3003 2012 6000.0 14023.7257
a contact +10000 +18500 3003 2016 8500.0 14043.5967
a contact +12500 +18500 3004 2010 6000.0 14023.7257
a contact +10000 +18500 3004 2014 8500.0 14043.5967
a contact +16100 +19000 2001 2016 2900.0 12916.9332
a contact +16100 +19000 2002 2007 2900.0 12916.9332
a contact +16100 +19000 2003 2014 2900.0 12916.9332
a contact +16100 +19000 2004 2005 2900.0 12916.9332
a contact +16100 +19000 2005 2004 2900.0 12916.9332
a contact +16100 +19000 2006 2011 2900.0 12916.9332
a contact +16100 +19000 2007 2002 2900.0 12916.9332
a contact +16100 +19000 2008 2009 2900.0 12916.9332
a contact +16100 +19000 2009 2008 2900.0 12916.9332
a contact +16100 +19000 2010 2015 2900.0 12916.9332
a contact +16100 +19000 2011 2006 2900.0 12916.9332
a contact +16100 +19000 2012 2013 2900.0 12916.9332
a contact +16100 +19000 2013 2012 2900.0 12916.9332
a contact +16100 +19000 2014 2003 2900.0 12916.9332
a contact +16100 +19000 2015 2010 2900.0 12916.9332
a contact +16100 +19000 2016 2001 2900.0 12916.9332
a contact +15200 +19100 1001 1003 3900.0 23269.5457
a contact +15200 +19100 1002 1004 3900.0 23269.5457
a contact +15200 +19100 1003 1001 3900.0 23269.5457
a contact +15200 +19100 1004 1002 3900.0 23269.5457
a contact +13100 +20500 2009 3002 7400.0 14027.849
a contact +13100 +20500 2011 3001 7400.0 14027.849
a contact +13100 +20500 2013 3004 7400.0 14027.849
a contact +13100 +20500 2015 3003 7400.0 14027.849
a contact +13100 +20500 3001 2011 7400.0 14027.849
a contact +13100 +20500 3002 2009 7400.0 14027.849
a contact +13100 +20500 3003 2015 7400.0 14027.849
a contact +13100 +20500 3004 2013 7400.0 14027.849
a contact +0 +21900 2005 3002 21900.0 14048.0015
a contact +0 +21900 2007 3001 21900.0 14048.0015
a contact +0 +21900 2009 3004 21900.0 14048.0015
a contact +0 +21900 2011 3003 21900.0 14048.0015
a contact +0 +21900 3001 2007 21900.0 14048.0015
a contact +0 +21900 3002 2005 21900.0 14048.0015
a contact +0 +21900 3003 2011 21900.0 14048.0015
a contact +0 +21900 3004 2009 21900.0 14048.0015
a contact +17300 +22400 2002 2010 5100.0 12889.7846
a contact +17300 +22400 2004 2012 5100.0 12889.7846
a contact +17300 +22400 2006 2014 5100.0 12889.7846
a contact +17300 +22400 2008 2016 5100.0 12889.7846
a contact +17300 +22400 2010 2002 5100.0 12889.7846
a contact +17300 +22400 2012 2004 5100.0 12889.7846
a contact +17300 +22400 2014 2006 5100.0 12889.7846
a contact +17300 +22400 2016 2008 5100.0 12889.7846
a contact +15700 +22900 2010 3001 7200.0 14142.6941
a contact +15700 +22900 2012 3002 7200.0 14142.6941
a contact +15700 +22900 2014 3003 7200.0 14142.6941
a contact +15700 +22900 2016 3004 7200.0 14142.6941
a contact +15700 +22900 3001 2010 7200.0 14142.6941
a contact +15700 +22900 3002 2012 7200.0 14142.6941
a contact +15700 +22900 3003 2014 7200.0 14142.6941
a contact +15700 +22900 3004 2016 7200.0 14142.6941
a contact +20800 +23700 2001 2006 2900.0 12909.0578
a contact +20800 +23700 2002 2013 2900.0 12909.0578
a contact +20800 +23700 2003 2008 2900.0 12909.0578
a contact +20800 +23700 2004 2015 2900.0 12909.0578
a contact +20800 +23700 2005 2010 2900.0 12909.0578
a contact +20800 +23700 2006 2001 2900.0 12909.0578
a contact +20800 +23700 2007 2012 2900.0 12909.0578
a contact +20800 +23700 2008 2003 2900.0 12909.0578
a contact +20800 +23700 2009 2014 2900.0 12909.0578
a contact +20800 +23700 2010 2005 2900.0 12909.0578
a contact +20800 +23700 2011 2016 2900.0 12909.0578
a contact +20800 +23700 2012 2007 2900.0 12909.0578
a contact +20800 +23700 2013 2002 2900.0 12909.0578
a contact +20800 +23700 2014 2009 2900.0 12909.0578
a contact +20800 +23700 2015 2004 2900.0 12909.0578
a contact +20800 +23700 2016 2011 2900.0 12909.0578
a contact +17600 +24000 2001 3003 6400.0 14076.4816
a contact +17600 +24000 2003 3004 6400.0 14076.4816
a contact +17600 +24000 2013 3001 6400.0 14076.4816
a contact +17600 +24000 2015 3002 6400.0 14076.4816
a contact +17600 +24000 3001 2013 6400.0 14076.4816
a contact +17600 +24000 3002 2015 6400.0 14076.4816
a contact +17600 +24000 3003 2001 6400.0 14076.4816
a contact +17600 +24000 3004 2003 6400.0 14076.4816
a contact +17800 +25800 2009 3001 8000.0 14048.6964
a contact +17800 +25800 2011 3002 8000.0 14048.6964
a contact +17800 +25800 2013 3003 8000.0 14048.6964
a contact +17800 +25800 2015 3004 8000.0 14048.6964
a contact +17800 +25800 3001 2009 8000.0 14048.6964
a contact +17800 +25800 3002 2011 8000.0 14048.6964
a contact +17800 +25800 3003 2013 8000.0 14048.6964
a contact +17800 +25800 3004 2015 8000.0 14048.6964
a contact +18900 +26600 2002 3004 7700.0 14022.8145
a contact +18900 +26600 2004 3003 7700.0 14022.8145
a contact +18900 +26600 2014 3002 7700.0 14022.8145
a contact +18900 +26600 2016 3001 7700.0 14022.8145
a contact +18900 +26600 3001 2016 7700.0 14022.8145
a contact +18900 +26600 3002 2014 7700.0 14022.8145
a contact +18900 +26600 3003 2004 7700.0 14022.8145
a contact +18900 +26600 3004 2002 7700.0 14022.8145
a contact +22700 +26700 1001 1003 4000.0 23323.9717
a contact +22700 +26700 1002 1004 4000.0 23323.9717
a contact +22700 +26700 1003 1001 4000.0 23323.9717
a contact +22700 +26700 1004 1002 4000.0 23323.9717
a contact +22000 +27200 2001 2009 5200.0 13005.9536
a contact +22000 +27200 2003 2011 5200.0 13005.9536
a contact +22000 +27200 2005 2013 5200.0 13005.9536
a contact +22000 +27200 2007 2015 5200.0 13005.9536
a contact +22000 +27200 2009 2001 5200.0 13005.9536
a contact +22000 +27200 2011 2003 5200.0 13005.9536
a contact +22000 +27200 2013 2005 5200.0 13005.9536
a contact +22000 +27200 2015 2007 5200.0 13005.9536
a contact +20900 +27800 3001 3004 6900.0 15142.8032
a contact +20900 +27800 3002 3003 6900.0 15142.8032
a contact +20900 +27800 3003 3002 6900.0 15142.8032
a contact +20900 +27800 3004 3001 6900.0 15142.8032
a contact +25500 +28400 2001 2016 2900.0 12901.2231
a contact +25500 +28400 2002 2007 2900.0 12901.2231
a contact +25500 +28400 2003 2014 2900.0 12901.2231
a contact +25500 +28400 2004 2005 2900.0 12901.2231
a contact +25500 +28400 2005 2004 2900.0 12901.2231
a contact +25500 +28400 2006 2011 2900.0 12901.2231
a contact +25500 +28400 2007 2002 2900.0 12901.2231
a contact +25500 +28400 2008 2009 2900.0 12901.2231
a contact +25500 +28400 2009 2008 2900.0 12901.2231
a contact +25500 +28400 2010 2015 2900.0 12901.2231
a contact +25500 +28400 2011 2006 2900.0 12901.2231
a contact +25500 +28400 2012 2013 2900.0 12901.2231
a contact +25500 +28400 2013 2012 2900.0 12901.2231
a contact +25500 +28400 2014 2003 2900.0 12901.2231
a contact +25500 +28400 2015 2010 2900.0 12901.2231
a contact +25500 +28400 2016 2001 2900.0 12901.2231
a contact +20100 +28900 2010 3002 8800.0 14061.8795
a contact +20100 +28900 2012 3001 8800.0 14061.8795
a contact +20100 +28900 2014 3004 8800.0 14061.8795
a contact +20100 +28900 2016 3003 8800.0 14061.8795
a contact +20100 +28900 3001 2012 8800.0 14061.8795
a contact +20100 +28900 3002 2010 8800.0 14061.8795
a contact +20100 +28900 3003 2016 8800.0 14061.8795
a contact +20100 +28900 3004 2014 8800.0 14061.8795
a contact +22500 +29600 2006 3002 7100.0 13999.6507
a contact +22500 +29600 2008 3001 7100.0 13999.6507
a contact +22500 +29600 2010 3004 7100.0 13999.6507
a contact +22500 +29600 2012 3003 7100.0 13999.6507
a contact +22500 +29600 3001 2008 7100.0 13999.6507
a contact +22500 +29600 3002 2006 7100.0 13999.6507
a contact +22500 +29600 3003 2012 7100.0 13999.6507
a contact +22500 +29600 3004 2010 7100.0 13999.6507
a contact +23200 +31100 2009 3002 7900.0 14043.5475
a contact +23200 +31100 2011 3001 7900.0 14043.5475
a contact +23200 +31100 2013 3004 7900.0 14043.5475
a contact +23200 +31100 2015 3003 7900.0 14043.5475
a contact +23200 +31100 3001 2011 7900.0 14043.5475
a contact +23200 +31100 3002 2009 7900.0 14043.5475
a contact +23200 +31100 3003 2015 7900.0 14043.5475
a contact +23200 +31100 3004 2013 7900.0 14043.5475
a contact +24800 +31500 2005 3002 6700.0 14050.8745
a contact +24800 +31500 2007 3001 6700.0 14050.8745
a contact +24800 +31500 2009 3004 6700.0 14050.8745
a contact +24800 +31500 2011 3003 6700.0 14050.8745
a contact +24800 +31500 3001 2007 6700.0 14050.8745
a contact +24800 +31500 3002 2005 6700.0 14050.8745
a contact +24800 +31500 3003 2011 6700.0 14050.8745
a contact +24800 +31500 3004 2009 6700.0 14050.8745
a contact +26800 +31900 2002 2010 5100.0 12987.7718
a contact +26800 +31900 2004 2012 5100.0 12987.7718
a contact +26800 +31900 2006 2014 5100.0 12987.7718
a contact +26800 +31900 2008 2016 5100.0 12987.7718
a contact +26800 +31900 2010 2002 5100.0 12987.7718
a contact +26800 +31900 2012 2004 5100.0 12987.7718
a contact +26800 +31900 2014 2006 5100.0 12987.7718
a contact +26800 +31900 2016 2008 5100.0 12987.7718
a contact +30200 +33100 2001 2006 2900.0 12893.43
a contact +30200 +33100 2002 2013 2900.0 12893.43
a contact +30200 +33100 2003 2008 2900.0 12893.43
a contact +30200 +33100 2004 2015 2900.0 12893.43
a contact +30200 +33100 2005 2010 2900.0 12893.43
a contact +30200 +33100 2006 2001 2900.0 12893.43
a contact +30200 +33100 2007 2012 2900.0 12893.43
a contact +30200 +33100 2008 2003 2900.0 12893.43
a contact +30200 +33100 2009 2014 2900.0 12893.43
a contact +30200 +33100 2010 2005 2900.0 12893.43
a contact +30200 +33100 2011 2016 2900.0 12893.43
a contact +30200 +33100 2012 2007 2900.0 12893.43
a contact +30200 +33100 2013 2002 2900.0 12893.43
a contact +30200 +33100 2014 2009 2900.0 12893.43
a contact +30200 +33100 2015 2004 2900.0 12893.43
a contact +30200 +33100 2016 2011 2900.0 12893.43
a contact +26100 +33200 2010 3001 7100.0 14030.3095
a contact +26100 +33200 2012 3002 7100.0 14030.3095
a contact +26100 +33200 2014 3003 7100.0 14030.3095
a contact +26100 +33200 2016 3004 7100.0 14030.3095
a contact +26100 +33200 3001 2010 7100.0 14030.3095
a contact +26100 +33200 3002 2012 7100.0 14030.3095
a contact +26100 +33200 3003 2014 7100.0 14030.3095
a contact +26100 +33200 3004 2016 7100.0 14030.3095
a contact +30300 +34300 1001 1003 4000.0 23378.1899
a contact +30300 +34300 1002 1004 4000.0 23378.1899
a contact +30300 +34300 1003 1001 4000.0 23378.1899
a contact +30300 +34300 1004 1002 4000.0 23378.1899
a contact +28400 +35900 2009 3001 7500.0 14018.9416
a contact +28400 +35900 2011 3002 7500.0 14018.9416
a contact +28400 +35900 2013 3003 7500.0 14018.9416
a contact +28400 +35900 2015 3004 7500.0 14018.9416
a contact +28400 +35900 3001 2009 7500.0 14018.9416
a contact +28400 +35900 3002 2011 7500.0 14018.9416
a contact +28400 +35900 3003 2013 7500.0 14018.9416
a contact +28400 +35900 3004 2015 7500.0 14018.9416
a contact +0 +36400 2001 3002 36400.0 14012.8733
a contact +0 +36400 2003 3001 36400.0 14012.8733
a contact +0 +36400 2005 3004 36400.0 14012.8733
a contact +0 +36400 2007 3003 36400.0 14012.8733
a contact +0 +36400 3001 2003 36400.0 14012.8733
a contact +0 +36400 3002 2001 36400.0 14012.8733
a contact +0 +36400 3003 2007 36400.0 14012.8733
a contact +0 +36400 3004 2005 36400.0 14012.8733
a contact +30300 +36500 2002 3004 6200.0 14029.6269
a contact +30300 +36500 2004 3003 6200.0 14029.6269
a contact +30300 +36500 2014 3002 6200.0 14029.6269
a contact +30300 +36500 2016 3001 6200.0 14029.6269
a contact +30300 +36500 3001 2016 6200.0 14029.6269
a contact +30300 +36500 3002 2014 6200.0 14029.6269
a contact +30300 +36500 3003 2004 6200.0 14029.6269
a contact +30300 +36500 3004 2002 6200.0 14029.6269
a contact +31500 +36600 2001 2009 5100.0 12969.5335
a contact +31500 +36600 2003 2011 5100.0 12969.5335
a contact +31500 +36600 2005 2013 5100.0 12969.5335
a contact +31500 +36600 2007 2015 5100.0 12969.5335
a contact +31500 +36600 2009 2001 5100.0 12969.5335
a contact +31500 +36600 2011 2003 5100.0 12969.5335
a contact +31500 +36600 2013 2005 5100.0 12969.5335
a contact +31500 +36600 2015 2007 5100.0 12969.5335
a contact +34900 +37800 2001 2016 2900.0 12885.679
a contact +34900 +37800 2002 2007 2900.0 12885.679
a contact +34900 +37800 2003 2014 2900.0 12885.679
a contact +34900 +37800 2004 2005 2900.0 12885.679
a contact +34900 +37800 2005 2004 2900.0 12885.679
a contact +34900 +37800 2006 2011 2900.0 12885.679
a contact +34900 +37800 2007 2002 2900.0 12885.679
a contact +34900 +37800 2008 2009 2900.0 12885.679
a contact +34900 +37800 2009 2008 2900.0 12885.679
a contact +34900 +37800 2010 2015 2900.0 12885.679
a contact +34900 +37800 2011 2006 2900.0 12885.679
a contact +34900 +37800 2012 2013 2900.0 12885.679
a contact +34900 +37800 2013 2012 2900.0 12885.679
a contact +34900 +37800 2014 2003 2900.0 12885.679
a contact +34900 +37800 2015 2010 2900.0 12885.679
a contact +34900 +37800 2016 2001 2900.0 12885.679
a contact +30400 +39100 2010 3002 8700.0 14097.8638
a contact +30400 +39100 2012 3001 8700.0 14097.8638
a contact +30400 +39100 2014 3004 8700.0 14097.8638
a contact +30400 +39100 2016 3003 8700.0 14097.8638
a contact +30400 +39100 3001 2012 8700.0 14097.8638
a contact +30400 +39100 3002 2010 8700.0 14097.8638
a contact +30400 +39100 3003 2016 8700.0 14097.8638
a contact +30400 +39100 3004 2014 8700.0 14097.8638
a contact +32300 +39300 3001 3004 7000.0 15217.7055
a contact +32300 +39300 3002 3003 7000.0 15217.7055
a contact +32300 +39300 3003 3002 7000.0 15217.7055
a contact +32300 +39300 3004 3001 7000.0 15217.7055
a contact +36200 +41300 2002 2010 5100.0 12951.2401
a contact +36200 +41300 2004 2012 5100.0 12951.2401
a contact +36200 +41300 2006 2014 5100.0 12951.2401
a contact +36200 +41300 2008 2016 5100.0 12951.2401
a contact +36200 +41300 2010 2002 5100.0 12951.2401
a contact +36200 +41300 2012 2004 5100.0 12951.2401
a contact +36200 +41300 2014 2006 5100.0 12951.2401
a contact +36200 +41300 2016 2008 5100.0 12951.2401
a contact +35700 +41700 2005 3002 6000.0 14073.0572
a contact +35700 +41700 2007 3001 6000.0 14073.0572
a contact +33300 +41700 2009 3002 8400.0 14056.4008
a contact +35700 +41700 2009 3004 6000.0 14073.0572
a contact +33300 +41700 2011 3001 8400.0 14056.4008
a contact +35700 +41700 2011 3003 6000.0 14073.0572
a contact +33300 +41700 2013 3004 8400.0 14056.4008
a contact +33300 +41700 2015 3003 8400.0 14056.4008
a contact +35700 +41700 3001 2007 6000.0 14073.0572
a contact +33300 +41700 3001 2011 8400.0 14056.4008
a contact +35700 +41700 3002 2005 6000.0 14073.0572
a contact +33300 +41700 3002 2009 8400.0 14056.4008
a contact +35700 +41700 3003 2011 6000.0 14073.0572
a contact +33300 +41700 3003 2015 8400.0 14056.4008
a contact +35700 +41700 3004 2009 6000.0 14073.0572
a contact +33300 +41700 3004 2013 8400.0 14056.4008
a contact +37900 +41900 1001 1003 4000.0 23432.1904
a contact +37900 +41900 1002 1004 4000.0 23432.1904
a contact +37900 +41900 1003 1001 4000.0 23432.1904
a contact +37900 +41900 1004 1002 4000.0 23432.1904
a contact +39600 +42600 2001 2006 3000.0 12935.5048
a contact +39600 +42600 2002 2013 3000.0 12935.5048
a contact +39600 +42600 2003 2008 3000.0 12935.5048
a contact +39600 +42600 2004 2015 3000.0 12935.5048
a contact +39600 +42600 2005 2010 3000.0 12935.5048
a contact +39600 +42600 2006 2001 3000.0 12935.5048
a contact +39600 +42600 2007 2012 3000.0 12935.5048
a contact +39600 +42600 2008 2003 3000.0 12935.5048
a contact +39600 +42600 2009 2014 3000.0 12935.5048
a contact +39600 +42600 2010 2005 3000.0 12935.5048
a contact +39600 +42600 2011 2016 3000.0 12935.5048
a contact +39600 +42600 2012 2007 3000.0 12935.5048
a contact +39600 +42600 2013 2002 3000.0 12935.5048
a contact +39600 +42600 2014 2009 3000.0 12935.5048
a contact +39600 +42600 2015 2004 3000.0 12935.5048
a contact +39600 +42600 2016 2011 3000.0 12935.5048
a contact +40200 +43600 2001 3002 3400.0 14017.9365
a contact +40200 +43600 2003 3001 3400.0 14017.9365
a contact +40200 +43600 2005 3004 3400.0 14017.9365
a contact +40200 +43600 2007 3003 3400.0 14017.9365
a contact +40200 +43600 3001 2003 3400.0 14017.9365
a contact +40200 +43600 3002 2001 3400.0 14017.9365
a contact +40200 +43600 3003 2007 3400.0 14017.9365
a contact +40200 +43600 3004 2005 3400.0 14017.9365
a contact +36400 +43700 2010 3001 7300.0 14062.7131
a contact +36400 +43700 2012 3002 7300.0 14062.7131
a contact +36400 +43700 2014 3003 7300.0 14062.7131
a contact +36400 +43700 2016 3004 7300.0 14062.7131
a contact +36400 +43700 3001 2010 7300.0 14062.7131
a contact +36400 +43700 3002 2012 7300.0 14062.7131
a contact +36400 +43700 3003 2014 7300.0 14062.7131
a contact +36400 +43700 3004 2016 7300.0 14062.7131
a contact +0 +45600 2006 3001 45600.0 14035.0248
a contact +0 +45600 2008 3002 45600.0 14035.0248
a contact +0 +45600 2010 3003 45600.0 14035.0248
a contact +0 +45600 2012 3004 45600.0 14035.0248
a contact +0 +45600 3001 2006 45600.0 14035.0248
a contact +0 +45600 3002 2008 45600.0 14035.0248
a contact +0 +45600 3003 2010 45600.0 14035.0248
a contact +0 +45600 3004 2012 45600.0 14035.0248
a contact +40900 +46000 2001 2009 5100.0 12932.8928
a contact +40900 +46000 2003 2011 5100.0 12932.8928
a contact +40900 +46000 2005 2013 5100.0 12932.8928
a contact +40900 +46000 2007 2015 5100.0 12932.8928
a contact +40900 +46000 2009 2001 5100.0 12932.8928
a contact +40900 +46000 2011 2003 5100.0 12932.8928
a contact +40900 +46000 2013 2005 5100.0 12932.8928
a contact +40900 +46000 2015 2007 5100.0 12932.8928
a contact +38900 +46100 2009 3001 7200.0 14011.1421
a contact +38900 +46100 2011 3002 7200.0 14011.1421
a contact +38900 +46100 2013 3003 7200.0 14011.1421
a contact +38900 +46100 2015 3004 7200.0 14011.1421
a contact +38900 +46100 3001 2009 7200.0 14011.1421
a contact +38900 +46100 3002 2011 7200.0 14011.1421
a contact +38900 +46100 3003 2013 7200.0 14011.1421
a contact +38900 +46100 3004 2015 7200.0 14011.1421
a contact +40900 +47000 2002 3004 6100.0 14038.9954
a contact +40900 +47000 2004 3003 6100.0 14038.9954
a contact +40900 +47000 2014 3002 6100.0 14038.9954
a contact +40900 +47000 2016 3001 6100.0 14038.9954
a contact +40900 +47000 3001 2016 6100.0 14038.9954
a contact +40900 +47000 3002 2014 6100.0 14038.9954
a contact +40900 +47000 3003 2004 6100.0 14038.9954
a contact +40900 +47000 3004 2002 6100.0 14038.9954
a contact +44400 +47300 2001 2016 2900.0 12927.537
a contact +44400 +47300 2002 2007 2900.0 12927.537
a contact +44400 +47300 2003 2014 2900.0 12927.537
a contact +44400 +47300 2004 2005 2900.0 12927.537
a contact +44400 +47300 2005 2004 2900.0 12927.537
a contact +44400 +47300 2006 2011 2900.0 12927.537
a contact +44400 +47300 2007 2002 2900.0 12927.537
a contact +44400 +47300 2008 2009 2900.0 12927.537
a contact +44400 +47300 2009 2008 2900.0 12927.537
a contact +44400 +47300 2010 2015 2900.0 12927.537
a contact +44400 +47300 2011 2006 2900.0 12927.537
a contact +44400 +47300 2012 2013 2900.0 12927.537
a contact +44400 +47300 2013 2012 2900.0 12927.537
a contact +44400 +47300 2014 2003 2900.0 12927.537
a contact +44400 +47300 2015 2010 2900.0 12927.537
a contact +44400 +47300 2016 2001 2900.0 12927.537
a contact +41000 +49200 2010 3002 8200.0 14133.1002
a contact +41000 +49200 2012 3001 8200.0 14133.1002
a contact +41000 +49200 2014 3004 8200.0 14133.1002
a contact +41000 +49200 2016 3003 8200.0 14133.1002
a contact +41000 +49200 3001 2012 8200.0 14133.1002
a contact +41000 +49200 3002 2010 8200.0 14133.1002
a contact +41000 +49200 3003 2016 8200.0 14133.1002
a contact +41000 +49200 3004 2014 8200.0 14133.1002
a contact +45500 +49500 1001 1003 4000.0 23485.9634
a contact +45500 +49500 1002 1004 4000.0 23485.9634
a contact +45500 +49500 1003 1001 4000.0 23485.9634
a contact +45500 +49500 1004 1002 4000.0 23485.9634
a contact +0 +50200 2001 3004 50200.0 14086.6708
a contact +0 +50200 2003 3003 50200.0 14086.6708
a contact +0 +50200 2013 3002 50200.0 14086.6708
a contact +0 +50200 2015 3001 50200.0 14086.6708
a contact +0 +50200 3001 2015 50200.0 14086.6708
a contact +0 +50200 3002 2013 50200.0 14086.6708
a contact +0 +50200 3003 2003 50200.0 14086.6708
a contact +0 +50200 3004 2001 50200.0 14086.6708
a contact +45600 +50700 2002 2010 5100.0 12914.4929
a contact +45600 +50700 2004 2012 5100.0 12914.4929
a contact +45600 +50700 2006 2014 5100.0 12914.4929
a contact +45600 +50700 2008 2016 5100.0 12914.4929
a contact +45600 +50700 2010 2002 5100.0 12914.4929
a contact +45600 +50700 2012 2004 5100.0 12914.4929
a contact +45600 +50700 2014 2006 5100.0 12914.4929
a contact +45600 +50700 2016 2008 5100.0 12914.4929
a contact +43700 +50700 3001 3004 7000.0 15177.1607
a contact +43700 +50700 3002 3003 7000.0 15177.1607
a contact +43700 +50700 3003 3002 7000.0 15177.1607
a contact +43700 +50700 3004 3001 7000.0 15177.1607
a contact +49100 +52000 2001 2006 2900.0 12919.6081
a contact +49100 +52000 2002 2013 2900.0 12919.6081
a contact +49100 +52000 2003 2008 2900.0 12919.6081
a contact +49100 +52000 2004 2015 2900.0 12919.6081
a contact +49100 +52000 2005 2010 2900.0 12919.6081
a contact +49100 +52000 2006 2001 2900.0 12919.6081
a contact +49100 +52000 2007 2012 2900.0 12919.6081
a contact +49100 +52000 2008 2003 2900.0 12919.6081
a contact +49100 +52000 2009 2014 2900.0 12919.6081
a contact +49100 +52000 2010 2005 2900.0 12919.6081
a contact +49100 +52000 2011 2016 2900.0 12919.6081
a contact +49100 +52000 2012 2007 2900.0 12919.6081
a contact +49100 +52000 2013 2002 2900.0 12919.6081
a contact +49100 +52000 2014 2009 2900.0 12919.6081
a contact +49100 +52000 2015 2004 2900.0 12919.6081
a contact +49100 +52000 2016 2011 2900.0 12919.6081
a contact +43400 +52100 2009 3002 8700.0 14000.7191
a contact +43400 +52100 2011 3001 8700.0 14000.7191
a contact +43400 +52100 2013 3004 8700.0 14000.7191
a contact +43400 +52100 2015 3003 8700.0 14000.7191
a contact +43400 +52100 3001 2011 8700.0 14000.7191
a contact +43400 +52100 3002 2009 8700.0 14000.7191
a contact +43400 +52100 3003 2015 8700.0 14000.7191
a contact +43400 +52100 3004 2013 8700.0 14000.7191
a contact +45900 +52500 2005 3002 6600.0 14026.7276
a contact +45900 +52500 2007 3001 6600.0 14026.7276
a contact +45900 +52500 2009 3004 6600.0 14026.7276
a contact +45900 +52500 2011 3003 6600.0 14026.7276
a contact +45900 +52500 3001 2007 6600.0 14026.7276
a contact +45900 +52500 3002 2005 6600.0 14026.7276
a contact +45900 +52500 3003 2011 6600.0 14026.7276
a contact +45900 +52500 3004 2009 6600.0 14026.7276
a contact +46500 +54300 2010 3001 7800.0 14100.4746
a contact +46500 +54300 2012 3002 7800.0 14100.4746
a contact +46500 +54300 2014 3003 7800.0 14100.4746
a contact +46500 +54300 2016 3004 7800.0 14100.4746
a contact +46500 +54300 3001 2010 7800.0 14100.4746
a contact +46500 +54300 3002 2012 7800.0 14100.4746
a contact +46500 +54300 3003 2014 7800.0 14100.4746
a contact +46500 +54300 3004 2016 7800.0 14100.4746
a contact +47600 +54900 2006 3001 7300.0 14001.3799
a contact +47600 +54900 2008 3002 7300.0 14001.3799
a contact +47600 +54900 2010 3003 7300.0 14001.3799
a contact +47600 +54900 2012 3004 7300.0 14001.3799
a contact +47600 +54900 3001 2006 7300.0 14001.3799
a contact +47600 +54900 3002 2008 7300.0 14001.3799
a contact +47600 +54900 3003 2010 7300.0 14001.3799
a contact +47600 +54900 3004 2012 7300.0 14001.3799
a contact +50300 +55400 2001 2009 5100.0 12896.0417
a contact +50300 +55400 2003 2011 5100.0 12896.0417
a contact +50300 +55400 2005 2013 5100.0 12896.0417
a contact +50300 +55400 2007 2015 5100.0 12896.0417
a contact +50300 +55400 2009 2001 5100.0 12896.0417
a contact +50300 +55400 2011 2003 5100.0 12896.0417
a contact +50300 +55400 2013 2005 5100.0 12896.0417
a contact +50300 +55400 2015 2007 5100.0 12896.0417
a contact +49400 +56500 2009 3001 7100.0 14157.2278
a contact +49400 +56500 2011 3002 7100.0 14157.2278
a contact +49400 +56500 2013 3003 7100.0 14157.2278
a contact +49400 +56500 2015 3004 7100.0 14157.2278
a contact +49400 +56500 3001 2009 7100.0 14157.2278
a contact +49400 +56500 3002 2011 7100.0 14157.2278
a contact +49400 +56500 3003 2013 7100.0 14157.2278
a contact +49400 +56500 3004 2015 7100.0 14157.2278
a contact +53800 +56700 2001 2016 2900.0 12911.7191
a contact +53800 +56700 2002 2007 2900.0 12911.7191
a contact +53800 +56700 2003 2014 2900.0 12911.7191
a contact +53800 +56700 2004 2005 2900.0 12911.7191
a contact +53800 +56700 2005 2004 2900.0 12911.7191
a contact +53800 +56700 2006 2011 2900.0 12911.7191
a contact +53800 +56700 2007 2002 2900.0 12911.7191
a contact +53800 +56700 2008 2009 2900.0 12911.7191
a contact +53800 +56700 2009 2008 2900.0 12911.7191
a contact +53800 +56700 2010 2015 2900.0 12911.7191
a contact +53800 +56700 2011 2006 2900.0 12911.7191
a contact +53800 +56700 2012 2013 2900.0 12911.7191
a contact +53800 +56700 2013 2012 2900.0 12911.7191
a contact +53800 +56700 2014 2003 2900.0 12911.7191
a contact +53800 +56700 2015 2010 2900.0 12911.7191
a contact +53800 +56700 2016 2001 2900.0 12911.7191
a contact +53100 +57000 1001 1003 3900.0 23231.121
a contact +53100 +57000 1002 1004 3900.0 23231.121
a contact +53100 +57000 1003 1001 3900.0 23231.121
a contact +53100 +57000 1004 1002 3900.0 23231.121
a contact +50800 +58300 2002 3004 7500.0 14031.7588
a contact +50800 +58300 2004 3003 7500.0 14031.7588
a contact +50800 +58300 2014 3002 7500.0 14031.7588
a contact +50800 +58300 2016 3001 7500.0 14031.7588
a contact +50800 +58300 3001 2016 7500.0 14031.7588
a contact +50800 +58300 3002 2014 7500.0 14031.7588
a contact +50800 +58300 3003 2004 7500.0 14031.7588
a contact +50800 +58300 3004 2002 7500.0 14031.7588
a contact +51600 +59300 2010 3002 7700.0 14151.2703
a contact +51600 +59300 2012 3001 7700.0 14151.2703
a contact +51600 +59300 2014 3004 7700.0 14151.2703
a contact +51600 +59300 2016 3003 7700.0 14151.2703
a contact +51600 +59300 3001 2012 7700.0 14151.2703
a contact +51600 +59300 3002 2010 7700.0 14151.2703
a contact +51600 +59300 3003 2016 7700.0 14151.2703
a contact +51600 +59300 3004 2014 7700.0 14151.2703
a contact +53300 +59900 2001 3004 6600.0 14102.7189
a contact +53300 +59900 2003 3003 6600.0 14102.7189
a contact +53300 +59900 2013 3002 6600.0 14102.7189
a contact +53300 +59900 2015 3001 6600.0 14102.7189
a contact +53300 +59900 3001 2015 6600.0 14102.7189
a contact +53300 +59900 3002 2013 6600.0 14102.7189
a contact +53300 +59900 3003 2003 6600.0 14102.7189
a contact +53300 +59900 3004 2001 6600.0 14102.7189
a contact +55000 +60200 2002 2010 5200.0 13012.0951
a contact +55000 +60200 2004 2012 5200.0 13012.0951
a contact +55000 +60200 2006 2014 5200.0 13012.0951
a contact +55000 +60200 2008 2016 5200.0 13012.0951
a contact +55000 +60200 2010 2002 5200.0 13012.0951
a contact +55000 +60200 2012 2004 5200.0 13012.0951
a contact +55000 +60200 2014 2006 5200.0 13012.0951
a contact +55000 +60200 2016 2008 5200.0 13012.0951
a contact +58500 +61400 2001 2006 2900.0 12903.8706
a contact +58500 +61400 2002 2013 2900.0 12903.8706
a contact +58500 +61400 2003 2008 2900.0 12903.8706
a contact +58500 +61400 2004 2015 2900.0 12903.8706
a contact +58500 +61400 2005 2010 2900.0 12903.8706
a contact +58500 +61400 2006 2001 2900.0 12903.8706
a contact +58500 +61400 2007 2012 2900.0 12903.8706
a contact +58500 +61400 2008 2003 2900.0 12903.8706
a contact +58500 +61400 2009 2014 2900.0 12903.8706
a contact +58500 +61400 2010 2005 2900.0 12903.8706
a contact +58500 +61400 2011 2016 2900.0 12903.8706
a contact +58500 +61400 2012 2007 2900.0 12903.8706
a contact +58500 +61400 2013 2002 2900.0 12903.8706
a contact +58500 +61400 2014 2009 2900.0 12903.8706
a contact +58500 +61400 2015 2004 2900.0 12903.8706
a contact +58500 +61400 2016 2011 2900.0 12903.8706
a contact +55200 +62100 3001 3004 6900.0 15136.2016
a contact +55200 +62100 3002 3003 6900.0 15136.2016
a contact +55200 +62100 3003 3002 6900.0 15136.2016
a contact +55200 +62100 3004 3001 6900.0 15136.2016
a contact +53700 +62400 2009 3002 8700.0 14066.3418
a contact +53700 +62400 2011 3001 8700.0 14066.3418
a contact +53700 +62400 2013 3004 8700.0 14066.3418
a contact +53700 +62400 2015 3003 8700.0 14066.3418
a contact +53700 +62400 3001 2011 8700.0 14066.3418
a contact +53700 +62400 3002 2009 8700.0 14066.3418
a contact +53700 +62400 3003 2015 8700.0 14066.3418
a contact +53700 +62400 3004 2013 8700.0 14066.3418
a contact +60700 +64600 1001 1003 3900.0 23285.6872
a contact +60700 +64600 1002 1004 3900.0 23285.6872
a contact +60700 +64600 1003 1001 3900.0 23285.6872
a contact +60700 +64600 1004 1002 3900.0 23285.6872
a contact +59800 +64900 2001 2009 5100.0 12993.9327
a contact +59800 +64900 2003 2011 5100.0 12993.9327
a contact +59800 +64900 2005 2013 5100.0 12993.9327
a contact +58800 +64900 2006 3001 6100.0 14025.6969
a contact +59800 +64900 2007 2015 5100.0 12993.9327
a contact +58800 +64900 2008 3002 6100.0 14025.6969
a contact +59800 +64900 2009 2001 5100.0 12993.9327
a contact +56600 +64900 2010 3001 8300.0 14088.7066
a contact +58800 +64900 2010 3003 6100.0 14025.6969
a contact +59800 +64900 2011 2003 5100.0 12993.9327
a contact +56600 +64900 2012 3002 8300.0 14088.7066
a contact +58800 +64900 2012 3004 6100.0 14025.6969
a contact +59800 +64900 2013 2005 5100.0 12993.9327
a contact +56600 +64900 2014 3003 8300.0 14088.7066
a contact +59800 +64900 2015 2007 5100.0 12993.9327
a contact +56600 +64900 2016 3004 8300.0 14088.7066
a contact +58800 +64900 3001 2006 6100.0 14025.6969
a contact +56600 +64900 3001 2010 8300.0 14088.7066
a contact +58800 +64900 3002 2008 6100.0 14025.6969
a contact +56600 +64900 3002 2012 8300.0 14088.7066
a contact +58800 +64900 3003 2010 6100.0 14025.6969
a contact +56600 +64900 3003 2014 8300.0 14088.7066
a contact +58800 +64900 3004 2012 6100.0 14025.6969
a contact +56600 +64900 3004 2016 8300.0 14088.7066
a contact +62100 +65900 2001 3002 3800.0 14001.7055
a contact +62100 +65900 2003 3001 3800.0 14001.7055
a contact +62100 +65900 2005 3004 3800.0 14001.7055
a contact +62100 +65900 2007 3003 3800.0 14001.7055
a contact +62100 +65900 3001 2003 3800.0 14001.7055
a contact +62100 +65900 3002 2001 3800.0 14001.7055
a contact +62100 +65900 3003 2007 3800.0 14001.7055
a contact +62100 +65900 3004 2005 3800.0 14001.7055
a contact +63200 +66100 2001 2016 2900.0 12896.0633
a contact +63200 +66100 2002 2007 2900.0 12896.0633
a contact +63200 +66100 2003 2014 2900.0 12896.0633
a contact +63200 +66100 2004 2005 2900.0 12896.0633
a contact +63200 +66100 2005 2004 2900.0 12896.0633
a contact +63200 +66100 2006 2011 2900.0 12896.0633
a contact +63200 +66100 2007 2002 2900.0 12896.0633
a contact +63200 +66100 2008 2009 2900.0 12896.0633
a contact +63200 +66100 2009 2008 2900.0 12896.0633
a contact +63200 +66100 2010 2015 2900.0 12896.0633
a contact +63200 +66100 2011 2006 2900.0 12896.0633
a contact +63200 +66100 2012 2013 2900.0 12896.0633
a contact +63200 +66100 2013 2012 2900.0 12896.0633
a contact +63200 +66100 2014 2003 2900.0 12896.0633
a contact +63200 +66100 2015 2010 2900.0 12896.0633
a contact +63200 +66100 2016 2001 2900.0 12896.0633
a contact +59700 +66900 2009 3001 7200.0 14080.9241
a contact +59700 +66900 2011 3002 7200.0 14080.9241
a contact +59700 +66900 2013 3003 7200.0 14080.9241
a contact +59700 +66900 2015 3004 7200.0 14080.9241
a contact +59700 +66900 3001 2009 7200.0 14080.9241
a contact +59700 +66900 3002 2011 7200.0 14080.9241
a contact +59700 +66900 3003 2013 7200.0 14080.9241
a contact +59700 +66900 3004 2015 7200.0 14080.9241
a contact +0 +67900 2002 3001 67900.0 14035.3926
a contact +0 +67900 2004 3002 67900.0 14035.3926
a contact +0 +67900 2006 3003 67900.0 14035.3926
a contact +0 +67900 2008 3004 67900.0 14035.3926
a contact +0 +67900 3001 2002 67900.0 14035.3926
a contact +0 +67900 3002 2004 67900.0 14035.3926
a contact +0 +67900 3003 2006 67900.0 14035.3926
a contact +0 +67900 3004 2008 67900.0 14035.3926
a contact +62100 +69400 2010 3002 7300.0 14036.3029
a contact +62100 +69400 2012 3001 7300.0 14036.3029
a contact +62100 +69400 2014 3004 7300.0 14036.3029
a contact +62100 +69400 2016 3003 7300.0 14036.3029
a contact +62100 +69400 3001 2012 7300.0 14036.3029
a contact +62100 +69400 3002 2010 7300.0 14036.3029
a contact +62100 +69400 3003 2016 7300.0 14036.3029
a contact +62100 +69400 3004 2014 7300.0 14036.3029
a contact +64500 +69600 2002 2010 5100.0 12975.7134
a contact +64500 +69600 2004 2012 5100.0 12975.7134
a contact +64500 +69600 2006 2014 5100.0 12975.7134
a contact +64500 +69600 2008 2016 5100.0 12975.7134
a contact +64500 +69600 2010 2002 5100.0 12975.7134
a contact +64500 +69600 2012 2004 5100.0 12975.7134
a contact +64500 +69600 2014 2006 5100.0 12975.7134
a contact +64500 +69600 2016 2008 5100.0 12975.7134
a contact +64100 +70100 2001 3004 6000.0 14010.1106
a contact +64100 +70100 2003 3003 6000.0 14010.1106
a contact +64100 +70100 2013 3002 6000.0 14010.1106
a contact +64100 +70100 2015 3001 6000.0 14010.1106
a contact +64100 +70100 3001 2015 6000.0 14010.1106
a contact +64100 +70100 3002 2013 6000.0 14010.1106
a contact +64100 +70100 3003 2003 6000.0 14010.1106
a contact +64100 +70100 3004 2001 6000.0 14010.1106
a contact +67900 +70800 2001 2006 2900.0 12888.298
a contact +67900 +70800 2002 2013 2900.0 12888.298
a contact +67900 +70800 2003 2008 2900.0 12888.298
a contact +67900 +70800 2004 2015 2900.0 12888.298
a contact +67900 +70800 2005 2010 2900.0 12888.298
a contact +67900 +70800 2006 2001 2900.0 12888.298
a contact +67900 +70800 2007 2012 2900.0 12888.298
a contact +67900 +70800 2008 2003 2900.0 12888.298
a contact +67900 +70800 2009 2014 2900.0 12888.298
a contact +67900 +70800 2010 2005 2900.0 12888.298
a contact +67900 +70800 2011 2016 2900.0 12888.298
a contact +67900 +70800 2012 2007 2900.0 12888.298
a contact +67900 +70800 2013 2002 2900.0 12888.298
a contact +67900 +70800 2014 2009 2900.0 12888.298
a contact +67900 +70800 2015 2004 2900.0 12888.298
a contact +67900 +70800 2016 2011 2900.0 12888.298
a contact +68200 +72200 1001 1003 4000.0 23340.0527
a contact +68200 +72200 1002 1004 4000.0 23340.0527
a contact +68200 +72200 1003 1001 4000.0 23340.0527
a contact +68200 +72200 1004 1002 4000.0 23340.0527
a contact +64100 +72500 2009 3002 8400.0 14071.7524
a contact +64100 +72500 2011 3001 8400.0 14071.7524
a contact +64100 +72500 2013 3004 8400.0 14071.7524
a contact +64100 +72500 2015 3003 8400.0 14071.7524
a contact +64100 +72500 3001 2011 8400.0 14071.7524
a contact +64100 +72500 3002 2009 8400.0 14071.7524
a contact +64100 +72500 3003 2015 8400.0 14071.7524
a contact +64100 +72500 3004 2013 8400.0 14071.7524
a contact +66600 +73600 3001 3004 7000.0 15211.2262
a contact +66600 +73600 3002 3003 7000.0 15211.2262
a contact +66600 +73600 3003 3002 7000.0 15211.2262
a contact +66600 +73600 3004 3001 7000.0 15211.2262
a contact +3700 +73800 2002 3003 70100.0 14040.0477
a contact +3700 +73800 2004 3004 70100.0 14040.0477
a contact +3700 +73800 2014 3001 70100.0 14040.0477
a contact +3700 +73800 2016 3002 70100.0 14040.0477
a contact +3700 +73800 3001 2014 70100.0 14040.0477
a contact +3700 +73800 3002 2016 70100.0 14040.0477
a contact +3700 +73800 3003 2002 70100.0 14040.0477
a contact +3700 +73800 3004 2004 70100.0 14040.0477
a contact +69200 +74300 2001 2009 5100.0 12957.4386
a contact +69200 +74300 2003 2011 5100.0 12957.4386
a contact +69200 +74300 2005 2013 5100.0 12957.4386
a contact +69200 +74300 2007 2015 5100.0 12957.4386
a contact +69200 +74300 2009 2001 5100.0 12957.4386
a contact +69200 +74300 2011 2003 5100.0 12957.4386
a contact +69200 +74300 2013 2005 5100.0 12957.4386
a contact +69200 +74300 2015 2007 5100.0 12957.4386
a contact +66700 +75400 2010 3001 8700.0 14063.2384
a contact +66700 +75400 2012 3002 8700.0 14063.2384
a contact +66700 +75400 2014 3003 8700.0 14063.2384
a contact +66700 +75400 2016 3004 8700.0 14063.2384
a contact +66700 +75400 3001 2010 8700.0 14063.2384
a contact +66700 +75400 3002 2012 8700.0 14063.2384
a contact +66700 +75400 3003 2014 8700.0 14063.2384
a contact +66700 +75400 3004 2016 8700.0 14063.2384
a contact +69300 +75500 2006 3001 6200.0 14034.3875
a contact +69300 +75500 2008 3002 6200.0 14034.3875
a contact +69300 +75500 2010 3003 6200.0 14034.3875
a contact +69300 +75500 2012 3004 6200.0 14034.3875
a contact +69300 +75500 3001 2006 6200.0 14034.3875
a contact +69300 +75500 3002 2008 6200.0 14034.3875
a contact +69300 +75500 3003 2010 6200.0 14034.3875
a contact +69300 +75500 3004 2012 6200.0 14034.3875
a contact +72600 +75600 2001 2016 3000.0 12938.2107
a contact +72600 +75600 2002 2007 3000.0 12938.2107
a contact +72600 +75600 2003 2014 3000.0 12938.2107
a contact +72600 +75600 2004 2005 3000.0 12938.2107
a contact +72600 +75600 2005 2004 3000.0 12938.2107
a contact +72600 +75600 2006 2011 3000.0 12938.2107
a contact +72600 +75600 2007 2002 3000.0 12938.2107
a contact +72600 +75600 2008 2009 3000.0 12938.2107
a contact +72600 +75600 2009 2008 3000.0 12938.2107
a contact +72600 +75600 2010 2015 3000.0 12938.2107
a contact +72600 +75600 2011 2006 3000.0 12938.2107
a contact +72600 +75600 2012 2013 3000.0 12938.2107
a contact +72600 +75600 2013 2012 3000.0 12938.2107
a contact +72600 +75600 2014 2003 3000.0 12938.2107
a contact +72600 +75600 2015 2010 3000.0 12938.2107
a contact +72600 +75600 2016 2001 3000.0 12938.2107
a contact +69900 +77400 2009 3001 7500.0 14008.3238
a contact +69900 +77400 2011 3002 7500.0 14008.3238
a contact +69900 +77400 2013 3003 7500.0 14008.3238
a contact +69900 +77400 2015 3004 7500.0 14008.3238
a contact +69900 +77400 3001 2009 7500.0 14008.3238
a contact +69900 +77400 3002 2011 7500.0 14008.3238
a contact +69900 +77400 3003 2013 7500.0 14008.3238
a contact +69900 +77400 3004 2015 7500.0 14008.3238
a contact +8000 +78500 2005 3001 70500.0 14108.233
a contact +8000 +78500 2007 3002 70500.0 14108.233
a contact +8000 +78500 2009 3003 70500.0 14108.233
a contact +8000 +78500 2011 3004 70500.0 14108.233
a contact +8000 +78500 3001 2005 70500.0 14108.233
a contact +8000 +78500 3002 2007 70500.0 14108.233
a contact +8000 +78500 3003 2009 70500.0 14108.233
a contact +8000 +78500 3004 2011 70500.0 14108.233
a contact +73900 +79000 2002 2010 5100.0 12939.1094
a contact +73900 +79000 2004 2012 5100.0 12939.1094
a contact +73900 +79000 2006 2014 5100.0 12939.1094
a contact +73900 +79000 2008 2016 5100.0 12939.1094
a contact +73900 +79000 2010 2002 5100.0 12939.1094
a contact +73900 +79000 2012 2004 5100.0 12939.1094
a contact +73900 +79000 2014 2006 5100.0 12939.1094
a contact +73900 +79000 2016 2008 5100.0 12939.1094
a contact +72600 +79700 2010 3002 7100.0 14078.6845
a contact +72600 +79700 2012 3001 7100.0 14078.6845
a contact +72600 +79700 2014 3004 7100.0 14078.6845
a contact +72600 +79700 2016 3003 7100.0 14078.6845
a contact +72600 +79700 3001 2012 7100.0 14078.6845
a contact +72600 +79700 3002 2010 7100.0 14078.6845
a contact +72600 +79700 3003 2016 7100.0 14078.6845
a contact +72600 +79700 3004 2014 7100.0 14078.6845
a contact +75800 +79800 1001 1003 4000.0 23394.2074
a contact +75800 +79800 1002 1004 4000.0 23394.2074
a contact +75800 +79800 1003 1001 4000.0 23394.2074
a contact +75800 +79800 1004 1002 4000.0 23394.2074
a contact +77300 +80300 2001 2006 3000.0 12930.2298
a contact +77300 +80300 2002 2013 3000.0 12930.2298
a contact +77300 +80300 2003 2008 3000.0 12930.2298
a contact +77300 +80300 2004 2015 3000.0 12930.2298
a contact +77300 +80300 2005 2010 3000.0 12930.2298
a contact +77300 +80300 2006 2001 3000.0 12930.2298
a contact +77300 +80300 2007 2012 3000.0 12930.2298
a contact +77300 +80300 2008 2003 3000.0 12930.2298
a contact +77300 +80300 2009 2014 3000.0 12930.2298
a contact +77300 +80300 2010 2005 3000.0 12930.2298
a contact +77300 +80300 2011 2016 3000.0 12930.2298
a contact +77300 +80300 2012 2007 3000.0 12930.2298
a contact +77300 +80300 2013 2002 3000.0 12930.2298
a contact +77300 +80300 2014 2009 3000.0 12930.2298
a contact +77300 +80300 2015 2004 3000.0 12930.2298
a contact +77300 +80300 2016 2011 3000.0 12930.2298
a contact +74300 +81100 2001 3004 6800.0 14054.3448
a contact +74300 +81100 2003 3003 6800.0 14054.3448
a contact +74300 +81100 2013 3002 6800.0 14054.3448
a contact +74300 +81100 2015 3001 6800.0 14054.3448
a contact +74300 +81100 3001 2015 6800.0 14054.3448
a contact +74300 +81100 3002 2013 6800.0 14054.3448
a contact +74300 +81100 3003 2003 6800.0 14054.3448
a contact +74300 +81100 3004 2001 6800.0 14054.3448
a contact +74700 +82600 2009 3002 7900.0 14100.8296
a contact +74700 +82600 2011 3001 7900.0 14100.8296
a contact +74700 +82600 2013 3004 7900.0 14100.8296
a contact +74700 +82600 2015 3003 7900.0 14100.8296
a contact +74700 +82600 3001 2011 7900.0 14100.8296
a contact +74700 +82600 3002 2009 7900.0 14100.8296
a contact +74700 +82600 3003 2015 7900.0 14100.8296
a contact +74700 +82600 3004 2013 7900.0 14100.8296
a contact +76200 +83300 2002 3003 7100.0 14088.6788
a contact +76200 +83300 2004 3004 7100.0 14088.6788
a contact +76200 +83300 2014 3001 7100.0 14088.6788
a contact +76200 +83300 2016 3002 7100.0 14088.6788
a contact +76200 +83300 3001 2014 7100.0 14088.6788
a contact +76200 +83300 3002 2016 7100.0 14088.6788
a contact +76200 +83300 3003 2002 7100.0 14088.6788
a contact +76200 +83300 3004 2004 7100.0 14088.6788
a contact +78600 +83700 2001 2009 5100.0 12920.7271
a contact +78600 +83700 2003 2011 5100.0 12920.7271
a contact +78600 +83700 2005 2013 5100.0 12920.7271
a contact +78600 +83700 2007 2015 5100.0 12920.7271
a contact +78600 +83700 2009 2001 5100.0 12920.7271
a contact +78600 +83700 2011 2003 5100.0 12920.7271
a contact +78600 +83700 2013 2005 5100.0 12920.7271
a contact +78600 +83700 2015 2007 5100.0 12920.7271
a contact +82100 +85000 2001 2016 2900.0 12922.2876
a contact +82100 +85000 2002 2007 2900.0 12922.2876
a contact +82100 +85000 2003 2014 2900.0 12922.2876
a contact +82100 +85000 2004 2005 2900.0 12922.2876
a contact +82100 +85000 2005 2004 2900.0 12922.2876
a contact +82100 +85000 2006 2011 2900.0 12922.2876
a contact +82100 +85000 2007 2002 2900.0 12922.2876
a contact +82100 +85000 2008 2009 2900.0 12922.2876
a contact +82100 +85000 2009 2008 2900.0 12922.2876
a contact +82100 +85000 2010 2015 2900.0 12922.2876
a contact +82100 +85000 2011 2006 2900.0 12922.2876
a contact +82100 +85000 2012 2013 2900.0 12922.2876
a contact +82100 +85000 2013 2012 2900.0 12922.2876
a contact +82100 +85000 2014 2003 2900.0 12922.2876
a contact +82100 +85000 2015 2010 2900.0 12922.2876
a contact +82100 +85000 2016 2001 2900.0 12922.2876
a contact +78100 +85000 3001 3004 6900.0 15170.6141
a contact +78100 +85000 3002 3003 6900.0 15170.6141
a contact +78100 +85000 3003 3002 6900.0 15170.6141
a contact +78100 +85000 3004 3001 6900.0 15170.6141
a contact +76900 +85700 2010 3001 8800.0 14054.688
a contact +76900 +85700 2012 3002 8800.0 14054.688
a contact +76900 +85700 2014 3003 8800.0 14054.688
a contact +76900 +85700 2016 3004 8800.0 14054.688
a contact +76900 +85700 3001 2010 8800.0 14054.688
a contact +76900 +85700 3002 2012 8800.0 14054.688
a contact +76900 +85700 3003 2014 8800.0 14054.688
a contact +76900 +85700 3004 2016 8800.0 14054.688
a contact +83400 +86400 1001 1003 3000.0 20348.6807
a contact +0 +86400 1001 1004 86400.0 16950.9129
a contact +0 +86400 1001 3001 86400.0 331287326.5
a contact +0 +86400 1001 3002 86400.0 331285685.3205
a contact +0 +86400 1001 3003 86400.0 331288180.8873
a contact +0 +86400 1001 3004 86400.0 331284830.9268
a contact +0 +86400 1002 1003 86400.0 16950.9129
a contact +83400 +86400 1002 1004 3000.0 20348.6807
a contact +0 +86400 1002 3001 86400.0 331297971.2324
a contact +0 +86400 1002 3002 86400.0 331296329.4001
a contact +0 +86400 1002 3003 86400.0 331298825.7446
a contact +0 +86400 1002 3004 86400.0 331295474.8815
a contact +83400 +86400 1003 1001 3000.0 20348.6807
a contact +0 +86400 1003 1002 86400.0 16950.9129
a contact +0 +86400 1003 3001 86400.0 331297851.0174
a contact +0 +86400 1003 3002 86400.0 331296210.0117
a contact +0 +86400 1003 3003 86400.0 331298705.5299
a contact +0 +86400 1003 3004 86400.0 331295355.4927
a contact +0 +86400 1004 1001 86400.0 16950.9129
a contact +83400 +86400 1004 1002 3000.0 20348.6807
a contact +0 +86400 1004 3001 86400.0 331287446.7188
a contact +0 +86400 1004 3002 86400.0 331285804.7127
a contact +0 +86400 1004 3003 86400.0 331288301.1058
a contact +0 +86400 1004 3004 86400.0 331284950.3193
a contact +0 +86400 2001 2002 86400.0 10294.0605
a contact +0 +86400 2001 2004 86400.0 10294.0605
a contact +0 +86400 2001 2005 86400.0 10201.7699
a contact +0 +86400 2001 2007 86400.0 10385.531
a contact +0 +86400 2001 2008 86400.0 6392.81
a contact +0 +86400 2001 2010 86400.0 9290.1063
a contact +0 +86400 2001 2011 86400.0 1945.0306
a contact +0 +86400 2001 2012 86400.0 11208.4472
a contact +0 +86400 2001 2013 86400.0 10201.7699
a contact +0 +86400 2001 2014 86400.0 4605.042
a contact +0 +86400 2001 2015 86400.0 10385.531
a contact +13500 +86400 2001 3001 72900.0 12760.3629
a contact +69200 +86400 2001 3002 17200.0 8956.8131
a contact +27300 +86400 2001 3003 59100.0 11862.8913
a contact +83900 +86400 2001 3004 2500.0 10115.4918
a contact +0 +86400 2002 2001 86400.0 10294.0605
a contact +0 +86400 2002 2003 86400.0 10294.0605
a contact +0 +86400 2002 2005 86400.0 4605.042
a contact +0 +86400 2002 2006 86400.0 7407.7941
a contact +0 +86400 2002 2008 86400.0 12532.3562
a contact +0 +86400 2002 2009 86400.0 9290.1063
a contact +83300 +86400 2002 2010 3100.0 10476.2028
a contact +0 +86400 2002 2011 86400.0 11208.4472
a contact +0 +86400 2002 2012 86400.0 10108.6368
a contact +0 +86400 2002 2014 86400.0 7407.7941
a contact +0 +86400 2002 2015 86400.0 6392.81
a contact +0 +86400 2002 2016 86400.0 12532.3562
a contact +37800 +86400 2002 3002 48600.0 6688.4843
a contact +60100 +86400 2002 3004 26300.0 4661.2402
a contact +0 +86400 2003 2002 86400.0 10294.0605
a contact +0 +86400 2003 2004 86400.0 10294.0605
a contact +0 +86400 2003 2005 86400.0 10385.531
a contact +0 +86400 2003 2006 86400.0 6392.81
a contact +0 +86400 2003 2007 86400.0 10201.7699
a contact +0 +86400 2003 2009 86400.0 1945.0306
a contact +0 +86400 2003 2010 86400.0 11208.4472
a contact +0 +86400 2003 2012 86400.0 9290.1063
a contact +0 +86400 2003 2013 86400.0 10385.531
a contact +0 +86400 2003 2015 86400.0 10201.7699
a contact +0 +86400 2003 2016 86400.0 4605.042
a contact +69200 +86400 2003 3001 17200.0 8956.8131
a contact +13500 +86400 2003 3002 72900.0 12760.3629
a contact +83900 +86400 2003 3003 2500.0 10115.4918
a contact +27300 +86400 2003 3004 59100.0 11862.8913
a contact +0 +86400 2004 2001 86400.0 10294.0605
a contact +0 +86400 2004 2003 86400.0 10294.0605
a contact +0 +86400 2004 2006 86400.0 12532.3562
a contact +0 +86400 2004 2007 86400.0 4605.042
a contact +0 +86400 2004 2008 86400.0 7407.7941
a contact +0 +86400 2004 2009 86400.0 11208.4472
a contact +0 +86400 2004 2010 86400.0 10108.6368
a contact +0 +86400 2004 2011 86400.0 9290.1063
a contact +83300 +86400 2004 2012 3100.0 10476.2028
a contact +0 +86400 2004 2013 86400.0 6392.81
a contact +0 +86400 2004 2014 86400.0 12532.3562
a contact +0 +86400 2004 2016 86400.0 7407.7941
a contact +37800 +86400 2004 3001 48600.0 6688.4843
a contact +60100 +86400 2004 3003 26300.0 4661.2402
a contact +0 +86400 2005 2001 86400.0 10201.7699
a contact +0 +86400 2005 2002 86400.0 4605.042
a contact +0 +86400 2005 2003 86400.0 10385.531
a contact +0 +86400 2005 2006 86400.0 10294.0605
a contact +0 +86400 2005 2008 86400.0 10294.0605
a contact +0 +86400 2005 2009 86400.0 10201.7699
a contact +0 +86400 2005 2011 86400.0 10385.531
a contact +0 +86400 2005 2012 86400.0 6392.81
a contact +0 +86400 2005 2014 86400.0 9290.1063
a contact +0 +86400 2005 2015 86400.0 1945.0306
a contact +0 +86400 2005 2016 86400.0 11208.4472
a contact +81900 +86400 2005 3001 4500.0 11565.8058
a contact +55600 +86400 2005 3002 30800.0 10453.8749
a contact +13500 +86400 2005 3003 72900.0 12760.3629
a contact +69200 +86400 2005 3004 17200.0 8956.8131
a contact +0 +86400 2006 2002 86400.0 7407.7941
a contact +0 +86400 2006 2003 86400.0 6392.81
a contact +0 +86400 2006 2004 86400.0 12532.3562
a contact +0 +86400 2006 2005 86400.0 10294.0605
a contact +0 +86400 2006 2007 86400.0 10294.0605
a contact +0 +86400 2006 2009 86400.0 4605.042
a contact +0 +86400 2006 2010 86400.0 7407.7941
a contact +0 +86400 2006 2012 86400.0 12532.3562
a contact +0 +86400 2006 2013 86400.0 9290.1063
a contact +83300 +86400 2006 2014 3100.0 10476.2028
a contact +0 +86400 2006 2015 86400.0 11208.4472
a contact +0 +86400 2006 2016 86400.0 10108.6368
a contact +79200 +86400 2006 3001 7200.0 13606.9933
a contact +31900 +86400 2006 3002 54500.0 7609.277
a contact +37800 +86400 2006 3004 48600.0 6688.4843
a contact +0 +86400 2007 2001 86400.0 10385.531
a contact +0 +86400 2007 2003 86400.0 10201.7699
a contact +0 +86400 2007 2004 86400.0 4605.042
a contact +0 +86400 2007 2006 86400.0 10294.0605
a contact +0 +86400 2007 2008 86400.0 10294.0605
a contact +0 +86400 2007 2009 86400.0 10385.531
a contact +0 +86400 2007 2010 86400.0 6392.81
a contact +0 +86400 2007 2011 86400.0 10201.7699
a contact +0 +86400 2007 2013 86400.0 1945.0306
a contact +0 +86400 2007 2014 86400.0 11208.4472
a contact +0 +86400 2007 2016 86400.0 9290.1063
a contact +55600 +86400 2007 3001 30800.0 10453.8749
a contact +81900 +86400 2007 3002 4500.0 11565.8058
a contact +69200 +86400 2007 3003 17200.0 8956.8131
a contact +13500 +86400 2007 3004 72900.0 12760.3629
a contact +0 +86400 2008 2001 86400.0 6392.81
a contact +0 +86400 2008 2002 86400.0 12532.3562
a contact +0 +86400 2008 2004 86400.0 7407.7941
a contact +0 +86400 2008 2005 86400.0 10294.0605
a contact +0 +86400 2008 2007 86400.0 10294.0605
a contact +0 +86400 2008 2010 86400.0 12532.3562
a contact +0 +86400 2008 2011 86400.0 4605.042
a contact +0 +86400 2008 2012 86400.0 7407.7941
a contact +0 +86400 2008 2013 86400.0 11208.4472
a contact +0 +86400 2008 2014 86400.0 10108.6368
a contact +0 +86400 2008 2015 86400.0 9290.1063
a contact +83300 +86400 2008 2016 3100.0 10476.2028
a contact +31900 +86400 2008 3001 54500.0 7609.277
a contact +79200 +86400 2008 3002 7200.0 13606.9933
a contact +37800 +86400 2008 3003 48600.0 6688.4843
a contact +0 +86400 2009 2002 86400.0 9290.1063
a contact +0 +86400 2009 2003 86400.0 1945.0306
a contact +0 +86400 2009 2004 86400.0 11208.4472
a contact +0 +86400 2009 2005 86400.0 10201.7699
a contact +0 +86400 2009 2006 86400.0 4605.042
a contact +0 +86400 2009 2007 86400.0 10385.531
a contact +0 +86400 2009 2010 86400.0 10294.0605
a contact +0 +86400 2009 2012 86400.0 10294.0605
a contact +0 +86400 2009 2013 86400.0 10201.7699
a contact +0 +86400 2009 2015 86400.0 10385.531
a contact +0 +86400 2009 2016 86400.0 6392.81
a contact +80000 +86400 2009 3001 6400.0 10567.3644
a contact +85300 +86400 2009 3002 1100.0 11462.2063
a contact +81900 +86400 2009 3003 4500.0 11565.8058
a contact +55600 +86400 2009 3004 30800.0 10453.8749
a contact +0 +86400 2010 2001 86400.0 9290.1063
a contact +83300 +86400 2010 2002 3100.0 10476.2028
a contact +0 +86400 2010 2003 86400.0 11208.4472
a contact +0 +86400 2010 2004 86400.0 10108.6368
a contact +0 +86400 2010 2006 86400.0 7407.7941
a contact +0 +86400 2010 2007 86400.0 6392.81
a contact +0 +86400 2010 2008 86400.0 12532.3562
a contact +0 +86400 2010 2009 86400.0 10294.0605
a contact +0 +86400 2010 2011 86400.0 10294.0605
a contact +0 +86400 2010 2013 86400.0 4605.042
a contact +0 +86400 2010 2014 86400.0 7407.7941
a contact +0 +86400 2010 2016 86400.0 12532.3562
a contact +82900 +86400 2010 3002 3500.0 5906.9819
a contact +79200 +86400 2010 3003 7200.0 13606.9933
a contact +31900 +86400 2010 3004 54500.0 7609.277
a contact +0 +86400 2011 2001 86400.0 1945.0306
a contact +0 +86400 2011 2002 86400.0 11208.4472
a contact +0 +86400 2011 2004 86400.0 9290.1063
a contact +0 +86400 2011 2005 86400.0 10385.531
a contact +0 +86400 2011 2007 86400.0 10201.7699
a contact +0 +86400 2011 2008 86400.0 4605.042
a contact +0 +86400 2011 2010 86400.0 10294.0605
a contact +0 +86400 2011 2012 86400.0 10294.0605
a contact +0 +86400 2011 2013 86400.0 10385.531
a contact +0 +86400 2011 2014 86400.0 6392.81
a contact +0 +86400 2011 2015 86400.0 10201.7699
a contact +85300 +86400 2011 3001 1100.0 11462.2063
a contact +80000 +86400 2011 3002 6400.0 10567.3644
a contact +55600 +86400 2011 3003 30800.0 10453.8749
a contact +81900 +86400 2011 3004 4500.0 11565.8058
a contact +0 +86400 2012 2001 86400.0 11208.4472
a contact +0 +86400 2012 2002 86400.0 10108.6368
a contact +0 +86400 2012 2003 86400.0 9290.1063
a contact +83300 +86400 2012 2004 3100.0 10476.2028
a contact +0 +86400 2012 2005 86400.0 6392.81
a contact +0 +86400 2012 2006 86400.0 12532.3562
a contact +0 +86400 2012 2008 86400.0 7407.7941
a contact +0 +86400 2012 2009 86400.0 10294.0605
a contact +0 +86400 2012 2011 86400.0 10294.0605
a contact +0 +86400 2012 2014 86400.0 12532.3562
a contact +0 +86400 2012 2015 86400.0 4605.042
a contact +0 +86400 2012 2016 86400.0 7407.7941
a contact +82900 +86400 2012 3001 3500.0 5906.9819
a contact +31900 +86400 2012 3003 54500.0 7609.277
a contact +79200 +86400 2012 3004 7200.0 13606.9933
a contact +0 +86400 2013 2001 86400.0 10201.7699
a contact +0 +86400 2013 2003 86400.0 10385.531
a contact +0 +86400 2013 2004 86400.0 6392.81
a contact +0 +86400 2013 2006 86400.0 9290.1063
a contact +0 +86400 2013 2007 86400.0 1945.0306
a contact +0 +86400 2013 2008 86400.0 11208.4472
a contact +0 +86400 2013 2009 86400.0 10201.7699
a contact +0 +86400 2013 2010 86400.0 4605.042
a contact +0 +86400 2013 2011 86400.0 10385.531
a contact +0 +86400 2013 2014 86400.0 10294.0605
a contact +0 +86400 2013 2016 86400.0 10294.0605
a contact +27300 +86400 2013 3001 59100.0 11862.8913
a contact +83900 +86400 2013 3002 2500.0 10115.4918
a contact +80000 +86400 2013 3003 6400.0 10567.3644
a contact +85300 +86400 2013 3004 1100.0 11462.2063
a contact +0 +86400 2014 2001 86400.0 4605.042
a contact +0 +86400 2014 2002 86400.0 7407.7941
a contact +0 +86400 2014 2004 86400.0 12532.3562
a contact +0 +86400 2014 2005 86400.0 9290.1063
a contact +83300 +86400 2014 2006 3100.0 10476.2028
a contact +0 +86400 2014 2007 86400.0 11208.4472
a contact +0 +86400 2014 2008 86400.0 10108.6368
a contact +0 +86400 2014 2010 86400.0 7407.7941
a contact +0 +86400 2014 2011 86400.0 6392.81
a contact +0 +86400 2014 2012 86400.0 12532.3562
a contact +0 +86400 2014 2013 86400.0 10294.0605
a contact +0 +86400 2014 2015 86400.0 10294.0605
a contact +60100 +86400 2014 3002 26300.0 4661.2402
a contact +82900 +86400 2014 3004 3500.0 5906.9819
a contact +0 +86400 2015 2001 86400.0 10385.531
a contact +0 +86400 2015 2002 86400.0 6392.81
a contact +0 +86400 2015 2003 86400.0 10201.7699
a contact +0 +86400 2015 2005 86400.0 1945.0306
a contact +0 +86400 2015 2006 86400.0 11208.4472
a contact +0 +86400 2015 2008 86400.0 9290.1063
a contact +0 +86400 2015 2009 86400.0 10385.531
a contact +0 +86400 2015 2011 86400.0 10201.7699
a contact +0 +86400 2015 2012 86400.0 4605.042
a contact +0 +86400 2015 2014 86400.0 10294.0605
a contact +0 +86400 2015 2016 86400.0 10294.0605
a contact +83900 +86400 2015 3001 2500.0 10115.4918
a contact +27300 +86400 2015 3002 59100.0 11862.8913
a contact +85300 +86400 2015 3003 1100.0 11462.2063
a contact +80000 +86400 2015 3004 6400.0 10567.3644
a contact +0 +86400 2016 2002 86400.0 12532.3562
a contact +0 +86400 2016 2003 86400.0 4605.042
a contact +0 +86400 2016 2004 86400.0 7407.7941
a contact +0 +86400 2016 2005 86400.0 11208.4472
a contact +0 +86400 2016 2006 86400.0 10108.6368
a contact +0 +86400 2016 2007 86400.0 9290.1063
a contact +83300 +86400 2016 2008 3100.0 10476.2028
a contact +0 +86400 2016 2009 86400.0 6392.81
a contact +0 +86400 2016 2010 86400.0 12532.3562
a contact +0 +86400 2016 2012 86400.0 7407.7941
a contact +0 +86400 2016 2013 86400.0 10294.0605
a contact +0 +86400 2016 2015 86400.0 10294.0605
a contact +60100 +86400 2016 3001 26300.0 4661.2402
a contact +82900 +86400 2016 3003 3500.0 5906.9819
a contact +0 +86400 3001 1001 86400.0 331287326.5
a contact +0 +86400 3001 1002 86400.0 331297971.2324
a contact +0 +86400 3001 1003 86400.0 331297851.0174
a contact +0 +86400 3001 1004 86400.0 331287446.7188
a contact +13500 +86400 3001 2001 72900.0 12760.3629
a contact +69200 +86400 3001 2003 17200.0 8956.8131
a contact +37800 +86400 3001 2004 48600.0 6688.4843
a contact +81900 +86400 3001 2005 4500.0 11565.8058
a contact +79200 +86400 3001 2006 7200.0 13606.9933
a contact +55600 +86400 3001 2007 30800.0 10453.8749
a contact +31900 +86400 3001 2008 54500.0 7609.277
a contact +80000 +86400 3001 2009 6400.0 10567.3644
a contact +85300 +86400 3001 2011 1100.0 11462.2063
a contact +82900 +86400 3001 2012 3500.0 5906.9819
a contact +27300 +86400 3001 2013 59100.0 11862.8913
a contact +83900 +86400 3001 2015 2500.0 10115.4918
a contact +60100 +86400 3001 2016 26300.0 4661.2402
a contact +0 +86400 3001 3003 86400.0 2530.3942
a contact +0 +86400 3002 1001 86400.0 331285685.3205
a contact +0 +86400 3002 1002 86400.0 331296329.4001
a contact +0 +86400 3002 1003 86400.0 331296210.0117
a contact +0 +86400 3002 1004 86400.0 331285804.7127
a contact +69200 +86400 3002 2001 17200.0 8956.8131
a contact +37800 +86400 3002 2002 48600.0 6688.4843
a contact +13500 +86400 3002 2003 72900.0 12760.3629
a contact +55600 +86400 3002 2005 30800.0 10453.8749
a contact +31900 +86400 3002 2006 54500.0 7609.277
a contact +81900 +86400 3002 2007 4500.0 11565.8058
a contact +79200 +86400 3002 2008 7200.0 13606.9933
a contact +85300 +86400 3002 2009 1100.0 11462.2063
a contact +82900 +86400 3002 2010 3500.0 5906.9819
a contact +80000 +86400 3002 2011 6400.0 10567.3644
a contact +83900 +86400 3002 2013 2500.0 10115.4918
a contact +60100 +86400 3002 2014 26300.0 4661.2402
a contact +27300 +86400 3002 2015 59100.0 11862.8913
a contact +0 +86400 3002 3004 86400.0 2530.3942
a contact +0 +86400 3003 1001 86400.0 331288180.8873
a contact +0 +86400 3003 1002 86400.0 331298825.7446
a contact +0 +86400 3003 1003 86400.0 331298705.5299
a contact +0 +86400 3003 1004 86400.0 331288301.1058
a contact +27300 +86400 3003 2001 59100.0 11862.8913
a contact +83900 +86400 3003 2003 2500.0 10115.4918
a contact +60100 +86400 3003 2004 26300.0 4661.2402
a contact +13500 +86400 3003 2005 72900.0 12760.3629
a contact +69200 +86400 3003 2007 17200.0 8956.8131
a contact +37800 +86400 3003 2008 48600.0 6688.4843
a contact +81900 +86400 3003 2009 4500.0 11565.8058
a contact +79200 +86400 3003 2010 7200.0 13606.9933
a contact +55600 +86400 3003 2011 30800.0 10453.8749
a contact +31900 +86400 3003 2012 54500.0 7609.277
a contact +80000 +86400 3003 2013 6400.0 10567.3644
a contact +85300 +86400 3003 2015 1100.0 11462.2063
a contact +82900 +86400 3003 2016 3500.0 5906.9819
a contact +0 +86400 3003 3001 86400.0 2530.3942
a contact +0 +86400 3004 1001 86400.0 331284830.9268
a contact +0 +86400 3004 1002 86400.0 331295474.8815
a contact +0 +86400 3004 1003 86400.0 331295355.4927
a contact +0 +86400 3004 1004 86400.0 331284950.3193
a contact +83900 +86400 3004 2001 2500.0 10115.4918
a contact +60100 +86400 3004 2002 26300.0 4661.2402
a contact +27300 +86400 3004 2003 59100.0 11862.8913
a contact +69200 +86400 3004 2005 17200.0 8956.8131
a contact +37800 +86400 3004 2006 48600.0 6688.4843
a contact +13500 +86400 3004 2007 72900.0 12760.3629
a contact +55600 +86400 3004 2009 30800.0 10453.8749
a contact +31900 +86400 3004 2010 54500.0 7609.277
a contact +81900 +86400 3004 2011 4500.0 11565.8058
a contact +79200 +86400 3004 2012 7200.0 13606.9933
a contact +85300 +86400 3004 2013 1100.0 11462.2063
a contact +82900 +86400 3004 2014 3500.0 5906.9819
a contact +80000 +86400 3004 2015 6400.0 10567.3644
a contact +0 +86400 3004 3002 86400.0 2530.3942
