a contact +0 +200 1001 9003 1000
a contact +0 +200 9003 1001 1000
a contact +200 +500 1001 9003 1000
a contact +200 +500 9003 1001 1000
a contact +500 +1000 1001 9003 1000
a contact +500 +1000 9003 1001 1000
a contact +1000 +2400 1001 9003 1000
a contact +1000 +2400 9003 1001 1000
a contact +0 +12500 2008 9001 1000
a contact +0 +12500 9001 2008 1000
a contact +2400 +13500 1001 2005 1000
a contact +12500 +13500 2001 9001 1000
a contact +2400 +13500 2005 1001 1000
a contact +12500 +13500 9001 2001 1000
a contact +13500 +15300 2005 9001 1000
a contact +13500 +15300 9001 2005 1000
a contact +2400 +16300 1001 2003 1000
a contact +2400 +16300 2003 1001 1000
a contact +0 +17700 2002 9002 1000
a contact +0 +17700 9002 2002 1000
a contact +13600 +20400 1001 2004 1000
a contact +13600 +20400 2004 1001 1000
a contact +16300 +20800 1001 2006 1000
a contact +16300 +20800 2006 1001 1000
a contact +20800 +23200 1001 2008 1000
a contact +20400 +23200 1001 2001 1000
a contact +20400 +23200 2001 1001 1000
a contact +20800 +23200 2008 1001 1000
a contact +23700 +24700 1001 9003 1000
a contact +23700 +24700 9003 1001 1000
a contact +24700 +25200 1001 9001 1000
a contact +24700 +25200 9001 1001 1000
a contact +25200 +25600 1001 9003 1000
a contact +25200 +25600 9003 1001 1000
a contact +25600 +26000 1001 9001 1000
a contact +25600 +26000 9001 1001 1000
a contact +17700 +29800 2007 9002 1000
a contact +17700 +29800 9002 2007 1000
a contact +29800 +31500 2005 9002 1000
a contact +29800 +31500 9002 2005 1000
a contact +31500 +31900 2007 9002 1000
a contact +31500 +31900 9002 2007 1000
a contact +31900 +37900 2006 9002 1000
a contact +31900 +37900 9002 2006 1000
a contact +37900 +38200 2004 9002 1000
a contact +37900 +38200 9002 2004 1000
a contact +38200 +42200 2006 9002 1000
a contact +38200 +42200 9002 2006 1000
a contact +26000 +46800 1001 2001 1000
a contact +26000 +46800 1001 2008 1000
a contact +26000 +46800 2001 1001 1000
a contact +26000 +46800 2008 1001 1000
a contact +46800 +46900 1001 9001 1000
a contact +46800 +46900 9001 1001 1000
a contact +46900 +47100 1001 9002 1000
a contact +46900 +47100 9002 1001 1000
a contact +47300 +48100 1001 9002 1000
a contact +47300 +48100 9002 1001 1000
a contact +48900 +49500 1001 9002 1000
a contact +48900 +49500 9002 1001 1000
a contact +49500 +50000 1001 2005 1000
a contact +49500 +50000 1001 2001 1000
a contact +49500 +50000 2001 1001 1000
a contact +49500 +50000 2005 1001 1000
a contact +50000 +50500 1001 2001 1000
a contact +50000 +50500 1001 2005 1000
a contact +50000 +50500 2001 1001 1000
a contact +50000 +50500 2005 1001 1000
a contact +50500 +50700 1001 9002 1000
a contact +50500 +50700 9002 1001 1000
a contact +50700 +51200 1001 2008 1000
a contact +50700 +51200 1001 2006 1000
a contact +50700 +51200 2006 1001 1000
a contact +50700 +51200 2008 1001 1000
a contact +51300 +51800 1001 2008 1000
a contact +51300 +51800 2008 1001 1000
a contact +51800 +51900 1001 2006 1000
a contact +51200 +51900 1001 2004 1000
a contact +51200 +51900 2004 1001 1000
a contact +51800 +51900 2006 1001 1000
a contact +51900 +52400 1001 2007 1000
a contact +51900 +52400 1001 2005 1000
a contact +51900 +52400 2005 1001 1000
a contact +51900 +52400 2006 9001 1000
a contact +51900 +52400 2007 1001 1000
a contact +51900 +52400 9001 2006 1000
a contact +52400 +52900 1001 2001 1000
a contact +52400 +52900 1001 2006 1000
a contact +52400 +52900 2001 1001 1000
a contact +52400 +52900 2003 9001 1000
a contact +52400 +52900 2006 1001 1000
a contact +52400 +52900 9001 2003 1000
a contact +52900 +53400 1001 2006 1000
a contact +52900 +53400 1001 2003 1000
a contact +52900 +53400 2003 1001 1000
a contact +52900 +53400 2006 1001 1000
a contact +53400 +53900 1001 2004 1000
a contact +53400 +53900 2004 1001 1000
a contact +52900 +53900 2005 9001 1000
a contact +52900 +53900 9001 2005 1000
a contact +53400 +54400 1001 2007 1000
a contact +53900 +54400 1001 2008 1000
a contact +53400 +54400 2007 1001 1000
a contact +53900 +54400 2008 1001 1000
a contact +54500 +54600 1001 9002 1000
a contact +53900 +54600 2004 9001 1000
a contact +53900 +54600 9001 2004 1000
a contact +54500 +54600 9002 1001 1000
a contact +54600 +54700 1001 2004 1000
a contact +54600 +54700 2004 1001 1000
a contact +54600 +54700 2005 9001 1000
a contact +54600 +54700 9001 2005 1000
a contact +54700 +55000 1001 2003 1000
a contact +54700 +55000 1001 2005 1000
a contact +54700 +55000 2003 1001 1000
a contact +54700 +55000 2004 9001 1000
a contact +54700 +55000 2005 1001 1000
a contact +54700 +55000 9001 2004 1000
a contact +55000 +55500 1001 2003 1000
a contact +55000 +55500 2003 1001 1000
a contact +55000 +55500 2005 9001 1000
a contact +55000 +55500 9001 2005 1000
a contact +55000 +56000 1001 2007 1000
a contact +55500 +56000 2003 9001 1000
a contact +55000 +56000 2007 1001 1000
a contact +55500 +56000 9001 2003 1000
a contact +56000 +56500 1001 2004 1000
a contact +55500 +56500 1001 2006 1000
a contact +56000 +56500 2004 1001 1000
a contact +55500 +56500 2006 1001 1000
a contact +56000 +56500 2007 9001 1000
a contact +56000 +56500 9001 2007 1000
a contact +56500 +56600 1001 2004 1000
a contact +56500 +56600 2004 1001 1000
a contact +56500 +56600 2005 9001 1000
a contact +56500 +56600 9001 2005 1000
a contact +56600 +56700 1001 2007 1000
a contact +56600 +56700 2004 9001 1000
a contact +56600 +56700 2007 1001 1000
a contact +56600 +56700 9001 2004 1000
a contact +56700 +57000 1001 2001 1000
a contact +56700 +57000 2001 1001 1000
a contact +56700 +57500 1001 2004 1000
a contact +56700 +57500 2004 1001 1000
a contact +56700 +57500 2007 9001 1000
a contact +56700 +57500 9001 2007 1000
a contact +57000 +58000 1001 2006 1000
a contact +57500 +58000 1001 2008 1000
a contact +57000 +58000 2006 1001 1000
a contact +57500 +58000 2008 1001 1000
a contact +57500 +58200 2004 9001 1000
a contact +57500 +58200 9001 2004 1000
a contact +58200 +58500 1001 2005 1000
a contact +58200 +58500 1001 2001 1000
a contact +58200 +58500 2001 1001 1000
a contact +58200 +58500 2005 1001 1000
a contact +58200 +58500 2006 9001 1000
a contact +58200 +58500 9001 2006 1000
a contact +58500 +58700 1001 2007 1000
a contact +58500 +58700 2007 1001 1000
a contact +58700 +59200 1001 2007 1000
a contact +58700 +59200 1001 2008 1000
a contact +58700 +59200 2003 9001 1000
a contact +58700 +59200 2007 1001 1000
a contact +58700 +59200 2008 1001 1000
a contact +58700 +59200 9001 2003 1000
a contact +59200 +59500 1001 2003 1000
a contact +59200 +59500 1001 2007 1000
a contact +59200 +59500 2003 1001 1000
a contact +59200 +59500 2005 9001 1000
a contact +59200 +59500 2007 1001 1000
a contact +59200 +59500 9001 2005 1000
a contact +59500 +60000 1001 2001 1000
a contact +59500 +60000 2001 1001 1000
a contact +59500 +60000 2003 9001 1000
a contact +59500 +60000 9001 2003 1000
a contact +59500 +60200 1001 2004 1000
a contact +59500 +60200 2004 1001 1000
a contact +60200 +60700 1001 2003 1000
a contact +60200 +60700 2001 9001 1000
a contact +60200 +60700 2003 1001 1000
a contact +60200 +60700 9001 2001 1000
a contact +60200 +61200 1001 2004 1000
a contact +60700 +61200 1001 2006 1000
a contact +60200 +61200 2004 1001 1000
a contact +60700 +61200 2005 9001 1000
a contact +60700 +61200 2006 1001 1000
a contact +60700 +61200 9001 2005 1000
a contact +61200 +61700 1001 2007 1000
a contact +61200 +61700 2007 1001 1000
a contact +61700 +62200 1001 2005 1000
a contact +61200 +62200 1001 2008 1000
a contact +61200 +62200 2004 9001 1000
a contact +61700 +62200 2005 1001 1000
a contact +61200 +62200 2008 1001 1000
a contact +61200 +62200 9001 2004 1000
a contact +62200 +62500 1001 2006 1000
a contact +62200 +62500 1001 2005 1000
a contact +62200 +62500 2005 1001 1000
a contact +62200 +62500 2006 1001 1000
a contact +62200 +62500 2007 9001 1000
a contact +62200 +62500 9001 2007 1000
a contact +62500 +63000 1001 2006 1000
a contact +62500 +63000 2003 9001 1000
a contact +62500 +63000 2006 1001 1000
a contact +62500 +63000 9001 2003 1000
a contact +62500 +63500 1001 2007 1000
a contact +63000 +63500 1001 2003 1000
a contact +63000 +63500 2003 1001 1000
a contact +62500 +63500 2007 1001 1000
a contact +63500 +63900 1001 2006 1000
a contact +63500 +63900 1001 2007 1000
a contact +63000 +63900 2004 9001 1000
a contact +63500 +63900 2006 1001 1000
a contact +63500 +63900 2007 1001 1000
a contact +63000 +63900 9001 2004 1000
a contact +63900 +64400 1001 2004 1000
a contact +63900 +64400 1001 2006 1000
a contact +63900 +64400 2004 1001 1000
a contact +63900 +64400 2006 1001 1000
a contact +63900 +64400 2007 9001 1000
a contact +63900 +64400 9001 2007 1000
a contact +64400 +64500 1001 2005 1000
a contact +64400 +64500 2005 1001 1000
a contact +64500 +65000 1001 2007 1000
a contact +64500 +65000 1001 2008 1000
a contact +64500 +65000 2007 1001 1000
a contact +64500 +65000 2008 1001 1000
a contact +65000 +65300 1001 2006 1000
a contact +65000 +65300 1001 2001 1000
a contact +65000 +65300 2001 1001 1000
a contact +64500 +65300 2004 9001 1000
a contact +65000 +65300 2006 1001 1000
a contact +64500 +65300 9001 2004 1000
a contact +65300 +65800 1001 2008 1000
a contact +65300 +65800 1001 2006 1000
a contact +65300 +65800 2005 9001 1000
a contact +65300 +65800 2006 1001 1000
a contact +65300 +65800 2008 1001 1000
a contact +65300 +65800 9001 2005 1000
a contact +65800 +66000 1001 9001 1000
a contact +65800 +66000 9001 1001 1000
a contact +66000 +66200 1001 2005 1000
a contact +66000 +66200 2005 1001 1000
a contact +66000 +66200 2006 9001 1000
a contact +66000 +66200 9001 2006 1000
a contact +66000 +66400 1001 9002 1000
a contact +66000 +66400 9002 1001 1000
a contact +66400 +66900 1001 2003 1000
a contact +66400 +66900 2003 1001 1000
a contact +66400 +67400 1001 2007 1000
a contact +66400 +67400 2001 9001 1000
a contact +66400 +67400 2007 1001 1000
a contact +66400 +67400 9001 2001 1000
a contact +67400 +67700 2007 9001 1000
a contact +67400 +67700 9001 2007 1000
a contact +66900 +67900 1001 2005 1000
a contact +66900 +67900 2005 1001 1000
a contact +67900 +68100 1001 2006 1000
a contact +67400 +68100 1001 2003 1000
a contact +67400 +68100 2003 1001 1000
a contact +67900 +68100 2006 1001 1000
a contact +68100 +68600 2003 9001 1000
a contact +68100 +68600 9001 2003 1000
a contact +68100 +69100 1001 2004 1000
a contact +68100 +69100 1001 2006 1000
a contact +68100 +69100 2004 1001 1000
a contact +68600 +69100 2005 9001 1000
a contact +68100 +69100 2006 1001 1000
a contact +68600 +69100 9001 2005 1000
a contact +69100 +69600 1001 2006 1000
a contact +69100 +69600 2004 9001 1000
a contact +69100 +69600 2006 1001 1000
a contact +69100 +69600 9001 2004 1000
a contact +69600 +70100 1001 2004 1000
a contact +69100 +70100 1001 2007 1000
a contact +69600 +70100 2003 9001 1000
a contact +69600 +70100 2004 1001 1000
a contact +69100 +70100 2007 1001 1000
a contact +69600 +70100 9001 2003 1000
a contact +70200 +70300 1001 2003 1000
a contact +70200 +70300 2003 1001 1000
a contact +70300 +70800 2005 9001 1000
a contact +70300 +70800 9001 2005 1000
a contact +70800 +71800 2004 9001 1000
a contact +70800 +71800 9001 2004 1000
a contact +71800 +72800 2005 9001 1000
a contact +71800 +72800 9001 2005 1000
a contact +70100 +73000 1001 9002 1000
a contact +70100 +73000 9002 1001 1000
a contact +73000 +73100 1001 9002 1000
a contact +73000 +73100 9002 1001 1000
a contact +73100 +73300 1001 2004 1000
a contact +73100 +73300 2004 1001 1000
a contact +73300 +73800 1001 2005 1000
a contact +73300 +73800 1001 2003 1000
a contact +73300 +73800 2003 1001 1000
a contact +73300 +73800 2004 9001 1000
a contact +73300 +73800 2005 1001 1000
a contact +73300 +73800 9001 2004 1000
a contact +73800 +73900 1001 2005 1000
a contact +73800 +73900 2005 1001 1000
a contact +73900 +74400 1001 2001 1000
a contact +73900 +74400 2001 1001 1000
a contact +73900 +74400 2003 9001 1000
a contact +73900 +74400 9001 2003 1000
a contact +74400 +74900 1001 2007 1000
a contact +74400 +74900 2004 9001 1000
a contact +74400 +74900 2007 1001 1000
a contact +74400 +74900 9001 2004 1000
a contact +73900 +75400 1001 2006 1000
a contact +74900 +75400 1001 2008 1000
a contact +74900 +75400 2005 9001 1000
a contact +73900 +75400 2006 1001 1000
a contact +74900 +75400 2008 1001 1000
a contact +74900 +75400 9001 2005 1000
a contact +75400 +75600 1001 2006 1000
a contact +75400 +75600 2006 1001 1000
a contact +75600 +75900 1001 2005 1000
a contact +75600 +75900 1001 2008 1000
a contact +75600 +75900 2005 1001 1000
a contact +75600 +75900 2006 9001 1000
a contact +75600 +75900 2008 1001 1000
a contact +75600 +75900 9001 2006 1000
a contact +75900 +76400 1001 2006 1000
a contact +75900 +76400 1001 2004 1000
a contact +75900 +76400 2001 9001 1000
a contact +75900 +76400 2004 1001 1000
a contact +75900 +76400 2006 1001 1000
a contact +75900 +76400 9001 2001 1000
a contact +76400 +76900 1001 2007 1000
a contact +76400 +76900 1001 2006 1000
a contact +76400 +76900 2004 9001 1000
a contact +76400 +76900 2006 1001 1000
a contact +76400 +76900 2007 1001 1000
a contact +76400 +76900 9001 2004 1000
a contact +76900 +77100 1001 2004 1000
a contact +76900 +77100 2004 1001 1000
a contact +77100 +77300 1001 2006 1000
a contact +77100 +77300 2004 9001 1000
a contact +77100 +77300 2006 1001 1000
a contact +77100 +77300 9001 2004 1000
a contact +77300 +77500 1001 2004 1000
a contact +77300 +77500 2004 1001 1000
a contact +77300 +77500 2005 9001 1000
a contact +77300 +77500 9001 2005 1000
a contact +77500 +78000 1001 2006 1000
a contact +77500 +78000 1001 2007 1000
a contact +77500 +78000 2004 9001 1000
a contact +77500 +78000 2006 1001 1000
a contact +77500 +78000 2007 1001 1000
a contact +77500 +78000 9001 2004 1000
a contact +29800 +78200 2002 9003 1000
a contact +29800 +78200 9003 2002 1000
a contact +78200 +78400 1001 2003 1000
a contact +78200 +78400 1001 9003 1000
a contact +78200 +78400 2003 1001 1000
a contact +78200 +78400 9003 1001 1000
a contact +78400 +78900 1001 2008 1000
a contact +78400 +78900 1001 2004 1000
a contact +78400 +78900 2003 9002 1000
a contact +78400 +78900 2004 1001 1000
a contact +78400 +78900 2005 9001 1000
a contact +78400 +78900 2008 1001 1000
a contact +78400 +78900 9001 2005 1000
a contact +78400 +78900 9002 2003 1000
a contact +78900 +79000 1001 2004 1000
a contact +78900 +79000 1001 2007 1000
a contact +78900 +79000 2004 1001 1000
a contact +78900 +79000 2005 9002 1000
a contact +78900 +79000 2007 1001 1000
a contact +78900 +79000 9002 2005 1000
a contact +79000 +79500 1001 2006 1000
a contact +79000 +79500 2002 9001 1000
a contact +79000 +79500 2003 9002 1000
a contact +79000 +79500 2006 1001 1000
a contact +79000 +79500 9001 2002 1000
a contact +79000 +79500 9002 2003 1000
a contact +79500 +79600 1001 2003 1000
a contact +79000 +79600 1001 2004 1000
a contact +79500 +79600 2003 1001 1000
a contact +79000 +79600 2004 1001 1000
a contact +79500 +79600 2006 9001 1000
a contact +79500 +79600 9001 2006 1000
a contact +79600 +80100 1001 2004 1000
a contact +79600 +80100 1001 2007 1000
a contact +79600 +80100 2003 9001 1000
a contact +79600 +80100 2004 1001 1000
a contact +79600 +80100 2007 1001 1000
a contact +79600 +80100 9001 2003 1000
a contact +80100 +80600 1001 2007 1000
a contact +80100 +80600 1001 2003 1000
a contact +80100 +80600 2003 1001 1000
a contact +80100 +80600 2004 9001 1000
a contact +79500 +80600 2005 9002 1000
a contact +80100 +80600 2007 1001 1000
a contact +80100 +80600 9001 2004 1000
a contact +79500 +80600 9002 2005 1000
a contact +80600 +81000 1001 2005 1000
a contact +80600 +81000 2005 1001 1000
a contact +80600 +81000 2006 9001 1000
a contact +80600 +81000 2007 9002 1000
a contact +80600 +81000 9001 2006 1000
a contact +80600 +81000 9002 2007 1000
a contact +80600 +81500 1001 2008 1000
a contact +81000 +81500 1001 2007 1000
a contact +81000 +81500 2003 9001 1000
a contact +81000 +81500 2004 9002 1000
a contact +81000 +81500 2007 1001 1000
a contact +80600 +81500 2008 1001 1000
a contact +81000 +81500 9001 2003 1000
a contact +81000 +81500 9002 2004 1000
a contact +81500 +82000 1001 2006 1000
a contact +81500 +82000 1001 2002 1000
a contact +81500 +82000 2002 1001 1000
a contact +81500 +82000 2003 9002 1000
a contact +81500 +82000 2004 9001 1000
a contact +81500 +82000 2006 1001 1000
a contact +81500 +82000 9001 2004 1000
a contact +81500 +82000 9002 2003 1000
a contact +82000 +82500 1001 2003 1000
a contact +82000 +82500 1001 2007 1000
a contact +82000 +82500 2001 9001 1000
a contact +82000 +82500 2003 1001 1000
a contact +82000 +82500 2007 1001 1000
a contact +82000 +82500 9001 2001 1000
a contact +82000 +82800 2004 9002 1000
a contact +82500 +82800 2007 9001 1000
a contact +82500 +82800 9001 2007 1000
a contact +82000 +82800 9002 2004 1000
a contact +82500 +83300 1001 2006 1000
a contact +82500 +83300 1001 2001 1000
a contact +82500 +83300 2001 1001 1000
a contact +82800 +83300 2003 9001 1000
a contact +82800 +83300 2005 9002 1000
a contact +82500 +83300 2006 1001 1000
a contact +82800 +83300 9001 2003 1000
a contact +82800 +83300 9002 2005 1000
a contact +83300 +83800 1001 2004 1000
a contact +83300 +83800 1001 2005 1000
a contact +83300 +83800 2004 1001 1000
a contact +83300 +83800 2005 1001 1000
a contact +83300 +83800 2008 9002 1000
a contact +83300 +83800 9002 2008 1000
a contact +83800 +84300 1001 2001 1000
a contact +83800 +84300 2001 1001 1000
a contact +84300 +84800 1001 2005 1000
a contact +83800 +84800 1001 2007 1000
a contact +83300 +84800 2002 9001 1000
a contact +83800 +84800 2003 9002 1000
a contact +84300 +84800 2005 1001 1000
a contact +83800 +84800 2007 1001 1000
a contact +83300 +84800 9001 2002 1000
a contact +83800 +84800 9002 2003 1000
a contact +84800 +84900 1001 2004 1000
a contact +84800 +84900 1001 9002 1000
a contact +84800 +84900 2003 9001 1000
a contact +84800 +84900 2004 1001 1000
a contact +84800 +84900 9001 2003 1000
a contact +84800 +84900 9002 1001 1000
a contact +84900 +85000 1001 9001 1000
a contact +84900 +85000 2005 9002 1000
a contact +84900 +85000 9001 1001 1000
a contact +84900 +85000 9002 2005 1000
a contact +85000 +85300 1001 2002 1000
a contact +85000 +85300 1001 2006 1000
a contact +85000 +85300 2002 1001 1000
a contact +85000 +85300 2006 1001 1000
a contact +85000 +85300 2007 9002 1000
a contact +85000 +85300 2008 9001 1000
a contact +85000 +85300 9001 2008 1000
a contact +85000 +85300 9002 2007 1000
a contact +85300 +85800 2002 9001 1000
a contact +85300 +85800 2008 9002 1000
a contact +85300 +85800 9001 2002 1000
a contact +85300 +85800 9002 2008 1000
a contact +85300 +86300 1001 2003 1000
a contact +85300 +86300 1001 2007 1000
a contact +85800 +86300 2001 9002 1000
a contact +85300 +86300 2003 1001 1000
a contact +85800 +86300 2005 9001 1000
a contact +85300 +86300 2007 1001 1000
a contact +85800 +86300 9001 2005 1000
a contact +85800 +86300 9002 2001 1000
a contact +86300 +86400 1001 9002 1000
a contact +86300 +86400 2003 9001 1000
a contact +86300 +86400 9001 2003 1000
a contact +86300 +86400 9002 1001 1000

a range +0 +200 1001 9003 0.0593
a range +0 +200 9003 1001 0.0593
a range +200 +500 1001 9003 0.0593
a range +200 +500 9003 1001 0.0593
a range +500 +1000 1001 9003 0.0593
a range +500 +1000 9003 1001 0.0593
a range +1000 +2400 1001 9003 0.0593
a range +1000 +2400 9003 1001 0.0593
a range +0 +12500 2008 9001 1102.3335
a range +0 +12500 9001 2008 1102.3335
a range +2400 +13500 1001 2005 1102.5215
a range +12500 +13500 2001 9001 1102.3343
a range +2400 +13500 2005 1001 1102.5215
a range +12500 +13500 9001 2001 1102.3343
a range +13500 +15300 2005 9001 1102.3349
a range +13500 +15300 9001 2005 1102.3349
a range +2400 +16300 1001 2003 1102.4888
a range +2400 +16300 2003 1001 1102.4888
a range +0 +17700 2002 9002 1103.3677
a range +0 +17700 9002 2002 1103.3677
a range +13600 +20400 1001 2004 1102.6803
a range +13600 +20400 2004 1001 1102.6803
a range +16300 +20800 1001 2006 1102.6808
a range +16300 +20800 2006 1001 1102.6808
a range +20800 +23200 1001 2008 1102.6868
a range +20400 +23200 1001 2001 1102.6952
a range +20400 +23200 2001 1001 1102.6952
a range +20800 +23200 2008 1001 1102.6868
a range +23700 +24700 1001 9003 0.0591
a range +23700 +24700 9003 1001 0.0591
a range +24700 +25200 1001 9001 0.0595
a range +24700 +25200 9001 1001 0.0595
a range +25200 +25600 1001 9003 0.0591
a range +25200 +25600 9003 1001 0.0591
a range +25600 +26000 1001 9001 0.0595
a range +25600 +26000 9001 1001 0.0595
a range +17700 +29800 2007 9002 1103.3753
a range +17700 +29800 9002 2007 1103.3753
a range +29800 +31500 2005 9002 1103.2345
a range +29800 +31500 9002 2005 1103.2345
a range +31500 +31900 2007 9002 1103.3753
a range +31500 +31900 9002 2007 1103.3753
a range +31900 +37900 2006 9002 1103.3633
a range +31900 +37900 9002 2006 1103.3633
a range +37900 +38200 2004 9002 1103.3629
a range +37900 +38200 9002 2004 1103.3629
a range +38200 +42200 2006 9002 1103.3633
a range +38200 +42200 9002 2006 1103.3633
a range +26000 +46800 1001 2001 1103.5919
a range +26000 +46800 1001 2008 1103.6086
a range +26000 +46800 2001 1001 1103.5919
a range +26000 +46800 2008 1001 1103.6086
a range +46800 +46900 1001 9001 0.0593
a range +46800 +46900 9001 1001 0.0593
a range +46900 +47100 1001 9002 0.0591
a range +46900 +47100 9002 1001 0.0591
a range +47300 +48100 1001 9002 0.0591
a range +47300 +48100 9002 1001 0.0591
a range +48900 +49500 1001 9002 0.0591
a range +48900 +49500 9002 1001 0.0591
a range +49500 +50000 1001 2005 1103.9173
a range +49500 +50000 1001 2001 1104.5018
a range +49500 +50000 2001 1001 1104.5018
a range +49500 +50000 2005 1001 1103.9173
a range +50000 +50500 1001 2001 1104.5018
a range +50000 +50500 1001 2005 1103.9173
a range +50000 +50500 2001 1001 1104.5018
a range +50000 +50500 2005 1001 1103.9173
a range +50500 +50700 1001 9002 0.0591
a range +50500 +50700 9002 1001 0.0591
a range +50700 +51200 1001 2008 1104.5104
a range +50700 +51200 1001 2006 1104.3329
a range +50700 +51200 2006 1001 1104.3329
a range +50700 +51200 2008 1001 1104.5104
a range +51300 +51800 1001 2008 1104.5104
a range +51300 +51800 2008 1001 1104.5104
a range +51800 +51900 1001 2006 1104.3329
a range +51200 +51900 1001 2004 1104.3114
a range +51200 +51900 2004 1001 1104.3114
a range +51800 +51900 2006 1001 1104.3329
a range +51900 +52400 1001 2007 1104.5028
a range +51900 +52400 1001 2005 1103.9173
a range +51900 +52400 2005 1001 1103.9173
a range +51900 +52400 2006 9001 1104.3091
a range +51900 +52400 2007 1001 1104.5028
a range +51900 +52400 9001 2006 1104.3091
a range +52400 +52900 1001 2001 1104.5018
a range +52400 +52900 1001 2006 1104.3329
a range +52400 +52900 2001 1001 1104.5018
a range +52400 +52900 2003 9001 1103.9427
a range +52400 +52900 2006 1001 1104.3329
a range +52400 +52900 9001 2003 1103.9427
a range +52900 +53400 1001 2006 1104.3329
a range +52900 +53400 1001 2003 1103.9066
a range +52900 +53400 2003 1001 1103.9066
a range +52900 +53400 2006 1001 1104.3329
a range +53400 +53900 1001 2004 1104.3114
a range +53400 +53900 2004 1001 1104.3114
a range +52900 +53900 2005 9001 1103.9574
a range +52900 +53900 9001 2005 1103.9574
a range +53400 +54400 1001 2007 1104.5028
a range +53900 +54400 1001 2008 1104.5104
a range +53400 +54400 2007 1001 1104.5028
a range +53900 +54400 2008 1001 1104.5104
a range +54500 +54600 1001 9002 0.0591
a range +53900 +54600 2004 9001 1104.2941
a range +53900 +54600 9001 2004 1104.2941
a range +54500 +54600 9002 1001 0.0591
a range +54600 +54700 1001 2004 1104.3114
a range +54600 +54700 2004 1001 1104.3114
a range +54600 +54700 2005 9001 1103.9574
a range +54600 +54700 9001 2005 1103.9574
a range +54700 +55000 1001 2003 1103.9066
a range +54700 +55000 1001 2005 1103.9173
a range +54700 +55000 2003 1001 1103.9066
a range +54700 +55000 2004 9001 1104.2941
a range +54700 +55000 2005 1001 1103.9173
a range +54700 +55000 9001 2004 1104.2941
a range +55000 +55500 1001 2003 1103.9066
a range +55000 +55500 2003 1001 1103.9066
a range +55000 +55500 2005 9001 1103.9574
a range +55000 +55500 9001 2005 1103.9574
a range +55000 +56000 1001 2007 1104.5028
a range +55500 +56000 2003 9001 1103.9427
a range +55000 +56000 2007 1001 1104.5028
a range +55500 +56000 9001 2003 1103.9427
a range +56000 +56500 1001 2004 1104.3114
a range +55500 +56500 1001 2006 1104.3329
a range +56000 +56500 2004 1001 1104.3114
a range +55500 +56500 2006 1001 1104.3329
a range +56000 +56500 2007 9001 1105.0495
a range +56000 +56500 9001 2007 1105.0495
a range +56500 +56600 1001 2004 1104.3114
a range +56500 +56600 2004 1001 1104.3114
a range +56500 +56600 2005 9001 1103.9574
a range +56500 +56600 9001 2005 1103.9574
a range +56600 +56700 1001 2007 1104.5028
a range +56600 +56700 2004 9001 1104.2941
a range +56600 +56700 2007 1001 1104.5028
a range +56600 +56700 9001 2004 1104.2941
a range +56700 +57000 1001 2001 1104.5018
a range +56700 +57000 2001 1001 1104.5018
a range +56700 +57500 1001 2004 1104.3114
a range +56700 +57500 2004 1001 1104.3114
a range +56700 +57500 2007 9001 1105.0495
a range +56700 +57500 9001 2007 1105.0495
a range +57000 +58000 1001 2006 1104.3329
a range +57500 +58000 1001 2008 1104.5104
a range +57000 +58000 2006 1001 1104.3329
a range +57500 +58000 2008 1001 1104.5104
a range +57500 +58200 2004 9001 1104.2941
a range +57500 +58200 9001 2004 1104.2941
a range +58200 +58500 1001 2005 1104.4967
a range +58200 +58500 1001 2001 1104.5018
a range +58200 +58500 2001 1001 1104.5018
a range +58200 +58500 2005 1001 1104.4967
a range +58200 +58500 2006 9001 1104.3091
a range +58200 +58500 9001 2006 1104.3091
a range +58500 +58700 1001 2007 1104.5028
a range +58500 +58700 2007 1001 1104.5028
a range +58700 +59200 1001 2007 1104.5028
a range +58700 +59200 1001 2008 1104.5104
a range +58700 +59200 2003 9001 1104.6512
a range +58700 +59200 2007 1001 1104.5028
a range +58700 +59200 2008 1001 1104.5104
a range +58700 +59200 9001 2003 1104.6512
a range +59200 +59500 1001 2003 1104.4962
a range +59200 +59500 1001 2007 1104.5028
a range +59200 +59500 2003 1001 1104.4962
a range +59200 +59500 2005 9001 1104.6705
a range +59200 +59500 2007 1001 1104.5028
a range +59200 +59500 9001 2005 1104.6705
a range +59500 +60000 1001 2001 1104.5018
a range +59500 +60000 2001 1001 1104.5018
a range +59500 +60000 2003 9001 1104.6512
a range +59500 +60000 9001 2003 1104.6512
a range +59500 +60200 1001 2004 1104.3114
a range +59500 +60200 2004 1001 1104.3114
a range +60200 +60700 1001 2003 1104.4962
a range +60200 +60700 2001 9001 1105.0474
a range +60200 +60700 2003 1001 1104.4962
a range +60200 +60700 9001 2001 1105.0474
a range +60200 +61200 1001 2004 1104.3114
a range +60700 +61200 1001 2006 1104.3329
a range +60200 +61200 2004 1001 1104.3114
a range +60700 +61200 2005 9001 1104.6705
a range +60700 +61200 2006 1001 1104.3329
a range +60700 +61200 9001 2005 1104.6705
a range +61200 +61700 1001 2007 1104.5028
a range +61200 +61700 2007 1001 1104.5028
a range +61700 +62200 1001 2005 1104.4967
a range +61200 +62200 1001 2008 1104.5104
a range +61200 +62200 2004 9001 1104.2941
a range +61700 +62200 2005 1001 1104.4967
a range +61200 +62200 2008 1001 1104.5104
a range +61200 +62200 9001 2004 1104.2941
a range +62200 +62500 1001 2006 1104.3329
a range +62200 +62500 1001 2005 1104.4967
a range +62200 +62500 2005 1001 1104.4967
a range +62200 +62500 2006 1001 1104.3329
a range +62200 +62500 2007 9001 1105.0495
a range +62200 +62500 9001 2007 1105.0495
a range +62500 +63000 1001 2006 1104.3329
a range +62500 +63000 2003 9001 1104.6512
a range +62500 +63000 2006 1001 1104.3329
a range +62500 +63000 9001 2003 1104.6512
a range +62500 +63500 1001 2007 1104.5028
a range +63000 +63500 1001 2003 1104.4962
a range +63000 +63500 2003 1001 1104.4962
a range +62500 +63500 2007 1001 1104.5028
a range +63500 +63900 1001 2006 1104.3329
a range +63500 +63900 1001 2007 1104.5028
a range +63000 +63900 2004 9001 1104.2941
a range +63500 +63900 2006 1001 1104.3329
a range +63500 +63900 2007 1001 1104.5028
a range +63000 +63900 9001 2004 1104.2941
a range +63900 +64400 1001 2004 1104.3114
a range +63900 +64400 1001 2006 1104.3329
a range +63900 +64400 2004 1001 1104.3114
a range +63900 +64400 2006 1001 1104.3329
a range +63900 +64400 2007 9001 1105.0495
a range +63900 +64400 9001 2007 1105.0495
a range +64400 +64500 1001 2005 1104.4967
a range +64400 +64500 2005 1001 1104.4967
a range +64500 +65000 1001 2007 1104.5028
a range +64500 +65000 1001 2008 1104.5104
a range +64500 +65000 2007 1001 1104.5028
a range +64500 +65000 2008 1001 1104.5104
a range +65000 +65300 1001 2006 1104.3329
a range +65000 +65300 1001 2001 1104.5018
a range +65000 +65300 2001 1001 1104.5018
a range +64500 +65300 2004 9001 1104.2941
a range +65000 +65300 2006 1001 1104.3329
a range +64500 +65300 9001 2004 1104.2941
a range +65300 +65800 1001 2008 1104.5104
a range +65300 +65800 1001 2006 1104.3329
a range +65300 +65800 2005 9001 1104.6705
a range +65300 +65800 2006 1001 1104.3329
a range +65300 +65800 2008 1001 1104.5104
a range +65300 +65800 9001 2005 1104.6705
a range +65800 +66000 1001 9001 0.0596
a range +65800 +66000 9001 1001 0.0596
a range +66000 +66200 1001 2005 1104.4967
a range +66000 +66200 2005 1001 1104.4967
a range +66000 +66200 2006 9001 1104.3091
a range +66000 +66200 9001 2006 1104.3091
a range +66000 +66400 1001 9002 0.0594
a range +66000 +66400 9002 1001 0.0594
a range +66400 +66900 1001 2003 1104.4962
a range +66400 +66900 2003 1001 1104.4962
a range +66400 +67400 1001 2007 1104.5028
a range +66400 +67400 2001 9001 1105.0474
a range +66400 +67400 2007 1001 1104.5028
a range +66400 +67400 9001 2001 1105.0474
a range +67400 +67700 2007 9001 1105.0495
a range +67400 +67700 9001 2007 1105.0495
a range +66900 +67900 1001 2005 1104.4967
a range +66900 +67900 2005 1001 1104.4967
a range +67900 +68100 1001 2006 1104.5166
a range +67400 +68100 1001 2003 1104.4962
a range +67400 +68100 2003 1001 1104.4962
a range +67900 +68100 2006 1001 1104.5166
a range +68100 +68600 2003 9001 1104.6512
a range +68100 +68600 9001 2003 1104.6512
a range +68100 +69100 1001 2004 1104.517
a range +68100 +69100 1001 2006 1104.5166
a range +68100 +69100 2004 1001 1104.517
a range +68600 +69100 2005 9001 1104.6705
a range +68100 +69100 2006 1001 1104.5166
a range +68600 +69100 9001 2005 1104.6705
a range +69100 +69600 1001 2006 1104.5166
a range +69100 +69600 2004 9001 1105.0204
a range +69100 +69600 2006 1001 1104.5166
a range +69100 +69600 9001 2004 1105.0204
a range +69600 +70100 1001 2004 1104.517
a range +69100 +70100 1001 2007 1104.5028
a range +69600 +70100 2003 9001 1104.6512
a range +69600 +70100 2004 1001 1104.517
a range +69100 +70100 2007 1001 1104.5028
a range +69600 +70100 9001 2003 1104.6512
a range +70200 +70300 1001 2003 1104.4962
a range +70200 +70300 2003 1001 1104.4962
a range +70300 +70800 2005 9001 1104.6705
a range +70300 +70800 9001 2005 1104.6705
a range +70800 +71800 2004 9001 1105.0204
a range +70800 +71800 9001 2004 1105.0204
a range +71800 +72800 2005 9001 1104.6705
a range +71800 +72800 9001 2005 1104.6705
a range +70100 +73000 1001 9002 0.0594
a range +70100 +73000 9002 1001 0.0594
a range +73000 +73100 1001 9002 0.0594
a range +73000 +73100 9002 1001 0.0594
a range +73100 +73300 1001 2004 1104.9803
a range +73100 +73300 2004 1001 1104.9803
a range +73300 +73800 1001 2005 1104.7125
a range +73300 +73800 1001 2003 1104.7002
a range +73300 +73800 2003 1001 1104.7002
a range +73300 +73800 2004 9001 1105.0204
a range +73300 +73800 2005 1001 1104.7125
a range +73300 +73800 9001 2004 1105.0204
a range +73800 +73900 1001 2005 1104.7125
a range +73800 +73900 2005 1001 1104.7125
a range +73900 +74400 1001 2001 1105.0195
a range +73900 +74400 2001 1001 1105.0195
a range +73900 +74400 2003 9001 1104.6512
a range +73900 +74400 9001 2003 1104.6512
a range +74400 +74900 1001 2007 1105.0216
a range +74400 +74900 2004 9001 1105.0204
a range +74400 +74900 2007 1001 1105.0216
a range +74400 +74900 9001 2004 1105.0204
a range +73900 +75400 1001 2006 1104.9984
a range +74900 +75400 1001 2008 1105.0378
a range +74900 +75400 2005 9001 1104.6705
a range +73900 +75400 2006 1001 1104.9984
a range +74900 +75400 2008 1001 1105.0378
a range +74900 +75400 9001 2005 1104.6705
a range +75400 +75600 1001 2006 1104.9984
a range +75400 +75600 2006 1001 1104.9984
a range +75600 +75900 1001 2005 1104.7125
a range +75600 +75900 1001 2008 1105.0378
a range +75600 +75900 2005 1001 1104.7125
a range +75600 +75900 2006 9001 1105.0359
a range +75600 +75900 2008 1001 1105.0378
a range +75600 +75900 9001 2006 1105.0359
a range +75900 +76400 1001 2006 1104.9984
a range +75900 +76400 1001 2004 1104.9803
a range +75900 +76400 2001 9001 1105.0474
a range +75900 +76400 2004 1001 1104.9803
a range +75900 +76400 2006 1001 1104.9984
a range +75900 +76400 9001 2001 1105.0474
a range +76400 +76900 1001 2007 1105.0216
a range +76400 +76900 1001 2006 1104.9984
a range +76400 +76900 2004 9001 1105.0204
a range +76400 +76900 2006 1001 1104.9984
a range +76400 +76900 2007 1001 1105.0216
a range +76400 +76900 9001 2004 1105.0204
a range +76900 +77100 1001 2004 1104.9803
a range +76900 +77100 2004 1001 1104.9803
a range +77100 +77300 1001 2006 1104.9984
a range +77100 +77300 2004 9001 1105.0204
a range +77100 +77300 2006 1001 1104.9984
a range +77100 +77300 9001 2004 1105.0204
a range +77300 +77500 1001 2004 1104.9803
a range +77300 +77500 2004 1001 1104.9803
a range +77300 +77500 2005 9001 1105.036
a range +77300 +77500 9001 2005 1105.036
a range +77500 +78000 1001 2006 1104.9984
a range +77500 +78000 1001 2007 1105.0216
a range +77500 +78000 2004 9001 1105.0204
a range +77500 +78000 2006 1001 1104.9984
a range +77500 +78000 2007 1001 1105.0216
a range +77500 +78000 9001 2004 1105.0204
a range +29800 +78200 2002 9003 1104.7503
a range +29800 +78200 9003 2002 1104.7503
a range +78200 +78400 1001 2003 1105.0073
a range +78200 +78400 1001 9003 0.0594
a range +78200 +78400 2003 1001 1105.0073
a range +78200 +78400 9003 1001 0.0594
a range +78400 +78900 1001 2008 1105.0378
a range +78400 +78900 1001 2004 1104.9803
a range +78400 +78900 2003 9002 1105.0424
a range +78400 +78900 2004 1001 1104.9803
a range +78400 +78900 2005 9001 1105.036
a range +78400 +78900 2008 1001 1105.0378
a range +78400 +78900 9001 2005 1105.036
a range +78400 +78900 9002 2003 1105.0424
a range +78900 +79000 1001 2004 1104.9803
a range +78900 +79000 1001 2007 1105.0216
a range +78900 +79000 2004 1001 1104.9803
a range +78900 +79000 2005 9002 1105.0432
a range +78900 +79000 2007 1001 1105.0216
a range +78900 +79000 9002 2005 1105.0432
a range +79000 +79500 1001 2006 1104.9984
a range +79000 +79500 2002 9001 1105.0678
a range +79000 +79500 2003 9002 1105.0424
a range +79000 +79500 2006 1001 1104.9984
a range +79000 +79500 9001 2002 1105.0678
a range +79000 +79500 9002 2003 1105.0424
a range +79500 +79600 1001 2003 1105.0073
a range +79000 +79600 1001 2004 1104.9803
a range +79500 +79600 2003 1001 1105.0073
a range +79000 +79600 2004 1001 1104.9803
a range +79500 +79600 2006 9001 1105.0359
a range +79500 +79600 9001 2006 1105.0359
a range +79600 +80100 1001 2004 1104.9803
a range +79600 +80100 1001 2007 1105.0216
a range +79600 +80100 2003 9001 1105.0351
a range +79600 +80100 2004 1001 1104.9803
a range +79600 +80100 2007 1001 1105.0216
a range +79600 +80100 9001 2003 1105.0351
a range +80100 +80600 1001 2007 1105.0216
a range +80100 +80600 1001 2003 1105.0073
a range +80100 +80600 2003 1001 1105.0073
a range +80100 +80600 2004 9001 1105.0204
a range +79500 +80600 2005 9002 1105.0432
a range +80100 +80600 2007 1001 1105.0216
a range +80100 +80600 9001 2004 1105.0204
a range +79500 +80600 9002 2005 1105.0432
a range +80600 +81000 1001 2005 1105.0081
a range +80600 +81000 2005 1001 1105.0081
a range +80600 +81000 2006 9001 1105.0359
a range +80600 +81000 2007 9002 1105.0567
a range +80600 +81000 9001 2006 1105.0359
a range +80600 +81000 9002 2007 1105.0567
a range +80600 +81500 1001 2008 1105.0378
a range +81000 +81500 1001 2007 1105.0216
a range +81000 +81500 2003 9001 1105.0351
a range +81000 +81500 2004 9002 1105.0306
a range +81000 +81500 2007 1001 1105.0216
a range +80600 +81500 2008 1001 1105.0378
a range +81000 +81500 9001 2003 1105.0351
a range +81000 +81500 9002 2004 1105.0306
a range +81500 +82000 1001 2006 1104.9984
a range +81500 +82000 1001 2002 1105.0399
a range +81500 +82000 2002 1001 1105.0399
a range +81500 +82000 2003 9002 1105.0424
a range +81500 +82000 2004 9001 1105.0204
a range +81500 +82000 2006 1001 1104.9984
a range +81500 +82000 9001 2004 1105.0204
a range +81500 +82000 9002 2003 1105.0424
a range +82000 +82500 1001 2003 1105.0073
a range +82000 +82500 1001 2007 1105.0216
a range +82000 +82500 2001 9001 1105.0474
a range +82000 +82500 2003 1001 1105.0073
a range +82000 +82500 2007 1001 1105.0216
a range +82000 +82500 9001 2001 1105.0474
a range +82000 +82800 2004 9002 1105.0306
a range +82500 +82800 2007 9001 1105.0495
a range +82500 +82800 9001 2007 1105.0495
a range +82000 +82800 9002 2004 1105.0306
a range +82500 +83300 1001 2006 1104.9984
a range +82500 +83300 1001 2001 1105.0195
a range +82500 +83300 2001 1001 1105.0195
a range +82800 +83300 2003 9001 1105.0351
a range +82800 +83300 2005 9002 1105.0432
a range +82500 +83300 2006 1001 1104.9984
a range +82800 +83300 9001 2003 1105.0351
a range +82800 +83300 9002 2005 1105.0432
a range +83300 +83800 1001 2004 1104.9803
a range +83300 +83800 1001 2005 1105.0081
a range +83300 +83800 2004 1001 1104.9803
a range +83300 +83800 2005 1001 1105.0081
a range +83300 +83800 2008 9002 1105.0729
a range +83300 +83800 9002 2008 1105.0729
a range +83800 +84300 1001 2001 1105.0195
a range +83800 +84300 2001 1001 1105.0195
a range +84300 +84800 1001 2005 1105.0081
a range +83800 +84800 1001 2007 1105.0216
a range +83300 +84800 2002 9001 1105.0678
a range +83800 +84800 2003 9002 1105.0424
a range +84300 +84800 2005 1001 1105.0081
a range +83800 +84800 2007 1001 1105.0216
a range +83300 +84800 9001 2002 1105.0678
a range +83800 +84800 9002 2003 1105.0424
a range +84800 +84900 1001 2004 1104.9803
a range +84800 +84900 1001 9002 0.0467
a range +84800 +84900 2003 9001 1105.0351
a range +84800 +84900 2004 1001 1104.9803
a range +84800 +84900 9001 2003 1105.0351
a range +84800 +84900 9002 1001 0.0467
a range +84900 +85000 1001 9001 0.0593
a range +84900 +85000 2005 9002 1105.0432
a range +84900 +85000 9001 1001 0.0593
a range +84900 +85000 9002 2005 1105.0432
a range +85000 +85300 1001 2002 1105.0399
a range +85000 +85300 1001 2006 1104.9984
a range +85000 +85300 2002 1001 1105.0399
a range +85000 +85300 2006 1001 1104.9984
a range +85000 +85300 2007 9002 1105.0567
a range +85000 +85300 2008 9001 1105.0657
a range +85000 +85300 9001 2008 1105.0657
a range +85000 +85300 9002 2007 1105.0567
a range +85300 +85800 2002 9001 1105.0678
a range +85300 +85800 2008 9002 1105.0729
a range +85300 +85800 9001 2002 1105.0678
a range +85300 +85800 9002 2008 1105.0729
a range +85300 +86300 1001 2003 1105.0073
a range +85300 +86300 1001 2007 1105.0216
a range +85800 +86300 2001 9002 1105.0546
a range +85300 +86300 2003 1001 1105.0073
a range +85800 +86300 2005 9001 1105.036
a range +85300 +86300 2007 1001 1105.0216
a range +85800 +86300 9001 2005 1105.036
a range +85800 +86300 9002 2001 1105.0546
a range +86300 +86400 1001 9002 0.0467
a range +86300 +86400 2003 9001 1105.0351
a range +86300 +86400 9001 2003 1105.0351
a range +86300 +86400 9002 1001 0.0467
