a contact +0 +200 2001 2007 1000
a contact +0 +200 2002 2008 1000
a contact +0 +200 2007 2001 1000
a contact +0 +200 2008 2002 1000
a contact +0 +500 2005 9001 1000
a contact +0 +500 2005 9002 1000
a contact +0 +500 9001 2005 1000
a contact +0 +500 9002 2005 1000
a contact +0 +3600 2001 2006 1000
a contact +0 +3600 2002 2005 1000
a contact +0 +3600 2003 2008 1000
a contact +0 +3600 2004 2007 1000
a contact +0 +3600 2005 2002 1000
a contact +0 +3600 2006 2001 1000
a contact +0 +3600 2007 2004 1000
a contact +0 +3600 2008 2003 1000
a contact +0 +4200 2001 2008 1000
a contact +0 +4200 2002 2007 1000
a contact +0 +4200 2007 2002 1000
a contact +0 +4200 2008 2001 1000
a contact +0 +7200 1001 9003 1000
a contact +0 +7200 9003 1001 1000
a contact +2400 +9400 1001 2004 1000
a contact +2400 +9400 2004 1001 1000
a contact +0 +9400 2004 9001 1000
a contact +0 +9400 2004 9002 1000
a contact +0 +9400 9001 2004 1000
a contact +0 +9400 9002 2004 1000
a contact +1900 +9600 2001 2007 1000
a contact +1900 +9600 2002 2008 1000
a contact +1900 +9600 2007 2001 1000
a contact +1900 +9600 2008 2002 1000
a contact +2400 +9900 1001 2006 1000
a contact +2400 +9900 2006 1001 1000
a contact +0 +9900 2006 9001 1000
a contact +0 +9900 2006 9002 1000
a contact +0 +9900 9001 2006 1000
a contact +0 +9900 9002 2006 1000
a contact +4200 +12000 1001 9001 1000
a contact +4200 +12000 9001 1001 1000
a contact +7900 +13000 2001 2006 1000
a contact +7900 +13000 2002 2005 1000
a contact +7900 +13000 2003 2008 1000
a contact +7900 +13000 2004 2007 1000
a contact +7900 +13000 2005 2002 1000
a contact +7900 +13000 2006 2001 1000
a contact +7900 +13000 2007 2004 1000
a contact +7900 +13000 2008 2003 1000
a contact +7300 +13600 2001 2008 1000
a contact +7300 +13600 2002 2007 1000
a contact +7300 +13600 2007 2002 1000
a contact +7300 +13600 2008 2001 1000
a contact +0 +15300 2001 9001 1000
a contact +0 +15300 2002 9001 1000
a contact +2100 +15300 2003 9001 1000
a contact +11600 +15300 2004 9001 1000
a contact +1600 +15300 2005 9001 1000
a contact +11000 +15300 2006 9001 1000
a contact +0 +15300 2007 9001 1000
a contact +0 +15300 2008 9001 1000
a contact +0 +15300 9001 2001 1000
a contact +0 +15300 9001 2002 1000
a contact +2100 +15300 9001 2003 1000
a contact +11600 +15300 9001 2004 1000
a contact +1600 +15300 9001 2005 1000
a contact +11000 +15300 9001 2006 1000
a contact +0 +15300 9001 2007 1000
a contact +0 +15300 9001 2008 1000
a contact +10000 +17700 1001 9002 1000
a contact +10000 +17700 9002 1001 1000
a contact +2400 +18800 1001 2003 1000
a contact +2400 +18800 2003 1001 1000
a contact +2100 +18800 2003 9002 1000
a contact +2100 +18800 9002 2003 1000
a contact +11300 +19000 2001 2007 1000
a contact +11300 +19000 2002 2008 1000
a contact +11300 +19000 2007 2001 1000
a contact +11300 +19000 2008 2002 1000
a contact +2400 +19400 1001 2005 1000
a contact +2400 +19400 2005 1001 1000
a contact +1600 +19400 2005 9002 1000
a contact +1600 +19400 9002 2005 1000
a contact +17300 +22400 2001 2006 1000
a contact +17300 +22400 2002 2005 1000
a contact +17300 +22400 2003 2008 1000
a contact +17300 +22400 2004 2007 1000
a contact +17300 +22400 2005 2002 1000
a contact +17300 +22400 2006 2001 1000
a contact +17300 +22400 2007 2004 1000
a contact +17300 +22400 2008 2003 1000
a contact +16800 +23000 2001 2008 1000
a contact +16800 +23000 2002 2007 1000
a contact +16800 +23000 2007 2002 1000
a contact +16800 +23000 2008 2001 1000
a contact +2400 +23200 1001 2001 1000
a contact +2400 +23200 1001 2002 1000
a contact +21000 +23200 1001 2003 1000
a contact +11600 +23200 1001 2004 1000
a contact +20500 +23200 1001 2005 1000
a contact +11000 +23200 1001 2006 1000
a contact +2400 +23200 1001 2007 1000
a contact +2400 +23200 1001 2008 1000
a contact +2400 +23200 2001 1001 1000
a contact +2400 +23200 2002 1001 1000
a contact +21000 +23200 2003 1001 1000
a contact +11600 +23200 2004 1001 1000
a contact +20500 +23200 2005 1001 1000
a contact +11000 +23200 2006 1001 1000
a contact +2400 +23200 2007 1001 1000
a contact +2400 +23200 2008 1001 1000
a contact +17800 +25600 1001 9003 1000
a contact +17800 +25600 9003 1001 1000
a contact +26000 +28300 1001 2004 1000
a contact +26000 +28300 2004 1001 1000
a contact +11600 +28300 2004 9002 1000
a contact +11600 +28300 9002 2004 1000
a contact +20800 +28400 2001 2007 1000
a contact +20800 +28400 2002 2008 1000
a contact +20800 +28400 2007 2001 1000
a contact +20800 +28400 2008 2002 1000
a contact +26000 +28800 1001 2006 1000
a contact +26000 +28800 2006 1001 1000
a contact +11000 +28800 2006 9002 1000
a contact +11000 +28800 9002 2006 1000
a contact +22600 +30500 1001 9001 1000
a contact +22600 +30500 9001 1001 1000
a contact +26800 +31900 2001 2006 1000
a contact +26800 +31900 2002 2005 1000
a contact +26800 +31900 2003 2008 1000
a contact +26800 +31900 2004 2007 1000
a contact +26800 +31900 2005 2002 1000
a contact +26800 +31900 2006 2001 1000
a contact +26800 +31900 2007 2004 1000
a contact +26800 +31900 2008 2003 1000
a contact +26200 +32400 2001 2008 1000
a contact +26200 +32400 2002 2007 1000
a contact +26200 +32400 2007 2002 1000
a contact +26200 +32400 2008 2001 1000
a contact +28400 +36200 1001 9002 1000
a contact +28400 +36200 9002 1001 1000
a contact +26000 +37700 1001 2003 1000
a contact +26000 +37700 2003 1001 1000
a contact +21000 +37700 2003 9002 1000
a contact +29800 +37700 2003 9003 1000
a contact +21000 +37700 9002 2003 1000
a contact +29800 +37700 9003 2003 1000
a contact +30200 +37900 2001 2007 1000
a contact +30200 +37900 2002 2008 1000
a contact +30200 +37900 2007 2001 1000
a contact +30200 +37900 2008 2002 1000
a contact +26000 +38200 1001 2005 1000
a contact +26000 +38200 2005 1001 1000
a contact +20500 +38200 2005 9002 1000
a contact +29800 +38200 2005 9003 1000
a contact +20500 +38200 9002 2005 1000
a contact +29800 +38200 9003 2005 1000
a contact +36200 +41300 2001 2006 1000
a contact +36200 +41300 2002 2005 1000
a contact +36200 +41300 2003 2008 1000
a contact +36200 +41300 2004 2007 1000
a contact +36200 +41300 2005 2002 1000
a contact +36200 +41300 2006 2001 1000
a contact +36200 +41300 2007 2004 1000
a contact +36200 +41300 2008 2003 1000
a contact +35600 +41900 2001 2008 1000
a contact +35600 +41900 2002 2007 1000
a contact +35600 +41900 2007 2002 1000
a contact +35600 +41900 2008 2001 1000
a contact +0 +42200 2001 9002 1000
a contact +0 +42200 2002 9002 1000
a contact +39800 +42200 2003 9002 1000
a contact +30400 +42200 2004 9002 1000
a contact +39300 +42200 2005 9002 1000
a contact +29900 +42200 2006 9002 1000
a contact +0 +42200 2007 9002 1000
a contact +0 +42200 2008 9002 1000
a contact +0 +42200 9002 2001 1000
a contact +0 +42200 9002 2002 1000
a contact +39800 +42200 9002 2003 1000
a contact +30400 +42200 9002 2004 1000
a contact +39300 +42200 9002 2005 1000
a contact +29900 +42200 9002 2006 1000
a contact +0 +42200 9002 2007 1000
a contact +0 +42200 9002 2008 1000
a contact +36200 +44100 1001 9003 1000
a contact +36200 +44100 9003 1001 1000
a contact +26000 +46700 1001 2002 1000
a contact +39800 +46700 1001 2003 1000
a contact +30400 +46700 1001 2004 1000
a contact +39300 +46700 1001 2005 1000
a contact +29900 +46700 1001 2006 1000
a contact +26000 +46700 1001 2007 1000
a contact +26000 +46700 2002 1001 1000
a contact +39800 +46700 2003 1001 1000
a contact +30400 +46700 2004 1001 1000
a contact +39300 +46700 2005 1001 1000
a contact +29900 +46700 2006 1001 1000
a contact +26000 +46700 2007 1001 1000
a contact +26000 +46800 1001 2001 1000
a contact +26000 +46800 1001 2008 1000
a contact +26000 +46800 2001 1001 1000
a contact +26000 +46800 2008 1001 1000
a contact +30400 +47100 2004 9003 1000
a contact +30400 +47100 9003 2004 1000
a contact +39600 +47300 2001 2007 1000
a contact +39600 +47300 2002 2008 1000
a contact +39600 +47300 2007 2001 1000
a contact +39600 +47300 2008 2002 1000
a contact +29900 +47600 2006 9003 1000
a contact +29900 +47600 9003 2006 1000
a contact +41100 +48900 1001 9001 1000
a contact +41100 +48900 9001 1001 1000
a contact +45600 +50700 2001 2006 1000
a contact +45600 +50700 2002 2005 1000
a contact +45600 +50700 2003 2008 1000
a contact +45600 +50700 2004 2007 1000
a contact +45600 +50700 2005 2002 1000
a contact +45600 +50700 2006 2001 1000
a contact +45600 +50700 2007 2004 1000
a contact +45600 +50700 2008 2003 1000
a contact +45000 +51300 2001 2008 1000
a contact +45000 +51300 2002 2007 1000
a contact +45000 +51300 2007 2002 1000
a contact +45000 +51300 2008 2001 1000
a contact +46900 +54600 1001 9002 1000
a contact +46900 +54600 9002 1001 1000
a contact +49500 +56600 1001 2003 1000
a contact +49500 +56600 2003 1001 1000
a contact +51900 +56600 2003 9001 1000
a contact +39800 +56600 2003 9003 1000
a contact +51900 +56600 9001 2003 1000
a contact +39800 +56600 9003 2003 1000
a contact +49000 +56700 2001 2007 1000
a contact +49000 +56700 2002 2008 1000
a contact +49000 +56700 2007 2001 1000
a contact +49000 +56700 2008 2002 1000
a contact +49500 +57000 1001 2005 1000
a contact +49500 +57000 2005 1001 1000
a contact +51900 +57000 2005 9001 1000
a contact +39300 +57000 2005 9003 1000
a contact +51900 +57000 9001 2005 1000
a contact +39300 +57000 9003 2005 1000
a contact +55000 +60200 2001 2006 1000
a contact +55000 +60200 2002 2005 1000
a contact +55000 +60200 2003 2008 1000
a contact +55000 +60200 2004 2007 1000
a contact +55000 +60200 2005 2002 1000
a contact +55000 +60200 2006 2001 1000
a contact +55000 +60200 2007 2004 1000
a contact +55000 +60200 2008 2003 1000
a contact +54500 +60700 2001 2008 1000
a contact +54500 +60700 2002 2007 1000
a contact +54500 +60700 2007 2002 1000
a contact +54500 +60700 2008 2001 1000
a contact +54700 +62500 1001 9003 1000
a contact +54700 +62500 9003 1001 1000
a contact +49500 +66000 1001 2004 1000
a contact +49500 +66000 2004 1001 1000
a contact +51900 +66000 2004 9001 1000
a contact +49300 +66000 2004 9003 1000
a contact +51900 +66000 9001 2004 1000
a contact +49300 +66000 9003 2004 1000
a contact +58500 +66200 2001 2007 1000
a contact +58500 +66200 2002 2008 1000
a contact +58500 +66200 2007 2001 1000
a contact +58500 +66200 2008 2002 1000
a contact +49500 +66400 1001 2006 1000
a contact +49500 +66400 2006 1001 1000
a contact +51900 +66400 2006 9001 1000
a contact +48800 +66400 2006 9003 1000
a contact +51900 +66400 9001 2006 1000
a contact +48800 +66400 9003 2006 1000
a contact +59500 +67400 1001 9001 1000
a contact +59500 +67400 9001 1001 1000
a contact +64500 +69600 2001 2006 1000
a contact +64500 +69600 2002 2005 1000
a contact +64500 +69600 2003 2008 1000
a contact +64500 +69600 2004 2007 1000
a contact +64500 +69600 2005 2002 1000
a contact +64500 +69600 2006 2001 1000
a contact +64500 +69600 2007 2004 1000
a contact +64500 +69600 2008 2003 1000
a contact +63900 +70200 2001 2008 1000
a contact +63900 +70200 2002 2007 1000
a contact +63900 +70200 2007 2002 1000
a contact +63900 +70200 2008 2001 1000
a contact +49500 +70300 1001 2001 1000
a contact +49500 +70300 1001 2002 1000
a contact +58700 +70300 1001 2003 1000
a contact +68100 +70300 1001 2004 1000
a contact +58200 +70300 1001 2005 1000
a contact +67700 +70300 1001 2006 1000
a contact +49500 +70300 1001 2007 1000
a contact +49500 +70300 1001 2008 1000
a contact +49500 +70300 2001 1001 1000
a contact +49500 +70300 2002 1001 1000
a contact +58700 +70300 2003 1001 1000
a contact +68100 +70300 2004 1001 1000
a contact +58200 +70300 2005 1001 1000
a contact +67700 +70300 2006 1001 1000
a contact +49500 +70300 2007 1001 1000
a contact +49500 +70300 2008 1001 1000
a contact +65300 +73100 1001 9002 1000
a contact +65300 +73100 9002 1001 1000
a contact +73000 +75400 1001 2003 1000
a contact +73000 +75400 2003 1001 1000
a contact +58700 +75400 2003 9001 1000
a contact +58700 +75400 2003 9003 1000
a contact +58700 +75400 9001 2003 1000
a contact +58700 +75400 9003 2003 1000
a contact +67900 +75600 2001 2007 1000
a contact +67900 +75600 2002 2008 1000
a contact +67900 +75600 2007 2001 1000
a contact +67900 +75600 2008 2002 1000
a contact +73000 +75900 1001 2005 1000
a contact +73000 +75900 2005 1001 1000
a contact +58200 +75900 2005 9001 1000
a contact +58200 +75900 2005 9003 1000
a contact +58200 +75900 9001 2005 1000
a contact +58200 +75900 9003 2005 1000
a contact +29800 +78200 2001 9003 1000
a contact +29800 +78200 2002 9003 1000
a contact +77500 +78200 2003 9003 1000
a contact +68100 +78200 2004 9003 1000
a contact +77100 +78200 2005 9003 1000
a contact +67700 +78200 2006 9003 1000
a contact +29800 +78200 2007 9003 1000
a contact +29800 +78200 2008 9003 1000
a contact +29800 +78200 9003 2001 1000
a contact +29800 +78200 9003 2002 1000
a contact +77500 +78200 9003 2003 1000
a contact +68100 +78200 9003 2004 1000
a contact +77100 +78200 9003 2005 1000
a contact +67700 +78200 9003 2006 1000
a contact +29800 +78200 9003 2007 1000
a contact +29800 +78200 9003 2008 1000
a contact +73900 +79000 2001 2006 1000
a contact +73900 +79000 2002 2005 1000
a contact +73900 +79000 2003 2008 1000
a contact +73900 +79000 2004 2007 1000
a contact +73900 +79000 2005 2002 1000
a contact +73900 +79000 2006 2001 1000
a contact +73900 +79000 2007 2004 1000
a contact +73900 +79000 2008 2003 1000
a contact +73300 +79600 2001 2008 1000
a contact +73300 +79600 2002 2007 1000
a contact +73300 +79600 2007 2002 1000
a contact +73300 +79600 2008 2001 1000
a contact +73100 +81000 1001 9003 1000
a contact +73100 +81000 9003 1001 1000
a contact +73000 +84900 1001 2004 1000
a contact +73000 +84900 2004 1001 1000
a contact +68100 +84900 2004 9001 1000
a contact +78400 +84900 2004 9002 1000
a contact +68100 +84900 9001 2004 1000
a contact +78400 +84900 9002 2004 1000
a contact +77300 +85000 2001 2007 1000
a contact +77300 +85000 2002 2008 1000
a contact +77300 +85000 2007 2001 1000
a contact +77300 +85000 2008 2002 1000
a contact +73000 +85300 1001 2006 1000
a contact +73000 +85300 2006 1001 1000
a contact +67700 +85300 2006 9001 1000
a contact +78400 +85300 2006 9002 1000
a contact +67700 +85300 9001 2006 1000
a contact +78400 +85300 9002 2006 1000
a contact +78000 +85800 1001 9001 1000
a contact +78000 +85800 9001 1001 1000
a contact +73000 +86400 1001 2001 1000
a contact +73000 +86400 1001 2002 1000
a contact +77500 +86400 1001 2003 1000
a contact +77100 +86400 1001 2005 1000
a contact +73000 +86400 1001 2007 1000
a contact +73000 +86400 1001 2008 1000
a contact +83800 +86400 1001 9002 1000
a contact +73000 +86400 2001 1001 1000
a contact +0 +86400 2001 2003 1000
a contact +0 +86400 2001 2005 1000
a contact +83300 +86400 2001 2006 1000
a contact +82800 +86400 2001 2008 1000
a contact +51900 +86400 2001 9001 1000
a contact +78400 +86400 2001 9002 1000
a contact +73000 +86400 2002 1001 1000
a contact +0 +86400 2002 2004 1000
a contact +83300 +86400 2002 2005 1000
a contact +0 +86400 2002 2006 1000
a contact +82800 +86400 2002 2007 1000
a contact +51900 +86400 2002 9001 1000
a contact +78400 +86400 2002 9002 1000
a contact +77500 +86400 2003 1001 1000
a contact +0 +86400 2003 2001 1000
a contact +0 +86400 2003 2005 1000
a contact +0 +86400 2003 2007 1000
a contact +83300 +86400 2003 2008 1000
a contact +77500 +86400 2003 9001 1000
a contact +78400 +86400 2003 9002 1000
a contact +0 +86400 2004 2002 1000
a contact +0 +86400 2004 2006 1000
a contact +83300 +86400 2004 2007 1000
a contact +0 +86400 2004 2008 1000
a contact +77100 +86400 2005 1001 1000
a contact +0 +86400 2005 2001 1000
a contact +83300 +86400 2005 2002 1000
a contact +0 +86400 2005 2003 1000
a contact +0 +86400 2005 2007 1000
a contact +77100 +86400 2005 9001 1000
a contact +78400 +86400 2005 9002 1000
a contact +83300 +86400 2006 2001 1000
a contact +0 +86400 2006 2002 1000
a contact +0 +86400 2006 2004 1000
a contact +0 +86400 2006 2008 1000
a contact +73000 +86400 2007 1001 1000
a contact +82800 +86400 2007 2002 1000
a contact +0 +86400 2007 2003 1000
a contact +83300 +86400 2007 2004 1000
a contact +0 +86400 2007 2005 1000
a contact +51900 +86400 2007 9001 1000
a contact +78400 +86400 2007 9002 1000
a contact +73000 +86400 2008 1001 1000
a contact +82800 +86400 2008 2001 1000
a contact +83300 +86400 2008 2003 1000
a contact +0 +86400 2008 2004 1000
a contact +0 +86400 2008 2006 1000
a contact +51900 +86400 2008 9001 1000
a contact +78400 +86400 2008 9002 1000
a contact +51900 +86400 9001 2001 1000
a contact +51900 +86400 9001 2002 1000
a contact +77500 +86400 9001 2003 1000
a contact +77100 +86400 9001 2005 1000
a contact +51900 +86400 9001 2007 1000
a contact +51900 +86400 9001 2008 1000
a contact +83800 +86400 9002 1001 1000
a contact +78400 +86400 9002 2001 1000
a contact +78400 +86400 9002 2002 1000
a contact +78400 +86400 9002 2003 1000
a contact +78400 +86400 9002 2005 1000
a contact +78400 +86400 9002 2007 1000
a contact +78400 +86400 9002 2008 1000

a range +0 +200 2001 2007 0.0433
a range +0 +200 2002 2008 0.0433
a range +0 +200 2007 2001 0.0433
a range +0 +200 2008 2002 0.0433
a range +0 +500 2005 9001 1101.7661
a range +0 +500 2005 9002 1101.7744
a range +0 +500 9001 2005 1101.7661
a range +0 +500 9002 2005 1101.7744
a range +0 +3600 2001 2006 0.0432
a range +0 +3600 2002 2005 0.0432
a range +0 +3600 2003 2008 0.0432
a range +0 +3600 2004 2007 0.0432
a range +0 +3600 2005 2002 0.0432
a range +0 +3600 2006 2001 0.0432
a range +0 +3600 2007 2004 0.0432
a range +0 +3600 2008 2003 0.0432
a range +0 +4200 2001 2008 0.0436
a range +0 +4200 2002 2007 0.0436
a range +0 +4200 2007 2002 0.0436
a range +0 +4200 2008 2001 0.0436
a range +0 +7200 1001 9003 0.0593
a range +0 +7200 9003 1001 0.0593
a range +2400 +9400 1001 2004 1102.0869
a range +2400 +9400 2004 1001 1102.0869
a range +0 +9400 2004 9001 1102.1199
a range +0 +9400 2004 9002 1102.1100
a range +0 +9400 9001 2004 1102.1199
a range +0 +9400 9002 2004 1102.1100
a range +1900 +9600 2001 2007 0.0432
a range +1900 +9600 2002 2008 0.0432
a range +1900 +9600 2007 2001 0.0432
a range +1900 +9600 2008 2002 0.0432
a range +2400 +9900 1001 2006 1102.1003
a range +2400 +9900 2006 1001 1102.1003
a range +0 +9900 2006 9001 1102.1398
a range +0 +9900 2006 9002 1102.1289
a range +0 +9900 9001 2006 1102.1398
a range +0 +9900 9002 2006 1102.1289
a range +4200 +12000 1001 9001 0.0592
a range +4200 +12000 9001 1001 0.0592
a range +7900 +13000 2001 2006 0.0431
a range +7900 +13000 2002 2005 0.0431
a range +7900 +13000 2003 2008 0.0431
a range +7900 +13000 2004 2007 0.0431
a range +7900 +13000 2005 2002 0.0431
a range +7900 +13000 2006 2001 0.0431
a range +7900 +13000 2007 2004 0.0431
a range +7900 +13000 2008 2003 0.0431
a range +7300 +13600 2001 2008 0.0434
a range +7300 +13600 2002 2007 0.0434
a range +7300 +13600 2007 2002 0.0434
a range +7300 +13600 2008 2001 0.0434
a range +0 +15300 2001 9001 1102.3343
a range +0 +15300 2002 9001 1102.3334
a range +2100 +15300 2003 9001 1102.3350
a range +11600 +15300 2004 9001 1102.3327
a range +1600 +15300 2005 9001 1102.3349
a range +11000 +15300 2006 9001 1102.3327
a range +0 +15300 2007 9001 1102.3341
a range +0 +15300 2008 9001 1102.3335
a range +0 +15300 9001 2001 1102.3343
a range +0 +15300 9001 2002 1102.3334
a range +2100 +15300 9001 2003 1102.3350
a range +11600 +15300 9001 2004 1102.3327
a range +1600 +15300 9001 2005 1102.3349
a range +11000 +15300 9001 2006 1102.3327
a range +0 +15300 9001 2007 1102.3341
a range +0 +15300 9001 2008 1102.3335
a range +10000 +17700 1001 9002 0.0591
a range +10000 +17700 9002 1001 0.0591
a range +2400 +18800 1001 2003 1102.4888
a range +2400 +18800 2003 1001 1102.4888
a range +2100 +18800 2003 9002 1102.4702
a range +2100 +18800 9002 2003 1102.4702
a range +11300 +19000 2001 2007 0.0431
a range +11300 +19000 2002 2008 0.0431
a range +11300 +19000 2007 2001 0.0431
a range +11300 +19000 2008 2002 0.0431
a range +2400 +19400 1001 2005 1102.5215
a range +2400 +19400 2005 1001 1102.5215
a range +1600 +19400 2005 9002 1102.4935
a range +1600 +19400 9002 2005 1102.4935
a range +17300 +22400 2001 2006 0.0430
a range +17300 +22400 2002 2005 0.0430
a range +17300 +22400 2003 2008 0.0430
a range +17300 +22400 2004 2007 0.0430
a range +17300 +22400 2005 2002 0.0430
a range +17300 +22400 2006 2001 0.0430
a range +17300 +22400 2007 2004 0.0430
a range +17300 +22400 2008 2003 0.0430
a range +16800 +23000 2001 2008 0.0432
a range +16800 +23000 2002 2007 0.0432
a range +16800 +23000 2007 2002 0.0432
a range +16800 +23000 2008 2001 0.0432
a range +2400 +23200 1001 2001 1102.6952
a range +2400 +23200 1001 2002 1102.6857
a range +21000 +23200 1001 2003 1102.7006
a range +11600 +23200 1001 2004 1102.6803
a range +20500 +23200 1001 2005 1102.7001
a range +11000 +23200 1001 2006 1102.6808
a range +2400 +23200 1001 2007 1102.6941
a range +2400 +23200 1001 2008 1102.6868
a range +2400 +23200 2001 1001 1102.6952
a range +2400 +23200 2002 1001 1102.6857
a range +21000 +23200 2003 1001 1102.7006
a range +11600 +23200 2004 1001 1102.6803
a range +20500 +23200 2005 1001 1102.7001
a range +11000 +23200 2006 1001 1102.6808
a range +2400 +23200 2007 1001 1102.6941
a range +2400 +23200 2008 1001 1102.6868
a range +17800 +25600 1001 9003 0.0591
a range +17800 +25600 9003 1001 0.0591
a range +26000 +28300 1001 2004 1102.8854
a range +26000 +28300 2004 1001 1102.8854
a range +11600 +28300 2004 9002 1102.8419
a range +11600 +28300 9002 2004 1102.8419
a range +20800 +28400 2001 2007 0.0430
a range +20800 +28400 2002 2008 0.0430
a range +20800 +28400 2007 2001 0.0430
a range +20800 +28400 2008 2002 0.0430
a range +26000 +28800 1001 2006 1102.8977
a range +26000 +28800 2006 1001 1102.8977
a range +11000 +28800 2006 9002 1102.8615
a range +11000 +28800 9002 2006 1102.8615
a range +22600 +30500 1001 9001 0.0595
a range +22600 +30500 9001 1001 0.0595
a range +26800 +31900 2001 2006 0.0433
a range +26800 +31900 2002 2005 0.0433
a range +26800 +31900 2003 2008 0.0433
a range +26800 +31900 2004 2007 0.0433
a range +26800 +31900 2005 2002 0.0433
a range +26800 +31900 2006 2001 0.0433
a range +26800 +31900 2007 2004 0.0433
a range +26800 +31900 2008 2003 0.0433
a range +26200 +32400 2001 2008 0.0430
a range +26200 +32400 2002 2007 0.0430
a range +26200 +32400 2007 2002 0.0430
a range +26200 +32400 2008 2001 0.0430
a range +28400 +36200 1001 9002 0.0594
a range +28400 +36200 9002 1001 0.0594
a range +26000 +37700 1001 2003 1103.1611
a range +26000 +37700 2003 1001 1103.1611
a range +21000 +37700 2003 9002 1103.2146
a range +29800 +37700 2003 9003 1103.2098
a range +21000 +37700 9002 2003 1103.2146
a range +29800 +37700 9003 2003 1103.2098
a range +30200 +37900 2001 2007 0.0433
a range +30200 +37900 2002 2008 0.0433
a range +30200 +37900 2007 2001 0.0433
a range +30200 +37900 2008 2002 0.0433
a range +26000 +38200 1001 2005 1103.1837
a range +26000 +38200 2005 1001 1103.1837
a range +20500 +38200 2005 9002 1103.2345
a range +29800 +38200 2005 9003 1103.2285
a range +20500 +38200 9002 2005 1103.2345
a range +29800 +38200 9003 2005 1103.2285
a range +36200 +41300 2001 2006 0.0432
a range +36200 +41300 2002 2005 0.0432
a range +36200 +41300 2003 2008 0.0432
a range +36200 +41300 2004 2007 0.0432
a range +36200 +41300 2005 2002 0.0432
a range +36200 +41300 2006 2001 0.0432
a range +36200 +41300 2007 2004 0.0432
a range +36200 +41300 2008 2003 0.0432
a range +35600 +41900 2001 2008 0.0435
a range +35600 +41900 2002 2007 0.0435
a range +35600 +41900 2007 2002 0.0435
a range +35600 +41900 2008 2001 0.0435
a range +0 +42200 2001 9002 1103.3763
a range +0 +42200 2002 9002 1103.3677
a range +39800 +42200 2003 9002 1103.3811
a range +30400 +42200 2004 9002 1103.3629
a range +39300 +42200 2005 9002 1103.3807
a range +29900 +42200 2006 9002 1103.3633
a range +0 +42200 2007 9002 1103.3753
a range +0 +42200 2008 9002 1103.3687
a range +0 +42200 9002 2001 1103.3763
a range +0 +42200 9002 2002 1103.3677
a range +39800 +42200 9002 2003 1103.3811
a range +30400 +42200 9002 2004 1103.3629
a range +39300 +42200 9002 2005 1103.3807
a range +29900 +42200 9002 2006 1103.3633
a range +0 +42200 9002 2007 1103.3753
a range +0 +42200 9002 2008 1103.3687
a range +36200 +44100 1001 9003 0.0594
a range +36200 +44100 9003 1001 0.0594
a range +26000 +46700 1001 2002 1103.6062
a range +39800 +46700 1001 2003 1103.5766
a range +30400 +46700 1001 2004 1103.6172
a range +39300 +46700 1001 2005 1103.5775
a range +29900 +46700 1001 2006 1103.6164
a range +26000 +46700 1001 2007 1103.5898
a range +26000 +46700 2002 1001 1103.6062
a range +39800 +46700 2003 1001 1103.5766
a range +30400 +46700 2004 1001 1103.6172
a range +39300 +46700 2005 1001 1103.5775
a range +29900 +46700 2006 1001 1103.6164
a range +26000 +46700 2007 1001 1103.5898
a range +26000 +46800 1001 2001 1103.5919
a range +26000 +46800 1001 2008 1103.6086
a range +26000 +46800 2001 1001 1103.5919
a range +26000 +46800 2008 1001 1103.6086
a range +30400 +47100 2004 9003 1103.5633
a range +30400 +47100 9003 2004 1103.5633
a range +39600 +47300 2001 2007 0.0432
a range +39600 +47300 2002 2008 0.0432
a range +39600 +47300 2007 2001 0.0432
a range +39600 +47300 2008 2002 0.0432
a range +29900 +47600 2006 9003 1103.5823
a range +29900 +47600 9003 2006 1103.5823
a range +41100 +48900 1001 9001 0.0593
a range +41100 +48900 9001 1001 0.0593
a range +45600 +50700 2001 2006 0.0431
a range +45600 +50700 2002 2005 0.0431
a range +45600 +50700 2003 2008 0.0431
a range +45600 +50700 2004 2007 0.0431
a range +45600 +50700 2005 2002 0.0431
a range +45600 +50700 2006 2001 0.0431
a range +45600 +50700 2007 2004 0.0431
a range +45600 +50700 2008 2003 0.0431
a range +45000 +51300 2001 2008 0.0433
a range +45000 +51300 2002 2007 0.0433
a range +45000 +51300 2007 2002 0.0433
a range +45000 +51300 2008 2001 0.0433
a range +46900 +54600 1001 9002 0.0591
a range +46900 +54600 9002 1001 0.0591
a range +49500 +56600 1001 2003 1103.9066
a range +49500 +56600 2003 1001 1103.9066
a range +51900 +56600 2003 9001 1103.9427
a range +39800 +56600 2003 9003 1103.9278
a range +51900 +56600 9001 2003 1103.9427
a range +39800 +56600 9003 2003 1103.9278
a range +49000 +56700 2001 2007 0.0431
a range +49000 +56700 2002 2008 0.0431
a range +49000 +56700 2007 2001 0.0431
a range +49000 +56700 2008 2002 0.0431
a range +49500 +57000 1001 2005 1103.9173
a range +49500 +57000 2005 1001 1103.9173
a range +51900 +57000 2005 9001 1103.9574
a range +39300 +57000 2005 9003 1103.9432
a range +51900 +57000 9001 2005 1103.9574
a range +39300 +57000 9003 2005 1103.9432
a range +55000 +60200 2001 2006 0.0434
a range +55000 +60200 2002 2005 0.0434
a range +55000 +60200 2003 2008 0.0434
a range +55000 +60200 2004 2007 0.0434
a range +55000 +60200 2005 2002 0.0434
a range +55000 +60200 2006 2001 0.0434
a range +55000 +60200 2007 2004 0.0434
a range +55000 +60200 2008 2003 0.0434
a range +54500 +60700 2001 2008 0.0431
a range +54500 +60700 2002 2007 0.0431
a range +54500 +60700 2007 2002 0.0431
a range +54500 +60700 2008 2001 0.0431
a range +54700 +62500 1001 9003 0.0591
a range +54700 +62500 9003 1001 0.0591
a range +49500 +66000 1001 2004 1104.3114
a range +49500 +66000 2004 1001 1104.3114
a range +51900 +66000 2004 9001 1104.2941
a range +49300 +66000 2004 9003 1104.2960
a range +51900 +66000 9001 2004 1104.2941
a range +49300 +66000 9003 2004 1104.2960
a range +58500 +66200 2001 2007 0.0434
a range +58500 +66200 2002 2008 0.0434
a range +58500 +66200 2007 2001 0.0434
a range +58500 +66200 2008 2002 0.0434
a range +49500 +66400 1001 2006 1104.3329
a range +49500 +66400 2006 1001 1104.3329
a range +51900 +66400 2006 9001 1104.3091
a range +48800 +66400 2006 9003 1104.3117
a range +51900 +66400 9001 2006 1104.3091
a range +48800 +66400 9003 2006 1104.3117
a range +59500 +67400 1001 9001 0.0596
a range +59500 +67400 9001 1001 0.0596
a range +64500 +69600 2001 2006 0.0433
a range +64500 +69600 2002 2005 0.0433
a range +64500 +69600 2003 2008 0.0433
a range +64500 +69600 2004 2007 0.0433
a range +64500 +69600 2005 2002 0.0433
a range +64500 +69600 2006 2001 0.0433
a range +64500 +69600 2007 2004 0.0433
a range +64500 +69600 2008 2003 0.0433
a range +63900 +70200 2001 2008 0.0436
a range +63900 +70200 2002 2007 0.0436
a range +63900 +70200 2007 2002 0.0436
a range +63900 +70200 2008 2001 0.0436
a range +49500 +70300 1001 2001 1104.5018
a range +49500 +70300 1001 2002 1104.5114
a range +58700 +70300 1001 2003 1104.4962
a range +68100 +70300 1001 2004 1104.5170
a range +58200 +70300 1001 2005 1104.4967
a range +67700 +70300 1001 2006 1104.5166
a range +49500 +70300 1001 2007 1104.5028
a range +49500 +70300 1001 2008 1104.5104
a range +49500 +70300 2001 1001 1104.5018
a range +49500 +70300 2002 1001 1104.5114
a range +58700 +70300 2003 1001 1104.4962
a range +68100 +70300 2004 1001 1104.5170
a range +58200 +70300 2005 1001 1104.4967
a range +67700 +70300 2006 1001 1104.5166
a range +49500 +70300 2007 1001 1104.5028
a range +49500 +70300 2008 1001 1104.5104
a range +65300 +73100 1001 9002 0.0594
a range +65300 +73100 9002 1001 0.0594
a range +73000 +75400 1001 2003 1104.7002
a range +73000 +75400 2003 1001 1104.7002
a range +58700 +75400 2003 9001 1104.6512
a range +58700 +75400 2003 9003 1104.6691
a range +58700 +75400 9001 2003 1104.6512
a range +58700 +75400 9003 2003 1104.6691
a range +67900 +75600 2001 2007 0.0433
a range +67900 +75600 2002 2008 0.0433
a range +67900 +75600 2007 2001 0.0433
a range +67900 +75600 2008 2002 0.0433
a range +73000 +75900 1001 2005 1104.7125
a range +73000 +75900 2005 1001 1104.7125
a range +58200 +75900 2005 9001 1104.6705
a range +58200 +75900 2005 9003 1104.6891
a range +58200 +75900 9001 2005 1104.6705
a range +58200 +75900 9003 2005 1104.6891
a range +29800 +78200 2001 9003 1104.7676
a range +29800 +78200 2002 9003 1104.7503
a range +77500 +78200 2003 9003 1104.7779
a range +68100 +78200 2004 9003 1104.7400
a range +77100 +78200 2005 9003 1104.7772
a range +67700 +78200 2006 9003 1104.7407
a range +29800 +78200 2007 9003 1104.7658
a range +29800 +78200 2008 9003 1104.7521
a range +29800 +78200 9003 2001 1104.7676
a range +29800 +78200 9003 2002 1104.7503
a range +77500 +78200 9003 2003 1104.7779
a range +68100 +78200 9003 2004 1104.7400
a range +77100 +78200 9003 2005 1104.7772
a range +67700 +78200 9003 2006 1104.7407
a range +29800 +78200 9003 2007 1104.7658
a range +29800 +78200 9003 2008 1104.7521
a range +73900 +79000 2001 2006 0.0432
a range +73900 +79000 2002 2005 0.0432
a range +73900 +79000 2003 2008 0.0432
a range +73900 +79000 2004 2007 0.0432
a range +73900 +79000 2005 2002 0.0432
a range +73900 +79000 2006 2001 0.0432
a range +73900 +79000 2007 2004 0.0432
a range +73900 +79000 2008 2003 0.0432
a range +73300 +79600 2001 2008 0.0434
a range +73300 +79600 2002 2007 0.0434
a range +73300 +79600 2007 2002 0.0434
a range +73300 +79600 2008 2001 0.0434
a range +73100 +81000 1001 9003 0.0594
a range +73100 +81000 9003 1001 0.0594
a range +73000 +84900 1001 2004 1104.9803
a range +73000 +84900 2004 1001 1104.9803
a range +68100 +84900 2004 9001 1105.0204
a range +78400 +84900 2004 9002 1105.0306
a range +68100 +84900 9001 2004 1105.0204
a range +78400 +84900 9002 2004 1105.0306
a range +77300 +85000 2001 2007 0.0432
a range +77300 +85000 2002 2008 0.0432
a range +77300 +85000 2007 2001 0.0432
a range +77300 +85000 2008 2002 0.0432
a range +73000 +85300 1001 2006 1104.9984
a range +73000 +85300 2006 1001 1104.9984
a range +67700 +85300 2006 9001 1105.0359
a range +78400 +85300 2006 9002 1105.0454
a range +67700 +85300 9001 2006 1105.0359
a range +78400 +85300 9002 2006 1105.0454
a range +78000 +85800 1001 9001 0.0593
a range +78000 +85800 9001 1001 0.0593
a range +73000 +86400 1001 2001 1105.0195
a range +73000 +86400 1001 2002 1105.0399
a range +77500 +86400 1001 2003 1105.0073
a range +77100 +86400 1001 2005 1105.0081
a range +73000 +86400 1001 2007 1105.0216
a range +73000 +86400 1001 2008 1105.0378
a range +83800 +86400 1001 9002 0.0467
a range +73000 +86400 2001 1001 1105.0195
a range +0 +86400 2001 2003 0.0182
a range +0 +86400 2001 2005 0.0337
a range +83300 +86400 2001 2006 0.0349
a range +82800 +86400 2001 2008 0.0204
a range +51900 +86400 2001 9001 1105.0474
a range +78400 +86400 2001 9002 1105.0546
a range +73000 +86400 2002 1001 1105.0399
a range +0 +86400 2002 2004 0.0182
a range +83300 +86400 2002 2005 0.0349
a range +0 +86400 2002 2006 0.0337
a range +82800 +86400 2002 2007 0.0204
a range +51900 +86400 2002 9001 1105.0678
a range +78400 +86400 2002 9002 1105.0750
a range +77500 +86400 2003 1001 1105.0073
a range +0 +86400 2003 2001 0.0182
a range +0 +86400 2003 2005 0.0182
a range +0 +86400 2003 2007 0.0337
a range +83300 +86400 2003 2008 0.0349
a range +77500 +86400 2003 9001 1105.0351
a range +78400 +86400 2003 9002 1105.0424
a range +0 +86400 2004 2002 0.0182
a range +0 +86400 2004 2006 0.0182
a range +83300 +86400 2004 2007 0.0349
a range +0 +86400 2004 2008 0.0337
a range +77100 +86400 2005 1001 1105.0081
a range +0 +86400 2005 2001 0.0337
a range +83300 +86400 2005 2002 0.0349
a range +0 +86400 2005 2003 0.0182
a range +0 +86400 2005 2007 0.0182
a range +77100 +86400 2005 9001 1105.0360
a range +78400 +86400 2005 9002 1105.0432
a range +83300 +86400 2006 2001 0.0349
a range +0 +86400 2006 2002 0.0337
a range +0 +86400 2006 2004 0.0182
a range +0 +86400 2006 2008 0.0182
a range +73000 +86400 2007 1001 1105.0216
a range +82800 +86400 2007 2002 0.0204
a range +0 +86400 2007 2003 0.0337
a range +83300 +86400 2007 2004 0.0349
a range +0 +86400 2007 2005 0.0182
a range +51900 +86400 2007 9001 1105.0495
a range +78400 +86400 2007 9002 1105.0567
a range +73000 +86400 2008 1001 1105.0378
a range +82800 +86400 2008 2001 0.0204
a range +83300 +86400 2008 2003 0.0349
a range +0 +86400 2008 2004 0.0337
a range +0 +86400 2008 2006 0.0182
a range +51900 +86400 2008 9001 1105.0657
a range +78400 +86400 2008 9002 1105.0729
a range +51900 +86400 9001 2001 1105.0474
a range +51900 +86400 9001 2002 1105.0678
a range +77500 +86400 9001 2003 1105.0351
a range +77100 +86400 9001 2005 1105.0360
a range +51900 +86400 9001 2007 1105.0495
a range +51900 +86400 9001 2008 1105.0657
a range +83800 +86400 9002 1001 0.0467
a range +78400 +86400 9002 2001 1105.0546
a range +78400 +86400 9002 2002 1105.0750
a range +78400 +86400 9002 2003 1105.0424
a range +78400 +86400 9002 2005 1105.0432
a range +78400 +86400 9002 2007 1105.0567
a range +78400 +86400 9002 2008 1105.0729

a position +0 +200 2001 2007 8282313.57290808 2399500.97100684 233947201.56449 8270309.55217835 2399500.97100684 233952173.792679
a position +0 +200 2002 2008 8268249.98782716 2403262.74434818 233947201.56449 8280254.00855687 2403262.74434818 233942229.3363
a position +0 +200 2007 2001 8270309.55217835 2399500.97100684 233952173.792679 8282313.57290808 2399500.97100684 233947201.56449
a position +0 +200 2008 2002 8280254.00855687 2403262.74434818 233942229.3363 8268249.98782716 2403262.74434818 233947201.56449
a position +0 +500 2005 9001 8268294.35230732 2400003.97433514 233955265.688159 -136170712.801236 3750.98291015625 -63080928.0655983
a position +0 +500 2005 9002 8268294.35230732 2400003.97433514 233955265.688159 -136179099.213834 4196.68310546875 -63079612.3668678
a position +0 +500 9001 2005 -136170712.801236 3750.98291015625 -63080928.0655983 8268294.35230732 2400003.97433514 233955265.688159
a position +0 +500 9002 2005 -136179099.213834 4196.68310546875 -63079612.3668678 8268294.35230732 2400003.97433514 233955265.688159
a position +0 +3600 2001 2006 8200774.86797956 2404593.37162946 233957158.928017 8196090.47947648 2393450.5990208 233952474.539514
a position +0 +3600 2002 2005 8191406.09097337 2393450.5990208 233957158.928017 8196090.47947648 2404593.37162946 233961843.31652
a position +0 +3600 2003 2008 8199402.84235272 2404593.37162946 233960471.290893 8199402.84235274 2393450.5990208 233953846.565141
a position +0 +3600 2004 2007 8192778.11660022 2393450.5990208 233953846.565141 8192778.11660024 2404593.37162946 233960471.290893
a position +0 +3600 2005 2002 8196090.47947648 2404593.37162946 233961843.31652 8191406.09097337 2393450.5990208 233957158.928017
a position +0 +3600 2006 2001 8196090.47947648 2393450.5990208 233952474.539514 8200774.86797956 2404593.37162946 233957158.928017
a position +0 +3600 2007 2004 8192778.11660024 2404593.37162946 233960471.290893 8192778.11660022 2393450.5990208 233953846.565141
a position +0 +3600 2008 2003 8199402.84235274 2393450.5990208 233953846.565141 8199402.84235272 2404593.37162946 233960471.290893
a position +0 +4200 2001 2008 8185599.92668373 2404996.29832233 233958913.205939 8184579.34475433 2392214.7166331 233956449.303203
a position +0 +4200 2002 2007 8178630.95735379 2392214.7166331 233958913.205939 8179651.53928325 2404996.29832233 233961377.108675
a position +0 +4200 2007 2002 8179651.53928325 2404996.29832233 233961377.108675 8178630.95735379 2392214.7166331 233958913.205939
a position +0 +4200 2008 2001 8184579.34475433 2392214.7166331 233956449.303203 8185599.92668373 2404996.29832233 233958913.205939
a position +0 +7200 1001 9003 -136078247.560553 0 -63271243.2004694 -136095597.31772 -3748.65649414063 -63270027.7525483
a position +0 +7200 9003 1001 -136095597.31772 -3748.65649414063 -63270027.7525483 -136078247.560553 0 -63271243.2004694
a position +2400 +9400 1001 2004 -136050886.621739 0 -63320662.6814387 8065854.53133938 2392588.14549508 233978937.808625
a position +2400 +9400 2004 1001 8065854.53133938 2392588.14549508 233978937.808625 -136050886.621739 0 -63320662.6814387
a position +0 +9400 2004 9001 8065854.53133938 2392588.14549508 233978937.808625 -136063095.865248 3750.98291015625 -63325758.8498353
a position +0 +9400 2004 9002 8065854.53133938 2392588.14549508 233978937.808625 -136068952.823134 4196.68310546875 -63319614.0121888
a position +0 +9400 9001 2004 -136063095.865248 3750.98291015625 -63325758.8498353 8065854.53133938 2392588.14549508 233978937.808625
a position +0 +9400 9002 2004 -136068952.823134 4196.68310546875 -63319614.0121888 8065854.53133938 2392588.14549508 233978937.808625
a position +1900 +9600 2001 2007 8049324.31993751 2396801.47696373 233974662.506656 8061298.68444638 2396801.47696373 233969702.562475
a position +1900 +9600 2002 2008 8063353.1605945 2392912.13334031 233974662.506656 8051378.79608565 2392912.13334031 233979622.450836
a position +1900 +9600 2007 2001 8061298.68444638 2396801.47696373 233969702.562475 8049324.31993751 2396801.47696373 233974662.506656
a position +1900 +9600 2008 2002 8051378.79608565 2392912.13334031 233979622.450836 8063353.1605945 2392912.13334031 233974662.506656
a position +2400 +9900 1001 2006 -136045507.092388 0 -63331948.3792777 8049351.0741404 2393413.6513462 233982708.8872
a position +2400 +9900 2006 1001 8049351.0741404 2393413.6513462 233982708.8872 -136045507.092388 0 -63331948.3792777
a position +0 +9900 2006 9001 8049351.0741404 2393413.6513462 233982708.8872 -136057103.389709 3750.98291015625 -63339504.9827284
a position +0 +9900 2006 9002 8049351.0741404 2393413.6513462 233982708.8872 -136062730.756286 4196.68310546875 -63333149.2205213
a position +0 +9900 9001 2006 -136057103.389709 3750.98291015625 -63339504.9827284 8049351.0741404 2393413.6513462 233982708.8872
a position +0 +9900 9002 2006 -136062730.756286 4196.68310546875 -63333149.2205213 8049351.0741404 2393413.6513462 233982708.8872
a position +4200 +12000 1001 9001 -136025909.724736 0 -63380958.7155533 -136031994.068677 3750.98291015625 -63397207.5196607
a position +4200 +12000 9001 1001 -136031994.068677 3750.98291015625 -63397207.5196607 -136025909.724736 0 -63380958.7155533
a position +7900 +13000 2001 2006 7972409.95869641 2386967.52758063 233984542.534632 7977144.75331417 2398024.75344022 233989277.32925
a position +7900 +13000 2002 2005 7981879.54793196 2398024.75344022 233984542.534632 7977144.75331417 2386967.52758063 233979807.740014
a position +7900 +13000 2003 2008 7973796.74793242 2386967.52758063 233981194.52925 7973796.7479324 2398024.75344022 233987890.540014
a position +7900 +13000 2004 2007 7980492.75869593 2398024.75344022 233987890.540014 7980492.75869591 2386967.52758063 233981194.52925
a position +7900 +13000 2005 2002 7977144.75331417 2386967.52758063 233979807.740014 7981879.54793196 2398024.75344022 233984542.534632
a position +7900 +13000 2006 2001 7977144.75331417 2398024.75344022 233989277.32925 7972409.95869641 2386967.52758063 233984542.534632
a position +7900 +13000 2007 2004 7980492.75869591 2386967.52758063 233981194.52925 7980492.75869593 2398024.75344022 233987890.540014
a position +7900 +13000 2008 2003 7973796.7479324 2398024.75344022 233987890.540014 7973796.74793242 2386967.52758063 233981194.52925
a position +7300 +13600 2001 2008 7959626.86249833 2385720.64173782 233986283.165497 7960664.40219243 2398438.40413404 233988788.007899
a position +7300 +13600 2002 2007 7966711.62668871 2398438.40413404 233986283.165497 7965674.08699455 2385720.64173782 233983778.323096
a position +7300 +13600 2007 2002 7965674.08699455 2385720.64173782 233983778.323096 7966711.62668871 2398438.40413404 233986283.165497
a position +7300 +13600 2008 2001 7960664.40219243 2398438.40413404 233988788.007899 7959626.86249833 2385720.64173782 233986283.165497
a position +0 +15300 2001 9001 7923995.62936802 2383632.40708161 233991210.222822 -135992714.86506 3750.98291015625 -63487747.5431211
a position +0 +15300 2002 9001 7923147.98878958 2398165.7091651 233991210.222822 -135992714.86506 3750.98291015625 -63487747.5431211
a position +2100 +15300 2003 9001 7923871.49527931 2383632.40708161 233991509.909022 -135992714.86506 3750.98291015625 -63487747.5431211
a position +11600 +15300 2004 9001 7923272.12287828 2398165.7091651 233990910.536621 -135992714.86506 3750.98291015625 -63487747.5431211
a position +1600 +15300 2005 9001 7923571.80907878 2383632.40708161 233991634.043111 -135992714.86506 3750.98291015625 -63487747.5431211
a position +11000 +15300 2006 9001 7923571.80907878 2398165.7091651 233990786.402532 -135992714.86506 3750.98291015625 -63487747.5431211
a position +0 +15300 2007 9001 7923272.12287826 2383632.40708161 233991509.909022 -135992714.86506 3750.98291015625 -63487747.5431211
a position +0 +15300 2008 9001 7923871.49527928 2398165.7091651 233990910.536621 -135992714.86506 3750.98291015625 -63487747.5431211
a position +0 +15300 9001 2001 -135992714.86506 3750.98291015625 -63487747.5431211 7923995.62936802 2383632.40708161 233991210.222822
a position +0 +15300 9001 2002 -135992714.86506 3750.98291015625 -63487747.5431211 7923147.98878958 2398165.7091651 233991210.222822
a position +2100 +15300 9001 2003 -135992714.86506 3750.98291015625 -63487747.5431211 7923871.49527931 2383632.40708161 233991509.909022
a position +11600 +15300 9001 2004 -135992714.86506 3750.98291015625 -63487747.5431211 7923272.12287828 2398165.7091651 233990910.536621
a position +1600 +15300 9001 2005 -135992714.86506 3750.98291015625 -63487747.5431211 7923571.80907878 2383632.40708161 233991634.043111
a position +11000 +15300 9001 2006 -135992714.86506 3750.98291015625 -63487747.5431211 7923571.80907878 2398165.7091651 233990786.402532
a position +0 +15300 9001 2007 -135992714.86506 3750.98291015625 -63487747.5431211 7923272.12287826 2383632.40708161 233991509.909022
a position +0 +15300 9001 2008 -135992714.86506 3750.98291015625 -63487747.5431211 7923871.49527928 2398165.7091651 233990910.536621
a position +10000 +17700 1001 9002 -135981217.710652 0 -63537958.2189668 -135965548.413366 4196.68310546875 -63545068.1093386
a position +10000 +17700 9002 1001 -135965548.413366 4196.68310546875 -63545068.1093386 -135981217.710652 0 -63537958.2189668
a position +2400 +18800 1001 2003 -135970633.582935 0 -63572165.7830176 7846888.62282022 2385998.66314183 234006173.837426
a position +2400 +18800 2003 1001 7846888.62282022 2385998.66314183 234006173.837426 -135970633.582935 0 -63572165.7830176
a position +2100 +18800 2003 9002 7846888.62282022 2385998.66314183 234006173.837426 -135951854.505062 4196.68310546875 -63575065.0729727
a position +2100 +18800 9002 2003 -135951854.505062 4196.68310546875 -63575065.0729727 7846888.62282022 2385998.66314183 234006173.837426
a position +11300 +19000 2001 2007 7844384.80799138 2386321.26771237 234001909.648043 7832441.08740111 2386321.26771237 234006856.899097
a position +11300 +19000 2002 2008 7830391.86891822 2390337.86080786 234001909.648043 7842335.58950848 2390337.86080786 233996962.396989
a position +11300 +19000 2007 2001 7832441.08740111 2386321.26771237 234006856.899097 7844384.80799138 2386321.26771237 234001909.648043
a position +11300 +19000 2008 2002 7842335.58950848 2390337.86080786 233996962.396989 7830391.86891822 2390337.86080786 234001909.648043
a position +2400 +19400 1001 2005 -135964280.933352 0 -63591107.3228986 7828071.13983306 2386991.13831529 234010265.672605
a position +2400 +19400 2005 1001 7828071.13983306 2386991.13831529 234010265.672605 -135964280.933352 0 -63591107.3228986
a position +1600 +19400 2005 9002 7828071.13983306 2386991.13831529 234010265.672605 -135944389.196132 4196.68310546875 -63591437.4897141
a position +1600 +19400 9002 2005 -135944389.196132 4196.68310546875 -63591437.4897141 7828071.13983306 2386991.13831529 234010265.672605
a position +17300 +22400 2001 2006 7762976.54866267 2391453.49321759 234011712.350994 7758191.73847671 2380482.72615522 234006927.540808
a position +17300 +22400 2002 2005 7753406.92829072 2380482.72615522 234011712.350994 7758191.73847671 2391453.49321759 234016497.16118
a position +17300 +22400 2003 2008 7761575.11020589 2391453.49321759 234015095.722723 7761575.11020591 2380482.72615522 234008328.979265
a position +17300 +22400 2004 2007 7754808.36674751 2380482.72615522 234008328.979265 7754808.36674753 2391453.49321759 234015095.722723
a position +17300 +22400 2005 2002 7758191.73847671 2391453.49321759 234016497.16118 7753406.92829072 2380482.72615522 234011712.350994
a position +17300 +22400 2006 2001 7758191.73847671 2380482.72615522 234006927.540808 7762976.54866267 2391453.49321759 234011712.350994
a position +17300 +22400 2007 2004 7754808.36674753 2391453.49321759 234015095.722723 7754808.36674751 2380482.72615522 234008328.979265
a position +17300 +22400 2008 2003 7761575.11020591 2380482.72615522 234008328.979265 7761575.11020589 2391453.49321759 234015095.722723
a position +16800 +23000 2001 2008 7747815.75870712 2391877.79984393 234013439.336664 7746761.34682911 2379224.90575715 234010893.761208
a position +16800 +23000 2002 2007 7740615.7840385 2379224.90575715 234013439.336664 7741670.19591656 2391877.79984393 234015984.91212
a position +16800 +23000 2007 2002 7741670.19591656 2391877.79984393 234015984.91212 7740615.7840385 2379224.90575715 234013439.336664
a position +16800 +23000 2008 2001 7746761.34682911 2379224.90575715 234010893.761208 7747815.75870712 2391877.79984393 234013439.336664
a position +2400 +23200 1001 2001 -135913775.05091 0 -63710738.1408708 7742727.76351017 2391964.5912564 234014014.805018
a position +2400 +23200 1001 2002 -135913775.05091 0 -63710738.1408708 7736386.45502713 2378860.27247506 234014014.805018
a position +21000 +23200 1001 2003 -135913775.05091 0 -63710738.1408708 7741799.10038363 2391964.5912564 234016256.796133
a position +11600 +23200 1001 2004 -135913775.05091 0 -63710738.1408708 7737315.11815368 2378860.27247506 234011772.813903
a position +20500 +23200 1001 2005 -135913775.05091 0 -63710738.1408708 7739557.10926867 2391964.5912564 234017185.45926
a position +11000 +23200 1001 2006 -135913775.05091 0 -63710738.1408708 7739557.10926867 2378860.27247506 234010844.150777
a position +2400 +23200 1001 2007 -135913775.05091 0 -63710738.1408708 7737315.1181537 2391964.5912564 234016256.796133
a position +2400 +23200 1001 2008 -135913775.05091 0 -63710738.1408708 7741799.10038365 2378860.27247506 234011772.813903
a position +2400 +23200 2001 1001 7742727.76351017 2391964.5912564 234014014.805018 -135913775.05091 0 -63710738.1408708
a position +2400 +23200 2002 1001 7736386.45502713 2378860.27247506 234014014.805018 -135913775.05091 0 -63710738.1408708
a position +21000 +23200 2003 1001 7741799.10038363 2391964.5912564 234016256.796133 -135913775.05091 0 -63710738.1408708
a position +11600 +23200 2004 1001 7737315.11815368 2378860.27247506 234011772.813903 -135913775.05091 0 -63710738.1408708
a position +20500 +23200 2005 1001 7739557.10926867 2391964.5912564 234017185.45926 -135913775.05091 0 -63710738.1408708
a position +11000 +23200 2006 1001 7739557.10926867 2378860.27247506 234010844.150777 -135913775.05091 0 -63710738.1408708
a position +2400 +23200 2007 1001 7737315.1181537 2391964.5912564 234016256.796133 -135913775.05091 0 -63710738.1408708
a position +2400 +23200 2008 1001 7741799.10038365 2378860.27247506 234011772.813903 -135913775.05091 0 -63710738.1408708
a position +17800 +25600 1001 9003 -135874704.11321 0 -63780976.1286015 -135877011.766475 -3748.65649414063 -63763822.0055349
a position +17800 +25600 9003 1001 -135877011.766475 -3748.65649414063 -63763822.0055349 -135874704.11321 0 -63780976.1286015
a position +26000 +28300 1001 2004 -135829535.030282 0 -63851673.6807048 7625642.75001913 2379566.51561682 234033539.154116
a position +26000 +28300 2004 1001 7625642.75001913 2379566.51561682 234033539.154116 -135829535.030282 0 -63851673.6807048
a position +11600 +28300 2004 9002 7625642.75001913 2379566.51561682 234033539.154116 -135834213.540664 4196.68310546875 -63834972.9167991
a position +11600 +28300 9002 2004 -135834213.540664 4196.68310546875 -63834972.9167991 7625642.75001913 2379566.51561682 234033539.154116
a position +20800 +28400 2001 2007 7611452.83517207 2383871.89714855 234028943.017808 7623364.92667366 2383871.89714855 234024008.867951
a position +20800 +28400 2002 2008 7625408.71846286 2379728.38588708 234028943.017808 7613496.62696129 2379728.38588708 234033877.167664
a position +20800 +28400 2007 2001 7623364.92667366 2383871.89714855 234024008.867951 7611452.83517207 2383871.89714855 234028943.017808
a position +20800 +28400 2008 2002 7613496.62696129 2379728.38588708 234033877.167664 7625408.71846286 2379728.38588708 234028943.017808
a position +26000 +28800 1001 2006 -135821515.423514 0 -63863831.8187955 7609113.27799536 2380396.26431056 234037280.016786
a position +26000 +28800 2006 1001 7609113.27799536 2380396.26431056 234037280.016786 -135821515.423514 0 -63863831.8187955
a position +11000 +28800 2006 9002 7609113.27799536 2380396.26431056 234037280.016786 -135828064.304933 4196.68310546875 -63848680.4436336
a position +11000 +28800 9002 2006 -135828064.304933 4196.68310546875 -63848680.4436336 7609113.27799536 2380396.26431056 234037280.016786
a position +22600 +30500 1001 9001 -135795914.590226 0 -63903518.324654 -135813216.169001 3750.98291015625 -63901278.3220014
a position +22600 +30500 9001 1001 -135813216.169001 3750.98291015625 -63901278.3220014 -135795914.590226 0 -63903518.324654
a position +26800 +31900 2001 2006 7532251.79857212 2373768.66141041 234038954.02385 7536902.23665705 2384968.17329585 234043604.461935
a position +26800 +31900 2002 2005 7541552.67474202 2384968.17329585 234038954.02385 7536902.23665705 2373768.66141041 234034303.585765
a position +26800 +31900 2003 2008 7533613.88035171 2373768.66141041 234035665.667545 7533613.88035169 2384968.17329585 234042242.380156
a position +26800 +31900 2004 2007 7540190.59296242 2384968.17329585 234042242.380156 7540190.5929624 2373768.66141041 234035665.667545
a position +26800 +31900 2005 2002 7536902.23665705 2373768.66141041 234034303.585765 7541552.67474202 2384968.17329585 234038954.02385
a position +26800 +31900 2006 2001 7536902.23665705 2384968.17329585 234043604.461935 7532251.79857212 2373768.66141041 234038954.02385
a position +26800 +31900 2007 2004 7540190.5929624 2373768.66141041 234035665.667545 7540190.59296242 2384968.17329585 234042242.380156
a position +26800 +31900 2008 2003 7533613.88035169 2384968.17329585 234042242.380156 7533613.88035171 2373768.66141041 234035665.667545
a position +26200 +32400 2001 2008 7521597.92857677 2372727.51253142 234040381.748665 7522669.12566614 2385314.49464316 234042967.847207
a position +26200 +32400 2002 2007 7528912.51983798 2385314.49464316 234040381.748665 7527841.32274855 2372727.51253142 234037795.650124
a position +26200 +32400 2007 2002 7527841.32274855 2372727.51253142 234037795.650124 7528912.51983798 2385314.49464316 234040381.748665
a position +26200 +32400 2008 2001 7522669.12566614 2385314.49464316 234042967.847207 7521597.92857677 2372727.51253142 234040381.748665
a position +28400 +36200 1001 9002 -135734292.218774 0 -64034612.2100159 -135737663.587556 4196.68310546875 -64051576.7166024
a position +28400 +36200 9002 1001 -135737663.587556 4196.68310546875 -64051576.7166024 -135734292.218774 0 -64034612.2100159
a position +26000 +37700 1001 2003 -135722739.12034 0 -64073257.4661694 7406663.31156011 2372972.3240863 234060346.063546
a position +26000 +37700 2003 1001 7406663.31156011 2372972.3240863 234060346.063546 -135722739.12034 0 -64073257.4661694
a position +21000 +37700 2003 9002 7406663.31156011 2372972.3240863 234060346.063546 -135719478.225815 4196.68310546875 -64092669.5678587
a position +29800 +37700 2003 9003 7406663.31156011 2372972.3240863 234060346.063546 -135727674.761948 -3748.65649414063 -64087075.6439085
a position +21000 +37700 9002 2003 -135719478.225815 4196.68310546875 -64092669.5678587 7406663.31156011 2372972.3240863 234060346.063546
a position +29800 +37700 9003 2003 -135727674.761948 -3748.65649414063 -64087075.6439085 7406663.31156011 2372972.3240863 234060346.063546
a position +30200 +37900 2001 2007 7404162.92149563 2373297.04570114 234056046.811545 7392168.60006838 2373297.04570114 234061015.022152
a position +30200 +37900 2002 2008 7390110.6998544 2377101.04766563 234056046.811545 7402105.02128163 2377101.04766563 234051078.600938
a position +30200 +37900 2007 2001 7392168.60006838 2373297.04570114 234061015.022152 7404162.92149563 2373297.04570114 234056046.811545
a position +30200 +37900 2008 2002 7402105.02128163 2377101.04766563 234051078.600938 7390110.6998544 2377101.04766563 234056046.811545
a position +26000 +38200 1001 2005 -135718988.960762 0 -64086758.4592203 7390148.46670544 2373799.30812341 234064080.026745
a position +26000 +38200 2005 1001 7390148.46670544 2373799.30812341 234064080.026745 -135718988.960762 0 -64086758.4592203
a position +20500 +38200 2005 9002 7390148.46670544 2373799.30812341 234064080.026745 -135713426.329654 4196.68310546875 -64106361.5907793
a position +29800 +38200 2005 9003 7390148.46670544 2373799.30812341 234064080.026745 -135721411.928775 -3748.65649414063 -64100470.4616289
a position +20500 +38200 9002 2005 -135713426.329654 4196.68310546875 -64106361.5907793 7390148.46670544 2373799.30812341 234064080.026745
a position +29800 +38200 9003 2005 -135721411.928775 -3748.65649414063 -64100470.4616289 7390148.46670544 2373799.30812341 234064080.026745
a position +36200 +41300 2001 2006 7322636.2810045 2378393.30070983 234065694.073946 7317935.17775191 2367278.7212381 234060992.970694
a position +36200 +41300 2002 2005 7313234.07449929 2367278.7212381 234065694.073946 7317935.17775191 2378393.30070983 234070395.177199
a position +36200 +41300 2003 2008 7321259.35974088 2378393.30070983 234069018.255935 7321259.3597409 2367278.7212381 234062369.891957
a position +36200 +41300 2004 2007 7314610.99576293 2367278.7212381 234062369.891957 7314610.99576295 2378393.30070983 234069018.255935
a position +36200 +41300 2005 2002 7317935.17775191 2378393.30070983 234070395.177199 7313234.07449929 2367278.7212381 234065694.073946
a position +36200 +41300 2006 2001 7317935.17775191 2367278.7212381 234060992.970694 7322636.2810045 2378393.30070983 234065694.073946
a position +36200 +41300 2007 2004 7314610.99576295 2378393.30070983 234069018.255935 7314610.99576293 2367278.7212381 234062369.891957
a position +36200 +41300 2008 2003 7321259.3597409 2367278.7212381 234062369.891957 7321259.35974088 2378393.30070983 234069018.255935
a position +35600 +41900 2001 2008 7307461.99423173 2378799.27021187 234067393.629734 7306435.79414997 2366038.6802725 234064916.163579
a position +35600 +41900 2002 2007 7300454.66175786 2366038.6802725 234067393.629734 7301480.86183967 2378799.27021187 234069871.095889
a position +35600 +41900 2007 2002 7301480.86183967 2378799.27021187 234069871.095889 7300454.66175786 2366038.6802725 234067393.629734
a position +35600 +41900 2008 2001 7306435.79414997 2366038.6802725 234064916.163579 7307461.99423173 2378799.27021187 234067393.629734
a position +0 +42200 2001 9002 7299819.26466743 2378908.58228758 234068243.081128 -135665174.871618 4196.68310546875 -64215765.066095
a position +0 +42200 2002 9002 7294120.52117829 2365512.32584614 234068243.081128 -135665174.871618 4196.68310546875 -64215765.066095
a position +39800 +42200 2003 9002 7298984.70300557 2378908.58228758 234070257.891211 -135665174.871618 4196.68310546875 -64215765.066095
a position +30400 +42200 2004 9002 7294955.08284016 2365512.32584614 234066228.271046 -135665174.871618 4196.68310546875 -64215765.066095
a position +39300 +42200 2005 9002 7296969.89292288 2378908.58228758 234071092.452873 -135665174.871618 4196.68310546875 -64215765.066095
a position +29900 +42200 2006 9002 7296969.89292288 2365512.32584614 234065393.709384 -135665174.871618 4196.68310546875 -64215765.066095
a position +0 +42200 2007 9002 7294955.08284018 2378908.58228758 234070257.891211 -135665174.871618 4196.68310546875 -64215765.066095
a position +0 +42200 2008 9002 7298984.7030056 2365512.32584614 234066228.271046 -135665174.871618 4196.68310546875 -64215765.066095
a position +0 +42200 9002 2001 -135665174.871618 4196.68310546875 -64215765.066095 7299819.26466743 2378908.58228758 234068243.081128
a position +0 +42200 9002 2002 -135665174.871618 4196.68310546875 -64215765.066095 7294120.52117829 2365512.32584614 234068243.081128
a position +39800 +42200 9002 2003 -135665174.871618 4196.68310546875 -64215765.066095 7298984.70300557 2378908.58228758 234070257.891211
a position +30400 +42200 9002 2004 -135665174.871618 4196.68310546875 -64215765.066095 7294955.08284016 2365512.32584614 234066228.271046
a position +39300 +42200 9002 2005 -135665174.871618 4196.68310546875 -64215765.066095 7296969.89292288 2378908.58228758 234071092.452873
a position +29900 +42200 9002 2006 -135665174.871618 4196.68310546875 -64215765.066095 7296969.89292288 2365512.32584614 234065393.709384
a position +0 +42200 9002 2007 -135665174.871618 4196.68310546875 -64215765.066095 7294955.08284018 2378908.58228758 234070257.891211
a position +0 +42200 9002 2008 -135665174.871618 4196.68310546875 -64215765.066095 7298984.7030056 2365512.32584614 234066228.271046
a position +36200 +44100 1001 9003 -135663386.364612 0 -64265114.1054038 -135647118.205223 -3748.65649414063 -64258929.3871442
a position +36200 +44100 9003 1001 -135647118.205223 -3748.65649414063 -64258929.3871442 -135663386.364612 0 -64265114.1054038
a position +26000 +46700 1001 2002 -135626655.094821 0 -64346465.5474027 7198621.04231216 2365763.77886819 234080958.732747
a position +39800 +46700 1001 2003 -135626655.094821 0 -64346465.5474027 7187561.57481894 2372400.96481008 234076377.751318
a position +30400 +46700 1001 2004 -135626655.094821 0 -64346465.5474027 7196723.53767558 2365763.77886819 234085539.714175
a position +39300 +46700 1001 2005 -135626655.094821 0 -64346465.5474027 7192142.55624726 2372400.96481008 234074480.246682
a position +29900 +46700 1001 2006 -135626655.094821 0 -64346465.5474027 7192142.55624726 2365763.77886819 234087437.218812
a position +26000 +46700 1001 2007 -135626655.094821 0 -64346465.5474027 7196723.53767559 2372400.96481008 234076377.751318
a position +26000 +46700 2002 1001 7198621.04231216 2365763.77886819 234080958.732747 -135626655.094821 0 -64346465.5474027
a position +39800 +46700 2003 1001 7187561.57481894 2372400.96481008 234076377.751318 -135626655.094821 0 -64346465.5474027
a position +30400 +46700 2004 1001 7196723.53767558 2365763.77886819 234085539.714175 -135626655.094821 0 -64346465.5474027
a position +39300 +46700 2005 1001 7192142.55624726 2372400.96481008 234074480.246682 -135626655.094821 0 -64346465.5474027
a position +29900 +46700 2006 1001 7192142.55624726 2365763.77886819 234087437.218812 -135626655.094821 0 -64346465.5474027
a position +26000 +46700 2007 1001 7196723.53767559 2372400.96481008 234076377.751318 -135626655.094821 0 -64346465.5474027
a position +26000 +46800 1001 2001 -135625096.61368 0 -64349508.1544222 7183227.5833267 2372113.75084444 234081240.746552
a position +26000 +46800 1001 2008 -135625096.61368 0 -64349508.1544222 7185156.41972142 2365911.95569302 234085897.369536
a position +26000 +46800 2001 1001 7183227.5833267 2372113.75084444 234081240.746552 -135625096.61368 0 -64349508.1544222
a position +26000 +46800 2008 1001 7185156.41972142 2365911.95569302 234085897.369536 -135625096.61368 0 -64349508.1544222
a position +30400 +47100 2004 9003 7187676.71310625 2366376.15879872 234086938.858357 -135609142.558217 -3748.65649414063 -64339822.0652063
a position +30400 +47100 9003 2004 -135609142.558217 -3748.65649414063 -64339822.0652063 7187676.71310625 2366376.15879872 234086938.858357
a position +39600 +47300 2001 2007 7171156.91677038 2370630.99039666 234082650.452828 7183121.25502182 2370630.99039666 234077694.661659
a position +39600 +47300 2002 2008 7185174.01093612 2366699.52309441 234082650.452828 7173209.67268469 2366699.52309441 234087606.243996
a position +39600 +47300 2007 2001 7183121.25502182 2370630.99039666 234077694.661659 7171156.91677038 2370630.99039666 234082650.452828
a position +39600 +47300 2008 2002 7173209.67268469 2366699.52309441 234087606.243996 7185174.01093612 2366699.52309441 234082650.452828
a position +29900 +47600 2006 9003 7171176.90764385 2367200.28165018 234090665.73285 -135602805.71902 -3748.65649414063 -64353326.6619318
a position +29900 +47600 9003 2006 -135602805.71902 -3748.65649414063 -64353326.6619318 7171176.90764385 2367200.28165018 234090665.73285
a position +41100 +48900 1001 9001 -135590698.235723 0 -64411019.7303714 -135591998.464459 3750.98291015625 -64393706.0415615
a position +41100 +48900 9001 1001 -135591998.464459 3750.98291015625 -64393706.0415615 -135590698.235723 0 -64411019.7303714
a position +45600 +50700 2001 2006 7094210.05692009 2360787.07305793 234092220.422263 7098961.43757303 2371815.80333676 234096971.802916
a position +45600 +50700 2002 2005 7103712.818226 2371815.80333676 234092220.422263 7098961.43757303 2360787.07305793 234087469.041611
a position +45600 +50700 2003 2008 7095601.70409334 2360787.07305793 234088860.688784 7095601.70409332 2371815.80333676 234095580.155743
a position +45600 +50700 2004 2007 7102321.17105274 2371815.80333676 234095580.155743 7102321.17105272 2360787.07305793 234088860.688784
a position +45600 +50700 2005 2002 7098961.43757303 2360787.07305793 234087469.041611 7103712.818226 2371815.80333676 234092220.422263
a position +45600 +50700 2006 2001 7098961.43757303 2371815.80333676 234096971.802916 7094210.05692009 2360787.07305793 234092220.422263
a position +45600 +50700 2007 2004 7102321.17105272 2360787.07305793 234088860.688784 7102321.17105274 2371815.80333676 234095580.155743
a position +45600 +50700 2008 2003 7095601.70409332 2371815.80333676 234095580.155743 7095601.70409334 2360787.07305793 234088860.688784
a position +45000 +51300 2001 2008 7081422.70064009 2359536.05285678 234093906.33852 7082465.83033523 2372232.47595496 234096424.676378
a position +45000 +51300 2002 2007 7088545.63574523 2372232.47595496 234093906.33852 7087502.50605003 2359536.05285678 234091388.000663
a position +45000 +51300 2007 2002 7087502.50605003 2359536.05285678 234091388.000663 7088545.63574523 2372232.47595496 234093906.33852
a position +45000 +51300 2008 2001 7082465.83033523 2372232.47595496 234096424.676378 7081422.70064009 2359536.05285678 234093906.33852
a position +46900 +54600 1001 9002 -135499478.007239 0 -64552498.071336 -135516695.548295 4196.68310546875 -64552623.9541933
a position +46900 +54600 9002 1001 -135516695.548295 4196.68310546875 -64552623.9541933 -135499478.007239 0 -64552498.071336
a position +49500 +56600 1001 2003 -135474754.664238 0 -64597136.6360207 6966409.55913488 2359937.76064043 234113653.200276
a position +49500 +56600 2003 1001 6966409.55913488 2359937.76064043 234113653.200276 -135474754.664238 0 -64597136.6360207
a position +51900 +56600 2003 9001 6966409.55913488 2359937.76064043 234113653.200276 -135496337.967328 3750.98291015625 -64598861.3492064
a position +39800 +56600 2003 9003 6966409.55913488 2359937.76064043 234113653.200276 -135488740.268353 -3748.65649414063 -64597481.1819701
a position +51900 +56600 9001 2003 -135496337.967328 3750.98291015625 -64598861.3492064 6966409.55913488 2359937.76064043 234113653.200276
a position +39800 +56600 9003 2003 -135488740.268353 -3748.65649414063 -64597481.1819701 6966409.55913488 2359937.76064043 234113653.200276
a position +49000 +56700 2001 2007 6966177.96967012 2360100.00038888 234109040.411287 6954244.60146521 2360100.00038888 234113983.374242
a position +49000 +56700 2002 2008 6952197.15917084 2364158.60874434 234109040.411287 6964130.52737574 2364158.60874434 234104097.448332
a position +49000 +56700 2007 2001 6954244.60146521 2360100.00038888 234113983.374242 6966177.96967012 2360100.00038888 234109040.411287
a position +49000 +56700 2008 2002 6964130.52737574 2364158.60874434 234104097.448332 6952197.15917084 2364158.60874434 234109040.411287
a position +49500 +57000 1001 2005 -135470405.108731 0 -64606134.1257787 6952198.80240293 2360599.19677838 234117037.16569
a position +49500 +57000 2005 1001 6952198.80240293 2360599.19677838 234117037.16569 -135470405.108731 0 -64606134.1257787
a position +51900 +57000 2005 9001 6952198.80240293 2360599.19677838 234117037.16569 -135491317.764549 3750.98291015625 -64609532.0809206
a position +39300 +57000 2005 9003 6952198.80240293 2360599.19677838 234117037.16569 -135483682.798484 -3748.65649414063 -64608375.7173952
a position +51900 +57000 9001 2005 -135491317.764549 3750.98291015625 -64609532.0809206 6952198.80240293 2360599.19677838 234117037.16569
a position +39300 +57000 9003 2005 -135483682.798484 -3748.65649414063 -64608375.7173952 6952198.80240293 2360599.19677838 234117037.16569
a position +55000 +60200 2001 2006 6882267.92261443 2365323.07293822 234118811.87208 6877651.60675642 2354067.23553732 234114195.556222
a position +55000 +60200 2002 2005 6873035.29089838 2354067.23553732 234118811.87208 6877651.60675642 2365323.07293822 234123428.187938
a position +55000 +60200 2003 2008 6880915.83500372 2365323.07293822 234122076.100327 6880915.83500374 2354067.23553732 234115547.643832
a position +55000 +60200 2004 2007 6874387.3785091 2354067.23553732 234115547.643832 6874387.37850912 2365323.07293822 234122076.100327
a position +55000 +60200 2005 2002 6877651.60675642 2365323.07293822 234123428.187938 6873035.29089838 2354067.23553732 234118811.87208
a position +55000 +60200 2006 2001 6877651.60675642 2354067.23553732 234114195.556222 6882267.92261443 2365323.07293822 234118811.87208
a position +55000 +60200 2007 2004 6874387.37850912 2365323.07293822 234122076.100327 6874387.3785091 2354067.23553732 234115547.643832
a position +55000 +60200 2008 2003 6880915.83500374 2354067.23553732 234115547.643832 6880915.83500372 2365323.07293822 234122076.100327
a position +54500 +60700 2001 2008 6869622.51663817 2365662.99859939 234120205.377157 6868562.54337152 2353031.78959868 234117646.37532
a position +54500 +60700 2002 2007 6862384.56643247 2353031.78959868 234120205.377157 6863444.53969917 2365662.99859939 234122764.378993
a position +54500 +60700 2007 2002 6863444.53969917 2365662.99859939 234122764.378993 6862384.56643247 2353031.78959868 234120205.377157
a position +54500 +60700 2008 2001 6868562.54337152 2353031.78959868 234117646.37532 6869622.51663817 2365662.99859939 234120205.377157
a position +54700 +62500 1001 9003 -135423687.215797 0 -64743845.4850215 -135414384.711692 -3748.65649414063 -64758455.8748249
a position +54700 +62500 9003 1001 -135414384.711692 -3748.65649414063 -64758455.8748249 -135423687.215797 0 -64743845.4850215
a position +49500 +66000 1001 2004 -135392249.913247 0 -64848984.041276 6747410.65275208 2353336.9313596 234139817.056152
a position +49500 +66000 2004 1001 6747410.65275208 2353336.9313596 234139817.056152 -135392249.913247 0 -64848984.041276
a position +51900 +66000 2004 9001 6747410.65275208 2353336.9313596 234139817.056152 -135377318.519266 3750.98291015625 -64850376.3516606
a position +49300 +66000 2004 9003 6747410.65275208 2353336.9313596 234139817.056152 -135370582.153909 -3748.65649414063 -64854151.4371098
a position +51900 +66000 9001 2004 -135377318.519266 3750.98291015625 -64850376.3516606 6747410.65275208 2353336.9313596 234139817.056152
a position +49300 +66000 9003 2004 -135370582.153909 -3748.65649414063 -64854151.4371098 6747410.65275208 2353336.9313596 234139817.056152
a position +58500 +66200 2001 2007 6730836.11903614 2357380.89063657 234135494.039655 6742849.95425615 2357380.89063657 234130517.746171
a position +58500 +66200 2002 2008 6744911.20250767 2353662.37086796 234135494.039655 6732897.36728767 2353662.37086796 234140470.33314
a position +58500 +66200 2007 2001 6742849.95425615 2357380.89063657 234130517.746171 6730836.11903614 2357380.89063657 234135494.039655
a position +58500 +66200 2008 2002 6732897.36728767 2353662.37086796 234140470.33314 6744911.20250767 2353662.37086796 234135494.039655
a position +49500 +66400 1001 2006 -135387884.87397 0 -64861575.4105867 6733214.35247976 2353996.06538467 234143194.356067
a position +49500 +66400 2006 1001 6733214.35247976 2353996.06538467 234143194.356067 -135387884.87397 0 -64861575.4105867
a position +51900 +66400 2006 9001 6733214.35247976 2353996.06538467 234143194.356067 -135372215.62363 3750.98291015625 -64861121.577818
a position +48800 +66400 2006 9003 6733214.35247976 2353996.06538467 234143194.356067 -135365593.072361 -3748.65649414063 -64865092.9376813
a position +51900 +66400 9001 2006 -135372215.62363 3750.98291015625 -64861121.577818 6733214.35247976 2353996.06538467 234143194.356067
a position +48800 +66400 9003 2006 -135365593.072361 -3748.65649414063 -64865092.9376813 6733214.35247976 2353996.06538467 234143194.356067
a position +59500 +67400 1001 9001 -135376104.226182 0 -64893235.8954164 -135359449.42444 3750.98291015625 -64888002.0713727
a position +59500 +67400 9001 1001 -135359449.42444 3750.98291015625 -64888002.0713727 -135376104.226182 0 -64893235.8954164
a position +64500 +69600 2001 2006 6653997.80468684 2347570.48409551 234144908.633558 6658665.04289401 2358742.00655532 234149575.871765
a position +64500 +69600 2002 2005 6663332.2811012 2358742.00655532 234144908.633558 6658665.04289401 2347570.48409551 234140241.395351
a position +64500 +69600 2003 2008 6655364.80710831 2347570.48409551 234141608.397772 6655364.80710829 2358742.00655532 234148208.869344
a position +64500 +69600 2004 2007 6661965.27867972 2358742.00655532 234148208.869344 6661965.2786797 2347570.48409551 234141608.397772
a position +64500 +69600 2005 2002 6658665.04289401 2347570.48409551 234140241.395351 6663332.2811012 2358742.00655532 234144908.633558
a position +64500 +69600 2006 2001 6658665.04289401 2358742.00655532 234149575.871765 6653997.80468684 2347570.48409551 234144908.633558
a position +64500 +69600 2007 2004 6661965.2786797 2347570.48409551 234141608.397772 6661965.27867972 2358742.00655532 234148208.869344
a position +64500 +69600 2008 2003 6655364.80710829 2358742.00655532 234148208.869344 6655364.80710831 2347570.48409551 234141608.397772
a position +63900 +70200 2001 2008 6641222.14779768 2346337.32218003 234146567.131421 6642236.97035454 2359140.26822753 234149017.129801
a position +63900 +70200 2002 2007 6648151.78967189 2359140.26822753 234146567.131421 6647136.96711498 2346337.32218003 234144117.133041
a position +63900 +70200 2007 2002 6647136.96711498 2346337.32218003 234144117.133041 6648151.78967189 2359140.26822753 234146567.131421
a position +63900 +70200 2008 2001 6642236.97035454 2359140.26822753 234149017.129801 6641222.14779768 2346337.32218003 234146567.131421
a position +49500 +70300 1001 2001 -135335026.352959 0 -64983836.6075112 6639107.6769998 2346155.85815372 234146843.463119
a position +49500 +70300 1001 2002 -135335026.352959 0 -64983836.6075112 6645606.89761291 2359182.58051286 234146843.463119
a position +58700 +70300 1001 2003 -135335026.352959 0 -64983836.6075112 6640059.46582237 2346155.85815372 234144545.641635
a position +68100 +70300 1001 2004 -135335026.352959 0 -64983836.6075112 6644655.10879033 2359182.58051286 234149141.284603
a position +58200 +70300 1001 2005 -135335026.352959 0 -64983836.6075112 6642357.28730634 2346155.85815372 234143593.852812
a position +67700 +70300 1001 2006 -135335026.352959 0 -64983836.6075112 6642357.28730634 2359182.58051286 234150093.073425
a position +49500 +70300 1001 2007 -135335026.352959 0 -64983836.6075112 6644655.10879031 2346155.85815372 234144545.641635
a position +49500 +70300 1001 2008 -135335026.352959 0 -64983836.6075112 6640059.46582235 2359182.58051286 234149141.284603
a position +49500 +70300 2001 1001 6639107.6769998 2346155.85815372 234146843.463119 -135335026.352959 0 -64983836.6075112
a position +49500 +70300 2002 1001 6645606.89761291 2359182.58051286 234146843.463119 -135335026.352959 0 -64983836.6075112
a position +58700 +70300 2003 1001 6640059.46582237 2346155.85815372 234144545.641635 -135335026.352959 0 -64983836.6075112
a position +68100 +70300 2004 1001 6644655.10879033 2359182.58051286 234149141.284603 -135335026.352959 0 -64983836.6075112
a position +58200 +70300 2005 1001 6642357.28730634 2346155.85815372 234143593.852812 -135335026.352959 0 -64983836.6075112
a position +67700 +70300 2006 1001 6642357.28730634 2359182.58051286 234150093.073425 -135335026.352959 0 -64983836.6075112
a position +49500 +70300 2007 1001 6644655.10879031 2346155.85815372 234144545.641635 -135335026.352959 0 -64983836.6075112
a position +49500 +70300 2008 1001 6640059.46582235 2359182.58051286 234149141.284603 -135335026.352959 0 -64983836.6075112
a position +65300 +73100 1001 9002 -135288412.661196 0 -65064590.9278051 -135292477.729918 4196.68310546875 -65047767.7399643
a position +65300 +73100 9002 1001 -135292477.729918 4196.68310546875 -65047767.7399643 -135288412.661196 0 -65064590.9278051
a position +73000 +75400 1001 2003 -135249463.92027 0 -65123794.4163517 6528405.19218593 2346734.1444677 234165766.886385
a position +73000 +75400 2003 1001 6528405.19218593 2346734.1444677 234165766.886385 -135249463.92027 0 -65123794.4163517
a position +58700 +75400 2003 9001 6528405.19218593 2346734.1444677 234165766.886385 -135257091.665253 3750.98291015625 -65103966.7102832
a position +58700 +75400 2003 9003 6528405.19218593 2346734.1444677 234165766.886385 -135254302.796845 -3748.65649414063 -65111167.5508594
a position +58700 +75400 9001 2003 -135257091.665253 3750.98291015625 -65103966.7102832 6528405.19218593 2346734.1444677 234165766.886385
a position +58700 +75400 9003 2003 -135254302.796845 -3748.65649414063 -65111167.5508594 6528405.19218593 2346734.1444677 234165766.886385
a position +67900 +75600 2001 2007 6525903.56187144 2347058.25266031 234161454.449711 6513919.04797672 2347058.25266031 234166418.597905
a position +67900 +75600 2002 2008 6511862.83046929 2350904.44892321 234161454.449711 6523847.344364 2350904.44892321 234156490.301517
a position +67900 +75600 2007 2001 6513919.04797672 2347058.25266031 234166418.597905 6525903.56187144 2347058.25266031 234161454.449711
a position +67900 +75600 2008 2002 6523847.344364 2350904.44892321 234156490.301517 6511862.83046929 2350904.44892321 234161454.449711
a position +73000 +75900 1001 2005 -135241342.316634 0 -65135860.9811069 6511894.03980668 2347559.77110664 234169456.706832
a position +73000 +75900 2005 1001 6511894.03980668 2347559.77110664 234169456.706832 -135241342.316634 0 -65135860.9811069
a position +58200 +75900 2005 9001 6511894.03980668 2347559.77110664 234169456.706832 -135250694.718244 3750.98291015625 -65117517.7686978
a position +58200 +75900 2005 9003 6511894.03980668 2347559.77110664 234169456.706832 -135248172.14549 -3748.65649414063 -65124816.1600552
a position +58200 +75900 9001 2005 -135250694.718244 3750.98291015625 -65117517.7686978 6511894.03980668 2347559.77110664 234169456.706832
a position +58200 +75900 9003 2005 -135248172.14549 -3748.65649414063 -65124816.1600552 6511894.03980668 2347559.77110664 234169456.706832
a position +29800 +78200 2001 9003 6464321.75846967 2351276.38234073 234168597.277517 -135220032.922555 -3748.65649414063 -65187545.0267966
a position +29800 +78200 2002 9003 6452298.85583334 2343067.53490657 234168597.277517 -135220032.922555 -3748.65649414063 -65187545.0267966
a position +77500 +78200 2003 9003 6462561.04514335 2351276.38234073 234172848.015509 -135220032.922555 -3748.65649414063 -65187545.0267966
a position +68100 +78200 2004 9003 6454059.56915966 2343067.53490657 234164346.539525 -135220032.922555 -3748.65649414063 -65187545.0267966
a position +77100 +78200 2005 9003 6458310.30715151 2351276.38234073 234174608.728835 -135220032.922555 -3748.65649414063 -65187545.0267966
a position +67700 +78200 2006 9003 6458310.30715151 2343067.53490657 234162585.826199 -135220032.922555 -3748.65649414063 -65187545.0267966
a position +29800 +78200 2007 9003 6454059.56915967 2351276.38234073 234172848.015509 -135220032.922555 -3748.65649414063 -65187545.0267966
a position +29800 +78200 2008 9003 6462561.04514337 2343067.53490657 234164346.539525 -135220032.922555 -3748.65649414063 -65187545.0267966
a position +29800 +78200 9003 2001 -135220032.922555 -3748.65649414063 -65187545.0267966 6464321.75846967 2351276.38234073 234168597.277517
a position +29800 +78200 9003 2002 -135220032.922555 -3748.65649414063 -65187545.0267966 6452298.85583334 2343067.53490657 234168597.277517
a position +77500 +78200 9003 2003 -135220032.922555 -3748.65649414063 -65187545.0267966 6462561.04514335 2351276.38234073 234172848.015509
a position +68100 +78200 9003 2004 -135220032.922555 -3748.65649414063 -65187545.0267966 6454059.56915966 2343067.53490657 234164346.539525
a position +77100 +78200 9003 2005 -135220032.922555 -3748.65649414063 -65187545.0267966 6458310.30715151 2351276.38234073 234174608.728835
a position +67700 +78200 9003 2006 -135220032.922555 -3748.65649414063 -65187545.0267966 6458310.30715151 2343067.53490657 234162585.826199
a position +29800 +78200 9003 2007 -135220032.922555 -3748.65649414063 -65187545.0267966 6454059.56915967 2351276.38234073 234172848.015509
a position +29800 +78200 9003 2008 -135220032.922555 -3748.65649414063 -65187545.0267966 6462561.04514337 2343067.53490657 234164346.539525
a position +73900 +79000 2001 2006 6444390.17986813 2352158.33263608 234170791.783261 6439672.40428595 2341072.0465932 234166074.007678
a position +73900 +79000 2002 2005 6434954.62870375 2341072.0465932 234170791.783261 6439672.40428595 2352158.33263608 234175509.558843
a position +73900 +79000 2003 2008 6443008.37539223 2352158.33263608 234174127.754367 6443008.37539225 2341072.0465932 234167455.812154
a position +73900 +79000 2004 2007 6436336.43317966 2341072.0465932 234167455.812154 6436336.43317968 2352158.33263608 234174127.754367
a position +73900 +79000 2005 2002 6439672.40428595 2352158.33263608 234175509.558843 6434954.62870375 2341072.0465932 234170791.783261
a position +73900 +79000 2006 2001 6439672.40428595 2341072.0465932 234166074.007678 6444390.17986813 2352158.33263608 234170791.783261
a position +73900 +79000 2007 2004 6436336.43317968 2352158.33263608 234174127.754367 6436336.43317966 2341072.0465932 234167455.812154
a position +73900 +79000 2008 2003 6443008.37539225 2341072.0465932 234167455.812154 6443008.37539223 2352158.33263608 234174127.754367
a position +73300 +79600 2001 2008 6429216.76540129 2352567.34420672 234172436.647354 6428184.95642703 2339827.86116154 234169945.640135
a position +73300 +79600 2002 2007 6422171.13301367 2339827.86116154 234172436.647354 6423202.941988 2352567.34420672 234174927.654574
a position +73300 +79600 2007 2002 6423202.941988 2352567.34420672 234174927.654574 6422171.13301367 2339827.86116154 234172436.647354
a position +73300 +79600 2008 2001 6428184.95642703 2339827.86116154 234169945.640135 6429216.76540129 2352567.34420672 234172436.647354
a position +73100 +81000 1001 9003 -135173720.391126 0 -65251315.1672571 -135185897.416723 -3748.65649414063 -65263766.5251595
a position +73100 +81000 9003 1001 -135185897.416723 -3748.65649414063 -65263766.5251595 -135173720.391126 0 -65251315.1672571
a position +73000 +84900 1001 2004 -135140085.232608 0 -65347064.5624439 6307118.60136029 2340289.54914227 234191830.525305
a position +73000 +84900 2004 1001 6307118.60136029 2340289.54914227 234191830.525305 -135140085.232608 0 -65347064.5624439
a position +68100 +84900 2004 9001 6307118.60136029 2340289.54914227 234191830.525305 -135136024.935743 3750.98291015625 -65362301.6236334
a position +78400 +84900 2004 9002 6307118.60136029 2340289.54914227 234191830.525305 -135144491.830518 4196.68310546875 -65361689.5101081
a position +68100 +84900 9001 2004 -135136024.935743 3750.98291015625 -65362301.6236334 6307118.60136029 2340289.54914227 234191830.525305
a position +78400 +84900 9002 2004 -135144491.830518 4196.68310546875 -65361689.5101081 6307118.60136029 2340289.54914227 234191830.525305
a position +77300 +85000 2001 2007 6292884.17470942 2344425.70593923 234187201.267268 6304838.37874405 2344425.70593923 234182249.67383
a position +77300 +85000 2002 2008 6306889.39590163 2340452.15043347 234187201.267268 6294935.19186702 2340452.15043347 234192152.860707
a position +77300 +85000 2007 2001 6304838.37874405 2344425.70593923 234182249.67383 6292884.17470942 2344425.70593923 234187201.267268
a position +77300 +85000 2008 2002 6294935.19186702 2340452.15043347 234192152.860707 6306889.39590163 2340452.15043347 234187201.267268
a position +73000 +85300 1001 2006 -135136985.07558 0 -65357874.4071429 6292897.44248061 2340952.1464815 234195185.397346
a position +73000 +85300 2006 1001 6292897.44248061 2340952.1464815 234195185.397346 -135136985.07558 0 -65357874.4071429
a position +67700 +85300 2006 9001 6292897.44248061 2340952.1464815 234195185.397346 -135130958.81812 3750.98291015625 -65373210.2415068
a position +78400 +85300 2006 9002 6292897.44248061 2340952.1464815 234195185.397346 -135139404.074956 4196.68310546875 -65372349.6480009
a position +67700 +85300 9001 2006 -135130958.81812 3750.98291015625 -65373210.2415068 6292897.44248061 2340952.1464815 234195185.397346
a position +78400 +85300 9002 2006 -135139404.074956 4196.68310546875 -65372349.6480009 6292897.44248061 2340952.1464815 234195185.397346
a position +78000 +85800 1001 9001 -135133085.152245 0 -65371669.7326367 -135124630.710198 3750.98291015625 -65386848.2854662
a position +78000 +85800 9001 1001 -135124630.710198 3750.98291015625 -65386848.2854662 -135133085.152245 0 -65371669.7326367
a position +73000 +86400 1001 2001 -135128313.943497 0 -65388630.6738039 6260121.91652082 2340088.99759461 234191017.626751
a position +73000 +86400 1001 2002 -135128313.943497 0 -65388630.6738039 6274417.68779119 2342839.68619661 234191017.626751
a position +77500 +86400 1001 2003 -135128313.943497 0 -65388630.6738039 6262215.48375222 2340088.99759461 234185963.308347
a position +77100 +86400 1001 2005 -135128313.943497 0 -65388630.6738039 6267269.802156 2340088.99759461 234183869.741115
a position +73000 +86400 1001 2007 -135128313.943497 0 -65388630.6738039 6272324.12055979 2340088.99759461 234185963.308347
a position +73000 +86400 1001 2008 -135128313.943497 0 -65388630.6738039 6262215.48375221 2342839.68619661 234196071.945154
a position +83800 +86400 1001 9002 -135128313.943497 0 -65388630.6738039 -135125392.026805 4196.68310546875 -65401677.5151614
a position +73000 +86400 2001 1001 6260121.91652082 2340088.99759461 234191017.626751 -135128313.943497 0 -65388630.6738039
a position +0 +86400 2001 2003 6260121.91652082 2340088.99759461 234191017.626751 6262215.48375222 2340088.99759461 234185963.308347
a position +0 +86400 2001 2005 6260121.91652082 2340088.99759461 234191017.626751 6267269.802156 2340088.99759461 234183869.741115
a position +83300 +86400 2001 2006 6260121.91652082 2340088.99759461 234191017.626751 6267269.802156 2342839.68619661 234198165.512386
a position +82800 +86400 2001 2008 6260121.91652082 2340088.99759461 234191017.626751 6262215.48375221 2342839.68619661 234196071.945154
a position +51900 +86400 2001 9001 6260121.91652082 2340088.99759461 234191017.626751 -135117043.787059 3750.98291015625 -65403216.9563235
a position +78400 +86400 2001 9002 6260121.91652082 2340088.99759461 234191017.626751 -135125392.026805 4196.68310546875 -65401677.5151614
a position +73000 +86400 2002 1001 6274417.68779119 2342839.68619661 234191017.626751 -135128313.943497 0 -65388630.6738039
a position +0 +86400 2002 2004 6274417.68779119 2342839.68619661 234191017.626751 6272324.12055979 2342839.68619661 234196071.945154
a position +83300 +86400 2002 2005 6274417.68779119 2342839.68619661 234191017.626751 6267269.802156 2340088.99759461 234183869.741115
a position +0 +86400 2002 2006 6274417.68779119 2342839.68619661 234191017.626751 6267269.802156 2342839.68619661 234198165.512386
a position +82800 +86400 2002 2007 6274417.68779119 2342839.68619661 234191017.626751 6272324.12055979 2340088.99759461 234185963.308347
a position +51900 +86400 2002 9001 6274417.68779119 2342839.68619661 234191017.626751 -135117043.787059 3750.98291015625 -65403216.9563235
a position +78400 +86400 2002 9002 6274417.68779119 2342839.68619661 234191017.626751 -135125392.026805 4196.68310546875 -65401677.5151614
a position +77500 +86400 2003 1001 6262215.48375222 2340088.99759461 234185963.308347 -135128313.943497 0 -65388630.6738039
a position +0 +86400 2003 2001 6262215.48375222 2340088.99759461 234185963.308347 6260121.91652082 2340088.99759461 234191017.626751
a position +0 +86400 2003 2005 6262215.48375222 2340088.99759461 234185963.308347 6267269.802156 2340088.99759461 234183869.741115
a position +0 +86400 2003 2007 6262215.48375222 2340088.99759461 234185963.308347 6272324.12055979 2340088.99759461 234185963.308347
a position +83300 +86400 2003 2008 6262215.48375222 2340088.99759461 234185963.308347 6262215.48375221 2342839.68619661 234196071.945154
a position +77500 +86400 2003 9001 6262215.48375222 2340088.99759461 234185963.308347 -135117043.787059 3750.98291015625 -65403216.9563235
a position +78400 +86400 2003 9002 6262215.48375222 2340088.99759461 234185963.308347 -135125392.026805 4196.68310546875 -65401677.5151614
a position +0 +86400 2004 2002 6272324.12055979 2342839.68619661 234196071.945154 6274417.68779119 2342839.68619661 234191017.626751
a position +0 +86400 2004 2006 6272324.12055979 2342839.68619661 234196071.945154 6267269.802156 2342839.68619661 234198165.512386
a position +83300 +86400 2004 2007 6272324.12055979 2342839.68619661 234196071.945154 6272324.12055979 2340088.99759461 234185963.308347
a position +0 +86400 2004 2008 6272324.12055979 2342839.68619661 234196071.945154 6262215.48375221 2342839.68619661 234196071.945154
a position +77100 +86400 2005 1001 6267269.802156 2340088.99759461 234183869.741115 -135128313.943497 0 -65388630.6738039
a position +0 +86400 2005 2001 6267269.802156 2340088.99759461 234183869.741115 6260121.91652082 2340088.99759461 234191017.626751
a position +83300 +86400 2005 2002 6267269.802156 2340088.99759461 234183869.741115 6274417.68779119 2342839.68619661 234191017.626751
a position +0 +86400 2005 2003 6267269.802156 2340088.99759461 234183869.741115 6262215.48375222 2340088.99759461 234185963.308347
a position +0 +86400 2005 2007 6267269.802156 2340088.99759461 234183869.741115 6272324.12055979 2340088.99759461 234185963.308347
a position +77100 +86400 2005 9001 6267269.802156 2340088.99759461 234183869.741115 -135117043.787059 3750.98291015625 -65403216.9563235
a position +78400 +86400 2005 9002 6267269.802156 2340088.99759461 234183869.741115 -135125392.026805 4196.68310546875 -65401677.5151614
a position +83300 +86400 2006 2001 6267269.802156 2342839.68619661 234198165.512386 6260121.91652082 2340088.99759461 234191017.626751
a position +0 +86400 2006 2002 6267269.802156 2342839.68619661 234198165.512386 6274417.68779119 2342839.68619661 234191017.626751
a position +0 +86400 2006 2004 6267269.802156 2342839.68619661 234198165.512386 6272324.12055979 2342839.68619661 234196071.945154
a position +0 +86400 2006 2008 6267269.802156 2342839.68619661 234198165.512386 6262215.48375221 2342839.68619661 234196071.945154
a position +73000 +86400 2007 1001 6272324.12055979 2340088.99759461 234185963.308347 -135128313.943497 0 -65388630.6738039
a position +82800 +86400 2007 2002 6272324.12055979 2340088.99759461 234185963.308347 6274417.68779119 2342839.68619661 234191017.626751
a position +0 +86400 2007 2003 6272324.12055979 2340088.99759461 234185963.308347 6262215.48375222 2340088.99759461 234185963.308347
a position +83300 +86400 2007 2004 6272324.12055979 2340088.99759461 234185963.308347 6272324.12055979 2342839.68619661 234196071.945154
a position +0 +86400 2007 2005 6272324.12055979 2340088.99759461 234185963.308347 6267269.802156 2340088.99759461 234183869.741115
a position +51900 +86400 2007 9001 6272324.12055979 2340088.99759461 234185963.308347 -135117043.787059 3750.98291015625 -65403216.9563235
a position +78400 +86400 2007 9002 6272324.12055979 2340088.99759461 234185963.308347 -135125392.026805 4196.68310546875 -65401677.5151614
a position +73000 +86400 2008 1001 6262215.48375221 2342839.68619661 234196071.945154 -135128313.943497 0 -65388630.6738039
a position +82800 +86400 2008 2001 6262215.48375221 2342839.68619661 234196071.945154 6260121.91652082 2340088.99759461 234191017.626751
a position +83300 +86400 2008 2003 6262215.48375221 2342839.68619661 234196071.945154 6262215.48375222 2340088.99759461 234185963.308347
a position +0 +86400 2008 2004 6262215.48375221 2342839.68619661 234196071.945154 6272324.12055979 2342839.68619661 234196071.945154
a position +0 +86400 2008 2006 6262215.48375221 2342839.68619661 234196071.945154 6267269.802156 2342839.68619661 234198165.512386
a position +51900 +86400 2008 9001 6262215.48375221 2342839.68619661 234196071.945154 -135117043.787059 3750.98291015625 -65403216.9563235
a position +78400 +86400 2008 9002 6262215.48375221 2342839.68619661 234196071.945154 -135125392.026805 4196.68310546875 -65401677.5151614
a position +51900 +86400 9001 2001 -135117043.787059 3750.98291015625 -65403216.9563235 6260121.91652082 2340088.99759461 234191017.626751
a position +51900 +86400 9001 2002 -135117043.787059 3750.98291015625 -65403216.9563235 6274417.68779119 2342839.68619661 234191017.626751
a position +77500 +86400 9001 2003 -135117043.787059 3750.98291015625 -65403216.9563235 6262215.48375222 2340088.99759461 234185963.308347
a position +77100 +86400 9001 2005 -135117043.787059 3750.98291015625 -65403216.9563235 6267269.802156 2340088.99759461 234183869.741115
a position +51900 +86400 9001 2007 -135117043.787059 3750.98291015625 -65403216.9563235 6272324.12055979 2340088.99759461 234185963.308347
a position +51900 +86400 9001 2008 -135117043.787059 3750.98291015625 -65403216.9563235 6262215.48375221 2342839.68619661 234196071.945154
a position +83800 +86400 9002 1001 -135125392.026805 4196.68310546875 -65401677.5151614 -135128313.943497 0 -65388630.6738039
a position +78400 +86400 9002 2001 -135125392.026805 4196.68310546875 -65401677.5151614 6260121.91652082 2340088.99759461 234191017.626751
a position +78400 +86400 9002 2002 -135125392.026805 4196.68310546875 -65401677.5151614 6274417.68779119 2342839.68619661 234191017.626751
a position +78400 +86400 9002 2003 -135125392.026805 4196.68310546875 -65401677.5151614 6262215.48375222 2340088.99759461 234185963.308347
a position +78400 +86400 9002 2005 -135125392.026805 4196.68310546875 -65401677.5151614 6267269.802156 2340088.99759461 234183869.741115
a position +78400 +86400 9002 2007 -135125392.026805 4196.68310546875 -65401677.5151614 6272324.12055979 2340088.99759461 234185963.308347
a position +78400 +86400 9002 2008 -135125392.026805 4196.68310546875 -65401677.5151614 6262215.48375221 2342839.68619661 234196071.945154

