a contact +600 +1200 2002 9002 1000
a contact +600 +1200 2022 2041 1000
a contact +600 +1200 2023 2040 1000
a contact +600 +1200 2040 2023 1000
a contact +600 +1200 2041 2022 1000
a contact +600 +1200 9002 2002 1000
a contact +1200 +1800 2021 2040 1000
a contact +1200 +1800 2022 2039 1000
a contact +1200 +1800 2039 2022 1000
a contact +1200 +1800 2040 2021 1000
a contact +1800 +2400 1004 9002 1000
a contact +1800 +2400 2023 2039 1000
a contact +1800 +2400 2039 2023 1000
a contact +1800 +2400 9002 1004 1000
a contact +2400 +3000 2003 9002 1000
a contact +2400 +3000 2004 9001 1000
a contact +2400 +3000 9001 2004 1000
a contact +2400 +3000 9002 2003 1000
a contact +4200 +4800 1004 2056 1000
a contact +4200 +4800 2056 1004 1000
a contact +6600 +7200 1002 2008 1000
a contact +6600 +7200 2008 1002 1000
a contact +7200 +7800 1001 2056 1000
a contact +7200 +7800 2056 1001 1000
a contact +9000 +9600 2011 2027 1000
a contact +9000 +9600 2017 2040 1000
a contact +9000 +9600 2027 2011 1000
a contact +9000 +9600 2040 2017 1000
a contact +10800 +11400 2019 2042 1000
a contact +10800 +11400 2029 2045 1000
a contact +10800 +11400 2042 2019 1000
a contact +10800 +11400 2045 2029 1000
a contact +13800 +14400 1002 2047 1000
a contact +13800 +14400 2047 1002 1000
a contact +15000 +15600 2040 2041 1000
a contact +15000 +15600 2041 2040 1000
a contact +16800 +17400 1002 2045 1000
a contact +16800 +17400 2045 1002 1000
a contact +18000 +18600 2037 2054 1000
a contact +18000 +18600 2054 2037 1000
a contact +18600 +19200 2006 2020 1000
a contact +18600 +19200 2020 2006 1000
a contact +19200 +19800 2006 2029 1000
a contact +19200 +19800 2029 2006 1000
a contact +19200 +19800 2040 2054 1000
a contact +19200 +19800 2054 2040 1000
a contact +19800 +20400 2037 2053 1000
a contact +19800 +20400 2053 2037 1000

a range +600 +1200 2002 9002 1102.563
a range +600 +1200 2022 2041 0.0434
a range +600 +1200 2023 2040 0.0281
a range +600 +1200 2040 2023 0.0281
a range +600 +1200 2041 2022 0.0434
a range +600 +1200 9002 2002 1102.563
a range +1200 +1800 2021 2040 0.0432
a range +1200 +1800 2022 2039 0.0285
a range +1200 +1800 2039 2022 0.0285
a range +1200 +1800 2040 2021 0.0432
a range +1800 +2400 1004 9002 0.0609
a range +1800 +2400 2023 2039 0.0195
a range +1800 +2400 2039 2023 0.0195
a range +1800 +2400 9002 1004 0.0609
a range +2400 +3000 2003 9002 1102.5585
a range +2400 +3000 2004 9001 1102.3563
a range +2400 +3000 9001 2004 1102.3563
a range +2400 +3000 9002 2003 1102.5585
a range +4200 +4800 1004 2056 1102.031
a range +4200 +4800 2056 1004 1102.031
a range +6600 +7200 1002 2008 1102.4598
a range +6600 +7200 2008 1002 1102.4598
a range +7200 +7800 1001 2056 1102.623
a range +7200 +7800 2056 1001 1102.623
a range +9000 +9600 2011 2027 0.0237
a range +9000 +9600 2017 2040 0.0436
a range +9000 +9600 2027 2011 0.0237
a range +9000 +9600 2040 2017 0.0436
a range +10800 +11400 2019 2042 0.0435
a range +10800 +11400 2029 2045 0.0216
a range +10800 +11400 2042 2019 0.0435
a range +10800 +11400 2045 2029 0.0216
a range +13800 +14400 1002 2047 1102.4715
a range +13800 +14400 2047 1002 1102.4715
a range +15000 +15600 2040 2041 0.0108
a range +15000 +15600 2041 2040 0.0108
a range +16800 +17400 1002 2045 1102.4749
a range +16800 +17400 2045 1002 1102.4749
a range +18000 +18600 2037 2054 0.0281
a range +18000 +18600 2054 2037 0.0281
a range +18600 +19200 2006 2020 0.0177
a range +18600 +19200 2020 2006 0.0177
a range +19200 +19800 2006 2029 0.0313
a range +19200 +19800 2029 2006 0.0313
a range +19200 +19800 2040 2054 0.0135
a range +19200 +19800 2054 2040 0.0135
a range +19800 +20400 2037 2053 0.0195
a range +19800 +20400 2053 2037 0.0195
