a contact +0 +1200 1001 2020 50
a contact +0 +1200 1002 2008 50
a contact +0 +1200 2008 1002 50
a contact +0 +1200 2020 1001 50
a contact +1200 +2400 1001 2015 50
a contact +1200 +2400 1002 9002 50
a contact +0 +2400 1005 2004 50
a contact +0 +2400 1006 2028 50
a contact +0 +2400 2004 1005 50
a contact +1200 +2400 2015 1001 50
a contact +0 +2400 2028 1006 50
a contact +1200 +2400 9002 1002 50
a contact +0 +3000 1004 2006 50
a contact +2400 +3000 1006 2017 50
a contact +0 +3000 2006 1004 50
a contact +2400 +3000 2017 1006 50
a contact +2400 +3600 1005 2010 50
a contact +2400 +3600 2010 1005 50
a contact +2400 +4200 1002 9001 50
a contact +3000 +4200 1004 2013 50
a contact +3600 +4200 1005 9002 50
a contact +3000 +4200 2013 1004 50
a contact +2400 +4200 9001 1002 50
a contact +3600 +4200 9002 1005 50
a contact +4200 +5400 1004 9001 50
a contact +4200 +5400 9001 1004 50
a contact +4200 +6000 1005 2026 50
a contact +3000 +6000 1006 2008 50
a contact +3000 +6000 2008 1006 50
a contact +4200 +6000 2026 1005 50
a contact +5400 +7800 1004 2024 50
a contact +6000 +7800 1005 2028 50
a contact +5400 +7800 2024 1004 50
a contact +6000 +7800 2028 1005 50
a contact +4200 +9600 1002 9002 50
a contact +0 +9600 1003 9004 50
a contact +7800 +9600 1004 2007 50
a contact +7800 +9600 1005 2015 50
a contact +7800 +9600 2007 1004 50
a contact +7800 +9600 2015 1005 50
a contact +4200 +9600 9002 1002 50
a contact +0 +9600 9004 1003 50
a contact +9600 +10800 1004 2027 50
a contact +9600 +10800 2027 1004 50
a contact +9600 +11400 1002 9004 50
a contact +9600 +11400 1005 2001 50
a contact +9600 +11400 2001 1005 50
a contact +9600 +11400 9004 1002 50
a contact +9600 +12000 1003 2016 50
a contact +9600 +12000 2016 1003 50
a contact +2400 +12600 1001 9005 50
a contact +11400 +12600 1002 2025 50
a contact +10800 +12600 1004 2005 50
a contact +11400 +12600 1005 2004 50
a contact +11400 +12600 2004 1005 50
a contact +10800 +12600 2005 1004 50
a contact +11400 +12600 2025 1002 50
a contact +2400 +12600 9005 1001 50
a contact +12600 +13200 1005 9002 50
a contact +12600 +13200 9002 1005 50
a contact +12600 +13800 1001 2019 50
a contact +13200 +13800 1005 2017 50
a contact +6000 +13800 1006 9001 50
a contact +13200 +13800 2017 1005 50
a contact +12600 +13800 2019 1001 50
a contact +6000 +13800 9001 1006 50
a contact +12000 +14400 1003 9004 50
a contact +12000 +14400 9004 1003 50
a contact +13800 +16200 1001 9005 50
a contact +12600 +16200 1004 2020 50
a contact +13800 +16200 1006 2022 50
a contact +12600 +16200 2020 1004 50
a contact +13800 +16200 2022 1006 50
a contact +13800 +16200 9005 1001 50
a contact +14400 +16800 1003 9002 50
a contact +16200 +16800 1004 2001 50
a contact +13800 +16800 1005 2003 50
a contact +16200 +16800 2001 1004 50
a contact +13800 +16800 2003 1005 50
a contact +14400 +16800 9002 1003 50
a contact +16200 +27000 1001 2018 50
a contact +16200 +27000 2018 1001 50
a contact +12600 +27600 1002 2014 50
a contact +12600 +27600 2014 1002 50
a contact +27000 +28200 1001 2026 50
a contact +16800 +28200 1003 2021 50
a contact +16800 +28200 1004 9005 50
a contact +16200 +28200 1006 2023 50
a contact +16800 +28200 2021 1003 50
a contact +16200 +28200 2023 1006 50
a contact +27000 +28200 2026 1001 50
a contact +16800 +28200 9005 1004 50
a contact +27600 +28800 1002 2025 50
a contact +28200 +28800 1003 2008 50
a contact +16800 +28800 1005 9002 50
a contact +28200 +28800 2008 1003 50
a contact +27600 +28800 2025 1002 50
a contact +16800 +28800 9002 1005 50
a contact +28800 +29400 1003 2012 50
a contact +28200 +29400 1004 2028 50
a contact +28800 +29400 2012 1003 50
a contact +28200 +29400 2028 1004 50
a contact +28800 +30000 1002 9002 50
a contact +29400 +30000 1004 2026 50
a contact +28800 +30000 1005 2010 50
a contact +28200 +30000 1006 9005 50
a contact +28800 +30000 2010 1005 50
a contact +29400 +30000 2026 1004 50
a contact +28800 +30000 9002 1002 50
a contact +28200 +30000 9005 1006 50
a contact +30000 +30600 1002 2013 50
a contact +29400 +30600 1003 2019 50
a contact +30000 +30600 1006 9002 50
a contact +30000 +30600 2013 1002 50
a contact +29400 +30600 2019 1003 50
a contact +30000 +30600 9002 1006 50
a contact +30000 +31200 1005 2004 50
a contact +30000 +31200 2004 1005 50
a contact +28200 +31800 1001 2007 50
a contact +30600 +31800 1003 2010 50
a contact +28200 +31800 2007 1001 50
a contact +30600 +31800 2010 1003 50
a contact +30600 +32400 1002 9005 50
a contact +31200 +32400 1005 2005 50
a contact +31200 +32400 2005 1005 50
a contact +30600 +32400 9005 1002 50
a contact +31800 +33000 1001 2004 50
a contact +30600 +33000 1006 2011 50
a contact +31800 +33000 2004 1001 50
a contact +30600 +33000 2011 1006 50
a contact +32400 +34200 1005 9005 50
a contact +32400 +34200 9005 1005 50
a contact +30000 +34800 1004 9006 50
a contact +34200 +34800 1005 2016 50
a contact +34200 +34800 2016 1005 50
a contact +30000 +34800 9006 1004 50
a contact +33000 +35400 1001 2002 50
a contact +33000 +35400 1006 2019 50
a contact +33000 +35400 2002 1001 50
a contact +33000 +35400 2019 1006 50
a contact +34800 +36000 1005 9006 50
a contact +35400 +36000 1006 2010 50
a contact +35400 +36000 2010 1006 50
a contact +34800 +36000 9006 1005 50
a contact +35400 +36600 1001 9005 50
a contact +32400 +36600 1002 9003 50
a contact +34800 +36600 1004 2011 50
a contact +34800 +36600 2011 1004 50
a contact +32400 +36600 9003 1002 50
a contact +35400 +36600 9005 1001 50
a contact +36600 +37200 1004 2002 50
a contact +36000 +37200 1005 2025 50
a contact +36600 +37200 2002 1004 50
a contact +36000 +37200 2025 1005 50
a contact +37200 +37800 1005 2012 50
a contact +37200 +37800 2012 1005 50
a contact +36600 +39000 1002 2005 50
a contact +31800 +39000 1003 9002 50
a contact +37200 +39000 1004 9005 50
a contact +37800 +39000 1005 2016 50
a contact +36000 +39000 1006 9006 50
a contact +36600 +39000 2005 1002 50
a contact +37800 +39000 2016 1005 50
a contact +31800 +39000 9002 1003 50
a contact +37200 +39000 9005 1004 50
a contact +36000 +39000 9006 1006 50
a contact +39000 +39600 1005 2025 50
a contact +39000 +39600 2025 1005 50
a contact +36600 +40200 1001 9003 50
a contact +39000 +40200 1002 2019 50
a contact +39000 +40200 1003 2016 50
a contact +39000 +40200 2016 1003 50
a contact +39000 +40200 2019 1002 50
a contact +36600 +40200 9003 1001 50
a contact +40200 +40800 1003 2008 50
a contact +39600 +40800 1005 2015 50
a contact +39000 +40800 1006 9002 50
a contact +40200 +40800 2008 1003 50
a contact +39600 +40800 2015 1005 50
a contact +39000 +40800 9002 1006 50
a contact +40200 +41400 1002 2012 50
a contact +40800 +41400 1003 9003 50
a contact +39000 +41400 1004 2027 50
a contact +40800 +41400 1005 9002 50
a contact +40200 +41400 2012 1002 50
a contact +39000 +41400 2027 1004 50
a contact +40800 +41400 9002 1005 50
a contact +40800 +41400 9003 1003 50
a contact +40200 +42000 1001 9006 50
a contact +41400 +42000 1004 9002 50
a contact +41400 +42000 9002 1004 50
a contact +40200 +42000 9006 1001 50
a contact +41400 +42600 1003 9005 50
a contact +40800 +42600 1006 2013 50
a contact +40800 +42600 2013 1006 50
a contact +41400 +42600 9005 1003 50
a contact +42000 +43800 1001 2003 50
a contact +41400 +43800 1002 9003 50
a contact +42600 +43800 1003 2002 50
a contact +41400 +43800 1005 2006 50
a contact +42600 +43800 2002 1003 50
a contact +42000 +43800 2003 1001 50
a contact +41400 +43800 2006 1005 50
a contact +41400 +43800 9003 1002 50
a contact +43800 +44400 1002 2005 50
a contact +43800 +44400 2005 1002 50
a contact +43800 +45000 1003 2017 50
a contact +43800 +45000 1005 2003 50
a contact +43800 +45000 2003 1005 50
a contact +43800 +45000 2017 1003 50
a contact +43800 +46800 1001 9003 50
a contact +44400 +46800 1002 2012 50
a contact +45000 +46800 1003 2011 50
a contact +42600 +46800 1006 9006 50
a contact +45000 +46800 2011 1003 50
a contact +44400 +46800 2012 1002 50
a contact +43800 +46800 9003 1001 50
a contact +42600 +46800 9006 1006 50
a contact +42000 +47400 1004 2009 50
a contact +45000 +47400 1005 2027 50
a contact +42000 +47400 2009 1004 50
a contact +45000 +47400 2027 1005 50
a contact +47400 +48000 1005 2008 50
a contact +46800 +48000 1006 2024 50
a contact +47400 +48000 2008 1005 50
a contact +46800 +48000 2024 1006 50
a contact +47400 +48600 1004 9006 50
a contact +48000 +48600 1005 2025 50
a contact +48000 +48600 2025 1005 50
a contact +47400 +48600 9006 1004 50
a contact +46800 +49200 1001 2010 50
a contact +46800 +49200 1002 9003 50
a contact +46800 +49200 1003 2022 50
a contact +48000 +49200 1006 2028 50
a contact +46800 +49200 2010 1001 50
a contact +46800 +49200 2022 1003 50
a contact +48000 +49200 2028 1006 50
a contact +46800 +49200 9003 1002 50
a contact +48600 +49800 1004 2013 50
a contact +48600 +49800 1005 9006 50
a contact +48600 +49800 2013 1004 50
a contact +48600 +49800 9006 1005 50
a contact +49200 +50400 1002 2008 50
a contact +49800 +50400 1004 9006 50
a contact +49800 +50400 1005 2015 50
a contact +49200 +50400 2008 1002 50
a contact +49800 +50400 2015 1005 50
a contact +49800 +50400 9006 1004 50
a contact +49200 +51000 1001 2007 50
a contact +50400 +51000 1002 9006 50
a contact +50400 +51000 1004 2016 50
a contact +49200 +51000 1006 9003 50
a contact +49200 +51000 2007 1001 50
a contact +50400 +51000 2016 1004 50
a contact +49200 +51000 9003 1006 50
a contact +50400 +51000 9006 1002 50
a contact +49200 +51600 1003 2012 50
a contact +51000 +51600 1006 2001 50
a contact +51000 +51600 2001 1006 50
a contact +49200 +51600 2012 1003 50
a contact +51000 +52200 1004 2013 50
a contact +50400 +52200 1005 2011 50
a contact +50400 +52200 2011 1005 50
a contact +51000 +52200 2013 1004 50
a contact +51000 +52800 1001 2017 50
a contact +52200 +52800 1005 2008 50
a contact +52200 +52800 2008 1005 50
a contact +51000 +52800 2017 1001 50
a contact +51000 +53400 1002 2024 50
a contact +52200 +53400 1004 2019 50
a contact +52800 +53400 1005 9001 50
a contact +51600 +53400 1006 9006 50
a contact +52200 +53400 2019 1004 50
a contact +51000 +53400 2024 1002 50
a contact +52800 +53400 9001 1005 50
a contact +51600 +53400 9006 1006 50
a contact +52800 +54000 1001 9004 50
a contact +51600 +54000 1003 9003 50
a contact +51600 +54000 9003 1003 50
a contact +52800 +54000 9004 1001 50
a contact +53400 +54600 1004 9001 50
a contact +53400 +54600 1006 2020 50
a contact +53400 +54600 2020 1006 50
a contact +53400 +54600 9001 1004 50
a contact +53400 +55200 1002 2012 50
a contact +54000 +55200 1003 2011 50
a contact +54600 +55200 1006 9003 50
a contact +54000 +55200 2011 1003 50
a contact +53400 +55200 2012 1002 50
a contact +54600 +55200 9003 1006 50
a contact +55200 +55800 1002 2013 50
a contact +54600 +55800 1004 2022 50
a contact +55200 +55800 2013 1002 50
a contact +54600 +55800 2022 1004 50
a contact +54000 +56400 1001 2006 50
a contact +54000 +56400 2006 1001 50
a contact +56400 +57000 1001 2011 50
a contact +55200 +57000 1003 9004 50
a contact +53400 +57000 1005 9006 50
a contact +56400 +57000 2011 1001 50
a contact +55200 +57000 9004 1003 50
a contact +53400 +57000 9006 1005 50
a contact +55800 +57600 1004 2002 50
a contact +55800 +57600 2002 1004 50
a contact +57000 +58200 1003 2023 50
a contact +57600 +58200 1004 2001 50
a contact +55200 +58200 1006 9001 50
a contact +57600 +58200 2001 1004 50
a contact +57000 +58200 2023 1003 50
a contact +55200 +58200 9001 1006 50
a contact +57000 +59400 1001 2010 50
a contact +55800 +59400 1002 9003 50
a contact +58200 +59400 1004 9006 50
a contact +57000 +59400 1005 9004 50
a contact +58200 +59400 1006 2015 50
a contact +57000 +59400 2010 1001 50
a contact +58200 +59400 2015 1006 50
a contact +55800 +59400 9003 1002 50
a contact +57000 +59400 9004 1005 50
a contact +58200 +59400 9006 1004 50
a contact +59400 +60000 1006 9004 50
a contact +59400 +60000 9004 1006 50
a contact +58200 +60600 1003 2027 50
a contact +58200 +60600 2027 1003 50
a contact +59400 +61200 1001 2015 50
a contact +59400 +61200 1004 2020 50
a contact +59400 +61200 2015 1001 50
a contact +59400 +61200 2020 1004 50
a contact +60600 +62400 1003 2001 50
a contact +60600 +62400 2001 1003 50
a contact +61200 +63000 1004 9004 50
a contact +61200 +63000 9004 1004 50
a contact +59400 +63600 1002 9001 50
a contact +63000 +63600 1004 2013 50
a contact +59400 +63600 1005 9006 50
a contact +63000 +63600 2013 1004 50
a contact +59400 +63600 9001 1002 50
a contact +59400 +63600 9006 1005 50
a contact +62400 +64200 1003 2017 50
a contact +63600 +64200 1005 9004 50
a contact +60000 +64200 1006 2009 50
a contact +60000 +64200 2009 1006 50
a contact +62400 +64200 2017 1003 50
a contact +63600 +64200 9004 1005 50
a contact +63600 +64800 1002 9006 50
a contact +64200 +64800 1003 9004 50
a contact +64200 +64800 1005 2017 50
a contact +64200 +64800 2017 1005 50
a contact +64200 +64800 9004 1003 50
a contact +63600 +64800 9006 1002 50
a contact +64200 +66000 1006 2016 50
a contact +64200 +66000 2016 1006 50
a contact +64800 +67200 1002 2026 50
a contact +64800 +67200 1005 2013 50
a contact +66000 +67200 1006 2002 50
a contact +66000 +67200 2002 1006 50
a contact +64800 +67200 2013 1005 50
a contact +64800 +67200 2026 1002 50
a contact +67200 +69000 1002 2002 50
a contact +67200 +69000 2002 1002 50
a contact +69000 +69600 1002 2027 50
a contact +63600 +69600 1004 9001 50
a contact +67200 +69600 1005 2017 50
a contact +67200 +69600 2017 1005 50
a contact +69000 +69600 2027 1002 50
a contact +63600 +69600 9001 1004 50
a contact +69600 +70200 1005 2025 50
a contact +67200 +70200 1006 9004 50
a contact +69600 +70200 2025 1005 50
a contact +67200 +70200 9004 1006 50
a contact +64800 +70800 1003 9006 50
a contact +70200 +70800 1006 2026 50
a contact +70200 +70800 2026 1006 50
a contact +64800 +70800 9006 1003 50
a contact +70800 +71400 1003 2025 50
a contact +70800 +71400 2025 1003 50
a contact +69600 +72600 1002 9001 50
a contact +69600 +72600 1004 2022 50
a contact +69600 +72600 2022 1004 50
a contact +69600 +72600 9001 1002 50
a contact +72600 +73800 1002 2005 50
a contact +70200 +73800 1005 9004 50
a contact +72600 +73800 2005 1002 50
a contact +70200 +73800 9004 1005 50
a contact +72600 +74400 1004 2024 50
a contact +72600 +74400 2024 1004 50
a contact +71400 +75000 1003 2001 50
a contact +71400 +75000 2001 1003 50
a contact +61200 +75600 1001 9003 50
a contact +75000 +75600 1003 2025 50
a contact +73800 +75600 1005 2003 50
a contact +70800 +75600 1006 9006 50
a contact +73800 +75600 2003 1005 50
a contact +75000 +75600 2025 1003 50
a contact +61200 +75600 9003 1001 50
a contact +70800 +75600 9006 1006 50
a contact +75600 +76200 1003 9006 50
a contact +75600 +76200 9006 1003 50
a contact +76200 +76800 1003 2025 50
a contact +74400 +76800 1004 9001 50
a contact +75600 +76800 1006 2010 50
a contact +75600 +76800 2010 1006 50
a contact +76200 +76800 2025 1003 50
a contact +74400 +76800 9001 1004 50
a contact +75600 +77400 1001 2020 50
a contact +75600 +77400 2020 1001 50
a contact +73800 +78000 1002 9004 50
a contact +76800 +78000 1003 2015 50
a contact +76800 +78000 1004 9006 50
a contact +76800 +78000 2015 1003 50
a contact +73800 +78000 9004 1002 50
a contact +76800 +78000 9006 1004 50
a contact +78000 +78600 1004 2004 50
a contact +75600 +78600 1005 9003 50
a contact +78000 +78600 2004 1004 50
a contact +75600 +78600 9003 1005 50
a contact +77400 +79200 1001 2005 50
a contact +78000 +79200 1002 2008 50
a contact +78000 +79200 1003 2003 50
a contact +78000 +79200 2003 1003 50
a contact +77400 +79200 2005 1001 50
a contact +78000 +79200 2008 1002 50
a contact +79200 +80400 1003 2016 50
a contact +78600 +80400 1005 9004 50
a contact +79200 +80400 2016 1003 50
a contact +78600 +80400 9004 1005 50
a contact +79200 +81000 1002 9005 50
a contact +78600 +81000 1004 2007 50
a contact +78600 +81000 2007 1004 50
a contact +79200 +81000 9005 1002 50
a contact +79200 +82200 1001 9002 50
a contact +81000 +82200 1004 9005 50
a contact +80400 +82200 1005 2025 50
a contact +76800 +82200 1006 9001 50
a contact +80400 +82200 2025 1005 50
a contact +76800 +82200 9001 1006 50
a contact +79200 +82200 9002 1001 50
a contact +81000 +82200 9005 1004 50
a contact +82200 +83400 1001 2028 50
a contact +81000 +83400 1002 2026 50
a contact +82200 +83400 1006 9005 50
a contact +81000 +83400 2026 1002 50
a contact +82200 +83400 2028 1001 50
a contact +82200 +83400 9005 1006 50
a contact +83400 +84000 1001 9005 50
a contact +80400 +84000 1003 9004 50
a contact +82200 +84000 1004 9001 50
a contact +82200 +84000 9001 1004 50
a contact +80400 +84000 9004 1003 50
a contact +83400 +84000 9005 1001 50
a contact +82200 +84600 1005 9002 50
a contact +83400 +84600 1006 2028 50
a contact +83400 +84600 2028 1006 50
a contact +82200 +84600 9002 1005 50
a contact +83400 +85800 1002 2006 50
a contact +83400 +85800 2006 1002 50
a contact +84000 +86400 1001 2004 50
a contact +85800 +86400 1002 9002 50
a contact +84000 +86400 1003 9001 50
a contact +84000 +86400 1004 9004 50
a contact +84600 +86400 1005 2024 50
a contact +84600 +86400 1006 2019 50
a contact +84000 +86400 2004 1001 50
a contact +84600 +86400 2019 1006 50
a contact +84600 +86400 2024 1005 50
a contact +84000 +86400 9001 1003 50
a contact +85800 +86400 9002 1002 50
a contact +84000 +86400 9004 1004 50

a range +0 +1200 1001 2020 0.0541
a range +0 +1200 1002 2008 0.0558
a range +0 +1200 2008 1002 0.0558
a range +0 +1200 2020 1001 0.0541
a range +1200 +2400 1001 2015 0.0545
a range +1200 +2400 1002 9002 1102.6119
a range +0 +2400 1005 2004 0.0547
a range +0 +2400 1006 2028 0.0557
a range +0 +2400 2004 1005 0.0547
a range +1200 +2400 2015 1001 0.0545
a range +0 +2400 2028 1006 0.0557
a range +1200 +2400 9002 1002 1102.6119
a range +0 +3000 1004 2006 0.0553
a range +2400 +3000 1006 2017 0.0554
a range +0 +3000 2006 1004 0.0553
a range +2400 +3000 2017 1006 0.0554
a range +2400 +3600 1005 2010 0.055
a range +2400 +3600 2010 1005 0.055
a range +2400 +4200 1002 9001 1102.3407
a range +3000 +4200 1004 2013 0.054
a range +3600 +4200 1005 9002 1102.0593
a range +3000 +4200 2013 1004 0.054
a range +2400 +4200 9001 1002 1102.3407
a range +3600 +4200 9002 1005 1102.0593
a range +4200 +5400 1004 9001 1102.2575
a range +4200 +5400 9001 1004 1102.2575
a range +4200 +6000 1005 2026 0.0545
a range +3000 +6000 1006 2008 0.055
a range +3000 +6000 2008 1006 0.055
a range +4200 +6000 2026 1005 0.0545
a range +5400 +7800 1004 2024 0.0547
a range +6000 +7800 1005 2028 0.0542
a range +5400 +7800 2024 1004 0.0547
a range +6000 +7800 2028 1005 0.0542
a range +4200 +9600 1002 9002 1102.6119
a range +0 +9600 1003 9004 1102.3712
a range +7800 +9600 1004 2007 0.0542
a range +7800 +9600 1005 2015 0.0543
a range +7800 +9600 2007 1004 0.0542
a range +7800 +9600 2015 1005 0.0543
a range +4200 +9600 9002 1002 1102.6119
a range +0 +9600 9004 1003 1102.3712
a range +9600 +10800 1004 2027 0.0549
a range +9600 +10800 2027 1004 0.0549
a range +9600 +11400 1002 9004 1102.3407
a range +9600 +11400 1005 2001 0.0555
a range +9600 +11400 2001 1005 0.0555
a range +9600 +11400 9004 1002 1102.3407
a range +9600 +12000 1003 2016 0.0547
a range +9600 +12000 2016 1003 0.0547
a range +2400 +12600 1001 9005 1102.7998
a range +11400 +12600 1002 2025 0.0556
a range +10800 +12600 1004 2005 0.0551
a range +11400 +12600 1005 2004 0.0545
a range +11400 +12600 2004 1005 0.0545
a range +10800 +12600 2005 1004 0.0551
a range +11400 +12600 2025 1002 0.0556
a range +2400 +12600 9005 1001 1102.7998
a range +12600 +13200 1005 9002 1103.2048
a range +12600 +13200 9002 1005 1103.2048
a range +12600 +13800 1001 2019 0.0554
a range +13200 +13800 1005 2017 0.0544
a range +6000 +13800 1006 9001 1102.3204
a range +13200 +13800 2017 1005 0.0544
a range +12600 +13800 2019 1001 0.0554
a range +6000 +13800 9001 1006 1102.3204
a range +12000 +14400 1003 9004 1102.3712
a range +12000 +14400 9004 1003 1102.3712
a range +13800 +16200 1001 9005 1102.7998
a range +12600 +16200 1004 2020 0.0545
a range +13800 +16200 1006 2022 0.0558
a range +12600 +16200 2020 1004 0.0545
a range +13800 +16200 2022 1006 0.0558
a range +13800 +16200 9005 1001 1102.7998
a range +14400 +16800 1003 9002 1102.4258
a range +16200 +16800 1004 2001 0.0541
a range +13800 +16800 1005 2003 0.0553
a range +16200 +16800 2001 1004 0.0541
a range +13800 +16800 2003 1005 0.0553
a range +14400 +16800 9002 1003 1102.4258
a range +16200 +27000 1001 2018 0.0541
a range +16200 +27000 2018 1001 0.0541
a range +12600 +27600 1002 2014 0.055
a range +12600 +27600 2014 1002 0.055
a range +27000 +28200 1001 2026 0.055
a range +16800 +28200 1003 2021 0.0544
a range +16800 +28200 1004 9005 1103.3955
a range +16200 +28200 1006 2023 0.0546
a range +16800 +28200 2021 1003 0.0544
a range +16200 +28200 2023 1006 0.0546
a range +27000 +28200 2026 1001 0.055
a range +16800 +28200 9005 1004 1103.3955
a range +27600 +28800 1002 2025 0.0556
a range +28200 +28800 1003 2008 0.0555
a range +16800 +28800 1005 9002 1103.2048
a range +28200 +28800 2008 1003 0.0555
a range +27600 +28800 2025 1002 0.0556
a range +16800 +28800 9002 1005 1103.2048
a range +28800 +29400 1003 2012 0.0547
a range +28200 +29400 1004 2028 0.0552
a range +28800 +29400 2012 1003 0.0547
a range +28200 +29400 2028 1004 0.0552
a range +28800 +30000 1002 9002 1103.3678
a range +29400 +30000 1004 2026 0.0555
a range +28800 +30000 1005 2010 0.0544
a range +28200 +30000 1006 9005 1103.0142
a range +28800 +30000 2010 1005 0.0544
a range +29400 +30000 2026 1004 0.0555
a range +28800 +30000 9002 1002 1103.3678
a range +28200 +30000 9005 1006 1103.0142
a range +30000 +30600 1002 2013 0.0556
a range +29400 +30600 1003 2019 0.054
a range +30000 +30600 1006 9002 1103.0142
a range +30000 +30600 2013 1002 0.0556
a range +29400 +30600 2019 1003 0.054
a range +30000 +30600 9002 1006 1103.0142
a range +30000 +31200 1005 2004 0.0555
a range +30000 +31200 2004 1005 0.0555
a range +28200 +31800 1001 2007 0.0555
a range +30600 +31800 1003 2010 0.054
a range +28200 +31800 2007 1001 0.0555
a range +30600 +31800 2010 1003 0.054
a range +30600 +32400 1002 9005 1103.3678
a range +31200 +32400 1005 2005 0.0544
a range +31200 +32400 2005 1005 0.0544
a range +30600 +32400 9005 1002 1103.3678
a range +31800 +33000 1001 2004 0.0556
a range +30600 +33000 1006 2011 0.0546
a range +31800 +33000 2004 1001 0.0556
a range +30600 +33000 2011 1006 0.0546
a range +32400 +34200 1005 9005 1103.2048
a range +32400 +34200 9005 1005 1103.2048
a range +30000 +34800 1004 9006 1103.3808
a range +34200 +34800 1005 2016 0.0553
a range +34200 +34800 2016 1005 0.0553
a range +30000 +34800 9006 1004 1103.3808
a range +33000 +35400 1001 2002 0.0553
a range +33000 +35400 1006 2019 0.0559
a range +33000 +35400 2002 1001 0.0553
a range +33000 +35400 2019 1006 0.0559
a range +34800 +36000 1005 9006 1103.2012
a range +35400 +36000 1006 2010 0.0559
a range +35400 +36000 2010 1006 0.0559
a range +34800 +36000 9006 1005 1103.2012
a range +35400 +36600 1001 9005 1103.3556
a range +32400 +36600 1002 9003 1103.7444
a range +34800 +36600 1004 2011 0.054
a range +34800 +36600 2011 1004 0.054
a range +32400 +36600 9003 1002 1103.7444
a range +35400 +36600 9005 1001 1103.3556
a range +36600 +37200 1004 2002 0.054
a range +36000 +37200 1005 2025 0.0547
a range +36600 +37200 2002 1004 0.054
a range +36000 +37200 2025 1005 0.0547
a range +37200 +37800 1005 2012 0.055
a range +37200 +37800 2012 1005 0.055
a range +36600 +39000 1002 2005 0.0547
a range +31800 +39000 1003 9002 1103.4001
a range +37200 +39000 1004 9005 1103.3955
a range +37800 +39000 1005 2016 0.0553
a range +36000 +39000 1006 9006 1104.1161
a range +36600 +39000 2005 1002 0.0547
a range +37800 +39000 2016 1005 0.0553
a range +31800 +39000 9002 1003 1103.4001
a range +37200 +39000 9005 1004 1103.3955
a range +36000 +39000 9006 1006 1104.1161
a range +39000 +39600 1005 2025 0.0543
a range +39000 +39600 2025 1005 0.0543
a range +36600 +40200 1001 9003 1103.9292
a range +39000 +40200 1002 2019 0.0548
a range +39000 +40200 1003 2016 0.0556
a range +39000 +40200 2016 1003 0.0556
a range +39000 +40200 2019 1002 0.0548
a range +36600 +40200 9003 1001 1103.9292
a range +40200 +40800 1003 2008 0.0555
a range +39600 +40800 1005 2015 0.0547
a range +39000 +40800 1006 9002 1103.3757
a range +40200 +40800 2008 1003 0.0555
a range +39600 +40800 2015 1005 0.0547
a range +39000 +40800 9002 1006 1103.3757
a range +40200 +41400 1002 2012 0.0549
a range +40800 +41400 1003 9003 1103.5617
a range +39000 +41400 1004 2027 0.0549
a range +40800 +41400 1005 9002 1103.408
a range +40200 +41400 2012 1002 0.0549
a range +39000 +41400 2027 1004 0.0549
a range +40800 +41400 9002 1005 1103.408
a range +40800 +41400 9003 1003 1103.5617
a range +40200 +42000 1001 9006 1103.9292
a range +41400 +42000 1004 9002 1103.3955
a range +41400 +42000 9002 1004 1103.3955
a range +40200 +42000 9006 1001 1103.9292
a range +41400 +42600 1003 9005 1103.4001
a range +40800 +42600 1006 2013 0.055
a range +40800 +42600 2013 1006 0.055
a range +41400 +42600 9005 1003 1103.4001
a range +42000 +43800 1001 2003 0.0544
a range +41400 +43800 1002 9003 1103.7444
a range +42600 +43800 1003 2002 0.0546
a range +41400 +43800 1005 2006 0.0543
a range +42600 +43800 2002 1003 0.0546
a range +42000 +43800 2003 1001 0.0544
a range +41400 +43800 2006 1005 0.0543
a range +41400 +43800 9003 1002 1103.7444
a range +43800 +44400 1002 2005 0.0547
a range +43800 +44400 2005 1002 0.0547
a range +43800 +45000 1003 2017 0.0419
a range +43800 +45000 1005 2003 0.0543
a range +43800 +45000 2003 1005 0.0543
a range +43800 +45000 2017 1003 0.0419
a range +43800 +46800 1001 9003 1103.9292
a range +44400 +46800 1002 2012 0.0549
a range +45000 +46800 1003 2011 0.0547
a range +42600 +46800 1006 9006 1104.1161
a range +45000 +46800 2011 1003 0.0547
a range +44400 +46800 2012 1002 0.0549
a range +43800 +46800 9003 1001 1103.9292
a range +42600 +46800 9006 1006 1104.1161
a range +42000 +47400 1004 2009 0.055
a range +45000 +47400 1005 2027 0.0542
a range +42000 +47400 2009 1004 0.055
a range +45000 +47400 2027 1005 0.0542
a range +47400 +48000 1005 2008 0.0542
a range +46800 +48000 1006 2024 0.055
a range +47400 +48000 2008 1005 0.0542
a range +46800 +48000 2024 1006 0.055
a range +47400 +48600 1004 9006 1104.52
a range +48000 +48600 1005 2025 0.0543
a range +48000 +48600 2025 1005 0.0543
a range +47400 +48600 9006 1004 1104.52
a range +46800 +49200 1001 2010 0.0421
a range +46800 +49200 1002 9003 1103.7444
a range +46800 +49200 1003 2022 0.0437
a range +48000 +49200 1006 2028 0.0542
a range +46800 +49200 2010 1001 0.0421
a range +46800 +49200 2022 1003 0.0437
a range +48000 +49200 2028 1006 0.0542
a range +46800 +49200 9003 1002 1103.7444
a range +48600 +49800 1004 2013 0.0343
a range +48600 +49800 1005 9006 1104.3298
a range +48600 +49800 2013 1004 0.0343
a range +48600 +49800 9006 1005 1104.3298
a range +49200 +50400 1002 2008 0.0558
a range +49800 +50400 1004 9006 1104.52
a range +49800 +50400 1005 2015 0.0547
a range +49200 +50400 2008 1002 0.0558
a range +49800 +50400 2015 1005 0.0547
a range +49800 +50400 9006 1004 1104.52
a range +49200 +51000 1001 2007 0.0555
a range +50400 +51000 1002 9006 1103.7444
a range +50400 +51000 1004 2016 0.0555
a range +49200 +51000 1006 9003 1104.1161
a range +49200 +51000 2007 1001 0.0555
a range +50400 +51000 2016 1004 0.0555
a range +49200 +51000 9003 1006 1104.1161
a range +50400 +51000 9006 1002 1103.7444
a range +49200 +51600 1003 2012 0.0441
a range +51000 +51600 1006 2001 0.0548
a range +51000 +51600 2001 1006 0.0548
a range +49200 +51600 2012 1003 0.0441
a range +51000 +52200 1004 2013 0.0343
a range +50400 +52200 1005 2011 0.0553
a range +50400 +52200 2011 1005 0.0553
a range +51000 +52200 2013 1004 0.0343
a range +51000 +52800 1001 2017 0.0545
a range +52200 +52800 1005 2008 0.0542
a range +52200 +52800 2008 1005 0.0542
a range +51000 +52800 2017 1001 0.0545
a range +51000 +53400 1002 2024 0.0547
a range +52200 +53400 1004 2019 0.0547
a range +52800 +53400 1005 9001 1104.3267
a range +51600 +53400 1006 9006 1104.1161
a range +52200 +53400 2019 1004 0.0547
a range +51000 +53400 2024 1002 0.0547
a range +52800 +53400 9001 1005 1104.3267
a range +51600 +53400 9006 1006 1104.1161
a range +52800 +54000 1001 9004 1103.9444
a range +51600 +54000 1003 9003 1104.7107
a range +51600 +54000 9003 1003 1104.7107
a range +52800 +54000 9004 1001 1103.9444
a range +53400 +54600 1004 9001 1104.5083
a range +53400 +54600 1006 2020 0.032
a range +53400 +54600 2020 1006 0.032
a range +53400 +54600 9001 1004 1104.5083
a range +53400 +55200 1002 2012 0.0549
a range +54000 +55200 1003 2011 0.0428
a range +54600 +55200 1006 9003 1104.1161
a range +54000 +55200 2011 1003 0.0428
a range +53400 +55200 2012 1002 0.0549
a range +54600 +55200 9003 1006 1104.1161
a range +55200 +55800 1002 2013 0.0556
a range +54600 +55800 1004 2022 0.054
a range +55200 +55800 2013 1002 0.0556
a range +54600 +55800 2022 1004 0.054
a range +54000 +56400 1001 2006 0.0543
a range +54000 +56400 2006 1001 0.0543
a range +56400 +57000 1001 2011 0.055
a range +55200 +57000 1003 9004 1104.6917
a range +53400 +57000 1005 9006 1104.3298
a range +56400 +57000 2011 1001 0.055
a range +55200 +57000 9004 1003 1104.6917
a range +53400 +57000 9006 1005 1104.3298
a range +55800 +57600 1004 2002 0.054
a range +55800 +57600 2002 1004 0.054
a range +57000 +58200 1003 2023 0.054
a range +57600 +58200 1004 2001 0.0519
a range +55200 +58200 1006 9001 1104.1232
a range +57600 +58200 2001 1004 0.0519
a range +57000 +58200 2023 1003 0.054
a range +55200 +58200 9001 1006 1104.1232
a range +57000 +59400 1001 2010 0.0421
a range +55800 +59400 1002 9003 1104.7971
a range +58200 +59400 1004 9006 1104.52
a range +57000 +59400 1005 9004 1104.3267
a range +58200 +59400 1006 2015 0.0542
a range +57000 +59400 2010 1001 0.0421
a range +58200 +59400 2015 1006 0.0542
a range +55800 +59400 9003 1002 1104.7971
a range +57000 +59400 9004 1005 1104.3267
a range +58200 +59400 9006 1004 1104.52
a range +59400 +60000 1006 9004 1104.1232
a range +59400 +60000 9004 1006 1104.1232
a range +58200 +60600 1003 2027 0.054
a range +58200 +60600 2027 1003 0.054
a range +59400 +61200 1001 2015 0.052
a range +59400 +61200 1004 2020 0.0547
a range +59400 +61200 2015 1001 0.052
a range +59400 +61200 2020 1004 0.0547
a range +60600 +62400 1003 2001 0.054
a range +60600 +62400 2001 1003 0.054
a range +61200 +63000 1004 9004 1104.5083
a range +61200 +63000 9004 1004 1104.5083
a range +59400 +63600 1002 9001 1104.8773
a range +63000 +63600 1004 2013 0.0343
a range +59400 +63600 1005 9006 1104.3298
a range +63000 +63600 2013 1004 0.0343
a range +59400 +63600 9001 1002 1104.8773
a range +59400 +63600 9006 1005 1104.3298
a range +62400 +64200 1003 2017 0.0419
a range +63600 +64200 1005 9004 1104.3267
a range +60000 +64200 1006 2009 0.0441
a range +60000 +64200 2009 1006 0.0441
a range +62400 +64200 2017 1003 0.0419
a range +63600 +64200 9004 1005 1104.3267
a range +63600 +64800 1002 9006 1104.7971
a range +64200 +64800 1003 9004 1104.6917
a range +64200 +64800 1005 2017 0.0407
a range +64200 +64800 2017 1005 0.0407
a range +64200 +64800 9004 1003 1104.6917
a range +63600 +64800 9006 1002 1104.7971
a range +64200 +66000 1006 2016 0.0549
a range +64200 +66000 2016 1006 0.0549
a range +64800 +67200 1002 2026 0.0149
a range +64800 +67200 1005 2013 0.0318
a range +66000 +67200 1006 2002 0.0199
a range +66000 +67200 2002 1006 0.0199
a range +64800 +67200 2013 1005 0.0318
a range +64800 +67200 2026 1002 0.0149
a range +67200 +69000 1002 2002 0.0549
a range +67200 +69000 2002 1002 0.0549
a range +69000 +69600 1002 2027 0.0326
a range +63600 +69600 1004 9001 1104.5083
a range +67200 +69600 1005 2017 0.0407
a range +67200 +69600 2017 1005 0.0407
a range +69000 +69600 2027 1002 0.0326
a range +63600 +69600 9001 1004 1104.5083
a range +69600 +70200 1005 2025 0.0543
a range +67200 +70200 1006 9004 1105.068
a range +69600 +70200 2025 1005 0.0543
a range +67200 +70200 9004 1006 1105.068
a range +64800 +70800 1003 9006 1104.7107
a range +70200 +70800 1006 2026 0.0441
a range +70200 +70800 2026 1006 0.0441
a range +64800 +70800 9006 1003 1104.7107
a range +70800 +71400 1003 2025 0.0552
a range +70800 +71400 2025 1003 0.0552
a range +69600 +72600 1002 9001 1104.8773
a range +69600 +72600 1004 2022 0.0199
a range +69600 +72600 2022 1004 0.0199
a range +69600 +72600 9001 1002 1104.8773
a range +72600 +73800 1002 2005 0.0331
a range +70200 +73800 1005 9004 1105.0361
a range +72600 +73800 2005 1002 0.0331
a range +70200 +73800 9004 1005 1105.0361
a range +72600 +74400 1004 2024 0.0427
a range +72600 +74400 2024 1004 0.0427
a range +71400 +75000 1003 2001 0.054
a range +71400 +75000 2001 1003 0.054
a range +61200 +75600 1001 9003 1104.7653
a range +75000 +75600 1003 2025 0.0552
a range +73800 +75600 1005 2003 0.0543
a range +70800 +75600 1006 9006 1104.7431
a range +73800 +75600 2003 1005 0.0543
a range +75000 +75600 2025 1003 0.0552
a range +61200 +75600 9003 1001 1104.7653
a range +70800 +75600 9006 1006 1104.7431
a range +75600 +76200 1003 9006 1104.7107
a range +75600 +76200 9006 1003 1104.7107
a range +76200 +76800 1003 2025 0.0552
a range +74400 +76800 1004 9001 1105.0256
a range +75600 +76800 1006 2010 0.0559
a range +75600 +76800 2010 1006 0.0559
a range +76200 +76800 2025 1003 0.0552
a range +74400 +76800 9001 1004 1105.0256
a range +75600 +77400 1001 2020 0.0352
a range +75600 +77400 2020 1001 0.0352
a range +73800 +78000 1002 9004 1104.8773
a range +76800 +78000 1003 2015 0.0097
a range +76800 +78000 1004 9006 1104.7843
a range +76800 +78000 2015 1003 0.0097
a range +73800 +78000 9004 1002 1104.8773
a range +76800 +78000 9006 1004 1104.7843
a range +78000 +78600 1004 2004 0.0546
a range +75600 +78600 1005 9003 1104.7526
a range +78000 +78600 2004 1004 0.0546
a range +75600 +78600 9003 1005 1104.7526
a range +77400 +79200 1001 2005 0.0543
a range +78000 +79200 1002 2008 0.0153
a range +78000 +79200 1003 2003 0.0422
a range +78000 +79200 2003 1003 0.0422
a range +77400 +79200 2005 1001 0.0543
a range +78000 +79200 2008 1002 0.0153
a range +79200 +80400 1003 2016 0.0208
a range +78600 +80400 1005 9004 1105.0361
a range +79200 +80400 2016 1003 0.0208
a range +78600 +80400 9004 1005 1105.0361
a range +79200 +81000 1002 9005 1104.8946
a range +78600 +81000 1004 2007 0.0456
a range +78600 +81000 2007 1004 0.0456
a range +79200 +81000 9005 1002 1104.8946
a range +79200 +82200 1001 9002 1105.0733
a range +81000 +82200 1004 9005 1105.0328
a range +80400 +82200 1005 2025 0.0543
a range +76800 +82200 1006 9001 1105.068
a range +80400 +82200 2025 1005 0.0543
a range +76800 +82200 9001 1006 1105.068
a range +79200 +82200 9002 1001 1105.0733
a range +81000 +82200 9005 1004 1105.0328
a range +82200 +83400 1001 2028 0.049
a range +81000 +83400 1002 2026 0.0149
a range +82200 +83400 1006 9005 1105.0753
a range +81000 +83400 2026 1002 0.0149
a range +82200 +83400 2028 1001 0.049
a range +82200 +83400 9005 1006 1105.0753
a range +83400 +84000 1001 9005 1105.0733
a range +80400 +84000 1003 9004 1105.0472
a range +82200 +84000 1004 9001 1105.0256
a range +82200 +84000 9001 1004 1105.0256
a range +80400 +84000 9004 1003 1105.0472
a range +83400 +84000 9005 1001 1105.0733
a range +82200 +84600 1005 9002 1105.0433
a range +83400 +84600 1006 2028 0.0416
a range +83400 +84600 2028 1006 0.0416
a range +82200 +84600 9002 1005 1105.0433
a range +83400 +85800 1002 2006 0.0387
a range +83400 +85800 2006 1002 0.0387
a range +84000 +86400 1001 2004 0.0496
a range +85800 +86400 1002 9002 1105.0864
a range +84000 +86400 1003 9001 1105.0472
a range +84000 +86400 1004 9004 1105.0256
a range +84600 +86400 1005 2024 0.0417
a range +84600 +86400 1006 2019 0.0101
a range +84000 +86400 2004 1001 0.0496
a range +84600 +86400 2019 1006 0.0101
a range +84600 +86400 2024 1005 0.0417
a range +84000 +86400 9001 1003 1105.0472
a range +85800 +86400 9002 1002 1105.0864
a range +84000 +86400 9004 1004 1105.0256
