a contact +0 +1200 1005 2018 50
a contact +0 +1200 1006 2004 50
a contact +0 +1200 2004 1006 50
a contact +0 +1200 2018 1005 50
a contact +0 +1800 1001 2013 50
a contact +0 +1800 2013 1001 50
a contact +0 +3000 1002 2014 50
a contact +0 +3000 1004 9001 50
a contact +0 +3000 2014 1002 50
a contact +0 +3000 9001 1004 50
a contact +3000 +3600 1004 2008 50
a contact +1200 +3600 1006 2011 50
a contact +3000 +3600 2008 1004 50
a contact +1200 +3600 2011 1006 50
a contact +0 +4200 1003 2020 50
a contact +1200 +4200 1005 9004 50
a contact +0 +4200 2020 1003 50
a contact +1200 +4200 9004 1005 50
a contact +3600 +6000 1006 2006 50
a contact +3600 +6000 2006 1006 50
a contact +4200 +6600 1005 2015 50
a contact +4200 +6600 2015 1005 50
a contact +3600 +7200 1004 9002 50
a contact +3600 +7200 9002 1004 50
a contact +3000 +7800 1002 9001 50
a contact +3000 +7800 9001 1002 50
a contact +6600 +8400 1005 2006 50
a contact +6000 +8400 1006 2004 50
a contact +6000 +8400 2004 1006 50
a contact +6600 +8400 2006 1005 50
a contact +4200 +9600 1003 9004 50
a contact +4200 +9600 9004 1003 50
a contact +7200 +10200 1004 2014 50
a contact +8400 +10200 1006 9001 50
a contact +7200 +10200 2014 1004 50
a contact +8400 +10200 9001 1006 50
a contact +9600 +12000 1003 2016 50
a contact +10200 +12000 1004 9001 50
a contact +10200 +12000 1006 9004 50
a contact +9600 +12000 2016 1003 50
a contact +10200 +12000 9001 1004 50
a contact +10200 +12000 9004 1006 50
a contact +7800 +13800 1002 9002 50
a contact +8400 +13800 1005 2019 50
a contact +8400 +13800 2019 1005 50
a contact +7800 +13800 9002 1002 50
a contact +13800 +14400 1002 9001 50
a contact +13800 +14400 9001 1002 50
a contact +1800 +15000 1001 9005 50
a contact +12000 +15000 1003 9004 50
a contact +12000 +15000 9004 1003 50
a contact +1800 +15000 9005 1001 50
a contact +14400 +16200 1002 2018 50
a contact +14400 +16200 2018 1002 50
a contact +12000 +16800 1004 2010 50
a contact +12000 +16800 2010 1004 50
a contact +16200 +17400 1002 2005 50
a contact +16200 +17400 2005 1002 50
a contact +15000 +18000 1001 2013 50
a contact +17400 +18000 1002 9005 50
a contact +15000 +18000 2013 1001 50
a contact +17400 +18000 9005 1002 50
a contact +13800 +18600 1005 9002 50
a contact +13800 +18600 9002 1005 50
a contact +18000 +19200 1002 2017 50
a contact +18600 +19200 1005 2011 50
a contact +18600 +19200 2011 1005 50
a contact +18000 +19200 2017 1002 50
a contact +16800 +19800 1004 2002 50
a contact +16800 +19800 2002 1004 50
a contact +12000 +21000 1006 2015 50
a contact +12000 +21000 2015 1006 50
a contact +15000 +22200 1003 2024 50
a contact +15000 +22200 2024 1003 50
a contact +18000 +23400 1001 2020 50
a contact +18000 +23400 2020 1001 50
a contact +23400 +30000 1001 2017 50
a contact +23400 +30000 2017 1001 50
a contact +22200 +30600 1003 2009 50
a contact +22200 +30600 2009 1003 50
a contact +19200 +31200 1002 2001 50
a contact +19200 +31200 2001 1002 50
a contact +31200 +32400 1002 2020 50
a contact +30600 +32400 1003 2002 50
a contact +21000 +32400 1006 9005 50
a contact +30600 +32400 2002 1003 50
a contact +31200 +32400 2020 1002 50
a contact +21000 +32400 9005 1006 50
a contact +32400 +33000 1002 2018 50
a contact +32400 +33000 2018 1002 50
a contact +32400 +34200 1003 2022 50
a contact +19800 +34200 1004 2003 50
a contact +19200 +34200 1005 9002 50
a contact +19800 +34200 2003 1004 50
a contact +32400 +34200 2022 1003 50
a contact +19200 +34200 9002 1005 50
a contact +30000 +34800 1001 2019 50
a contact +32400 +34800 1006 2005 50
a contact +32400 +34800 2005 1006 50
a contact +30000 +34800 2019 1001 50
a contact +34800 +36600 1001 2007 50
a contact +34200 +36600 1005 9006 50
a contact +34800 +36600 2007 1001 50
a contact +34200 +36600 9006 1005 50
a contact +33000 +38400 1002 9005 50
a contact +33000 +38400 9005 1002 50
a contact +38400 +39000 1002 2011 50
a contact +34200 +39000 1004 9002 50
a contact +34800 +39000 1006 2004 50
a contact +34800 +39000 2004 1006 50
a contact +38400 +39000 2011 1002 50
a contact +34200 +39000 9002 1004 50
a contact +39000 +39600 1004 2011 50
a contact +39000 +39600 2011 1004 50
a contact +36600 +40200 1005 2017 50
a contact +36600 +40200 2017 1005 50
a contact +40200 +41400 1005 2016 50
a contact +40200 +41400 2016 1005 50
a contact +34200 +42000 1003 9003 50
a contact +34200 +42000 9003 1003 50
a contact +39000 +42600 1002 9005 50
a contact +41400 +42600 1005 2023 50
a contact +39000 +42600 1006 9002 50
a contact +41400 +42600 2023 1005 50
a contact +39000 +42600 9002 1006 50
a contact +39000 +42600 9005 1002 50
a contact +42000 +43200 1003 2013 50
a contact +42000 +43200 2013 1003 50
a contact +42600 +43800 1006 2010 50
a contact +42600 +43800 2010 1006 50
a contact +43800 +45000 1006 2011 50
a contact +43800 +45000 2011 1006 50
a contact +42600 +45600 1002 2022 50
a contact +42600 +45600 2022 1002 50
a contact +43200 +46200 1003 9003 50
a contact +42600 +46200 1005 2003 50
a contact +42600 +46200 2003 1005 50
a contact +43200 +46200 9003 1003 50
a contact +45600 +46800 1002 2006 50
a contact +39600 +46800 1004 2021 50
a contact +45600 +46800 2006 1002 50
a contact +39600 +46800 2021 1004 50
a contact +36600 +48600 1001 9006 50
a contact +36600 +48600 9006 1001 50
a contact +46800 +49200 1002 9003 50
a contact +46800 +49200 1004 2007 50
a contact +46200 +49200 1005 2002 50
a contact +46200 +49200 2002 1005 50
a contact +46800 +49200 2007 1004 50
a contact +46800 +49200 9003 1002 50
a contact +45000 +49800 1006 2004 50
a contact +45000 +49800 2004 1006 50
a contact +48600 +50400 1001 2006 50
a contact +46200 +50400 1003 2008 50
a contact +48600 +50400 2006 1001 50
a contact +46200 +50400 2008 1003 50
a contact +50400 +51000 1003 2007 50
a contact +49200 +51000 1004 9003 50
a contact +50400 +51000 2007 1003 50
a contact +49200 +51000 9003 1004 50
a contact +51000 +52200 1004 2011 50
a contact +49200 +52200 1005 2021 50
a contact +51000 +52200 2011 1004 50
a contact +49200 +52200 2021 1005 50
a contact +49200 +52800 1002 2009 50
a contact +51000 +52800 1003 2005 50
a contact +52200 +52800 1004 2008 50
a contact +52200 +52800 1005 9003 50
a contact +51000 +52800 2005 1003 50
a contact +52200 +52800 2008 1004 50
a contact +49200 +52800 2009 1002 50
a contact +52200 +52800 9003 1005 50
a contact +52800 +54000 1002 2007 50
a contact +52800 +54000 2007 1002 50
a contact +50400 +55200 1001 2012 50
a contact +52800 +55200 1005 2008 50
a contact +49800 +55200 1006 9006 50
a contact +52800 +55200 2008 1005 50
a contact +50400 +55200 2012 1001 50
a contact +49800 +55200 9006 1006 50
a contact +55200 +56400 1001 2010 50
a contact +55200 +56400 2010 1001 50
a contact +54000 +57000 1002 2006 50
a contact +52800 +57000 1003 9001 50
a contact +55200 +57000 1006 9004 50
a contact +54000 +57000 2006 1002 50
a contact +52800 +57000 9001 1003 50
a contact +55200 +57000 9004 1006 50
a contact +56400 +60600 1001 2023 50
a contact +56400 +60600 2023 1001 50
a contact +57000 +61800 1006 2005 50
a contact +57000 +61800 2005 1006 50
a contact +55200 +62400 1005 9006 50
a contact +55200 +62400 9006 1005 50
a contact +60600 +64200 1001 2022 50
a contact +61800 +64200 1006 2012 50
a contact +61800 +64200 2012 1006 50
a contact +60600 +64200 2022 1001 50
a contact +62400 +65400 1005 2011 50
a contact +62400 +65400 2011 1005 50
a contact +57000 +66000 1002 9001 50
a contact +57000 +66000 9001 1002 50
a contact +66000 +67200 1002 2018 50
a contact +65400 +67200 1005 2022 50
a contact +66000 +67200 2018 1002 50
a contact +65400 +67200 2022 1005 50
a contact +67200 +68400 1002 9001 50
a contact +64200 +68400 1006 2007 50
a contact +64200 +68400 2007 1006 50
a contact +67200 +68400 9001 1002 50
a contact +68400 +70200 1002 2018 50
a contact +52800 +70200 1004 9003 50
a contact +68400 +70200 2018 1002 50
a contact +52800 +70200 9003 1004 50
a contact +67200 +70800 1005 2012 50
a contact +68400 +70800 1006 9001 50
a contact +67200 +70800 2012 1005 50
a contact +68400 +70800 9001 1006 50
a contact +70800 +72000 1005 2014 50
a contact +70800 +72000 2014 1005 50
a contact +64200 +72600 1001 9006 50
a contact +70200 +72600 1004 2010 50
a contact +70800 +72600 1006 2013 50
a contact +70200 +72600 2010 1004 50
a contact +70800 +72600 2013 1006 50
a contact +64200 +72600 9006 1001 50
a contact +72600 +74400 1001 2003 50
a contact +72000 +74400 1005 9001 50
a contact +72600 +74400 2003 1001 50
a contact +72000 +74400 9001 1005 50
a contact +74400 +75000 1005 2016 50
a contact +74400 +75000 2016 1005 50
a contact +57000 +75600 1003 9004 50
a contact +75000 +75600 1005 2011 50
a contact +75000 +75600 2011 1005 50
a contact +57000 +75600 9004 1003 50
a contact +72600 +76200 1004 2014 50
a contact +75600 +76200 1005 9004 50
a contact +72600 +76200 2014 1004 50
a contact +75600 +76200 9004 1005 50
a contact +75600 +77400 1003 2023 50
a contact +75600 +77400 2023 1003 50
a contact +70200 +78000 1002 9003 50
a contact +70200 +78000 9003 1002 50
a contact +76200 +78600 1004 9004 50
a contact +76200 +78600 1005 2016 50
a contact +72600 +78600 1006 9006 50
a contact +76200 +78600 2016 1005 50
a contact +76200 +78600 9004 1004 50
a contact +72600 +78600 9006 1006 50
a contact +78000 +79200 1002 2008 50
a contact +78600 +79200 1004 2010 50
a contact +78000 +79200 2008 1002 50
a contact +78600 +79200 2010 1004 50
a contact +78600 +80400 1005 9005 50
a contact +78600 +80400 9005 1005 50
a contact +79200 +81600 1002 2002 50
a contact +79200 +81600 2002 1002 50
a contact +74400 +82800 1001 9001 50
a contact +77400 +82800 1003 2024 50
a contact +80400 +82800 1005 2013 50
a contact +80400 +82800 2013 1005 50
a contact +77400 +82800 2024 1003 50
a contact +74400 +82800 9001 1001 50
a contact +81600 +84600 1002 2023 50
a contact +81600 +84600 2023 1002 50
a contact +82800 +86400 1001 2016 50
a contact +84600 +86400 1002 2008 50
a contact +82800 +86400 1003 2018 50
a contact +79200 +86400 1004 9002 50
a contact +82800 +86400 1005 9001 50
a contact +78600 +86400 1006 9004 50
a contact +84600 +86400 2008 1002 50
a contact +82800 +86400 2016 1001 50
a contact +82800 +86400 2018 1003 50
a contact +82800 +86400 9001 1005 50
a contact +79200 +86400 9002 1004 50
a contact +78600 +86400 9004 1006 50

a range +0 +1200 1005 2018 0.0542
a range +0 +1200 1006 2004 0.0545
a range +0 +1200 2004 1006 0.0545
a range +0 +1200 2018 1005 0.0542
a range +0 +1800 1001 2013 0.0545
a range +0 +1800 2013 1001 0.0545
a range +0 +3000 1002 2014 0.0543
a range +0 +3000 1004 9001 1102.2575
a range +0 +3000 2014 1002 0.0543
a range +0 +3000 9001 1004 1102.2575
a range +3000 +3600 1004 2008 0.055
a range +1200 +3600 1006 2011 0.0557
a range +3000 +3600 2008 1004 0.055
a range +1200 +3600 2011 1006 0.0557
a range +0 +4200 1003 2020 0.0541
a range +1200 +4200 1005 9004 1102.0661
a range +0 +4200 2020 1003 0.0541
a range +1200 +4200 9004 1005 1102.0661
a range +3600 +6000 1006 2006 0.0546
a range +3600 +6000 2006 1006 0.0546
a range +4200 +6600 1005 2015 0.0554
a range +4200 +6600 2015 1005 0.0554
a range +3600 +7200 1004 9002 1102.2416
a range +3600 +7200 9002 1004 1102.2416
a range +3000 +7800 1002 9001 1102.3407
a range +3000 +7800 9001 1002 1102.3407
a range +6600 +8400 1005 2006 0.0551
a range +6000 +8400 1006 2004 0.0545
a range +6000 +8400 2004 1006 0.0545
a range +6600 +8400 2006 1005 0.0551
a range +4200 +9600 1003 9004 1102.3712
a range +4200 +9600 9004 1003 1102.3712
a range +7200 +10200 1004 2014 0.054
a range +8400 +10200 1006 9001 1102.3204
a range +7200 +10200 2014 1004 0.054
a range +8400 +10200 9001 1006 1102.3204
a range +9600 +12000 1003 2016 0.0549
a range +10200 +12000 1004 9001 1102.2575
a range +10200 +12000 1006 9004 1102.3204
a range +9600 +12000 2016 1003 0.0549
a range +10200 +12000 9001 1004 1102.2575
a range +10200 +12000 9004 1006 1102.3204
a range +7800 +13800 1002 9002 1102.6119
a range +8400 +13800 1005 2019 0.0542
a range +8400 +13800 2019 1005 0.0542
a range +7800 +13800 9002 1002 1102.6119
a range +13800 +14400 1002 9001 1102.3407
a range +13800 +14400 9001 1002 1102.3407
a range +1800 +15000 1001 9005 1102.7998
a range +12000 +15000 1003 9004 1102.3712
a range +12000 +15000 9004 1003 1102.3712
a range +1800 +15000 9005 1001 1102.7998
a range +14400 +16200 1002 2018 0.0554
a range +14400 +16200 2018 1002 0.0554
a range +12000 +16800 1004 2010 0.0543
a range +12000 +16800 2010 1004 0.0543
a range +16200 +17400 1002 2005 0.0555
a range +16200 +17400 2005 1002 0.0555
a range +15000 +18000 1001 2013 0.0545
a range +17400 +18000 1002 9005 1102.6119
a range +15000 +18000 2013 1001 0.0545
a range +17400 +18000 9005 1002 1102.6119
a range +13800 +18600 1005 9002 1103.2048
a range +13800 +18600 9002 1005 1103.2048
a range +18000 +19200 1002 2017 0.0546
a range +18600 +19200 1005 2011 0.0546
a range +18600 +19200 2011 1005 0.0546
a range +18000 +19200 2017 1002 0.0546
a range +16800 +19800 1004 2002 0.0554
a range +16800 +19800 2002 1004 0.0554
a range +12000 +21000 1006 2015 0.0549
a range +12000 +21000 2015 1006 0.0549
a range +15000 +22200 1003 2024 0.0545
a range +15000 +22200 2024 1003 0.0545
a range +18000 +23400 1001 2020 0.0553
a range +18000 +23400 2020 1001 0.0553
a range +23400 +30000 1001 2017 0.054
a range +23400 +30000 2017 1001 0.054
a range +22200 +30600 1003 2009 0.0541
a range +22200 +30600 2009 1003 0.0541
a range +19200 +31200 1002 2001 0.0544
a range +19200 +31200 2001 1002 0.0544
a range +31200 +32400 1002 2020 0.0545
a range +30600 +32400 1003 2002 0.054
a range +21000 +32400 1006 9005 1103.0142
a range +30600 +32400 2002 1003 0.054
a range +31200 +32400 2020 1002 0.0545
a range +21000 +32400 9005 1006 1103.0142
a range +32400 +33000 1002 2018 0.0554
a range +32400 +33000 2018 1002 0.0554
a range +32400 +34200 1003 2022 0.0558
a range +19800 +34200 1004 2003 0.0556
a range +19200 +34200 1005 9002 1103.2048
a range +19800 +34200 2003 1004 0.0556
a range +32400 +34200 2022 1003 0.0558
a range +19200 +34200 9002 1005 1103.2048
a range +30000 +34800 1001 2019 0.0553
a range +32400 +34800 1006 2005 0.054
a range +32400 +34800 2005 1006 0.054
a range +30000 +34800 2019 1001 0.0553
a range +34800 +36600 1001 2007 0.0541
a range +34200 +36600 1005 9006 1103.2012
a range +34800 +36600 2007 1001 0.0541
a range +34200 +36600 9006 1005 1103.2012
a range +33000 +38400 1002 9005 1103.3678
a range +33000 +38400 9005 1002 1103.3678
a range +38400 +39000 1002 2011 0.0541
a range +34200 +39000 1004 9002 1103.3955
a range +34800 +39000 1006 2004 0.054
a range +34800 +39000 2004 1006 0.054
a range +38400 +39000 2011 1002 0.0541
a range +34200 +39000 9002 1004 1103.3955
a range +39000 +39600 1004 2011 0.0549
a range +39000 +39600 2011 1004 0.0549
a range +36600 +40200 1005 2017 0.0366
a range +36600 +40200 2017 1005 0.0366
a range +40200 +41400 1005 2016 0.0544
a range +40200 +41400 2016 1005 0.0544
a range +34200 +42000 1003 9003 1103.5617
a range +34200 +42000 9003 1003 1103.5617
a range +39000 +42600 1002 9005 1103.3678
a range +41400 +42600 1005 2023 0.0545
a range +39000 +42600 1006 9002 1103.3757
a range +41400 +42600 2023 1005 0.0545
a range +39000 +42600 9002 1006 1103.3757
a range +39000 +42600 9005 1002 1103.3678
a range +42000 +43200 1003 2013 0.0552
a range +42000 +43200 2013 1003 0.0552
a range +42600 +43800 1006 2010 0.0555
a range +42600 +43800 2010 1006 0.0555
a range +43800 +45000 1006 2011 0.0557
a range +43800 +45000 2011 1006 0.0557
a range +42600 +45600 1002 2022 0.0542
a range +42600 +45600 2022 1002 0.0542
a range +43200 +46200 1003 9003 1103.5617
a range +42600 +46200 1005 2003 0.0548
a range +42600 +46200 2003 1005 0.0548
a range +43200 +46200 9003 1003 1103.5617
a range +45600 +46800 1002 2006 0.0548
a range +39600 +46800 1004 2021 0.0471
a range +45600 +46800 2006 1002 0.0548
a range +39600 +46800 2021 1004 0.0471
a range +36600 +48600 1001 9006 1103.9292
a range +36600 +48600 9006 1001 1103.9292
a range +46800 +49200 1002 9003 1103.7444
a range +46800 +49200 1004 2007 0.0549
a range +46200 +49200 1005 2002 0.0364
a range +46200 +49200 2002 1005 0.0364
a range +46800 +49200 2007 1004 0.0549
a range +46800 +49200 9003 1002 1103.7444
a range +45000 +49800 1006 2004 0.054
a range +45000 +49800 2004 1006 0.054
a range +48600 +50400 1001 2006 0.0556
a range +46200 +50400 1003 2008 0.0557
a range +48600 +50400 2006 1001 0.0556
a range +46200 +50400 2008 1003 0.0557
a range +50400 +51000 1003 2007 0.0555
a range +49200 +51000 1004 9003 1104.52
a range +50400 +51000 2007 1003 0.0555
a range +49200 +51000 9003 1004 1104.52
a range +51000 +52200 1004 2011 0.029
a range +49200 +52200 1005 2021 0.0468
a range +51000 +52200 2011 1004 0.029
a range +49200 +52200 2021 1005 0.0468
a range +49200 +52800 1002 2009 0.0463
a range +51000 +52800 1003 2005 0.0237
a range +52200 +52800 1004 2008 0.055
a range +52200 +52800 1005 9003 1104.3298
a range +51000 +52800 2005 1003 0.0237
a range +52200 +52800 2008 1004 0.055
a range +49200 +52800 2009 1002 0.0463
a range +52200 +52800 9003 1005 1104.3298
a range +52800 +54000 1002 2007 0.0558
a range +52800 +54000 2007 1002 0.0558
a range +50400 +55200 1001 2012 0.0549
a range +52800 +55200 1005 2008 0.0541
a range +49800 +55200 1006 9006 1104.1161
a range +52800 +55200 2008 1005 0.0541
a range +50400 +55200 2012 1001 0.0549
a range +49800 +55200 9006 1006 1104.1161
a range +55200 +56400 1001 2010 0.0549
a range +55200 +56400 2010 1001 0.0549
a range +54000 +57000 1002 2006 0.0548
a range +52800 +57000 1003 9001 1104.6917
a range +55200 +57000 1006 9004 1104.1232
a range +54000 +57000 2006 1002 0.0548
a range +52800 +57000 9001 1003 1104.6917
a range +55200 +57000 9004 1006 1104.1232
a range +56400 +60600 1001 2023 0.0296
a range +56400 +60600 2023 1001 0.0296
a range +57000 +61800 1006 2005 0.054
a range +57000 +61800 2005 1006 0.054
a range +55200 +62400 1005 9006 1104.3298
a range +55200 +62400 9006 1005 1104.3298
a range +60600 +64200 1001 2022 0.0199
a range +61800 +64200 1006 2012 0.0413
a range +61800 +64200 2012 1006 0.0413
a range +60600 +64200 2022 1001 0.0199
a range +62400 +65400 1005 2011 0.0253
a range +62400 +65400 2011 1005 0.0253
a range +57000 +66000 1002 9001 1104.8773
a range +57000 +66000 9001 1002 1104.8773
a range +66000 +67200 1002 2018 0.0382
a range +65400 +67200 1005 2022 0.0546
a range +66000 +67200 2018 1002 0.0382
a range +65400 +67200 2022 1005 0.0546
a range +67200 +68400 1002 9001 1104.8773
a range +64200 +68400 1006 2007 0.0437
a range +64200 +68400 2007 1006 0.0437
a range +67200 +68400 9001 1002 1104.8773
a range +68400 +70200 1002 2018 0.0382
a range +52800 +70200 1004 9003 1104.52
a range +68400 +70200 2018 1002 0.0382
a range +52800 +70200 9003 1004 1104.52
a range +67200 +70800 1005 2012 0.0463
a range +68400 +70800 1006 9001 1105.068
a range +67200 +70800 2012 1005 0.0463
a range +68400 +70800 9001 1006 1105.068
a range +70800 +72000 1005 2014 0.0546
a range +70800 +72000 2014 1005 0.0546
a range +64200 +72600 1001 9006 1104.7653
a range +70200 +72600 1004 2010 0.0201
a range +70800 +72600 1006 2013 0.0542
a range +70200 +72600 2010 1004 0.0201
a range +70800 +72600 2013 1006 0.0542
a range +64200 +72600 9006 1001 1104.7653
a range +72600 +74400 1001 2003 0.044
a range +72000 +74400 1005 9001 1105.0361
a range +72600 +74400 2003 1001 0.044
a range +72000 +74400 9001 1005 1105.0361
a range +74400 +75000 1005 2016 0.0326
a range +74400 +75000 2016 1005 0.0326
a range +57000 +75600 1003 9004 1104.6917
a range +75000 +75600 1005 2011 0.0253
a range +75000 +75600 2011 1005 0.0253
a range +57000 +75600 9004 1003 1104.6917
a range +72600 +76200 1004 2014 0.0316
a range +75600 +76200 1005 9004 1105.0361
a range +72600 +76200 2014 1004 0.0316
a range +75600 +76200 9004 1005 1105.0361
a range +75600 +77400 1003 2023 0.0393
a range +75600 +77400 2023 1003 0.0393
a range +70200 +78000 1002 9003 1104.7971
a range +70200 +78000 9003 1002 1104.7971
a range +76200 +78600 1004 9004 1105.0256
a range +76200 +78600 1005 2016 0.0326
a range +72600 +78600 1006 9006 1104.7431
a range +76200 +78600 2016 1005 0.0326
a range +76200 +78600 9004 1004 1105.0256
a range +72600 +78600 9006 1006 1104.7431
a range +78000 +79200 1002 2008 0.0253
a range +78600 +79200 1004 2010 0.0201
a range +78000 +79200 2008 1002 0.0253
a range +78600 +79200 2010 1004 0.0201
a range +78600 +80400 1005 9005 1105.0433
a range +78600 +80400 9005 1005 1105.0433
a range +79200 +81600 1002 2002 0.0464
a range +79200 +81600 2002 1002 0.0464
a range +74400 +82800 1001 9001 1105.0649
a range +77400 +82800 1003 2024 0.0414
a range +80400 +82800 1005 2013 0.0491
a range +80400 +82800 2013 1005 0.0491
a range +77400 +82800 2024 1003 0.0414
a range +74400 +82800 9001 1001 1105.0649
a range +81600 +84600 1002 2023 0.0261
a range +81600 +84600 2023 1002 0.0261
a range +82800 +86400 1001 2016 0.0277
a range +84600 +86400 1002 2008 0.0253
a range +82800 +86400 1003 2018 0.035
a range +79200 +86400 1004 9002 1105.0328
a range +82800 +86400 1005 9001 1105.0361
a range +78600 +86400 1006 9004 1105.068
a range +84600 +86400 2008 1002 0.0253
a range +82800 +86400 2016 1001 0.0277
a range +82800 +86400 2018 1003 0.035
a range +82800 +86400 9001 1005 1105.0361
a range +79200 +86400 9002 1004 1105.0328
a range +78600 +86400 9004 1006 1105.068
