a contact +0 +700 1002 2018 50
a contact +0 +700 2018 1002 50
a contact +0 +1600 2025 9002 50
a contact +0 +1600 9002 2025 50
a contact +700 +2600 1002 2017 50
a contact +700 +2600 2017 1002 50
a contact +0 +3000 1001 9003 50
a contact +0 +3000 9003 1001 50
a contact +3000 +3400 1001 2001 25
a contact +3000 +3400 2001 1001 25
a contact +1600 +3900 2010 9002 50
a contact +1600 +3900 9002 2010 50
a contact +3400 +7200 1001 9003 50
a contact +3400 +7200 9003 1001 50
a contact +2800 +8500 1002 2017 50
a contact +2800 +8500 2017 1002 50
a contact +3900 +10200 2025 9002 50
a contact +3900 +10200 9002 2025 50
a contact +0 +12300 2009 9001 50
a contact +0 +12300 9001 2009 50
a contact +12300 +12800 2024 9001 50
a contact +12300 +12800 9001 2024 50
a contact +12800 +14200 2016 9001 50
a contact +12800 +14200 9001 2016 50
a contact +14200 +14300 2015 9001 50
a contact +14200 +14300 9001 2015 50
a contact +7200 +15000 1001 2021 50
a contact +7200 +15000 2021 1001 50
a contact +14300 +15300 2016 9001 50
a contact +14300 +15300 9001 2016 50
a contact +8600 +15900 1002 9003 50
a contact +8600 +15900 9003 1002 50
a contact +15000 +16500 1001 2001 25
a contact +15000 +16500 2001 1001 25
a contact +16500 +16900 1001 2021 50
a contact +16500 +16900 2021 1001 50
a contact +16900 +17900 1001 2001 25
a contact +16900 +17900 2001 1001 25
a contact +10200 +18800 2023 9002 50
a contact +10200 +18800 9002 2023 50
a contact +15900 +20900 1002 9001 50
a contact +15900 +20900 9001 1002 50
a contact +17900 +24400 1001 9003 50
a contact +17900 +24400 9003 1001 50
a contact +18800 +25500 2005 9002 50
a contact +18800 +25500 9002 2005 50
a contact +25500 +25900 2004 9002 50
a contact +25500 +25900 9002 2004 50
a contact +20900 +27000 1002 2015 50
a contact +20900 +27000 2015 1002 50
a contact +27000 +29500 1002 9003 50
a contact +27000 +29500 9003 1002 50
a contact +24400 +30400 1001 9001 50
a contact +24400 +30400 9001 1001 50
a contact +25900 +31700 2016 9002 50
a contact +25900 +31700 9002 2016 50
a contact +29500 +31800 1002 2019 50
a contact +29500 +31800 2019 1002 50
a contact +31800 +33000 1002 9001 50
a contact +31800 +33000 9001 1002 50
a contact +33000 +33100 1002 2008 50
a contact +33000 +33100 2008 1002 50
a contact +30400 +35200 1001 2013 50
a contact +30400 +35200 2013 1001 50
a contact +29800 +36200 2012 9003 50
a contact +29800 +36200 9003 2012 50
a contact +36200 +36300 2020 9003 50
a contact +36200 +36300 9003 2020 50
a contact +35200 +36800 1001 2003 25
a contact +35200 +36800 2003 1001 25
a contact +36300 +37700 2012 9003 50
a contact +36300 +37700 9003 2012 50
a contact +37700 +38400 2013 9003 50
a contact +37700 +38400 9003 2013 50
a contact +33100 +39600 1002 9001 50
a contact +33100 +39600 9001 1002 50
a contact +36800 +39800 1001 2002 25
a contact +36800 +39800 2002 1001 25
a contact +31700 +40300 2023 9002 50
a contact +31700 +40300 9002 2023 50
a contact +39800 +40600 1001 2011 50
a contact +39800 +40600 2011 1001 50
a contact +40600 +41200 1001 2003 25
a contact +40600 +41200 2003 1001 25
a contact +40300 +42200 2010 9002 50
a contact +40300 +42200 9002 2010 50
a contact +39600 +42300 1002 2001 25
a contact +39600 +42300 2001 1002 25
a contact +42300 +45200 1002 9002 50
a contact +42300 +45200 9002 1002 50
a contact +38400 +47300 2022 9003 50
a contact +38400 +47300 9003 2022 50
a contact +45200 +47400 1002 2003 25
a contact +45200 +47400 2003 1002 25
a contact +41200 +48600 1001 9001 50
a contact +41200 +48600 9001 1001 50
a contact +47400 +52400 1002 2014 50
a contact +47400 +52400 2014 1002 50
a contact +52400 +52800 1002 2003 25
a contact +52400 +52800 2003 1002 25
a contact +48600 +53900 1001 9002 50
a contact +48600 +53900 9002 1001 50
a contact +53900 +55100 1001 2026 50
a contact +53900 +55100 2026 1001 50
a contact +52800 +55400 1002 2013 50
a contact +52800 +55400 2013 1002 50
a contact +47300 +56100 2006 9003 50
a contact +47300 +56100 9003 2006 50
a contact +55400 +56300 1002 2002 25
a contact +55400 +56300 2002 1002 25
a contact +55100 +57800 1001 2010 50
a contact +55100 +57800 2010 1001 50
a contact +56100 +58500 2014 9003 50
a contact +56100 +58500 9003 2014 50
a contact +51900 +59700 2028 9001 50
a contact +51900 +59700 9001 2028 50
a contact +57800 +62300 1001 2019 50
a contact +57800 +62300 2019 1001 50
a contact +62300 +62700 1001 2010 50
a contact +62300 +62700 2010 1001 50
a contact +58500 +62700 2011 9003 50
a contact +58500 +62700 9003 2011 50
a contact +56300 +63900 1002 9002 50
a contact +56300 +63900 9002 1002 50
a contact +63900 +64500 1002 2014 50
a contact +63900 +64500 2014 1002 50
a contact +62700 +65000 1001 2019 50
a contact +62700 +65000 2019 1001 50
a contact +65000 +65500 1001 2001 25
a contact +65000 +65500 2001 1001 25
a contact +59700 +70800 2007 9001 50
a contact +59700 +70800 9001 2007 50
a contact +62700 +71300 2027 9003 50
a contact +62700 +71300 9003 2027 50
a contact +64500 +72100 1002 2020 50
a contact +64500 +72100 2020 1002 50
a contact +72100 +72900 1002 2015 50
a contact +72100 +72900 2015 1002 50
a contact +65500 +73000 1001 9002 50
a contact +65500 +73000 9002 1001 50
a contact +73000 +73400 1001 2003 25
a contact +72900 +73400 1002 2001 25
a contact +72900 +73400 2001 1002 25
a contact +73000 +73400 2003 1001 25
a contact +70800 +74100 2026 9001 50
a contact +70800 +74100 9001 2026 50
a contact +73400 +74600 1002 2015 50
a contact +73400 +74600 2015 1002 50
a contact +73400 +75600 1001 2017 50
a contact +73400 +75600 2017 1001 50
a contact +74600 +78000 1002 9002 50
a contact +74600 +78000 9002 1002 50
a contact +71300 +78200 2024 9003 50
a contact +71300 +78200 9003 2024 50
a contact +75600 +78800 1001 2002 25
a contact +78000 +78800 1002 2003 25
a contact +75600 +78800 2002 1001 25
a contact +78000 +78800 2003 1002 25
a contact +74100 +81100 2004 9001 50
a contact +74100 +81100 9001 2004 50
a contact +78800 +82000 1002 2011 50
a contact +78800 +82000 2011 1002 50
a contact +81100 +84700 2026 9001 50
a contact +81100 +84700 9001 2026 50
a contact +78800 +86400 1001 2018 50
a contact +82400 +86400 1002 9003 50
a contact +84700 +86400 2005 9001 50
a contact +78400 +86400 2008 9002 50
a contact +78800 +86400 2018 1001 50
a contact +84700 +86400 9001 2005 50
a contact +78400 +86400 9002 2008 50
a contact +82400 +86400 9003 1002 50

a range +0 +700 1002 2018 1102.2516
a range +0 +700 2018 1002 1102.2516
a range +0 +1600 2025 9002 1103.3658
a range +0 +1600 9002 2025 1103.3658
a range +700 +2600 1002 2017 1102.2509
a range +700 +2600 2017 1002 1102.2509
a range +0 +3000 1001 9003 0.0593
a range +0 +3000 9003 1001 0.0593
a range +3000 +3400 1001 2001 1102.6952
a range +3000 +3400 2001 1001 1102.6952
a range +1600 +3900 2010 9002 1102.2664
a range +1600 +3900 9002 2010 1102.2664
a range +3400 +7200 1001 9003 0.0593
a range +3400 +7200 9003 1001 0.0593
a range +2800 +8500 1002 2017 1102.2509
a range +2800 +8500 2017 1002 1102.2509
a range +3900 +10200 2025 9002 1103.3658
a range +3900 +10200 9002 2025 1103.3658
a range +0 +12300 2009 9001 1102.3525
a range +0 +12300 9001 2009 1102.3525
a range +12300 +12800 2024 9001 1102.3415
a range +12300 +12800 9001 2024 1102.3415
a range +12800 +14200 2016 9001 1102.3516
a range +12800 +14200 9001 2016 1102.3516
a range +14200 +14300 2015 9001 1102.3349
a range +14200 +14300 9001 2015 1102.3349
a range +7200 +15000 1001 2021 1102.6562
a range +7200 +15000 2021 1001 1102.6562
a range +14300 +15300 2016 9001 1102.3516
a range +14300 +15300 9001 2016 1102.3516
a range +8600 +15900 1002 9003 0.0592
a range +8600 +15900 9003 1002 0.0592
a range +15000 +16500 1001 2001 1102.6952
a range +15000 +16500 2001 1001 1102.6952
a range +16500 +16900 1001 2021 1102.6562
a range +16500 +16900 2021 1001 1102.6562
a range +16900 +17900 1001 2001 1102.6952
a range +16900 +17900 2001 1001 1102.6952
a range +10200 +18800 2023 9002 1103.3683
a range +10200 +18800 9002 2023 1103.3683
a range +15900 +20900 1002 9001 0.0591
a range +15900 +20900 9001 1002 0.0591
a range +17900 +24400 1001 9003 0.0591
a range +17900 +24400 9003 1001 0.0591
a range +18800 +25500 2005 9002 1103.3723
a range +18800 +25500 9002 2005 1103.3723
a range +25500 +25900 2004 9002 1103.364
a range +25500 +25900 9002 2004 1103.364
a range +20900 +27000 1002 2015 1103.1532
a range +20900 +27000 2015 1002 1103.1532
a range +27000 +29500 1002 9003 0.0595
a range +27000 +29500 9003 1002 0.0595
a range +24400 +30400 1001 9001 0.0595
a range +24400 +30400 9001 1001 0.0595
a range +25900 +31700 2016 9002 1103.1271
a range +25900 +31700 9002 2016 1103.1271
a range +29500 +31800 1002 2019 1103.1306
a range +29500 +31800 2019 1002 1103.1306
a range +31800 +33000 1002 9001 0.0594
a range +31800 +33000 9001 1002 0.0594
a range +33000 +33100 1002 2008 1103.1535
a range +33000 +33100 2008 1002 1103.1535
a range +30400 +35200 1001 2013 1103.4387
a range +30400 +35200 2013 1001 1103.4387
a range +29800 +36200 2012 9003 1103.5142
a range +29800 +36200 9003 2012 1103.5142
a range +36200 +36300 2020 9003 1103.4311
a range +36200 +36300 9003 2020 1103.4311
a range +35200 +36800 1001 2003 1103.5942
a range +35200 +36800 2003 1001 1103.5942
a range +36300 +37700 2012 9003 1103.5142
a range +36300 +37700 9003 2012 1103.5142
a range +37700 +38400 2013 9003 1103.4123
a range +37700 +38400 9003 2013 1103.4123
a range +33100 +39600 1002 9001 0.0594
a range +33100 +39600 9001 1002 0.0594
a range +36800 +39800 1001 2002 1103.5919
a range +36800 +39800 2002 1001 1103.5919
a range +31700 +40300 2023 9002 1103.3683
a range +31700 +40300 9002 2023 1103.3683
a range +39800 +40600 1001 2011 1103.6106
a range +39800 +40600 2011 1001 1103.6106
a range +40600 +41200 1001 2003 1103.5942
a range +40600 +41200 2003 1001 1103.5942
a range +40300 +42200 2010 9002 1103.3495
a range +40300 +42200 9002 2010 1103.3495
a range +39600 +42300 1002 2001 1104.0619
a range +39600 +42300 2001 1002 1104.0619
a range +42300 +45200 1002 9002 0.0592
a range +42300 +45200 9002 1002 0.0592
a range +38400 +47300 2022 9003 1104.7658
a range +38400 +47300 9003 2022 1104.7658
a range +45200 +47400 1002 2003 1104.0467
a range +45200 +47400 2003 1002 1104.0467
a range +41200 +48600 1001 9001 0.0593
a range +41200 +48600 9001 1001 0.0593
a range +47400 +52400 1002 2014 1104.071
a range +47400 +52400 2014 1002 1104.071
a range +52400 +52800 1002 2003 1104.0467
a range +52400 +52800 2003 1002 1104.0467
a range +48600 +53900 1001 9002 0.0591
a range +48600 +53900 9002 1001 0.0591
a range +53900 +55100 1001 2026 1104.5069
a range +53900 +55100 2026 1001 1104.5069
a range +52800 +55400 1002 2013 1104.0539
a range +52800 +55400 2013 1002 1104.0539
a range +47300 +56100 2006 9003 1104.7626
a range +47300 +56100 9003 2006 1104.7626
a range +55400 +56300 1002 2002 1104.0557
a range +55400 +56300 2002 1002 1104.0557
a range +55100 +57800 1001 2010 1104.5148
a range +55100 +57800 2010 1001 1104.5148
a range +56100 +58500 2014 9003 1104.0329
a range +56100 +58500 9003 2014 1104.0329
a range +51900 +59700 2028 9001 1105.0515
a range +51900 +59700 9001 2028 1105.0515
a range +57800 +62300 1001 2019 1104.2625
a range +57800 +62300 2019 1001 1104.2625
a range +62300 +62700 1001 2010 1104.5148
a range +62300 +62700 2010 1001 1104.5148
a range +58500 +62700 2011 9003 1104.3473
a range +58500 +62700 9003 2011 1104.3473
a range +56300 +63900 1002 9002 0.0595
a range +56300 +63900 9002 1002 0.0595
a range +63900 +64500 1002 2014 1104.7824
a range +63900 +64500 2014 1002 1104.7824
a range +62700 +65000 1001 2019 1104.2625
a range +62700 +65000 2019 1001 1104.2625
a range +65000 +65500 1001 2001 1104.5018
a range +65000 +65500 2001 1001 1104.5018
a range +59700 +70800 2007 9001 1105.0498
a range +59700 +70800 9001 2007 1105.0498
a range +62700 +71300 2027 9003 1104.7618
a range +62700 +71300 9003 2027 1104.7618
a range +64500 +72100 1002 2020 1104.9415
a range +64500 +72100 2020 1002 1104.9415
a range +72100 +72900 1002 2015 1104.6638
a range +72100 +72900 2015 1002 1104.6638
a range +65500 +73000 1001 9002 0.0594
a range +65500 +73000 9002 1001 0.0594
a range +73000 +73400 1001 2003 1105.0337
a range +72900 +73400 1002 2001 1104.9537
a range +72900 +73400 2001 1002 1104.9537
a range +73000 +73400 2003 1001 1105.0337
a range +70800 +74100 2026 9001 1105.0643
a range +70800 +74100 9001 2026 1105.0643
a range +73400 +74600 1002 2015 1104.6638
a range +73400 +74600 2015 1002 1104.6638
a range +73400 +75600 1001 2017 1105.0384
a range +73400 +75600 2017 1001 1105.0384
a range +74600 +78000 1002 9002 0.0593
a range +74600 +78000 9002 1002 0.0593
a range +71300 +78200 2024 9003 1104.7531
a range +71300 +78200 9003 2024 1104.7531
a range +75600 +78800 1001 2002 1105.0248
a range +78000 +78800 1002 2003 1104.9475
a range +75600 +78800 2002 1001 1105.0248
a range +78000 +78800 2003 1002 1104.9475
a range +74100 +81100 2004 9001 1105.0676
a range +74100 +81100 9001 2004 1105.0676
a range +78800 +82000 1002 2011 1104.9529
a range +78800 +82000 2011 1002 1104.9529
a range +81100 +84700 2026 9001 1105.0643
a range +81100 +84700 9001 2026 1105.0643
a range +78800 +86400 1001 2018 1105.0509
a range +82400 +86400 1002 9003 0.0435
a range +84700 +86400 2005 9001 1105.066
a range +78400 +86400 2008 9002 1105.0424
a range +78800 +86400 2018 1001 1105.0509
a range +84700 +86400 9001 2005 1105.066
a range +78400 +86400 9002 2008 1105.0424
a range +82400 +86400 9003 1002 0.0435
