a contact +0 +600 1001 9003 1200
a contact +0 +600 9003 1001 1200
a contact +600 +1200 1001 9003 1200
a contact +600 +1200 9003 1001 1200
a contact +1200 +2400 1001 9003 1200
a contact +0 +2400 1005 2005 50
a contact +0 +2400 2005 1005 50
a contact +1200 +2400 9003 1001 1200
a contact +0 +4200 2019 9001 50
a contact +0 +4200 9001 2019 50
a contact +0 +4800 1003 2022 50
a contact +0 +4800 1004 2031 50
a contact +0 +4800 1005 2004 50
a contact +2400 +4800 1005 2001 50
a contact +2400 +4800 2001 1005 50
a contact +0 +4800 2004 1005 50
a contact +0 +4800 2022 1003 50
a contact +0 +4800 2031 1004 50
a contact +0 +5400 1002 2034 50
a contact +4800 +5400 1003 2031 50
a contact +4800 +5400 2031 1003 50
a contact +0 +5400 2034 1002 50
a contact +2400 +6000 1001 2008 50
a contact +5400 +6000 1003 2014 50
a contact +2400 +6000 2008 1001 50
a contact +5400 +6000 2014 1003 50
a contact +0 +6000 2032 9002 50
a contact +0 +6000 9002 2032 50
a contact +0 +7200 1003 2017 50
a contact +4800 +7200 1005 9003 1200
a contact +0 +7200 2017 1003 50
a contact +4800 +7200 9003 1005 1200
a contact +2400 +7800 1001 2030 50
a contact +2400 +7800 2030 1001 50
a contact +6000 +8400 1001 2013 50
a contact +5400 +8400 1002 2020 50
a contact +6000 +8400 1003 2022 50
a contact +6000 +8400 2005 9002 50
a contact +6000 +8400 2013 1001 50
a contact +5400 +8400 2020 1002 50
a contact +6000 +8400 2022 1003 50
a contact +6000 +8400 9002 2005 50
a contact +0 +9600 1004 2029 50
a contact +4800 +9600 1004 2009 50
a contact +4800 +9600 2009 1004 50
a contact +4200 +9600 2027 9001 50
a contact +0 +9600 2029 1004 50
a contact +4200 +9600 9001 2027 50
a contact +8400 +11400 1002 2019 50
a contact +8400 +11400 2019 1002 50
a contact +9600 +12000 1004 9003 1200
a contact +9600 +12000 9003 1004 1200
a contact +0 +12600 1002 2015 50
a contact +0 +12600 2015 1002 50
a contact +7800 +13200 1001 2014 50
a contact +11400 +13200 1002 2020 50
a contact +7800 +13200 2014 1001 50
a contact +11400 +13200 2020 1002 50
a contact +8400 +13800 1001 2002 50
a contact +7200 +13800 1003 2036 50
a contact +8400 +13800 1003 2005 50
a contact +8400 +13800 2002 1001 50
a contact +8400 +13800 2005 1003 50
a contact +7200 +13800 2036 1003 50
a contact +12600 +15000 1002 2008 50
a contact +13800 +15000 1003 9003 1200
a contact +12000 +15000 1004 2029 50
a contact +12600 +15000 2008 1002 50
a contact +12000 +15000 2029 1004 50
a contact +13800 +15000 9003 1003 1200
a contact +13800 +15600 1001 2036 50
a contact +15000 +15600 1003 9003 1200
a contact +9600 +15600 2007 9001 50
a contact +13800 +15600 2036 1001 50
a contact +9600 +15600 9001 2007 50
a contact +15000 +15600 9003 1003 1200
a contact +7200 +16200 1005 2033 50
a contact +7200 +16200 2033 1005 50
a contact +13200 +16800 1001 2022 50
a contact +13200 +16800 1002 2035 50
a contact +15600 +16800 1003 9003 1200
a contact +15600 +16800 1003 9001 1200
a contact +15000 +16800 1004 2010 50
a contact +7200 +16800 1005 2026 50
a contact +15000 +16800 2010 1004 50
a contact +13200 +16800 2022 1001 50
a contact +7200 +16800 2026 1005 50
a contact +13200 +16800 2035 1002 50
a contact +15600 +16800 9001 1003 1200
a contact +15600 +16800 9003 1003 1200
a contact +16800 +18600 1002 2019 50
a contact +15000 +18600 1002 2016 50
a contact +15000 +18600 2016 1002 50
a contact +16800 +18600 2019 1002 50
a contact +12000 +19200 1004 2011 50
a contact +12000 +19200 2011 1004 50
a contact +19200 +21000 1002 9001 1200
a contact +18600 +21000 1002 9003 1200
a contact +19200 +21000 9001 1002 1200
a contact +18600 +21000 9003 1002 1200
a contact +16800 +22800 1003 2034 50
a contact +8400 +22800 2018 9002 50
a contact +16800 +22800 2034 1003 50
a contact +8400 +22800 9002 2018 50
a contact +15600 +23400 1001 2017 50
a contact +16800 +23400 1001 2004 50
a contact +16800 +23400 2004 1001 50
a contact +15600 +23400 2017 1001 50
a contact +23400 +24000 1001 9001 1200
a contact +22800 +24000 1003 2026 50
a contact +16800 +24000 1004 2032 50
a contact +19200 +24000 1004 2023 50
a contact +19200 +24000 2023 1004 50
a contact +22800 +24000 2026 1003 50
a contact +16800 +24000 2032 1004 50
a contact +23400 +24000 9001 1001 1200
a contact +23400 +24600 1001 9003 1200
a contact +16200 +24600 1005 2008 50
a contact +16200 +24600 2008 1005 50
a contact +23400 +24600 9003 1001 1200
a contact +21600 +25200 1002 2031 50
a contact +16800 +25200 1003 2009 50
a contact +16800 +25200 2009 1003 50
a contact +21600 +25200 2031 1002 50
a contact +24000 +25800 1004 2013 50
a contact +24000 +25800 2013 1004 50
a contact +25200 +26400 1001 9001 1200
a contact +25200 +26400 9001 1001 1200
a contact +26400 +27600 1001 2023 50
a contact +25200 +27600 1003 2008 50
a contact +24000 +27600 1003 2001 50
a contact +24000 +27600 2001 1003 50
a contact +25200 +27600 2008 1003 50
a contact +26400 +27600 2023 1001 50
a contact +26400 +28200 1001 2012 50
a contact +25200 +28200 1002 2036 50
a contact +24600 +28200 1005 2004 50
a contact +16800 +28200 1005 2021 50
a contact +24600 +28200 2004 1005 50
a contact +26400 +28200 2012 1001 50
a contact +22800 +28200 2016 9002 50
a contact +16800 +28200 2021 1005 50
a contact +25200 +28200 2036 1002 50
a contact +22800 +28200 9002 2016 50
a contact +28200 +28800 1005 9003 1200
a contact +28200 +28800 9003 1005 1200
a contact +28800 +29400 1005 9001 1200
a contact +28800 +29400 9001 1005 1200
a contact +27600 +30600 1001 2001 50
a contact +27600 +30600 2001 1001 50
a contact +29400 +31200 1005 9001 1200
a contact +29400 +31200 9001 1005 1200
a contact +28200 +32400 1001 2024 50
a contact +28200 +32400 2024 1001 50
a contact +28200 +33000 1002 2021 50
a contact +24000 +33000 1004 2034 50
a contact +25800 +33000 1004 2002 50
a contact +25800 +33000 2002 1004 50
a contact +28200 +33000 2021 1002 50
a contact +24000 +33000 2034 1004 50
a contact +30600 +33600 1001 2013 50
a contact +30600 +33600 2013 1001 50
a contact +32400 +34800 1001 2033 50
a contact +33600 +34800 1001 2034 50
a contact +32400 +34800 2033 1001 50
a contact +33600 +34800 2034 1001 50
a contact +33000 +35400 1002 2012 50
a contact +27600 +35400 1003 2020 50
a contact +33000 +35400 1004 9001 1200
a contact +30000 +35400 2007 9003 50
a contact +33000 +35400 2012 1002 50
a contact +27600 +35400 2020 1003 50
a contact +33000 +35400 9001 1004 1200
a contact +30000 +35400 9003 2007 50
a contact +28200 +36000 2022 9002 50
a contact +28200 +36000 9002 2022 50
a contact +27600 +37800 1003 2003 50
a contact +35400 +37800 1003 2024 50
a contact +27600 +37800 2003 1003 50
a contact +35400 +37800 2024 1003 50
a contact +36000 +38400 2034 9002 50
a contact +36000 +38400 9002 2034 50
a contact +21600 +39000 1002 2029 50
a contact +21600 +39000 2029 1002 50
a contact +34800 +39600 1001 2025 50
a contact +34800 +39600 2025 1001 50
a contact +37800 +40200 1003 9001 1200
a contact +37800 +40200 9001 1003 1200
a contact +35400 +42000 1002 2017 50
a contact +39000 +42000 1002 2014 50
a contact +39000 +42000 2014 1002 50
a contact +35400 +42000 2017 1002 50
a contact +34800 +42600 1001 2016 50
a contact +39600 +42600 1001 2003 50
a contact +35400 +42600 1004 2026 50
a contact +39600 +42600 2003 1001 50
a contact +38400 +42600 2005 9002 50
a contact +34800 +42600 2016 1001 50
a contact +35400 +42600 2026 1004 50
a contact +38400 +42600 9002 2005 50
a contact +43200 +43800 1002 9002 1200
a contact +42000 +43800 1002 9001 1200
a contact +35400 +43800 2031 9003 50
a contact +42000 +43800 9001 1002 1200
a contact +43200 +43800 9002 1002 1200
a contact +35400 +43800 9003 2031 50
a contact +42600 +44400 1001 2018 50
a contact +43800 +44400 1002 9001 1200
a contact +43800 +44400 1002 9002 1200
a contact +42600 +44400 2018 1001 50
a contact +43800 +44400 9001 1002 1200
a contact +43800 +44400 9002 1002 1200
a contact +44400 +45000 1002 9001 1200
a contact +31200 +45000 1005 2001 50
a contact +31200 +45000 2001 1005 50
a contact +43800 +45000 2003 9003 50
a contact +44400 +45000 9001 1002 1200
a contact +43800 +45000 9003 2003 50
a contact +42600 +45600 1001 2024 50
a contact +42600 +45600 2024 1001 50
a contact +44400 +46800 1001 2020 50
a contact +45600 +46800 1001 2018 50
a contact +45600 +46800 2018 1001 50
a contact +44400 +46800 2020 1001 50
a contact +46800 +47400 1001 9001 1200
a contact +35400 +47400 1004 2035 50
a contact +42600 +47400 1004 2027 50
a contact +42600 +47400 2027 1004 50
a contact +35400 +47400 2035 1004 50
a contact +46800 +47400 9001 1001 1200
a contact +48000 +49800 1001 9002 1200
a contact +31200 +49800 1005 2028 50
a contact +45000 +49800 2022 9003 50
a contact +31200 +49800 2028 1005 50
a contact +48000 +49800 9002 1001 1200
a contact +45000 +49800 9003 2022 50
a contact +40200 +50400 1003 2023 50
a contact +47400 +50400 1004 2012 50
a contact +47400 +50400 2012 1004 50
a contact +40200 +50400 2023 1003 50
a contact +45000 +51000 1002 2036 50
a contact +45000 +51000 2036 1002 50
a contact +45000 +51600 1005 2030 50
a contact +49800 +51600 1005 2026 50
a contact +49800 +51600 2026 1005 50
a contact +45000 +51600 2030 1005 50
a contact +40200 +53400 1003 2025 50
a contact +40200 +53400 2025 1003 50
a contact +45000 +54000 1002 2007 50
a contact +45000 +54000 2007 1002 50
a contact +49800 +54600 1001 2024 50
a contact +54000 +54600 1002 2018 50
a contact +52200 +54600 1005 9002 1200
a contact +54000 +54600 2018 1002 50
a contact +49800 +54600 2024 1001 50
a contact +52200 +54600 9002 1005 1200
a contact +51000 +55800 1002 2008 50
a contact +51000 +55800 2008 1002 50
a contact +54600 +56400 1002 2016 50
a contact +50400 +56400 1003 2011 50
a contact +47400 +56400 1004 2010 50
a contact +50400 +56400 1004 2033 50
a contact +47400 +56400 2010 1004 50
a contact +50400 +56400 2011 1003 50
a contact +54600 +56400 2016 1002 50
a contact +50400 +56400 2033 1004 50
a contact +54600 +57000 1001 2004 50
a contact +54600 +57000 2004 1001 50
a contact +55800 +57600 1002 2025 50
a contact +55800 +57600 2025 1002 50
a contact +56400 +58200 1004 9002 1200
a contact +54600 +58200 1005 2003 50
a contact +54600 +58200 2003 1005 50
a contact +56400 +58200 9002 1004 1200
a contact +58200 +58800 1004 9002 1200
a contact +58200 +58800 9002 1004 1200
a contact +57600 +59400 1002 2002 50
a contact +58800 +59400 1004 9002 1200
a contact +57600 +59400 2002 1002 50
a contact +58800 +59400 9002 1004 1200
a contact +53400 +60000 1003 2012 50
a contact +53400 +60000 2012 1003 50
a contact +60000 +61200 1003 2011 50
a contact +56400 +61200 1003 2019 50
a contact +60000 +61200 2011 1003 50
a contact +56400 +61200 2019 1003 50
a contact +57000 +62400 1001 2031 50
a contact +57000 +62400 2031 1001 50
a contact +61200 +63000 1003 9002 1200
a contact +61200 +63000 9002 1003 1200
a contact +59400 +63600 1002 2004 50
a contact +63000 +63600 1003 9002 1200
a contact +59400 +63600 2004 1002 50
a contact +63000 +63600 9002 1003 1200
a contact +62400 +64200 1001 2002 50
a contact +56400 +64200 1002 2010 50
a contact +59400 +64200 1004 2020 50
a contact +62400 +64200 2002 1001 50
a contact +56400 +64200 2010 1002 50
a contact +59400 +64200 2020 1004 50
a contact +63600 +64800 1002 2016 50
a contact +63600 +64800 2016 1002 50
a contact +49800 +65400 2028 9003 50
a contact +49800 +65400 9003 2028 50
a contact +64800 +66000 1002 2008 50
a contact +64200 +66000 1002 2012 50
a contact +63600 +66000 1003 2026 50
a contact +64800 +66000 2008 1002 50
a contact +64200 +66000 2012 1002 50
a contact +63600 +66000 2026 1003 50
a contact +64200 +66600 1001 2001 50
a contact +66000 +66600 1003 2020 50
a contact +58200 +66600 1005 2015 50
a contact +64200 +66600 2001 1001 50
a contact +58200 +66600 2015 1005 50
a contact +66000 +66600 2020 1003 50
a contact +66000 +67800 1002 9002 1200
a contact +66000 +67800 9002 1002 1200
a contact +67800 +68400 1002 9002 1200
a contact +59400 +68400 1004 2014 50
a contact +59400 +68400 2014 1004 50
a contact +67800 +68400 9002 1002 1200
a contact +49800 +69600 1001 2006 50
a contact +66600 +69600 1005 2020 50
a contact +49800 +69600 2006 1001 50
a contact +66600 +69600 2020 1005 50
a contact +66600 +70200 1001 2011 50
a contact +66600 +70200 2011 1001 50
a contact +69600 +70800 1001 2001 50
a contact +70200 +70800 1001 2006 50
a contact +69600 +70800 2001 1001 50
a contact +70200 +70800 2006 1001 50
a contact +52200 +71400 2030 9001 50
a contact +52200 +71400 9001 2030 50
a contact +68400 +72000 1004 2012 50
a contact +68400 +72000 2012 1004 50
a contact +70800 +73200 1001 9002 1200
a contact +68400 +73200 1002 2014 50
a contact +66600 +73200 1003 2023 50
a contact +69600 +73200 1005 2007 50
a contact +54600 +73200 1005 2005 50
a contact +54600 +73200 2005 1005 50
a contact +69600 +73200 2007 1005 50
a contact +68400 +73200 2014 1002 50
a contact +66600 +73200 2023 1003 50
a contact +65400 +73200 2032 9003 50
a contact +70800 +73200 9002 1001 1200
a contact +65400 +73200 9003 2032 50
a contact +73200 +75000 1005 2029 50
a contact +73200 +75000 1005 2011 50
a contact +73200 +75000 2011 1005 50
a contact +73200 +75000 2029 1005 50
a contact +73200 +75600 1003 2004 50
a contact +73200 +75600 2004 1003 50
a contact +72000 +76200 1004 2006 50
a contact +75000 +76200 1005 9002 1200
a contact +72000 +76200 2006 1004 50
a contact +75000 +76200 9002 1005 1200
a contact +68400 +76800 1002 2021 50
a contact +76200 +76800 1005 9002 1200
a contact +68400 +76800 2021 1002 50
a contact +76200 +76800 9002 1005 1200
a contact +63600 +77400 1003 2035 50
a contact +63600 +77400 2035 1003 50
a contact +73200 +78000 1001 2027 50
a contact +73200 +78000 2027 1001 50
a contact +73200 +78600 1001 2036 50
a contact +73200 +78600 2033 9003 50
a contact +73200 +78600 2036 1001 50
a contact +73200 +78600 9003 2033 50
a contact +73200 +79200 1002 2002 50
a contact +73200 +79200 2002 1002 50
a contact +77400 +79800 1003 2004 50
a contact +64200 +79800 1004 2013 50
a contact +76200 +79800 1004 2012 50
a contact +77400 +79800 2004 1003 50
a contact +76200 +79800 2012 1004 50
a contact +64200 +79800 2013 1004 50
a contact +81000 +81600 1004 9003 1200
a contact +71400 +81600 2009 9001 50
a contact +71400 +81600 9001 2009 50
a contact +81000 +81600 9003 1004 1200
a contact +78600 +82200 1001 2011 50
a contact +78000 +82200 1005 2029 50
a contact +78600 +82200 2011 1001 50
a contact +78000 +82200 2029 1005 50
a contact +81600 +82800 1004 9003 1200
a contact +81600 +82800 9003 1004 1200
a contact +78000 +83400 1001 2018 50
a contact +79200 +83400 1002 2010 50
a contact +79200 +83400 2010 1002 50
a contact +78000 +83400 2018 1001 50
a contact +82200 +84600 1001 2032 50
a contact +75600 +84600 1003 2019 50
a contact +79800 +84600 1003 2035 50
a contact +82800 +84600 1004 2015 50
a contact +82800 +84600 2015 1004 50
a contact +75600 +84600 2019 1003 50
a contact +82200 +84600 2032 1001 50
a contact +79800 +84600 2035 1003 50
a contact +78000 +85800 1005 2026 50
a contact +78000 +85800 2026 1005 50
a contact +84600 +86400 1001 2008 50
a contact +83400 +86400 1001 2016 50
a contact +76800 +86400 1002 2024 50
a contact +83400 +86400 1002 2025 50
a contact +84600 +86400 1003 9003 1200
a contact +84600 +86400 1004 2017 50
a contact +82800 +86400 1004 2036 50
a contact +82200 +86400 1005 2028 50
a contact +85800 +86400 1005 2002 50
a contact +85800 +86400 2002 1005 50
a contact +81600 +86400 2003 9001 50
a contact +84600 +86400 2008 1001 50
a contact +83400 +86400 2016 1001 50
a contact +84600 +86400 2017 1004 50
a contact +76800 +86400 2024 1002 50
a contact +83400 +86400 2025 1002 50
a contact +78600 +86400 2027 9002 50
a contact +82200 +86400 2028 1005 50
a contact +82800 +86400 2036 1004 50
a contact +81600 +86400 9001 2003 50
a contact +78600 +86400 9002 2027 50
a contact +84600 +86400 9003 1003 1200

a range +0 +600 1001 9003 0.0593
a range +0 +600 9003 1001 0.0593
a range +600 +1200 1001 9003 0.0593
a range +600 +1200 9003 1001 0.0593
a range +1200 +2400 1001 9003 0.0593
a range +0 +2400 1005 2005 1101.9704
a range +0 +2400 2005 1005 1101.9704
a range +1200 +2400 9003 1001 0.0593
a range +0 +4200 2019 9001 1102.3244
a range +0 +4200 9001 2019 1102.3244
a range +0 +4800 1003 2022 1102.3363
a range +0 +4800 1004 2031 1102.161
a range +0 +4800 1005 2004 1101.9738
a range +2400 +4800 1005 2001 1101.9927
a range +2400 +4800 2001 1005 1101.9927
a range +0 +4800 2004 1005 1101.9738
a range +0 +4800 2022 1003 1102.3363
a range +0 +4800 2031 1004 1102.161
a range +0 +5400 1002 2034 1102.5073
a range +4800 +5400 1003 2031 1102.3307
a range +4800 +5400 2031 1003 1102.3307
a range +0 +5400 2034 1002 1102.5073
a range +2400 +6000 1001 2008 1102.6964
a range +5400 +6000 1003 2014 1102.349
a range +2400 +6000 2008 1001 1102.6964
a range +5400 +6000 2014 1003 1102.349
a range +0 +6000 2032 9002 1103.3849
a range +0 +6000 9002 2032 1103.3849
a range +0 +7200 1003 2017 1102.0418
a range +4800 +7200 1005 9003 0.0623
a range +0 +7200 2017 1003 1102.0418
a range +4800 +7200 9003 1005 0.0623
a range +2400 +7800 1001 2030 1102.7037
a range +2400 +7800 2030 1001 1102.7037
a range +6000 +8400 1001 2013 1102.3831
a range +5400 +8400 1002 2020 1102.5233
a range +6000 +8400 1003 2022 1102.3363
a range +6000 +8400 2005 9002 1103.3845
a range +6000 +8400 2013 1001 1102.3831
a range +5400 +8400 2020 1002 1102.5233
a range +6000 +8400 2022 1003 1102.3363
a range +6000 +8400 9002 2005 1103.3845
a range +0 +9600 1004 2029 1102.161
a range +4800 +9600 1004 2009 1102.1737
a range +4800 +9600 2009 1004 1102.1737
a range +4200 +9600 2027 9001 1102.3234
a range +0 +9600 2029 1004 1102.161
a range +4200 +9600 9001 2027 1102.3234
a range +8400 +11400 1002 2019 1102.5074
a range +8400 +11400 2019 1002 1102.5074
a range +9600 +12000 1004 9003 0.0618
a range +9600 +12000 9003 1004 0.0618
a range +0 +12600 1002 2015 1102.2289
a range +0 +12600 2015 1002 1102.2289
a range +7800 +13200 1001 2014 1102.2936
a range +11400 +13200 1002 2020 1102.5233
a range +7800 +13200 2014 1001 1102.2936
a range +11400 +13200 2020 1002 1102.5233
a range +8400 +13800 1001 2002 1102.7101
a range +7200 +13800 1003 2036 1102.3218
a range +8400 +13800 1003 2005 1102.3373
a range +8400 +13800 2002 1001 1102.7101
a range +8400 +13800 2005 1003 1102.3373
a range +7200 +13800 2036 1003 1102.3218
a range +12600 +15000 1002 2008 1102.5022
a range +13800 +15000 1003 9003 0.0613
a range +12000 +15000 1004 2029 1103.062
a range +12600 +15000 2008 1002 1102.5022
a range +12000 +15000 2029 1004 1103.062
a range +13800 +15000 9003 1003 0.0613
a range +13800 +15600 1001 2036 1102.7033
a range +15000 +15600 1003 9003 0.0613
a range +9600 +15600 2007 9001 1102.3476
a range +13800 +15600 2036 1001 1102.7033
a range +9600 +15600 9001 2007 1102.3476
a range +15000 +15600 9003 1003 0.0613
a range +7200 +16200 1005 2033 1102.8836
a range +7200 +16200 2033 1005 1102.8836
a range +13200 +16800 1001 2022 1102.6959
a range +13200 +16800 1002 2035 1102.5049
a range +15600 +16800 1003 9003 0.0613
a range +15600 +16800 1003 9001 0.0611
a range +15000 +16800 1004 2010 1102.6374
a range +7200 +16800 1005 2026 1102.907
a range +15000 +16800 2010 1004 1102.6374
a range +13200 +16800 2022 1001 1102.6959
a range +7200 +16800 2026 1005 1102.907
a range +13200 +16800 2035 1002 1102.5049
a range +15600 +16800 9001 1003 0.0611
a range +15600 +16800 9003 1003 0.0613
a range +16800 +18600 1002 2019 1102.5074
a range +15000 +18600 1002 2016 1102.4963
a range +15000 +18600 2016 1002 1102.4963
a range +16800 +18600 2019 1002 1102.5074
a range +12000 +19200 1004 2011 1102.5386
a range +12000 +19200 2011 1004 1102.5386
a range +19200 +21000 1002 9001 0.0606
a range +18600 +21000 1002 9003 0.0608
a range +19200 +21000 9001 1002 0.0606
a range +18600 +21000 9003 1002 0.0608
a range +16800 +22800 1003 2034 1103.2535
a range +8400 +22800 2018 9002 1102.7694
a range +16800 +22800 2034 1003 1103.2535
a range +8400 +22800 9002 2018 1102.7694
a range +15600 +23400 1001 2017 1102.6937
a range +16800 +23400 1001 2004 1102.6981
a range +16800 +23400 2004 1001 1102.6981
a range +15600 +23400 2017 1001 1102.6937
a range +23400 +24000 1001 9001 0.0601
a range +22800 +24000 1003 2026 1102.8513
a range +16800 +24000 1004 2032 1103.0754
a range +19200 +24000 1004 2023 1103.0836
a range +19200 +24000 2023 1004 1103.0836
a range +22800 +24000 2026 1003 1102.8513
a range +16800 +24000 2032 1004 1103.0754
a range +23400 +24000 9001 1001 0.0601
a range +23400 +24600 1001 9003 0.0602
a range +16200 +24600 1005 2008 1102.8954
a range +16200 +24600 2008 1005 1102.8954
a range +23400 +24600 9003 1001 0.0602
a range +21600 +25200 1002 2031 1103.4201
a range +16800 +25200 1003 2009 1103.2449
a range +16800 +25200 2009 1003 1103.2449
a range +21600 +25200 2031 1002 1103.4201
a range +24000 +25800 1004 2013 1103.0676
a range +24000 +25800 2013 1004 1103.0676
a range +25200 +26400 1001 9001 0.0601
a range +25200 +26400 9001 1001 0.0601
a range +26400 +27600 1001 2023 1103.578
a range +25200 +27600 1003 2008 1103.2469
a range +24000 +27600 1003 2001 1103.2481
a range +24000 +27600 2001 1003 1103.2481
a range +25200 +27600 2008 1003 1103.2469
a range +26400 +27600 2023 1001 1103.578
a range +26400 +28200 1001 2012 1103.2849
a range +25200 +28200 1002 2036 1103.4142
a range +24600 +28200 1005 2004 1102.8737
a range +16800 +28200 1005 2021 1102.8667
a range +24600 +28200 2004 1005 1102.8737
a range +26400 +28200 2012 1001 1103.2849
a range +22800 +28200 2016 9002 1102.9591
a range +16800 +28200 2021 1005 1102.8667
a range +25200 +28200 2036 1002 1103.4142
a range +22800 +28200 9002 2016 1102.9591
a range +28200 +28800 1005 9003 0.0597
a range +28200 +28800 9003 1005 0.0597
a range +28800 +29400 1005 9001 0.0596
a range +28800 +29400 9001 1005 0.0596
a range +27600 +30600 1001 2001 1103.6119
a range +27600 +30600 2001 1001 1103.6119
a range +29400 +31200 1005 9001 0.0596
a range +29400 +31200 9001 1005 0.0596
a range +28200 +32400 1001 2024 1103.5841
a range +28200 +32400 2024 1001 1103.5841
a range +28200 +33000 1002 2021 1103.3834
a range +24000 +33000 1004 2034 1103.0784
a range +25800 +33000 1004 2002 1103.0593
a range +25800 +33000 2002 1004 1103.0593
a range +28200 +33000 2021 1002 1103.3834
a range +24000 +33000 2034 1004 1103.0784
a range +30600 +33600 1001 2013 1103.1677
a range +30600 +33600 2013 1001 1103.1677
a range +32400 +34800 1001 2033 1103.595
a range +33600 +34800 1001 2034 1103.6003
a range +32400 +34800 2033 1001 1103.595
a range +33600 +34800 2034 1001 1103.6003
a range +33000 +35400 1002 2012 1103.3542
a range +27600 +35400 1003 2020 1103.2549
a range +33000 +35400 1004 9001 0.0591
a range +30000 +35400 2007 9003 1104.7749
a range +33000 +35400 2012 1002 1103.3542
a range +27600 +35400 2020 1003 1103.2549
a range +33000 +35400 9001 1004 0.0591
a range +30000 +35400 9003 2007 1104.7749
a range +28200 +36000 2022 9002 1103.2443
a range +28200 +36000 9002 2022 1103.2443
a range +27600 +37800 1003 2003 1103.2625
a range +35400 +37800 1003 2024 1103.2652
a range +27600 +37800 2003 1003 1103.2625
a range +35400 +37800 2024 1003 1103.2652
a range +36000 +38400 2034 9002 1103.3794
a range +36000 +38400 9002 2034 1103.3794
a range +21600 +39000 1002 2029 1103.4238
a range +21600 +39000 2029 1002 1103.4238
a range +34800 +39600 1001 2025 1103.5983
a range +34800 +39600 2025 1001 1103.5983
a range +37800 +40200 1003 9001 0.062
a range +37800 +40200 9001 1003 0.062
a range +35400 +42000 1002 2017 1103.3966
a range +39000 +42000 1002 2014 1103.4121
a range +39000 +42000 2014 1002 1103.4121
a range +35400 +42000 2017 1002 1103.3966
a range +34800 +42600 1001 2016 1103.5978
a range +39600 +42600 1001 2003 1103.5994
a range +35400 +42600 1004 2026 1103.9649
a range +39600 +42600 2003 1001 1103.5994
a range +38400 +42600 2005 9002 1103.3845
a range +34800 +42600 2016 1001 1103.5978
a range +35400 +42600 2026 1004 1103.9649
a range +38400 +42600 9002 2005 1103.3845
a range +43200 +43800 1002 9002 0.0596
a range +42000 +43800 1002 9001 0.0615
a range +35400 +43800 2031 9003 1104.7826
a range +42000 +43800 9001 1002 0.0615
a range +43200 +43800 9002 1002 0.0596
a range +35400 +43800 9003 2031 1104.7826
a range +42600 +44400 1001 2018 1103.6246
a range +43800 +44400 1002 9001 0.0615
a range +43800 +44400 1002 9002 0.0596
a range +42600 +44400 2018 1001 1103.6246
a range +43800 +44400 9001 1002 0.0615
a range +43800 +44400 9002 1002 0.0596
a range +44400 +45000 1002 9001 0.0615
a range +31200 +45000 1005 2001 1103.7843
a range +31200 +45000 2001 1005 1103.7843
a range +43800 +45000 2003 9003 1104.7786
a range +44400 +45000 9001 1002 0.0615
a range +43800 +45000 9003 2003 1104.7786
a range +42600 +45600 1001 2024 1103.5841
a range +42600 +45600 2024 1001 1103.5841
a range +44400 +46800 1001 2020 1103.6121
a range +45600 +46800 1001 2018 1103.6246
a range +45600 +46800 2018 1001 1103.6246
a range +44400 +46800 2020 1001 1103.6121
a range +46800 +47400 1001 9001 0.061
a range +35400 +47400 1004 2035 1103.9695
a range +42600 +47400 1004 2027 1103.5666
a range +42600 +47400 2027 1004 1103.5666
a range +35400 +47400 2035 1004 1103.9695
a range +46800 +47400 9001 1001 0.061
a range +48000 +49800 1001 9002 0.0591
a range +31200 +49800 1005 2028 1103.7845
a range +45000 +49800 2022 9003 1104.0385
a range +31200 +49800 2028 1005 1103.7845
a range +48000 +49800 9002 1001 0.0591
a range +45000 +49800 9003 2022 1104.0385
a range +40200 +50400 1003 2023 1103.973
a range +47400 +50400 1004 2012 1103.9712
a range +47400 +50400 2012 1004 1103.9712
a range +40200 +50400 2023 1003 1103.973
a range +45000 +51000 1002 2036 1104.349
a range +45000 +51000 2036 1002 1104.349
a range +45000 +51600 1005 2030 1103.7783
a range +49800 +51600 1005 2026 1103.808
a range +49800 +51600 2026 1005 1103.808
a range +45000 +51600 2030 1005 1103.7783
a range +40200 +53400 1003 2025 1104.1371
a range +40200 +53400 2025 1003 1104.1371
a range +45000 +54000 1002 2007 1104.336
a range +45000 +54000 2007 1002 1104.336
a range +49800 +54600 1001 2024 1103.8595
a range +54000 +54600 1002 2018 1104.3597
a range +52200 +54600 1005 9002 0.0619
a range +54000 +54600 2018 1002 1104.3597
a range +49800 +54600 2024 1001 1103.8595
a range +52200 +54600 9002 1005 0.0619
a range +51000 +55800 1002 2008 1104.3433
a range +51000 +55800 2008 1002 1104.3433
a range +54600 +56400 1002 2016 1104.3283
a range +50400 +56400 1003 2011 1104.1735
a range +47400 +56400 1004 2010 1103.948
a range +50400 +56400 1004 2033 1103.9799
a range +47400 +56400 2010 1004 1103.948
a range +50400 +56400 2011 1003 1104.1735
a range +54600 +56400 2016 1002 1104.3283
a range +50400 +56400 2033 1004 1103.9799
a range +54600 +57000 1001 2004 1104.5173
a range +54600 +57000 2004 1001 1104.5173
a range +55800 +57600 1002 2025 1104.3292
a range +55800 +57600 2025 1002 1104.3292
a range +56400 +58200 1004 9002 0.0614
a range +54600 +58200 1005 2003 1104.68
a range +54600 +58200 2003 1005 1104.68
a range +56400 +58200 9002 1004 0.0614
a range +58200 +58800 1004 9002 0.0614
a range +58200 +58800 9002 1004 0.0614
a range +57600 +59400 1002 2002 1104.3524
a range +58800 +59400 1004 9002 0.0614
a range +57600 +59400 2002 1002 1104.3524
a range +58800 +59400 9002 1004 0.0614
a range +53400 +60000 1003 2012 1104.1817
a range +53400 +60000 2012 1003 1104.1817
a range +60000 +61200 1003 2011 1104.1735
a range +56400 +61200 1003 2019 1104.1582
a range +60000 +61200 2011 1003 1104.1735
a range +56400 +61200 2019 1003 1104.1582
a range +57000 +62400 1001 2031 1104.5198
a range +57000 +62400 2031 1001 1104.5198
a range +61200 +63000 1003 9002 0.0609
a range +61200 +63000 9002 1003 0.0609
a range +59400 +63600 1002 2004 1104.3387
a range +63000 +63600 1003 9002 0.0609
a range +59400 +63600 2004 1002 1104.3387
a range +63000 +63600 9002 1003 0.0609
a range +62400 +64200 1001 2002 1104.5234
a range +56400 +64200 1002 2010 1104.3402
a range +59400 +64200 1004 2020 1104.2265
a range +62400 +64200 2002 1001 1104.5234
a range +56400 +64200 2010 1002 1104.3402
a range +59400 +64200 2020 1004 1104.2265
a range +63600 +64800 1002 2016 1104.3283
a range +63600 +64800 2016 1002 1104.3283
a range +49800 +65400 2028 9003 1104.7675
a range +49800 +65400 9003 2028 1104.7675
a range +64800 +66000 1002 2008 1104.3433
a range +64200 +66000 1002 2012 1104.3499
a range +63600 +66000 1003 2026 1104.4543
a range +64800 +66000 2008 1002 1104.3433
a range +64200 +66000 2012 1002 1104.3499
a range +63600 +66000 2026 1003 1104.4543
a range +64200 +66600 1001 2001 1104.531
a range +66000 +66600 1003 2020 1105.0813
a range +58200 +66600 1005 2015 1104.7115
a range +64200 +66600 2001 1001 1104.531
a range +58200 +66600 2015 1005 1104.7115
a range +66000 +66600 2020 1003 1105.0813
a range +66000 +67800 1002 9002 0.0604
a range +66000 +67800 9002 1002 0.0604
a range +67800 +68400 1002 9002 0.0604
a range +59400 +68400 1004 2014 1104.782
a range +59400 +68400 2014 1004 1104.782
a range +67800 +68400 9002 1002 0.0604
a range +49800 +69600 1001 2006 1104.529
a range +66600 +69600 1005 2020 1104.6644
a range +49800 +69600 2006 1001 1104.529
a range +66600 +69600 2020 1005 1104.6644
a range +66600 +70200 1001 2011 1104.5172
a range +66600 +70200 2011 1001 1104.5172
a range +69600 +70800 1001 2001 1104.531
a range +70200 +70800 1001 2006 1104.529
a range +69600 +70800 2001 1001 1104.531
a range +70200 +70800 2006 1001 1104.529
a range +52200 +71400 2030 9001 1105.061
a range +52200 +71400 9001 2030 1105.061
a range +68400 +72000 1004 2012 1104.8891
a range +68400 +72000 2012 1004 1104.8891
a range +70800 +73200 1001 9002 0.0599
a range +68400 +73200 1002 2014 1104.6926
a range +66600 +73200 1003 2023 1104.7429
a range +69600 +73200 1005 2007 1104.6974
a range +54600 +73200 1005 2005 1104.6943
a range +54600 +73200 2005 1005 1104.6943
a range +69600 +73200 2007 1005 1104.6974
a range +68400 +73200 2014 1002 1104.6926
a range +66600 +73200 2023 1003 1104.7429
a range +65400 +73200 2032 9003 1104.7834
a range +70800 +73200 9002 1001 0.0599
a range +65400 +73200 9003 2032 1104.7834
a range +73200 +75000 1005 2029 1104.6789
a range +73200 +75000 1005 2011 1104.6634
a range +73200 +75000 2011 1005 1104.6634
a range +73200 +75000 2029 1005 1104.6789
a range +73200 +75600 1003 2004 1105.0611
a range +73200 +75600 2004 1003 1105.0611
a range +72000 +76200 1004 2006 1104.8765
a range +75000 +76200 1005 9002 0.0595
a range +72000 +76200 2006 1004 1104.8765
a range +75000 +76200 9002 1005 0.0595
a range +68400 +76800 1002 2021 1104.9288
a range +76200 +76800 1005 9002 0.0595
a range +68400 +76800 2021 1002 1104.9288
a range +76200 +76800 9002 1005 0.0595
a range +63600 +77400 1003 2035 1105.053
a range +63600 +77400 2035 1003 1105.053
a range +73200 +78000 1001 2027 1105.0438
a range +73200 +78000 2027 1001 1105.0438
a range +73200 +78600 1001 2036 1105.035
a range +73200 +78600 2033 9003 1104.7802
a range +73200 +78600 2036 1001 1105.035
a range +73200 +78600 9003 2033 1104.7802
a range +73200 +79200 1002 2002 1105.1088
a range +73200 +79200 2002 1002 1105.1088
a range +77400 +79800 1003 2004 1105.0611
a range +64200 +79800 1004 2013 1104.8969
a range +76200 +79800 1004 2012 1104.8891
a range +77400 +79800 2004 1003 1105.0611
a range +76200 +79800 2012 1004 1104.8891
a range +64200 +79800 2013 1004 1104.8969
a range +81000 +81600 1004 9003 0.0485
a range +71400 +81600 2009 9001 1105.0639
a range +71400 +81600 9001 2009 1105.0639
a range +81000 +81600 9003 1004 0.0485
a range +78600 +82200 1001 2011 1104.9435
a range +78000 +82200 1005 2029 1105.025
a range +78600 +82200 2011 1001 1104.9435
a range +78000 +82200 2029 1005 1105.025
a range +81600 +82800 1004 9003 0.0485
a range +81600 +82800 9003 1004 0.0485
a range +78000 +83400 1001 2018 1105.0441
a range +79200 +83400 1002 2010 1105.1224
a range +79200 +83400 2010 1002 1105.1224
a range +78000 +83400 2018 1001 1105.0441
a range +82200 +84600 1001 2032 1105.0224
a range +75600 +84600 1003 2019 1105.0747
a range +79800 +84600 1003 2035 1105.053
a range +82800 +84600 1004 2015 1105.0542
a range +82800 +84600 2015 1004 1105.0542
a range +75600 +84600 2019 1003 1105.0747
a range +82200 +84600 2032 1001 1105.0224
a range +79800 +84600 2035 1003 1105.053
a range +78000 +85800 1005 2026 1105.016
a range +78000 +85800 2026 1005 1105.016
a range +84600 +86400 1001 2008 1105.0287
a range +83400 +86400 1001 2016 1105.0128
a range +76800 +86400 1002 2024 1105.0754
a range +83400 +86400 1002 2025 1105.0827
a range +84600 +86400 1003 9003 0.0471
a range +84600 +86400 1004 2017 1105.0768
a range +82800 +86400 1004 2036 1105.0838
a range +82200 +86400 1005 2028 1105.0258
a range +85800 +86400 1005 2002 1105.0273
a range +85800 +86400 2002 1005 1105.0273
a range +81600 +86400 2003 9001 1105.0624
a range +84600 +86400 2008 1001 1105.0287
a range +83400 +86400 2016 1001 1105.0128
a range +84600 +86400 2017 1004 1105.0768
a range +76800 +86400 2024 1002 1105.0754
a range +83400 +86400 2025 1002 1105.0827
a range +78600 +86400 2027 9002 1105.0789
a range +82200 +86400 2028 1005 1105.0258
a range +82800 +86400 2036 1004 1105.0838
a range +81600 +86400 9001 2003 1105.0624
a range +78600 +86400 9002 2027 1105.0789
a range +84600 +86400 9003 1003 0.0471
