a contact +3000 +3200 1001 2003 1000
a contact +3000 +3200 2001 2004 1000
a contact +3000 +3200 2003 1001 1000
a contact +3000 +3200 2004 2001 1000
a contact +3200 +3800 2001 2003 1000
a contact +3200 +3800 2003 2001 1000
a contact +4900 +5500 2002 2004 1000
a contact +4900 +5500 2004 2002 1000
a contact +9500 +10100 1001 2003 1000
a contact +9500 +10100 2001 2004 1000
a contact +9500 +10100 2003 1001 1000
a contact +9500 +10100 2004 2001 1000
a contact +10100 +10500 1001 9001 1000
a contact +10100 +10500 9001 1001 1000
a contact +12300 +12600 2001 2004 1000
a contact +12300 +12600 2004 2001 1000
a contact +15000 +15600 2001 2003 1000
a contact +15000 +15600 2003 2001 1000
a contact +17400 +17700 1001 2003 1000
a contact +17400 +17700 2001 2004 1000
a contact +17400 +17700 2003 1001 1000
a contact +17400 +17700 2004 2001 1000
a contact +19600 +20800 2001 2004 1000
a contact +19600 +20800 2004 2001 1000
a contact +22000 +22600 2002 2004 1000
a contact +22000 +22600 2004 2002 1000
a contact +22600 +23200 1001 9001 1000
a contact +22600 +23200 9001 1001 1000
a contact +25200 +25800 2001 2003 1000
a contact +25200 +25800 2003 2001 1000
a contact +29000 +29600 1001 2003 1000
a contact +29000 +29600 2003 1001 1000
a contact +31400 +31500 2001 2004 1000
a contact +31400 +31500 2004 2001 1000
a contact +32100 +32700 2001 2003 1000
a contact +32100 +32700 2003 2001 1000
a contact +37200 +37800 1001 9001 1000
a contact +37200 +37800 9001 1001 1000
a contact +46000 +46600 1001 2004 1000
a contact +46000 +46600 2004 1001 1000
a contact +47000 +47600 1001 2002 1000
a contact +47000 +47600 2002 1001 1000
a contact +47600 +48200 1001 2003 1000
a contact +47600 +48200 2003 1001 1000
a contact +50000 +50300 1001 2003 1000
a contact +50000 +50300 2003 1001 1000
a contact +50900 +51500 2003 9001 1000
a contact +50900 +51500 9001 2003 1000
a contact +51500 +52100 1001 2003 1000
a contact +51500 +52100 2003 1001 1000
a contact +52100 +52700 1001 2004 1000
a contact +52100 +52700 2001 9001 1000
a contact +52100 +52700 2004 1001 1000
a contact +52100 +52700 9001 2001 1000
a contact +52900 +53500 1001 2002 1000
a contact +52900 +53500 2002 1001 1000
a contact +55000 +55400 2003 9001 1000
a contact +55000 +55400 9001 2003 1000
a contact +56000 +56500 2002 9001 1000
a contact +56000 +56500 9001 2002 1000
a contact +56500 +57100 2001 9001 1000
a contact +56500 +57100 9001 2001 1000
a contact +57100 +57700 1001 2002 1000
a contact +57100 +57700 2002 1001 1000
a contact +58300 +58900 1001 2004 1000
a contact +58300 +58900 2001 9001 1000
a contact +58300 +58900 2004 1001 1000
a contact +58300 +58900 9001 2001 1000
a contact +59500 +59800 1001 2002 1000
a contact +59500 +59800 2002 1001 1000
a contact +61000 +61400 2003 9001 1000
a contact +61000 +61400 9001 2003 1000
a contact +61400 +62000 2001 2003 1000
a contact +61400 +62000 2003 2001 1000
a contact +62600 +63200 1001 2004 1000
a contact +62600 +63200 2004 1001 1000
a contact +63800 +64400 1001 2002 1000
a contact +63800 +64400 2002 1001 1000
a contact +65500 +66100 1001 2004 1000
a contact +65500 +66100 2001 9001 1000
a contact +65500 +66100 2004 1001 1000
a contact +65500 +66100 9001 2001 1000
a contact +68500 +69100 2001 9001 1000
a contact +68500 +69100 9001 2001 1000
a contact +69200 +69800 2001 2003 1000
a contact +69200 +69800 2003 2001 1000
a contact +69800 +70400 2003 9001 1000
a contact +69800 +70400 9001 2003 1000
a contact +71900 +72500 2002 9001 1000
a contact +71900 +72500 9001 2002 1000
a contact +73100 +73400 2003 9001 1000
a contact +73100 +73400 9001 2003 1000
a contact +74000 +74300 2003 9001 1000
a contact +74000 +74300 9001 2003 1000
a contact +74300 +74900 1001 2003 1000
a contact +74300 +74900 2003 1001 1000
a contact +78600 +79200 2002 2004 1000
a contact +78600 +79200 2004 2002 1000
a contact +78600 +79800 2001 2003 1000
a contact +78600 +79800 2003 2001 1000
a contact +81600 +82200 1001 2003 1000
a contact +81600 +82200 2003 1001 1000
a contact +83400 +83700 2003 9001 1000
a contact +83400 +83700 9001 2003 1000
a contact +85500 +86100 2001 2004 1000
a contact +85500 +86100 2002 9001 1000
a contact +85500 +86100 2004 2001 1000
a contact +85500 +86100 9001 2002 1000

a range +3000 +3200 1001 2003 1101.9294
a range +3000 +3200 2001 2004 0.0065
a range +3000 +3200 2003 1001 1101.9294
a range +3000 +3200 2004 2001 0.0065
a range +3200 +3800 2001 2003 0.0432
a range +3200 +3800 2003 2001 0.0432
a range +4900 +5500 2002 2004 0.0432
a range +4900 +5500 2004 2002 0.0432
a range +9500 +10100 1001 2003 1102.5844
a range +9500 +10100 2001 2004 0.0065
a range +9500 +10100 2003 1001 1102.5844
a range +9500 +10100 2004 2001 0.0065
a range +10100 +10500 1001 9001 0.0464
a range +10100 +10500 9001 1001 0.0464
a range +12300 +12600 2001 2004 0.0065
a range +12300 +12600 2004 2001 0.0065
a range +15000 +15600 2001 2003 0.0431
a range +15000 +15600 2003 2001 0.0431
a range +17400 +17700 1001 2003 1102.5844
a range +17400 +17700 2001 2004 0.0065
a range +17400 +17700 2003 1001 1102.5844
a range +17400 +17700 2004 2001 0.0065
a range +19600 +20800 2001 2004 0.0065
a range +19600 +20800 2004 2001 0.0065
a range +22000 +22600 2002 2004 0.0434
a range +22000 +22600 2004 2002 0.0434
a range +22600 +23200 1001 9001 0.0466
a range +22600 +23200 9001 1001 0.0466
a range +25200 +25800 2001 2003 0.0434
a range +25200 +25800 2003 2001 0.0434
a range +29000 +29600 1001 2003 1103.2455
a range +29000 +29600 2003 1001 1103.2455
a range +31400 +31500 2001 2004 0.0065
a range +31400 +31500 2004 2001 0.0065
a range +32100 +32700 2001 2003 0.0433
a range +32100 +32700 2003 2001 0.0433
a range +37200 +37800 1001 9001 0.0466
a range +37200 +37800 9001 1001 0.0466
a range +46000 +46600 1001 2004 1103.8996
a range +46000 +46600 2004 1001 1103.8996
a range +47000 +47600 1001 2002 1103.9091
a range +47000 +47600 2002 1001 1103.9091
a range +47600 +48200 1001 2003 1103.9089
a range +47600 +48200 2003 1001 1103.9089
a range +50000 +50300 1001 2003 1103.9089
a range +50000 +50300 2003 1001 1103.9089
a range +50900 +51500 2003 9001 1105.0856
a range +50900 +51500 9001 2003 1105.0856
a range +51500 +52100 1001 2003 1103.9089
a range +51500 +52100 2003 1001 1103.9089
a range +52100 +52700 1001 2004 1103.8996
a range +52100 +52700 2001 9001 1105.0594
a range +52100 +52700 2004 1001 1103.8996
a range +52100 +52700 9001 2001 1105.0594
a range +52900 +53500 1001 2002 1103.9091
a range +52900 +53500 2002 1001 1103.9091
a range +55000 +55400 2003 9001 1105.0856
a range +55000 +55400 9001 2003 1105.0856
a range +56000 +56500 2002 9001 1105.0857
a range +56000 +56500 9001 2002 1105.0857
a range +56500 +57100 2001 9001 1105.0594
a range +56500 +57100 9001 2001 1105.0594
a range +57100 +57700 1001 2002 1104.57
a range +57100 +57700 2002 1001 1104.57
a range +58300 +58900 1001 2004 1104.5405
a range +58300 +58900 2001 9001 1105.0594
a range +58300 +58900 2004 1001 1104.5405
a range +58300 +58900 9001 2001 1105.0594
a range +59500 +59800 1001 2002 1104.57
a range +59500 +59800 2002 1001 1104.57
a range +61000 +61400 2003 9001 1105.0856
a range +61000 +61400 9001 2003 1105.0856
a range +61400 +62000 2001 2003 0.0433
a range +61400 +62000 2003 2001 0.0433
a range +62600 +63200 1001 2004 1104.5405
a range +62600 +63200 2004 1001 1104.5405
a range +63800 +64400 1001 2002 1104.57
a range +63800 +64400 2002 1001 1104.57
a range +65500 +66100 1001 2004 1104.5405
a range +65500 +66100 2001 9001 1105.0594
a range +65500 +66100 2004 1001 1104.5405
a range +65500 +66100 9001 2001 1105.0594
a range +68500 +69100 2001 9001 1105.0594
a range +68500 +69100 9001 2001 1105.0594
a range +69200 +69800 2001 2003 0.0432
a range +69200 +69800 2003 2001 0.0432
a range +69800 +70400 2003 9001 1105.0856
a range +69800 +70400 9001 2003 1105.0856
a range +71900 +72500 2002 9001 1105.0857
a range +71900 +72500 9001 2002 1105.0857
a range +73100 +73400 2003 9001 1105.0856
a range +73100 +73400 9001 2003 1105.0856
a range +74000 +74300 2003 9001 1105.0856
a range +74000 +74300 9001 2003 1105.0856
a range +74300 +74900 1001 2003 1105.1011
a range +74300 +74900 2003 1001 1105.1011
a range +78600 +79200 2002 2004 0.0431
a range +78600 +79200 2004 2002 0.0431
a range +78600 +79800 2001 2003 0.0431
a range +78600 +79800 2003 2001 0.0431
a range +81600 +82200 1001 2003 1105.1011
a range +81600 +82200 2003 1001 1105.1011
a range +83400 +83700 2003 9001 1105.0856
a range +83400 +83700 9001 2003 1105.0856
a range +85500 +86100 2001 2004 0.0065
a range +85500 +86100 2002 9001 1105.0857
a range +85500 +86100 2004 2001 0.0065
a range +85500 +86100 9001 2002 1105.0857
