a contact +0 +2400 2001 9001 1000
a contact +0 +2400 2002 9001 1000
a contact +0 +2400 2003 9001 1000
a contact +0 +2400 2004 9001 1000
a contact +0 +2400 9001 2001 1000
a contact +0 +2400 9001 2002 1000
a contact +0 +2400 9001 2003 1000
a contact +0 +2400 9001 2004 1000
a contact +0 +4300 1001 2001 1000
a contact +0 +4300 1001 2002 1000
a contact +0 +4300 1001 2003 1000
a contact +0 +4300 1001 2004 1000
a contact +0 +4300 2001 1001 1000
a contact +0 +4300 2002 1001 1000
a contact +0 +4300 2003 1001 1000
a contact +0 +4300 2004 1001 1000
a contact +3200 +8300 2001 2003 1000
a contact +3200 +8300 2002 2004 1000
a contact +3200 +8300 2003 2001 1000
a contact +3200 +8300 2004 2002 1000
a contact +5600 +10500 1001 9001 1000
a contact +5600 +10500 9001 1001 1000
a contact +12600 +17700 2001 2003 1000
a contact +12600 +17700 2002 2004 1000
a contact +12600 +17700 2003 2001 1000
a contact +12600 +17700 2004 2002 1000
a contact +5700 +21200 1001 2001 1000
a contact +5700 +21200 1001 2002 1000
a contact +5700 +21200 1001 2003 1000
a contact +5700 +21200 1001 2004 1000
a contact +5700 +21200 2001 1001 1000
a contact +5700 +21200 2002 1001 1000
a contact +5700 +21200 2003 1001 1000
a contact +5700 +21200 2004 1001 1000
a contact +19000 +24000 1001 9001 1000
a contact +19000 +24000 9001 1001 1000
a contact +22000 +27200 2001 2003 1000
a contact +22000 +27200 2002 2004 1000
a contact +22000 +27200 2003 2001 1000
a contact +22000 +27200 2004 2002 1000
a contact +31500 +36600 2001 2003 1000
a contact +31500 +36600 2002 2004 1000
a contact +31500 +36600 2003 2001 1000
a contact +31500 +36600 2004 2002 1000
a contact +22600 +38100 1001 2001 1000
a contact +22600 +38100 1001 2002 1000
a contact +22600 +38100 1001 2003 1000
a contact +22600 +38100 1001 2004 1000
a contact +22600 +38100 2001 1001 1000
a contact +22600 +38100 2002 1001 1000
a contact +22600 +38100 2003 1001 1000
a contact +22600 +38100 2004 1001 1000
a contact +32700 +38400 1001 9001 1000
a contact +32700 +38400 9001 1001 1000
a contact +40900 +46000 2001 2003 1000
a contact +40900 +46000 2002 2004 1000
a contact +40900 +46000 2003 2001 1000
a contact +40900 +46000 2004 2002 1000
a contact +47000 +52900 1001 9001 1000
a contact +47000 +52900 9001 1001 1000
a contact +39500 +55000 1001 2001 1000
a contact +39500 +55000 1001 2002 1000
a contact +39500 +55000 1001 2003 1000
a contact +39500 +55000 1001 2004 1000
a contact +39500 +55000 2001 1001 1000
a contact +39500 +55000 2002 1001 1000
a contact +39500 +55000 2003 1001 1000
a contact +39500 +55000 2004 1001 1000
a contact +50300 +55400 2001 2003 1000
a contact +50300 +55400 2002 2004 1000
a contact +50300 +55400 2003 2001 1000
a contact +50300 +55400 2004 2002 1000
a contact +59800 +64900 2001 2003 1000
a contact +59800 +64900 2002 2004 1000
a contact +59800 +64900 2003 2001 1000
a contact +59800 +64900 2004 2002 1000
a contact +61400 +67300 1001 9001 1000
a contact +61400 +67300 9001 1001 1000
a contact +56500 +71900 1001 2001 1000
a contact +56500 +71900 1001 2002 1000
a contact +56500 +71900 1001 2003 1000
a contact +56500 +71900 1001 2004 1000
a contact +56500 +71900 2001 1001 1000
a contact +56500 +71900 2002 1001 1000
a contact +56500 +71900 2003 1001 1000
a contact +56500 +71900 2004 1001 1000
a contact +69200 +74300 2001 2003 1000
a contact +69200 +74300 2002 2004 1000
a contact +69200 +74300 2003 2001 1000
a contact +69200 +74300 2004 2002 1000
a contact +75800 +81600 1001 9001 1000
a contact +75800 +81600 9001 1001 1000
a contact +78600 +83700 2001 2003 1000
a contact +78600 +83700 2002 2004 1000
a contact +78600 +83700 2003 2001 1000
a contact +78600 +83700 2004 2002 1000
a contact +73400 +86400 1001 2001 1000
a contact +73400 +86400 1001 2002 1000
a contact +73400 +86400 1001 2003 1000
a contact +73400 +86400 1001 2004 1000
a contact +73400 +86400 2001 1001 1000
a contact +0 +86400 2001 2004 1000
a contact +39700 +86400 2001 9001 1000
a contact +73400 +86400 2002 1001 1000
a contact +0 +86400 2002 2003 1000
a contact +39700 +86400 2002 9001 1000
a contact +73400 +86400 2003 1001 1000
a contact +0 +86400 2003 2002 1000
a contact +39700 +86400 2003 9001 1000
a contact +73400 +86400 2004 1001 1000
a contact +0 +86400 2004 2001 1000
a contact +39700 +86400 2004 9001 1000
a contact +39700 +86400 9001 2001 1000
a contact +39700 +86400 9001 2002 1000
a contact +39700 +86400 9001 2003 1000
a contact +39700 +86400 9001 2004 1000

a range +0 +2400 2001 9001 1101.8519
a range +0 +2400 2002 9001 1101.8189
a range +0 +2400 2003 9001 1101.8190
a range +0 +2400 2004 9001 1101.8518
a range +0 +2400 9001 2001 1101.8519
a range +0 +2400 9001 2002 1101.8189
a range +0 +2400 9001 2003 1101.8190
a range +0 +2400 9001 2004 1101.8518
a range +0 +4300 1001 2001 1101.9665
a range +0 +4300 1001 2002 1101.9292
a range +0 +4300 1001 2003 1101.9294
a range +0 +4300 1001 2004 1101.9663
a range +0 +4300 2001 1001 1101.9665
a range +0 +4300 2002 1001 1101.9292
a range +0 +4300 2003 1001 1101.9294
a range +0 +4300 2004 1001 1101.9663
a range +3200 +8300 2001 2003 0.0432
a range +3200 +8300 2002 2004 0.0432
a range +3200 +8300 2003 2001 0.0432
a range +3200 +8300 2004 2002 0.0432
a range +5600 +10500 1001 9001 0.0464
a range +5600 +10500 9001 1001 0.0464
a range +12600 +17700 2001 2003 0.0431
a range +12600 +17700 2002 2004 0.0431
a range +12600 +17700 2003 2001 0.0431
a range +12600 +17700 2004 2002 0.0431
a range +5700 +21200 1001 2001 1102.6169
a range +5700 +21200 1001 2002 1102.5843
a range +5700 +21200 1001 2003 1102.5844
a range +5700 +21200 1001 2004 1102.6168
a range +5700 +21200 2001 1001 1102.6169
a range +5700 +21200 2002 1001 1102.5843
a range +5700 +21200 2003 1001 1102.5844
a range +5700 +21200 2004 1001 1102.6168
a range +19000 +24000 1001 9001 0.0466
a range +19000 +24000 9001 1001 0.0466
a range +22000 +27200 2001 2003 0.0434
a range +22000 +27200 2002 2004 0.0434
a range +22000 +27200 2003 2001 0.0434
a range +22000 +27200 2004 2002 0.0434
a range +31500 +36600 2001 2003 0.0433
a range +31500 +36600 2002 2004 0.0433
a range +31500 +36600 2003 2001 0.0433
a range +31500 +36600 2004 2002 0.0433
a range +22600 +38100 1001 2001 1103.2600
a range +22600 +38100 1001 2002 1103.2455
a range +22600 +38100 1001 2003 1103.2455
a range +22600 +38100 1001 2004 1103.2600
a range +22600 +38100 2001 1001 1103.2600
a range +22600 +38100 2002 1001 1103.2455
a range +22600 +38100 2003 1001 1103.2455
a range +22600 +38100 2004 1001 1103.2600
a range +32700 +38400 1001 9001 0.0466
a range +32700 +38400 9001 1001 0.0466
a range +40900 +46000 2001 2003 0.0431
a range +40900 +46000 2002 2004 0.0431
a range +40900 +46000 2003 2001 0.0431
a range +40900 +46000 2004 2002 0.0431
a range +47000 +52900 1001 9001 0.0468
a range +47000 +52900 9001 1001 0.0468
a range +39500 +55000 1001 2001 1103.8994
a range +39500 +55000 1001 2002 1103.9091
a range +39500 +55000 1001 2003 1103.9089
a range +39500 +55000 1001 2004 1103.8996
a range +39500 +55000 2001 1001 1103.8994
a range +39500 +55000 2002 1001 1103.9091
a range +39500 +55000 2003 1001 1103.9089
a range +39500 +55000 2004 1001 1103.8996
a range +50300 +55400 2001 2003 0.0430
a range +50300 +55400 2002 2004 0.0430
a range +50300 +55400 2003 2001 0.0430
a range +50300 +55400 2004 2002 0.0430
a range +59800 +64900 2001 2003 0.0433
a range +59800 +64900 2002 2004 0.0433
a range +59800 +64900 2003 2001 0.0433
a range +59800 +64900 2004 2002 0.0433
a range +61400 +67300 1001 9001 0.0472
a range +61400 +67300 9001 1001 0.0472
a range +56500 +71900 1001 2001 1104.5402
a range +56500 +71900 1001 2002 1104.5700
a range +56500 +71900 1001 2003 1104.5697
a range +56500 +71900 1001 2004 1104.5405
a range +56500 +71900 2001 1001 1104.5402
a range +56500 +71900 2002 1001 1104.5700
a range +56500 +71900 2003 1001 1104.5697
a range +56500 +71900 2004 1001 1104.5405
a range +69200 +74300 2001 2003 0.0432
a range +69200 +74300 2002 2004 0.0432
a range +69200 +74300 2003 2001 0.0432
a range +69200 +74300 2004 2002 0.0432
a range +75800 +81600 1001 9001 0.0466
a range +75800 +81600 9001 1001 0.0466
a range +78600 +83700 2001 2003 0.0431
a range +78600 +83700 2002 2004 0.0431
a range +78600 +83700 2003 2001 0.0431
a range +78600 +83700 2004 2002 0.0431
a range +73400 +86400 1001 2001 1105.0749
a range +73400 +86400 1001 2002 1105.1012
a range +73400 +86400 1001 2003 1105.1011
a range +73400 +86400 1001 2004 1105.0749
a range +73400 +86400 2001 1001 1105.0749
a range +0 +86400 2001 2004 0.0065
a range +39700 +86400 2001 9001 1105.0594
a range +73400 +86400 2002 1001 1105.1012
a range +0 +86400 2002 2003 0.0065
a range +39700 +86400 2002 9001 1105.0857
a range +73400 +86400 2003 1001 1105.1011
a range +0 +86400 2003 2002 0.0065
a range +39700 +86400 2003 9001 1105.0856
a range +73400 +86400 2004 1001 1105.0749
a range +0 +86400 2004 2001 0.0065
a range +39700 +86400 2004 9001 1105.0595
a range +39700 +86400 9001 2001 1105.0594
a range +39700 +86400 9001 2002 1105.0857
a range +39700 +86400 9001 2003 1105.0856
a range +39700 +86400 9001 2004 1105.0595

a position +0 +2400 2001 9001 8230524.32288171 2402194.08063812 233955986.925131 -136148026.76048 2734.76293945313 -63138172.7032357
a position +0 +2400 2002 9001 8217556.60266117 2397515.74780035 233951308.592293 -136148026.76048 2734.76293945313 -63138172.7032357
a position +0 +2400 2003 9001 8217556.60266119 2402194.08063812 233951308.592293 -136148026.76048 2734.76293945313 -63138172.7032357
a position +0 +2400 2004 9001 8230524.32288172 2397515.74780035 233955986.925131 -136148026.76048 2734.76293945313 -63138172.7032357
a position +0 +2400 9001 2001 -136148026.76048 2734.76293945313 -63138172.7032357 8230524.32288171 2402194.08063812 233955986.925131
a position +0 +2400 9001 2002 -136148026.76048 2734.76293945313 -63138172.7032357 8217556.60266117 2397515.74780035 233951308.592293
a position +0 +2400 9001 2003 -136148026.76048 2734.76293945313 -63138172.7032357 8217556.60266119 2402194.08063812 233951308.592293
a position +0 +2400 9001 2004 -136148026.76048 2734.76293945313 -63138172.7032357 8230524.32288172 2397515.74780035 233955986.925131
a position +0 +4300 1001 2001 -136139197.306162 -4512.32002238963 -63195821.8821995 8183055.88517674 2403134.64951671 233963804.05678
a position +0 +4300 1001 2002 -136139197.306162 -4512.32002238963 -63195821.8821995 8176516.64711649 2393937.53775292 233954606.945016
a position +0 +4300 1001 2003 -136139197.306162 -4512.32002238963 -63195821.8821995 8176516.64711652 2403134.64951671 233954606.945016
a position +0 +4300 1001 2004 -136139197.306162 -4512.32002238963 -63195821.8821995 8183055.88517677 2393937.53775292 233963804.05678
a position +0 +4300 2001 1001 8183055.88517674 2403134.64951671 233963804.05678 -136139197.306162 -4512.32002238963 -63195821.8821995
a position +0 +4300 2002 1001 8176516.64711649 2393937.53775292 233954606.945016 -136139197.306162 -4512.32002238963 -63195821.8821995
a position +0 +4300 2003 1001 8176516.64711652 2403134.64951671 233954606.945016 -136139197.306162 -4512.32002238963 -63195821.8821995
a position +0 +4300 2004 1001 8183055.88517677 2393937.53775292 233963804.05678 -136139197.306162 -4512.32002238963 -63195821.8821995
a position +3200 +8300 2001 2003 8081068.48325655 2399089.55504174 233974207.675391 8092168.5969395 2399089.55504174 233967547.23846
a position +3200 +8300 2002 2004 8092168.59693948 2392429.11811065 233967547.23846 8081068.48325657 2392429.11811065 233974207.675391
a position +3200 +8300 2003 2001 8092168.5969395 2399089.55504174 233967547.23846 8081068.48325655 2399089.55504174 233974207.675391
a position +3200 +8300 2004 2002 8081068.48325657 2392429.11811065 233974207.675391 8092168.59693948 2392429.11811065 233967547.23846
a position +5600 +10500 1001 9001 -136040675.055941 54.5076230598668 -63354195.9857693 -136053078.375488 2734.76293945313 -63359882.1067481
a position +5600 +10500 9001 1001 -136053078.375488 2734.76293945313 -63359882.1067481 -136040675.055941 54.5076230598668 -63354195.9857693
a position +12600 +17700 2001 2003 7873176.19937356 2385866.67468424 233994788.441515 7862162.0893505 2385866.67468424 234001519.888031
a position +12600 +17700 2002 2004 7862162.08935053 2392598.12120042 234001519.888031 7873176.19937354 2392598.12120042 233994788.441514
a position +12600 +17700 2003 2001 7862162.0893505 2385866.67468424 234001519.888031 7873176.19937356 2385866.67468424 233994788.441515
a position +12600 +17700 2004 2002 7873176.19937354 2392598.12120042 233994788.441514 7862162.08935053 2392598.12120042 234001519.888031
a position +5700 +21200 1001 2001 -135934731.072505 -4490.36478964483 -63653942.3673025 7792686.46198463 2389057.10285397 234010511.272942
a position +5700 +21200 1001 2002 -135934731.072505 -4490.36478964483 -63653942.3673025 7779600.7100331 2384546.09078 234006000.260868
a position +5700 +21200 1001 2003 -135934731.072505 -4490.36478964483 -63653942.3673025 7779600.71003312 2389057.10285397 234006000.260868
a position +5700 +21200 1001 2004 -135934731.072505 -4490.36478964483 -63653942.3673025 7792686.46198465 2384546.09078 234010511.272942
a position +5700 +21200 2001 1001 7792686.46198463 2389057.10285397 234010511.272942 -135934731.072505 -4490.36478964483 -63653942.3673025
a position +5700 +21200 2002 1001 7779600.7100331 2384546.09078 234006000.260868 -135934731.072505 -4490.36478964483 -63653942.3673025
a position +5700 +21200 2003 1001 7779600.71003312 2389057.10285397 234006000.260868 -135934731.072505 -4490.36478964483 -63653942.3673025
a position +5700 +21200 2004 1001 7792686.46198465 2384546.09078 234010511.272942 -135934731.072505 -4490.36478964483 -63653942.3673025
a position +19000 +24000 1001 9001 -135886850.829183 -5729.46996297875 -63732440.2862029 -135894869.442214 2734.76293945313 -63724739.796654
a position +19000 +24000 9001 1001 -135894869.442214 2734.76293945313 -63724739.796654 -135886850.829183 -5729.46996297875 -63732440.2862029
a position +22000 +27200 2001 2003 7640762.38156294 2385904.14767215 234028774.192956 7652004.01367108 2385904.14767215 234022233.509829
a position +22000 +27200 2002 2004 7652004.01367106 2379363.46454477 234022233.509829 7640762.38156296 2379363.46454477 234028774.192956
a position +22000 +27200 2003 2001 7652004.01367108 2385904.14767215 234022233.509829 7640762.38156294 2385904.14767215 234028774.192956
a position +22000 +27200 2004 2002 7640762.38156296 2379363.46454477 234028774.192956 7652004.01367106 2379363.46454477 234022233.509829
a position +31500 +36600 2001 2003 7432998.13532307 2372796.18213319 234049044.460235 7421840.97460733 2372796.18213319 234055657.066709
a position +31500 +36600 2002 2004 7421840.97460735 2379408.78860733 234055657.066709 7432998.13532304 2379408.78860733 234049044.460235
a position +31500 +36600 2003 2001 7421840.97460733 2372796.18213319 234055657.066709 7432998.13532307 2372796.18213319 234049044.460235
a position +31500 +36600 2004 2002 7432998.13532304 2379408.78860733 234049044.460235 7421840.97460735 2379408.78860733 234055657.066709
a position +22600 +38100 1001 2001 -135728740.60324 -4468.27398112106 -64111349.0026905 7399615.09961221 2374049.00264173 234055604.021733
a position +22600 +38100 1001 2002 -135728740.60324 -4468.27398112106 -64111349.0026905 7385340.73130608 2376071.10222641 234057626.121317
a position +22600 +38100 1001 2003 -135728740.60324 -4468.27398112106 -64111349.0026905 7385340.73130607 2374049.00264173 234057626.121317
a position +22600 +38100 1001 2004 -135728740.60324 -4468.27398112106 -64111349.0026905 7399615.09961221 2376071.10222641 234055604.021733
a position +22600 +38100 2001 1001 7399615.09961221 2374049.00264173 234055604.021733 -135728740.60324 -4468.27398112106 -64111349.0026905
a position +22600 +38100 2002 1001 7385340.73130608 2376071.10222641 234057626.121317 -135728740.60324 -4468.27398112106 -64111349.0026905
a position +22600 +38100 2003 1001 7385340.73130607 2374049.00264173 234057626.121317 -135728740.60324 -4468.27398112106 -64111349.0026905
a position +22600 +38100 2004 1001 7399615.09961221 2376071.10222641 234055604.021733 -135728740.60324 -4468.27398112106 -64111349.0026905
a position +32700 +38400 1001 9001 -135723834.213984 -4889.01699658535 -64120365.29812 -135721317.131712 2734.76293945313 -64108947.247683
a position +32700 +38400 9001 1001 -135721317.131712 2734.76293945313 -64108947.247683 -135723834.213984 -4889.01699658535 -64120365.29812
a position +40900 +46000 2001 2003 7202913.24570328 2372910.98717052 234082325.951166 7213985.01473513 2372910.98717052 234075641.966781
a position +40900 +46000 2002 2004 7213985.01473511 2366227.00278597 234075641.966781 7202913.2457033 2366227.00278597 234082325.951166
a position +40900 +46000 2003 2001 7213985.01473513 2372910.98717052 234075641.966781 7202913.24570328 2372910.98717052 234082325.951166
a position +40900 +46000 2004 2002 7202913.2457033 2366227.00278597 234082325.951166 7213985.01473511 2366227.00278597 234075641.966781
a position +47000 +52900 1001 9001 -135551727.389348 -307.062868097205 -64502445.8557852 -135539491.886569 2734.76293945313 -64496269.8431794
a position +47000 +52900 9001 1001 -135539491.886569 2734.76293945313 -64496269.8431794 -135551727.389348 -307.062868097205 -64502445.8557852
a position +39500 +55000 1001 2001 -135521228.456589 -4446.04826402793 -64568036.778959 7003599.63377044 2359447.86214214 234100419.949598
a position +39500 +55000 1001 2002 -135521228.456589 -4446.04826402793 -64568036.778959 6993981.2198357 2367175.13453866 234108147.221995
a position +39500 +55000 1001 2003 -135521228.456589 -4446.04826402793 -64568036.778959 6993981.21983567 2359447.86214214 234108147.221995
a position +39500 +55000 1001 2004 -135521228.456589 -4446.04826402793 -64568036.778959 7003599.63377041 2367175.13453866 234100419.949598
a position +39500 +55000 2001 1001 7003599.63377044 2359447.86214214 234100419.949598 -135521228.456589 -4446.04826402793 -64568036.778959
a position +39500 +55000 2002 1001 6993981.2198357 2367175.13453866 234108147.221995 -135521228.456589 -4446.04826402793 -64568036.778959
a position +39500 +55000 2003 1001 6993981.21983567 2359447.86214214 234108147.221995 -135521228.456589 -4446.04826402793 -64568036.778959
a position +39500 +55000 2004 1001 7003599.63377041 2367175.13453866 234100419.949598 -135521228.456589 -4446.04826402793 -64568036.778959
a position +50300 +55400 2001 2003 6994964.85704212 2359655.93595934 234102026.062053 6983979.39294188 2359655.93595934 234108780.873024
a position +50300 +55400 2002 2004 6983979.3929419 2366410.74693015 234108780.873024 6994964.8570421 2366410.74693015 234102026.062053
a position +50300 +55400 2003 2001 6983979.39294188 2359655.93595934 234108780.873024 6994964.85704212 2359655.93595934 234102026.062053
a position +50300 +55400 2004 2002 6994964.8570421 2366410.74693015 234102026.062053 6983979.3929419 2366410.74693015 234108780.873024
a position +59800 +64900 2001 2003 6762552.1989762 2359708.23439678 234135169.222032 6773765.99452751 2359708.23439678 234128604.690315
a position +59800 +64900 2002 2004 6773765.99452749 2353143.70267952 234128604.690315 6762552.19897622 2353143.70267952 234135169.222032
a position +59800 +64900 2003 2001 6773765.99452751 2359708.23439678 234128604.690315 6762552.1989762 2359708.23439678 234135169.222032
a position +59800 +64900 2004 2002 6762552.19897622 2353143.70267952 234135169.222032 6773765.99452749 2353143.70267952 234128604.690315
a position +61400 +67300 1001 9001 -135368641.803094 4650.92280895454 -64880490.5118053 -135355770.156234 2734.76293945313 -64886024.3517645
a position +61400 +67300 9001 1001 -135355770.156234 2734.76293945313 -64886024.3517645 -135368641.803094 4650.92280895454 -64880490.5118053
a position +56500 +71900 1001 2001 -135312197.206836 -4423.68830941644 -65024000.6963446 6605594.41468914 2346421.69683394 234146127.206982
a position +56500 +71900 1001 2002 -135312197.206836 -4423.68830941644 -65024000.6963446 6604570.16796323 2356690.24791587 234156395.758064
a position +56500 +71900 1001 2003 -135312197.206836 -4423.68830941644 -65024000.6963446 6604570.16796319 2346421.69683394 234156395.758064
a position +56500 +71900 1001 2004 -135312197.206836 -4423.68830941644 -65024000.6963446 6605594.4146891 2356690.24791587 234146127.206982
a position +56500 +71900 2001 1001 6605594.41468914 2346421.69683394 234146127.206982 -135312197.206836 -4423.68830941644 -65024000.6963446
a position +56500 +71900 2002 1001 6604570.16796323 2356690.24791587 234156395.758064 -135312197.206836 -4423.68830941644 -65024000.6963446
a position +56500 +71900 2003 1001 6604570.16796319 2346421.69683394 234156395.758064 -135312197.206836 -4423.68830941644 -65024000.6963446
a position +56500 +71900 2004 1001 6605594.4146891 2356690.24791587 234146127.206982 -135312197.206836 -4423.68830941644 -65024000.6963446
a position +69200 +74300 2001 2003 6554733.97984859 2346567.84775508 234154558.770338 6543604.96085039 2346567.84775508 234161195.045654
a position +69200 +74300 2002 2004 6543604.96085042 2353204.12307104 234161195.045654 6554733.97984856 2353204.12307104 234154558.770338
a position +69200 +74300 2003 2001 6543604.96085039 2346567.84775508 234161195.045654 6554733.97984859 2346567.84775508 234154558.770338
a position +69200 +74300 2004 2002 6554733.97984856 2353204.12307104 234154558.770338 6543604.96085042 2353204.12307104 234161195.045654
a position +75800 +81600 1001 9001 -135177859.756994 5778.48924485833 -65263527.9068845 -135176087.532162 2734.76293945313 -65277036.6669381
a position +75800 +81600 9001 1001 -135176087.532162 2734.76293945313 -65277036.6669381 -135177859.756994 5778.48924485833 -65263527.9068845
a position +78600 +83700 2001 2003 6324652.20761171 2346697.59450596 234187006.9989 6335695.53208711 2346697.59450596 234180299.527374
a position +78600 +83700 2002 2004 6335695.53208709 2339990.12298043 234180299.527374 6324652.20761174 2339990.12298043 234187006.9989
a position +78600 +83700 2003 2001 6335695.53208711 2346697.59450596 234180299.527374 6324652.20761171 2346697.59450596 234187006.9989
a position +78600 +83700 2004 2002 6324652.20761174 2339990.12298043 234187006.9989 6335695.53208709 2339990.12298043 234180299.527374
a position +73400 +86400 1001 2001 -135136140.88459 429.323498877084 -65404265.6411794 6260121.91652082 2340491.82661391 234190045.111469
a position +73400 +86400 1001 2002 -135136140.88459 429.323498877084 -65404265.6411794 6274417.68779119 2342436.85717732 234191990.142032
a position +73400 +86400 1001 2003 -135136140.88459 429.323498877084 -65404265.6411794 6274417.68779118 2340491.82661391 234191990.142032
a position +73400 +86400 1001 2004 -135136140.88459 429.323498877084 -65404265.6411794 6260121.91652081 2342436.85717732 234190045.111469
a position +73400 +86400 2001 1001 6260121.91652082 2340491.82661391 234190045.111469 -135136140.88459 429.323498877084 -65404265.6411794
a position +0 +86400 2001 2004 6260121.91652082 2340491.82661391 234190045.111469 6260121.91652081 2342436.85717732 234190045.111469
a position +39700 +86400 2001 9001 6260121.91652082 2340491.82661391 234190045.111469 -135116917.590281 2734.76293945313 -65408222.5920657
a position +73400 +86400 2002 1001 6274417.68779119 2342436.85717732 234191990.142032 -135136140.88459 429.323498877084 -65404265.6411794
a position +0 +86400 2002 2003 6274417.68779119 2342436.85717732 234191990.142032 6274417.68779118 2340491.82661391 234191990.142032
a position +39700 +86400 2002 9001 6274417.68779119 2342436.85717732 234191990.142032 -135116917.590281 2734.76293945313 -65408222.5920657
a position +73400 +86400 2003 1001 6274417.68779118 2340491.82661391 234191990.142032 -135136140.88459 429.323498877084 -65404265.6411794
a position +0 +86400 2003 2002 6274417.68779118 2340491.82661391 234191990.142032 6274417.68779119 2342436.85717732 234191990.142032
a position +39700 +86400 2003 9001 6274417.68779118 2340491.82661391 234191990.142032 -135116917.590281 2734.76293945313 -65408222.5920657
a position +73400 +86400 2004 1001 6260121.91652081 2342436.85717732 234190045.111469 -135136140.88459 429.323498877084 -65404265.6411794
a position +0 +86400 2004 2001 6260121.91652081 2342436.85717732 234190045.111469 6260121.91652082 2340491.82661391 234190045.111469
a position +39700 +86400 2004 9001 6260121.91652081 2342436.85717732 234190045.111469 -135116917.590281 2734.76293945313 -65408222.5920657
a position +39700 +86400 9001 2001 -135116917.590281 2734.76293945313 -65408222.5920657 6260121.91652082 2340491.82661391 234190045.111469
a position +39700 +86400 9001 2002 -135116917.590281 2734.76293945313 -65408222.5920657 6274417.68779119 2342436.85717732 234191990.142032
a position +39700 +86400 9001 2003 -135116917.590281 2734.76293945313 -65408222.5920657 6274417.68779118 2340491.82661391 234191990.142032
a position +39700 +86400 9001 2004 -135116917.590281 2734.76293945313 -65408222.5920657 6260121.91652081 2342436.85717732 234190045.111469

