a contact +0 +1200 1001 2004 1000
a contact +0 +1200 1001 2007 1000
a contact +0 +1200 2004 1001 1000
a contact +0 +1200 2007 1001 1000
a contact +0 +1800 1003 2002 1000
a contact +0 +1800 1003 2005 1000
a contact +0 +1800 2002 1003 1000
a contact +0 +1800 2005 1003 1000
a contact +0 +2400 2001 2005 1000
a contact +0 +2400 2002 2006 1000
a contact +0 +2400 2003 2007 1000
a contact +0 +2400 2004 2008 1000
a contact +0 +2400 2005 2001 1000
a contact +0 +2400 2006 2002 1000
a contact +0 +2400 2007 2003 1000
a contact +0 +2400 2008 2004 1000
a contact +0 +3000 1002 2003 1000
a contact +0 +3000 1002 2008 1000
a contact +0 +3000 2003 1002 1000
a contact +0 +3000 2008 1002 1000
a contact +1200 +7200 2001 2004 1000
a contact +1200 +7200 2001 2008 1000
a contact +1200 +7200 2002 2003 1000
a contact +1200 +7200 2002 2007 1000
a contact +1200 +7200 2003 2002 1000
a contact +1200 +7200 2003 2006 1000
a contact +1200 +7200 2004 2001 1000
a contact +1200 +7200 2004 2005 1000
a contact +1200 +7200 2005 2004 1000
a contact +1200 +7200 2005 2008 1000
a contact +1200 +7200 2006 2003 1000
a contact +1200 +7200 2006 2007 1000
a contact +1200 +7200 2007 2002 1000
a contact +1200 +7200 2007 2006 1000
a contact +1200 +7200 2008 2001 1000
a contact +1200 +7200 2008 2005 1000
a contact +0 +7800 1003 9001 1000
a contact +0 +7800 1003 9002 1000
a contact +600 +7800 2001 2006 1000
a contact +600 +7800 2002 2005 1000
a contact +600 +7800 2003 2008 1000
a contact +600 +7800 2004 2007 1000
a contact +600 +7800 2005 2002 1000
a contact +600 +7800 2006 2001 1000
a contact +600 +7800 2007 2004 1000
a contact +600 +7800 2008 2003 1000
a contact +0 +7800 9001 1003 1000
a contact +0 +7800 9002 1003 1000
a contact +0 +12000 1002 2001 1000
a contact +0 +12000 1002 2006 1000
a contact +0 +12000 1003 2003 1000
a contact +0 +12000 1003 2008 1000
a contact +0 +12000 2001 1002 1000
a contact +0 +12000 2003 1003 1000
a contact +0 +12000 2006 1002 1000
a contact +0 +12000 2008 1003 1000
a contact +5400 +13200 1001 2004 1000
a contact +5400 +13200 1001 2007 1000
a contact +5400 +13200 2001 2005 1000
a contact +5400 +13200 2002 2006 1000
a contact +5400 +13200 2003 2007 1000
a contact +5400 +13200 2004 1001 1000
a contact +5400 +13200 2004 2008 1000
a contact +5400 +13200 2005 2001 1000
a contact +5400 +13200 2006 2002 1000
a contact +5400 +13200 2007 1001 1000
a contact +5400 +13200 2007 2003 1000
a contact +5400 +13200 2008 2004 1000
a contact +6600 +15000 1003 2002 1000
a contact +6600 +15000 1003 2005 1000
a contact +6600 +15000 2002 1003 1000
a contact +6600 +15000 2005 1003 1000
a contact +1200 +15600 1001 9001 1000
a contact +0 +15600 1002 9001 1000
a contact +10800 +15600 1003 9001 1000
a contact +0 +15600 2001 9001 1000
a contact +0 +15600 2002 9001 1000
a contact +0 +15600 2003 9001 1000
a contact +0 +15600 2004 9001 1000
a contact +0 +15600 2005 9001 1000
a contact +0 +15600 2006 9001 1000
a contact +0 +15600 2007 9001 1000
a contact +0 +15600 2008 9001 1000
a contact +1200 +15600 9001 1001 1000
a contact +0 +15600 9001 1002 1000
a contact +10800 +15600 9001 1003 1000
a contact +0 +15600 9001 2001 1000
a contact +0 +15600 9001 2002 1000
a contact +0 +15600 9001 2003 1000
a contact +0 +15600 9001 2004 1000
a contact +0 +15600 9001 2005 1000
a contact +0 +15600 9001 2006 1000
a contact +0 +15600 9001 2007 1000
a contact +0 +15600 9001 2008 1000
a contact +0 +17400 1002 9002 1000
a contact +11400 +17400 2001 2004 1000
a contact +11400 +17400 2001 2008 1000
a contact +11400 +17400 2002 2003 1000
a contact +11400 +17400 2002 2007 1000
a contact +11400 +17400 2003 2002 1000
a contact +11400 +17400 2003 2006 1000
a contact +11400 +17400 2004 2001 1000
a contact +11400 +17400 2004 2005 1000
a contact +11400 +17400 2005 2004 1000
a contact +11400 +17400 2005 2008 1000
a contact +11400 +17400 2006 2003 1000
a contact +11400 +17400 2006 2007 1000
a contact +11400 +17400 2007 2002 1000
a contact +11400 +17400 2007 2006 1000
a contact +11400 +17400 2008 2001 1000
a contact +11400 +17400 2008 2005 1000
a contact +0 +17400 9002 1002 1000
a contact +10800 +18000 2003 2008 1000
a contact +10800 +18000 2004 2007 1000
a contact +10800 +18000 2007 2004 1000
a contact +10800 +18000 2008 2003 1000
a contact +10800 +18600 2001 2006 1000
a contact +10800 +18600 2002 2005 1000
a contact +10800 +18600 2005 2002 1000
a contact +10800 +18600 2006 2001 1000
a contact +0 +21600 1001 1002 1000
a contact +0 +21600 1001 1003 1000
a contact +0 +21600 1001 2001 1000
a contact +0 +21600 1001 2002 1000
a contact +0 +21600 1001 2003 1000
a contact +17400 +21600 1001 2004 1000
a contact +0 +21600 1001 2005 1000
a contact +0 +21600 1001 2006 1000
a contact +17400 +21600 1001 2007 1000
a contact +0 +21600 1001 2008 1000
a contact +1200 +21600 1001 9002 1000
a contact +0 +21600 1002 1001 1000
a contact +0 +21600 1002 1003 1000
a contact +16800 +21600 1002 2001 1000
a contact +0 +21600 1002 2002 1000
a contact +6600 +21600 1002 2003 1000
a contact +0 +21600 1002 2004 1000
a contact +0 +21600 1002 2005 1000
a contact +16800 +21600 1002 2006 1000
a contact +0 +21600 1002 2007 1000
a contact +6600 +21600 1002 2008 1000
a contact +21000 +21600 1002 9002 1000
a contact +0 +21600 1003 1001 1000
a contact +0 +21600 1003 1002 1000
a contact +0 +21600 1003 2001 1000
a contact +16800 +21600 1003 2002 1000
a contact +15000 +21600 1003 2003 1000
a contact +0 +21600 1003 2004 1000
a contact +16800 +21600 1003 2005 1000
a contact +0 +21600 1003 2006 1000
a contact +0 +21600 1003 2007 1000
a contact +15000 +21600 1003 2008 1000
a contact +10800 +21600 1003 9002 1000
a contact +0 +21600 2001 1001 1000
a contact +16800 +21600 2001 1002 1000
a contact +0 +21600 2001 1003 1000
a contact +0 +21600 2001 2003 1000
a contact +16200 +21600 2001 2005 1000
a contact +21000 +21600 2001 2006 1000
a contact +0 +21600 2001 2007 1000
a contact +0 +21600 2001 9002 1000
a contact +0 +21600 2002 1001 1000
a contact +0 +21600 2002 1002 1000
a contact +16800 +21600 2002 1003 1000
a contact +0 +21600 2002 2004 1000
a contact +21000 +21600 2002 2005 1000
a contact +16200 +21600 2002 2006 1000
a contact +0 +21600 2002 2008 1000
a contact +0 +21600 2002 9002 1000
a contact +0 +21600 2003 1001 1000
a contact +6600 +21600 2003 1002 1000
a contact +15000 +21600 2003 1003 1000
a contact +0 +21600 2003 2001 1000
a contact +0 +21600 2003 2005 1000
a contact +16200 +21600 2003 2007 1000
a contact +21000 +21600 2003 2008 1000
a contact +0 +21600 2003 9002 1000
a contact +17400 +21600 2004 1001 1000
a contact +0 +21600 2004 1002 1000
a contact +0 +21600 2004 1003 1000
a contact +0 +21600 2004 2002 1000
a contact +0 +21600 2004 2006 1000
a contact +21000 +21600 2004 2007 1000
a contact +16200 +21600 2004 2008 1000
a contact +0 +21600 2004 9002 1000
a contact +0 +21600 2005 1001 1000
a contact +0 +21600 2005 1002 1000
a contact +16800 +21600 2005 1003 1000
a contact +16200 +21600 2005 2001 1000
a contact +21000 +21600 2005 2002 1000
a contact +0 +21600 2005 2003 1000
a contact +0 +21600 2005 2007 1000
a contact +0 +21600 2005 9002 1000
a contact +0 +21600 2006 1001 1000
a contact +16800 +21600 2006 1002 1000
a contact +0 +21600 2006 1003 1000
a contact +21000 +21600 2006 2001 1000
a contact +16200 +21600 2006 2002 1000
a contact +0 +21600 2006 2004 1000
a contact +0 +21600 2006 2008 1000
a contact +0 +21600 2006 9002 1000
a contact +17400 +21600 2007 1001 1000
a contact +0 +21600 2007 1002 1000
a contact +0 +21600 2007 1003 1000
a contact +0 +21600 2007 2001 1000
a contact +16200 +21600 2007 2003 1000
a contact +21000 +21600 2007 2004 1000
a contact +0 +21600 2007 2005 1000
a contact +0 +21600 2007 9002 1000
a contact +0 +21600 2008 1001 1000
a contact +6600 +21600 2008 1002 1000
a contact +15000 +21600 2008 1003 1000
a contact +0 +21600 2008 2002 1000
a contact +21000 +21600 2008 2003 1000
a contact +16200 +21600 2008 2004 1000
a contact +0 +21600 2008 2006 1000
a contact +0 +21600 2008 9002 1000
a contact +1200 +21600 9002 1001 1000
a contact +21000 +21600 9002 1002 1000
a contact +10800 +21600 9002 1003 1000
a contact +0 +21600 9002 2001 1000
a contact +0 +21600 9002 2002 1000
a contact +0 +21600 9002 2003 1000
a contact +0 +21600 9002 2004 1000
a contact +0 +21600 9002 2005 1000
a contact +0 +21600 9002 2006 1000
a contact +0 +21600 9002 2007 1000
a contact +0 +21600 9002 2008 1000

a range +0 +1200 1001 2004 0.0540
a range +0 +1200 1001 2007 0.0544
a range +0 +1200 2004 1001 0.0540
a range +0 +1200 2007 1001 0.0544
a range +0 +1800 1003 2002 0.0548
a range +0 +1800 1003 2005 0.0550
a range +0 +1800 2002 1003 0.0548
a range +0 +1800 2005 1003 0.0550
a range +0 +2400 2001 2005 0.0469
a range +0 +2400 2002 2006 0.0469
a range +0 +2400 2003 2007 0.0473
a range +0 +2400 2004 2008 0.0473
a range +0 +2400 2005 2001 0.0469
a range +0 +2400 2006 2002 0.0469
a range +0 +2400 2007 2003 0.0473
a range +0 +2400 2008 2004 0.0473
a range +0 +3000 1002 2003 0.0549
a range +0 +3000 1002 2008 0.0550
a range +0 +3000 2003 1002 0.0549
a range +0 +3000 2008 1002 0.0550
a range +1200 +7200 2001 2004 0.0479
a range +1200 +7200 2001 2008 0.0481
a range +1200 +7200 2002 2003 0.0479
a range +1200 +7200 2002 2007 0.0481
a range +1200 +7200 2003 2002 0.0479
a range +1200 +7200 2003 2006 0.0481
a range +1200 +7200 2004 2001 0.0479
a range +1200 +7200 2004 2005 0.0481
a range +1200 +7200 2005 2004 0.0481
a range +1200 +7200 2005 2008 0.0483
a range +1200 +7200 2006 2003 0.0481
a range +1200 +7200 2006 2007 0.0483
a range +1200 +7200 2007 2002 0.0481
a range +1200 +7200 2007 2006 0.0483
a range +1200 +7200 2008 2001 0.0481
a range +1200 +7200 2008 2005 0.0483
a range +0 +7800 1003 9001 1102.0661
a range +0 +7800 1003 9002 1102.0593
a range +600 +7800 2001 2006 0.0480
a range +600 +7800 2002 2005 0.0480
a range +600 +7800 2003 2008 0.0484
a range +600 +7800 2004 2007 0.0484
a range +600 +7800 2005 2002 0.0480
a range +600 +7800 2006 2001 0.0480
a range +600 +7800 2007 2004 0.0484
a range +600 +7800 2008 2003 0.0484
a range +0 +7800 9001 1003 1102.0661
a range +0 +7800 9002 1003 1102.0593
a range +0 +12000 1002 2001 0.0545
a range +0 +12000 1002 2006 0.0549
a range +0 +12000 1003 2003 0.0549
a range +0 +12000 1003 2008 0.0552
a range +0 +12000 2001 1002 0.0545
a range +0 +12000 2003 1003 0.0549
a range +0 +12000 2006 1002 0.0549
a range +0 +12000 2008 1003 0.0552
a range +5400 +13200 1001 2004 0.0555
a range +5400 +13200 1001 2007 0.0556
a range +5400 +13200 2001 2005 0.0492
a range +5400 +13200 2002 2006 0.0492
a range +5400 +13200 2003 2007 0.0494
a range +5400 +13200 2004 1001 0.0555
a range +5400 +13200 2004 2008 0.0494
a range +5400 +13200 2005 2001 0.0492
a range +5400 +13200 2006 2002 0.0492
a range +5400 +13200 2007 1001 0.0556
a range +5400 +13200 2007 2003 0.0494
a range +5400 +13200 2008 2004 0.0494
a range +6600 +15000 1003 2002 0.0544
a range +6600 +15000 1003 2005 0.0543
a range +6600 +15000 2002 1003 0.0544
a range +6600 +15000 2005 1003 0.0543
a range +1200 +15600 1001 9001 1102.3154
a range +0 +15600 1002 9001 1102.3712
a range +10800 +15600 1003 9001 1102.3509
a range +0 +15600 2001 9001 1102.3348
a range +0 +15600 2002 9001 1102.3568
a range +0 +15600 2003 9001 1102.3244
a range +0 +15600 2004 9001 1102.3672
a range +0 +15600 2005 9001 1102.3566
a range +0 +15600 2006 9001 1102.3350
a range +0 +15600 2007 9001 1102.3667
a range +0 +15600 2008 9001 1102.3249
a range +1200 +15600 9001 1001 1102.3154
a range +0 +15600 9001 1002 1102.3712
a range +10800 +15600 9001 1003 1102.3509
a range +0 +15600 9001 2001 1102.3348
a range +0 +15600 9001 2002 1102.3568
a range +0 +15600 9001 2003 1102.3244
a range +0 +15600 9001 2004 1102.3672
a range +0 +15600 9001 2005 1102.3566
a range +0 +15600 9001 2006 1102.3350
a range +0 +15600 9001 2007 1102.3667
a range +0 +15600 9001 2008 1102.3249
a range +0 +17400 1002 9002 1102.4258
a range +11400 +17400 2001 2004 0.0470
a range +11400 +17400 2001 2008 0.0473
a range +11400 +17400 2002 2003 0.0470
a range +11400 +17400 2002 2007 0.0473
a range +11400 +17400 2003 2002 0.0470
a range +11400 +17400 2003 2006 0.0473
a range +11400 +17400 2004 2001 0.0470
a range +11400 +17400 2004 2005 0.0473
a range +11400 +17400 2005 2004 0.0473
a range +11400 +17400 2005 2008 0.0475
a range +11400 +17400 2006 2003 0.0473
a range +11400 +17400 2006 2007 0.0475
a range +11400 +17400 2007 2002 0.0473
a range +11400 +17400 2007 2006 0.0475
a range +11400 +17400 2008 2001 0.0473
a range +11400 +17400 2008 2005 0.0475
a range +0 +17400 9002 1002 1102.4258
a range +10800 +18000 2003 2008 0.0471
a range +10800 +18000 2004 2007 0.0471
a range +10800 +18000 2007 2004 0.0471
a range +10800 +18000 2008 2003 0.0471
a range +10800 +18600 2001 2006 0.0500
a range +10800 +18600 2002 2005 0.0500
a range +10800 +18600 2005 2002 0.0500
a range +10800 +18600 2006 2001 0.0500
a range +0 +21600 1001 1002 0.0565
a range +0 +21600 1001 1003 0.0565
a range +0 +21600 1001 2001 0.0282
a range +0 +21600 1001 2002 0.0518
a range +0 +21600 1001 2003 0.0451
a range +17400 +21600 1001 2004 0.0380
a range +0 +21600 1001 2005 0.0522
a range +0 +21600 1001 2006 0.0274
a range +17400 +21600 1001 2007 0.0377
a range +0 +21600 1001 2008 0.0453
a range +1200 +21600 1001 9002 1102.5601
a range +0 +21600 1002 1001 0.0565
a range +0 +21600 1002 1003 0.0565
a range +16800 +21600 1002 2001 0.0443
a range +0 +21600 1002 2002 0.0389
a range +6600 +21600 1002 2003 0.0275
a range +0 +21600 1002 2004 0.0522
a range +0 +21600 1002 2005 0.0389
a range +16800 +21600 1002 2006 0.0443
a range +0 +21600 1002 2007 0.0526
a range +6600 +21600 1002 2008 0.0266
a range +21000 +21600 1002 9002 1102.5843
a range +0 +21600 1003 1001 0.0565
a range +0 +21600 1003 1002 0.0565
a range +0 +21600 1003 2001 0.0496
a range +16800 +21600 1003 2002 0.0319
a range +15000 +21600 1003 2003 0.0492
a range +0 +21600 1003 2004 0.0324
a range +16800 +21600 1003 2005 0.0313
a range +0 +21600 1003 2006 0.0500
a range +0 +21600 1003 2007 0.0320
a range +15000 +21600 1003 2008 0.0495
a range +10800 +21600 1003 9002 1102.5280
a range +0 +21600 2001 1001 0.0282
a range +16800 +21600 2001 1002 0.0443
a range +0 +21600 2001 1003 0.0496
a range +0 +21600 2001 2003 0.0216
a range +16200 +21600 2001 2005 0.0309
a range +21000 +21600 2001 2006 0.0417
a range +0 +21600 2001 2007 0.0221
a range +0 +21600 2001 9002 1102.5628
a range +0 +21600 2002 1001 0.0518
a range +0 +21600 2002 1002 0.0389
a range +16800 +21600 2002 1003 0.0319
a range +0 +21600 2002 2004 0.0216
a range +21000 +21600 2002 2005 0.0417
a range +16200 +21600 2002 2006 0.0309
a range +0 +21600 2002 2008 0.0221
a range +0 +21600 2002 9002 1102.5520
a range +0 +21600 2003 1001 0.0451
a range +6600 +21600 2003 1002 0.0275
a range +15000 +21600 2003 1003 0.0492
a range +0 +21600 2003 2001 0.0216
a range +0 +21600 2003 2005 0.0222
a range +16200 +21600 2003 2007 0.0317
a range +21000 +21600 2003 2008 0.0411
a range +0 +21600 2003 9002 1102.5717
a range +17400 +21600 2004 1001 0.0380
a range +0 +21600 2004 1002 0.0522
a range +0 +21600 2004 1003 0.0324
a range +0 +21600 2004 2002 0.0216
a range +0 +21600 2004 2006 0.0222
a range +21000 +21600 2004 2007 0.0411
a range +16200 +21600 2004 2008 0.0317
a range +0 +21600 2004 9002 1102.5432
a range +0 +21600 2005 1001 0.0522
a range +0 +21600 2005 1002 0.0389
a range +16800 +21600 2005 1003 0.0313
a range +16200 +21600 2005 2001 0.0309
a range +21000 +21600 2005 2002 0.0417
a range +0 +21600 2005 2003 0.0222
a range +0 +21600 2005 2007 0.0227
a range +0 +21600 2005 9002 1102.5514
a range +0 +21600 2006 1001 0.0274
a range +16800 +21600 2006 1002 0.0443
a range +0 +21600 2006 1003 0.0500
a range +21000 +21600 2006 2001 0.0417
a range +16200 +21600 2006 2002 0.0309
a range +0 +21600 2006 2004 0.0222
a range +0 +21600 2006 2008 0.0227
a range +0 +21600 2006 9002 1102.5635
a range +17400 +21600 2007 1001 0.0377
a range +0 +21600 2007 1002 0.0526
a range +0 +21600 2007 1003 0.0320
a range +0 +21600 2007 2001 0.0221
a range +16200 +21600 2007 2003 0.0317
a range +21000 +21600 2007 2004 0.0411
a range +0 +21600 2007 2005 0.0227
a range +0 +21600 2007 9002 1102.5423
a range +0 +21600 2008 1001 0.0453
a range +6600 +21600 2008 1002 0.0266
a range +15000 +21600 2008 1003 0.0495
a range +0 +21600 2008 2002 0.0221
a range +21000 +21600 2008 2003 0.0411
a range +16200 +21600 2008 2004 0.0317
a range +0 +21600 2008 2006 0.0227
a range +0 +21600 2008 9002 1102.5726
a range +1200 +21600 9002 1001 1102.5601
a range +21000 +21600 9002 1002 1102.5843
a range +10800 +21600 9002 1003 1102.5280
a range +0 +21600 9002 2001 1102.5628
a range +0 +21600 9002 2002 1102.5520
a range +0 +21600 9002 2003 1102.5717
a range +0 +21600 9002 2004 1102.5432
a range +0 +21600 9002 2005 1102.5514
a range +0 +21600 9002 2006 1102.5635
a range +0 +21600 9002 2007 1102.5423
a range +0 +21600 9002 2008 1102.5726

a position +0 +1200 1001 2004 8252212.87255345 2400687.80736832 233959909.572045 8251697.04390211 2406283.91688578 233944737.700557
a position +0 +1200 1001 2007 8252212.87255345 2400687.80736832 233959909.572045 8251707.07725798 2395283.14568573 233944545.417865
a position +0 +1200 2004 1001 8251697.04390211 2406283.91688578 233944737.700557 8252212.87255345 2400687.80736832 233959909.572045
a position +0 +1200 2007 1001 8251707.07725798 2395283.14568573 233944545.417865 8252212.87255345 2400687.80736832 233959909.572045
a position +0 +1800 1003 2002 8246952.6465033 2400271.36526276 233947921.658567 8231779.67825396 2404915.63781507 233952134.263324
a position +0 +1800 1003 2005 8246952.6465033 2400271.36526276 233947921.658567 8231621.17168409 2395847.24747742 233952122.725502
a position +0 +1800 2002 1003 8231779.67825396 2404915.63781507 233952134.263324 8246952.6465033 2400271.36526276 233947921.658567
a position +0 +1800 2005 1003 8231621.17168409 2395847.24747742 233952122.725502 8246952.6465033 2400271.36526276 233947921.658567
a position +0 +2400 2001 2005 8231011.44690811 2396407.36776774 233953467.080459 8216953.24241656 2396652.41834567 233953815.594409
a position +0 +2400 2002 2006 8217069.4786348 2403302.46067075 233953828.436966 8231127.68312632 2403057.41009281 233953479.923015
a position +0 +2400 2003 2007 8224214.74629086 2396529.38656284 233960677.931688 8223879.12602146 2396776.42563998 233946505.649814
a position +0 +2400 2004 2008 8223866.17925203 2403180.44187565 233946617.585737 8224201.79952143 2402933.40279851 233960789.867611
a position +0 +2400 2005 2001 8216953.24241656 2396652.41834567 233953815.594409 8231011.44690811 2396407.36776774 233953467.080459
a position +0 +2400 2006 2002 8231127.68312632 2403057.41009281 233953479.923015 8217069.4786348 2403302.46067075 233953828.436966
a position +0 +2400 2007 2003 8223879.12602146 2396776.42563998 233946505.649814 8224214.74629086 2396529.38656284 233960677.931688
a position +0 +2400 2008 2004 8224201.79952143 2402933.40279851 233960789.867611 8223866.17925203 2403180.44187565 233946617.585737
a position +0 +3000 1002 2003 8203880.52773819 2399438.45423938 233947829.14184 8210170.69708224 2397430.91496568 233962918.534947
a position +0 +3000 1002 2008 8203880.52773819 2399438.45423938 233947829.14184 8210156.90729994 2401182.86879204 233962984.115421
a position +0 +3000 2003 1002 8210170.69708224 2397430.91496568 233962918.534947 8203880.52773819 2399438.45423938 233947829.14184
a position +0 +3000 2008 1002 8210156.90729994 2401182.86879204 233962984.115421 8203880.52773819 2399438.45423938 233947829.14184
a position +1200 +7200 2001 2004 8116520.82414765 2403009.13219054 233968011.453143 8112583.58188804 2389963.21249527 233963504.509461
a position +1200 +7200 2001 2008 8116520.82414765 2403009.13219054 233968011.453143 8111888.61411061 2389821.98096506 233971606.762266
a position +1200 +7200 2002 2003 8107958.77348184 2390036.83642444 233967331.603929 8111896.01574148 2403082.75611972 233971838.547611
a position +1200 +7200 2002 2007 8107958.77348184 2390036.83642444 233967331.603929 8112590.98351891 2403223.98764993 233963736.294806
a position +1200 +7200 2003 2002 8111896.01574148 2403082.75611972 233971838.547611 8107958.77348184 2390036.83642444 233967331.603929
a position +1200 +7200 2003 2006 8111896.01574148 2403082.75611972 233971838.547611 8116291.54231735 2389891.58673625 233968019.065356
a position +1200 +7200 2004 2001 8112583.58188804 2389963.21249527 233963504.509461 8116520.82414765 2403009.13219054 233968011.453143
a position +1200 +7200 2004 2005 8112583.58188804 2389963.21249527 233963504.509461 8108188.0553122 2403154.38187874 233967323.991716
a position +1200 +7200 2005 2004 8108188.0553122 2403154.38187874 233967323.991716 8112583.58188804 2389963.21249527 233963504.509461
a position +1200 +7200 2005 2008 8108188.0553122 2403154.38187874 233967323.991716 8111888.61411061 2389821.98096506 233971606.762266
a position +1200 +7200 2006 2003 8116291.54231735 2389891.58673625 233968019.065356 8111896.01574148 2403082.75611972 233971838.547611
a position +1200 +7200 2006 2007 8116291.54231735 2389891.58673625 233968019.065356 8112590.98351891 2403223.98764993 233963736.294806
a position +1200 +7200 2007 2002 8112590.98351891 2403223.98764993 233963736.294806 8107958.77348184 2390036.83642444 233967331.603929
a position +1200 +7200 2007 2006 8112590.98351891 2403223.98764993 233963736.294806 8116291.54231735 2389891.58673625 233968019.065356
a position +1200 +7200 2008 2001 8111888.61411061 2389821.98096506 233971606.762266 8116520.82414765 2403009.13219054 233968011.453143
a position +1200 +7200 2008 2005 8111888.61411061 2389821.98096506 233971606.762266 8108188.0553122 2403154.38187874 233967323.991716
a position +0 +7800 1003 9001 8104599.46904653 2396106.45289839 233976870.278595 -136082309.466185 3750.98291015625 -63281756.7519451
a position +0 +7800 1003 9002 8104599.46904653 2396106.45289839 233976870.278595 -136088846.56262 4196.68310546875 -63276341.0945354
a position +600 +7800 2001 2006 8101306.59666835 2403256.17811169 233969795.280928 8101054.87931193 2388855.06372643 233969800.60891
a position +600 +7800 2002 2005 8095222.56203023 2388956.72768511 233969045.878486 8095474.27938673 2403357.84207037 233969040.550504
a position +600 +7800 2003 2008 8097887.15665394 2403308.10693787 233972337.18256 8097882.05939882 2388807.53743722 233972083.726826
a position +600 +7800 2004 2007 8098642.00204468 2388904.79885893 233966503.976853 8098647.0992998 2403405.36835958 233966757.432588
a position +600 +7800 2005 2002 8095474.27938673 2403357.84207037 233969040.550504 8095222.56203023 2388956.72768511 233969045.878486
a position +600 +7800 2006 2001 8101054.87931193 2388855.06372643 233969800.60891 8101306.59666835 2403256.17811169 233969795.280928
a position +600 +7800 2007 2004 8098647.0992998 2403405.36835958 233966757.432588 8098642.00204468 2388904.79885893 233966503.976853
a position +600 +7800 2008 2003 8097882.05939882 2388807.53743722 233972083.726826 8097887.15665394 2403308.10693787 233972337.18256
a position +0 +7800 9001 1003 -136082309.466185 3750.98291015625 -63281756.7519451 8104599.46904653 2396106.45289839 233976870.278595
a position +0 +7800 9002 1003 -136088846.56262 4196.68310546875 -63276341.0945354 8104599.46904653 2396106.45289839 233976870.278595
a position +0 +12000 1002 2001 8009690.24655298 2393190.48334178 233978475.688472 7994516.11926785 2398228.7274326 233981903.590741
a position +0 +12000 1002 2006 8009690.24655298 2393190.48334178 233978475.688472 7994343.65274581 2388361.66801753 233981892.615045
a position +0 +12000 1003 2003 7998550.66180598 2393190.48334178 233991234.848894 8000178.60710627 2398124.76456414 233975631.316654
a position +0 +12000 1003 2008 7998550.66180598 2393190.48334178 233991234.848894 8000189.73866011 2388468.60481978 233975462.536451
a position +0 +12000 2001 1002 7994516.11926785 2398228.7274326 233981903.590741 8009690.24655298 2393190.48334178 233978475.688472
a position +0 +12000 2003 1003 8000178.60710627 2398124.76456414 233975631.316654 7998550.66180598 2393190.48334178 233991234.848894
a position +0 +12000 2006 1002 7994343.65274581 2388361.66801753 233981892.615045 8009690.24655298 2393190.48334178 233978475.688472
a position +0 +12000 2008 1003 8000189.73866011 2388468.60481978 233975462.536451 7998550.66180598 2393190.48334178 233991234.848894
a position +5400 +13200 1001 2004 7966994.89561362 2392357.26897508 233977031.251788 7972616.74233226 2389867.39760392 233992491.447694
a position +5400 +13200 1001 2007 7966994.89561362 2392357.26897508 233977031.251788 7972603.20409408 2394588.81537308 233992573.973447
a position +5400 +13200 2001 2005 7965162.2838663 2394975.18479176 233985260.040856 7979897.25130249 2394718.33746191 233984999.103346
a position +5400 +13200 2002 2006 7979810.22353968 2389739.35315836 233984985.642547 7965075.25610352 2389996.20048821 233985246.580058
a position +5400 +13200 2003 2007 7972355.76507374 2394847.1403462 233977754.235709 7972603.20409408 2394588.81537308 233992573.973447
a position +5400 +13200 2004 1001 7972616.74233226 2389867.39760392 233992491.447694 7966994.89561362 2392357.26897508 233977031.251788
a position +5400 +13200 2004 2008 7972616.74233226 2389867.39760392 233992491.447694 7972369.30331191 2390125.72257704 233977671.709957
a position +5400 +13200 2005 2001 7979897.25130249 2394718.33746191 233984999.103346 7965162.2838663 2394975.18479176 233985260.040856
a position +5400 +13200 2006 2002 7965075.25610352 2389996.20048821 233985246.580058 7979810.22353968 2389739.35315836 233984985.642547
a position +5400 +13200 2007 1001 7972603.20409408 2394588.81537308 233992573.973447 7966994.89561362 2392357.26897508 233977031.251788
a position +5400 +13200 2007 2003 7972603.20409408 2394588.81537308 233992573.973447 7972355.76507374 2394847.1403462 233977754.235709
a position +5400 +13200 2008 2004 7972369.30331191 2390125.72257704 233977671.709957 7972616.74233226 2389867.39760392 233992491.447694
a position +6600 +15000 1003 2002 7923302.86513206 2391107.38063589 233996896.287097 7938184.74641629 2392644.79058465 233990421.822449
a position +6600 +15000 1003 2005 7923302.86513206 2391107.38063589 233996896.287097 7938126.37292221 2389305.15847885 233990435.700669
a position +6600 +15000 2002 1003 7938184.74641629 2392644.79058465 233990421.822449 7923302.86513206 2391107.38063589 233996896.287097
a position +6600 +15000 2005 1003 7938126.37292221 2389305.15847885 233990435.700669 7923302.86513206 2391107.38063589 233996896.287097
a position +1200 +15600 1001 9001 7915776.852001 2390690.73338572 233982333.345313 -135989153.766107 3750.98291015625 -63495968.3965652
a position +0 +15600 1002 9001 7925427.5417945 2390690.73338572 233996252.781706 -135989153.766107 3750.98291015625 -63495968.3965652
a position +10800 +15600 1003 9001 7908547.61137463 2390690.73338572 233997650.806035 -135989153.766107 3750.98291015625 -63495968.3965652
a position +0 +15600 2001 9001 7909360.51239695 2387807.81549379 233991927.89036 -135989153.766107 3750.98291015625 -63495968.3965652
a position +0 +15600 2002 9001 7923807.49104979 2393573.6512776 233992230.065009 -135989153.766107 3750.98291015625 -63495968.3965652
a position +0 +15600 2003 9001 7916741.66388782 2387682.36007527 233984906.971434 -135989153.766107 3750.98291015625 -63495968.3965652
a position +0 +15600 2004 9001 7916426.33955891 2393699.10669612 233999250.983936 -135989153.766107 3750.98291015625 -63495968.3965652
a position +0 +15600 2005 9001 7923702.34023681 2387557.82103661 233992243.166664 -135989153.766107 3750.98291015625 -63495968.3965652
a position +0 +15600 2006 9001 7909465.6632099 2393823.64573478 233991914.788706 -135989153.766107 3750.98291015625 -63495968.3965652
a position +0 +15600 2007 9001 7916413.33594355 2387434.23631319 233999141.480145 -135989153.766107 3750.98291015625 -63495968.3965652
a position +0 +15600 2008 9001 7916754.66750317 2393947.2304582 233985016.475224 -135989153.766107 3750.98291015625 -63495968.3965652
a position +1200 +15600 9001 1001 -135989153.766107 3750.98291015625 -63495968.3965652 7915776.852001 2390690.73338572 233982333.345313
a position +0 +15600 9001 1002 -135989153.766107 3750.98291015625 -63495968.3965652 7925427.5417945 2390690.73338572 233996252.781706
a position +10800 +15600 9001 1003 -135989153.766107 3750.98291015625 -63495968.3965652 7908547.61137463 2390690.73338572 233997650.806035
a position +0 +15600 9001 2001 -135989153.766107 3750.98291015625 -63495968.3965652 7909360.51239695 2387807.81549379 233991927.89036
a position +0 +15600 9001 2002 -135989153.766107 3750.98291015625 -63495968.3965652 7923807.49104979 2393573.6512776 233992230.065009
a position +0 +15600 9001 2003 -135989153.766107 3750.98291015625 -63495968.3965652 7916741.66388782 2387682.36007527 233984906.971434
a position +0 +15600 9001 2004 -135989153.766107 3750.98291015625 -63495968.3965652 7916426.33955891 2393699.10669612 233999250.983936
a position +0 +15600 9001 2005 -135989153.766107 3750.98291015625 -63495968.3965652 7923702.34023681 2387557.82103661 233992243.166664
a position +0 +15600 9001 2006 -135989153.766107 3750.98291015625 -63495968.3965652 7909465.6632099 2393823.64573478 233991914.788706
a position +0 +15600 9001 2007 -135989153.766107 3750.98291015625 -63495968.3965652 7916413.33594355 2387434.23631319 233999141.480145
a position +0 +15600 9001 2008 -135989153.766107 3750.98291015625 -63495968.3965652 7916754.66750317 2393947.2304582 233985016.475224
a position +0 +17400 1002 9002 7881284.12664444 2389440.73824856 234004477.905918 -135969284.563896 4196.68310546875 -63536891.5489618
a position +11400 +17400 2001 2004 7869963.87481311 2383245.41997512 233996962.251268 7874328.08307245 2395716.90707828 234001871.07609
a position +11400 +17400 2001 2008 7869963.87481311 2383245.41997512 233996962.251268 7874994.09577331 2395872.84879975 233992924.920453
a position +11400 +17400 2002 2003 7879350.13147337 2395636.05652198 233997611.617014 7874985.92321399 2383164.56941882 233992702.792192
a position +11400 +17400 2002 2007 7879350.13147337 2395636.05652198 233997611.617014 7874319.91051313 2383008.62769735 234001648.947829
a position +11400 +17400 2003 2002 7874985.92321399 2383164.56941882 233992702.792192 7879350.13147337 2395636.05652198 233997611.617014
a position +11400 +17400 2003 2006 7874985.92321399 2383164.56941882 233992702.792192 7870183.24394937 2395795.84585261 233996953.877064
a position +11400 +17400 2004 2001 7874328.08307245 2395716.90707828 234001871.07609 7869963.87481311 2383245.41997512 233996962.251268
a position +11400 +17400 2004 2005 7874328.08307245 2395716.90707828 234001871.07609 7879130.76233704 2383085.63064448 233997619.991218
a position +11400 +17400 2005 2004 7879130.76233704 2383085.63064448 233997619.991218 7874328.08307245 2395716.90707828 234001871.07609
a position +11400 +17400 2005 2008 7879130.76233704 2383085.63064448 233997619.991218 7874994.09577331 2395872.84879975 233992924.920453
a position +11400 +17400 2006 2003 7870183.24394937 2395795.84585261 233996953.877064 7874985.92321399 2383164.56941882 233992702.792192
a position +11400 +17400 2006 2007 7870183.24394937 2395795.84585261 233996953.877064 7874319.91051313 2383008.62769735 234001648.947829
a position +11400 +17400 2007 2002 7874319.91051313 2383008.62769735 234001648.947829 7879350.13147337 2395636.05652198 233997611.617014
a position +11400 +17400 2007 2006 7874319.91051313 2383008.62769735 234001648.947829 7870183.24394937 2395795.84585261 233996953.877064
a position +11400 +17400 2008 2001 7874994.09577331 2395872.84879975 233992924.920453 7869963.87481311 2383245.41997512 233996962.251268
a position +11400 +17400 2008 2005 7874994.09577331 2395872.84879975 233992924.920453 7879130.76233704 2383085.63064448 233997619.991218
a position +0 +17400 9002 1002 -135969284.563896 4196.68310546875 -63536891.5489618 7881284.12664444 2389440.73824856 234004477.905918
a position +10800 +18000 2003 2008 7861048.01012572 2382026.39451352 233995643.14707 7861053.95669049 2396135.18352721 233995889.754865
a position +10800 +18000 2004 2007 7860314.54638991 2396021.71631199 234002399.208252 7860308.59982514 2381912.92729831 234002152.600457
a position +10800 +18000 2007 2004 7860308.59982514 2381912.92729831 234002152.600457 7860314.54638991 2396021.71631199 234002399.208252
a position +10800 +18000 2008 2003 7861053.95669049 2396135.18352721 233995889.754865 7861048.01012572 2382026.39451352 233995643.14707
a position +10800 +18600 2001 2006 7844513.35620382 2381153.86411698 234000363.928851 7844775.17197605 2396132.72349049 234000360.162815
a position +10800 +18600 2002 2005 7848897.6920241 2396060.86325251 234001145.171571 7848635.87625179 2381082.003879 234001148.937607
a position +10800 +18600 2005 2002 7848635.87625179 2381082.003879 234001148.937607 7848897.6920241 2396060.86325251 234001145.171571
a position +10800 +18600 2006 2001 7844775.17197605 2396132.72349049 234000360.162815 7844513.35620382 2381153.86411698 234000363.928851
a position +0 +21600 1001 1002 7785945.73730347 2386523.77172079 234005877.767628 7775324.17876016 2386523.77172079 234019071.289413
a position +0 +21600 1001 1003 7785945.73730347 2386523.77172079 234005877.767628 7769209.03300001 2386523.77172079 234003275.988994
a position +0 +21600 1001 2001 7785945.73730347 2386523.77172079 234005877.767628 7781341.37214447 2380197.85661277 234009076.821516
a position +0 +21600 1001 2002 7785945.73730347 2386523.77172079 234005877.767628 7772311.26056456 2392849.68682883 234009739.875841
a position +0 +21600 1001 2003 7785945.73730347 2386523.77172079 234005877.767628 7777153.66902456 2380277.51067834 234014033.270756
a position +17400 +21600 1001 2004 7785945.73730347 2386523.77172079 234005877.767628 7776498.96368444 2392770.03276326 234004783.426601
a position +0 +21600 1001 2005 7785945.73730347 2386523.77172079 234005877.767628 7772092.93678658 2380359.06741539 234009731.427141
a position +0 +21600 1001 2006 7785945.73730347 2386523.77172079 234005877.767628 7781559.69592239 2392688.47602621 234009085.270216
a position +17400 +21600 1001 2007 7785945.73730347 2386523.77172079 234005877.767628 7776507.61051223 2380442.50198123 234004567.953453
a position +0 +21600 1001 2008 7785945.73730347 2386523.77172079 234005877.767628 7777145.02219677 2392605.04146037 234014248.743904
a position +1200 +21600 1001 9002 7785945.73730347 2386523.77172079 234005877.767628 -135917047.667428 4196.68310546875 -63651528.4206634
a position +0 +21600 1002 1001 7775324.17876016 2386523.77172079 234019071.289413 7785945.73730347 2386523.77172079 234005877.767628
a position +0 +21600 1002 1003 7775324.17876016 2386523.77172079 234019071.289413 7769209.03300001 2386523.77172079 234003275.988994
a position +16800 +21600 1002 2001 7775324.17876016 2386523.77172079 234019071.289413 7781341.37214447 2380197.85661277 234009076.821516
a position +0 +21600 1002 2002 7775324.17876016 2386523.77172079 234019071.289413 7772311.26056456 2392849.68682883 234009739.875841
a position +6600 +21600 1002 2003 7775324.17876016 2386523.77172079 234019071.289413 7777153.66902456 2380277.51067834 234014033.270756
a position +0 +21600 1002 2004 7775324.17876016 2386523.77172079 234019071.289413 7776498.96368444 2392770.03276326 234004783.426601
a position +0 +21600 1002 2005 7775324.17876016 2386523.77172079 234019071.289413 7772092.93678658 2380359.06741539 234009731.427141
a position +16800 +21600 1002 2006 7775324.17876016 2386523.77172079 234019071.289413 7781559.69592239 2392688.47602621 234009085.270216
a position +0 +21600 1002 2007 7775324.17876016 2386523.77172079 234019071.289413 7776507.61051223 2380442.50198123 234004567.953453
a position +6600 +21600 1002 2008 7775324.17876016 2386523.77172079 234019071.289413 7777145.02219677 2392605.04146037 234014248.743904
a position +21000 +21600 1002 9002 7775324.17876016 2386523.77172079 234019071.289413 -135917047.667428 4196.68310546875 -63651528.4206634
a position +0 +21600 1003 1001 7769209.03300001 2386523.77172079 234003275.988994 7785945.73730347 2386523.77172079 234005877.767628
a position +0 +21600 1003 1002 7769209.03300001 2386523.77172079 234003275.988994 7775324.17876016 2386523.77172079 234019071.289413
a position +0 +21600 1003 2001 7769209.03300001 2386523.77172079 234003275.988994 7781341.37214447 2380197.85661277 234009076.821516
a position +16800 +21600 1003 2002 7769209.03300001 2386523.77172079 234003275.988994 7772311.26056456 2392849.68682883 234009739.875841
a position +15000 +21600 1003 2003 7769209.03300001 2386523.77172079 234003275.988994 7777153.66902456 2380277.51067834 234014033.270756
a position +0 +21600 1003 2004 7769209.03300001 2386523.77172079 234003275.988994 7776498.96368444 2392770.03276326 234004783.426601
a position +16800 +21600 1003 2005 7769209.03300001 2386523.77172079 234003275.988994 7772092.93678658 2380359.06741539 234009731.427141
a position +0 +21600 1003 2006 7769209.03300001 2386523.77172079 234003275.988994 7781559.69592239 2392688.47602621 234009085.270216
a position +0 +21600 1003 2007 7769209.03300001 2386523.77172079 234003275.988994 7776507.61051223 2380442.50198123 234004567.953453
a position +15000 +21600 1003 2008 7769209.03300001 2386523.77172079 234003275.988994 7777145.02219677 2392605.04146037 234014248.743904
a position +10800 +21600 1003 9002 7769209.03300001 2386523.77172079 234003275.988994 -135917047.667428 4196.68310546875 -63651528.4206634
a position +0 +21600 2001 1001 7781341.37214447 2380197.85661277 234009076.821516 7785945.73730347 2386523.77172079 234005877.767628
a position +16800 +21600 2001 1002 7781341.37214447 2380197.85661277 234009076.821516 7775324.17876016 2386523.77172079 234019071.289413
a position +0 +21600 2001 1003 7781341.37214447 2380197.85661277 234009076.821516 7769209.03300001 2386523.77172079 234003275.988994
a position +0 +21600 2001 2003 7781341.37214447 2380197.85661277 234009076.821516 7777153.66902456 2380277.51067834 234014033.270756
a position +16200 +21600 2001 2005 7781341.37214447 2380197.85661277 234009076.821516 7772092.93678658 2380359.06741539 234009731.427141
a position +21000 +21600 2001 2006 7781341.37214447 2380197.85661277 234009076.821516 7781559.69592239 2392688.47602621 234009085.270216
a position +0 +21600 2001 2007 7781341.37214447 2380197.85661277 234009076.821516 7776507.61051223 2380442.50198123 234004567.953453
a position +0 +21600 2001 9002 7781341.37214447 2380197.85661277 234009076.821516 -135917047.667428 4196.68310546875 -63651528.4206634
a position +0 +21600 2002 1001 7772311.26056456 2392849.68682883 234009739.875841 7785945.73730347 2386523.77172079 234005877.767628
a position +0 +21600 2002 1002 7772311.26056456 2392849.68682883 234009739.875841 7775324.17876016 2386523.77172079 234019071.289413
a position +16800 +21600 2002 1003 7772311.26056456 2392849.68682883 234009739.875841 7769209.03300001 2386523.77172079 234003275.988994
a position +0 +21600 2002 2004 7772311.26056456 2392849.68682883 234009739.875841 7776498.96368444 2392770.03276326 234004783.426601
a position +21000 +21600 2002 2005 7772311.26056456 2392849.68682883 234009739.875841 7772092.93678658 2380359.06741539 234009731.427141
a position +16200 +21600 2002 2006 7772311.26056456 2392849.68682883 234009739.875841 7781559.69592239 2392688.47602621 234009085.270216
a position +0 +21600 2002 2008 7772311.26056456 2392849.68682883 234009739.875841 7777145.02219677 2392605.04146037 234014248.743904
a position +0 +21600 2002 9002 7772311.26056456 2392849.68682883 234009739.875841 -135917047.667428 4196.68310546875 -63651528.4206634
a position +0 +21600 2003 1001 7777153.66902456 2380277.51067834 234014033.270756 7785945.73730347 2386523.77172079 234005877.767628
a position +6600 +21600 2003 1002 7777153.66902456 2380277.51067834 234014033.270756 7775324.17876016 2386523.77172079 234019071.289413
a position +15000 +21600 2003 1003 7777153.66902456 2380277.51067834 234014033.270756 7769209.03300001 2386523.77172079 234003275.988994
a position +0 +21600 2003 2001 7777153.66902456 2380277.51067834 234014033.270756 7781341.37214447 2380197.85661277 234009076.821516
a position +0 +21600 2003 2005 7777153.66902456 2380277.51067834 234014033.270756 7772092.93678658 2380359.06741539 234009731.427141
a position +16200 +21600 2003 2007 7777153.66902456 2380277.51067834 234014033.270756 7776507.61051223 2380442.50198123 234004567.953453
a position +21000 +21600 2003 2008 7777153.66902456 2380277.51067834 234014033.270756 7777145.02219677 2392605.04146037 234014248.743904
a position +0 +21600 2003 9002 7777153.66902456 2380277.51067834 234014033.270756 -135917047.667428 4196.68310546875 -63651528.4206634
a position +17400 +21600 2004 1001 7776498.96368444 2392770.03276326 234004783.426601 7785945.73730347 2386523.77172079 234005877.767628
a position +0 +21600 2004 1002 7776498.96368444 2392770.03276326 234004783.426601 7775324.17876016 2386523.77172079 234019071.289413
a position +0 +21600 2004 1003 7776498.96368444 2392770.03276326 234004783.426601 7769209.03300001 2386523.77172079 234003275.988994
a position +0 +21600 2004 2002 7776498.96368444 2392770.03276326 234004783.426601 7772311.26056456 2392849.68682883 234009739.875841
a position +0 +21600 2004 2006 7776498.96368444 2392770.03276326 234004783.426601 7781559.69592239 2392688.47602621 234009085.270216
a position +21000 +21600 2004 2007 7776498.96368444 2392770.03276326 234004783.426601 7776507.61051223 2380442.50198123 234004567.953453
a position +16200 +21600 2004 2008 7776498.96368444 2392770.03276326 234004783.426601 7777145.02219677 2392605.04146037 234014248.743904
a position +0 +21600 2004 9002 7776498.96368444 2392770.03276326 234004783.426601 -135917047.667428 4196.68310546875 -63651528.4206634
a position +0 +21600 2005 1001 7772092.93678658 2380359.06741539 234009731.427141 7785945.73730347 2386523.77172079 234005877.767628
a position +0 +21600 2005 1002 7772092.93678658 2380359.06741539 234009731.427141 7775324.17876016 2386523.77172079 234019071.289413
a position +16800 +21600 2005 1003 7772092.93678658 2380359.06741539 234009731.427141 7769209.03300001 2386523.77172079 234003275.988994
a position +16200 +21600 2005 2001 7772092.93678658 2380359.06741539 234009731.427141 7781341.37214447 2380197.85661277 234009076.821516
a position +21000 +21600 2005 2002 7772092.93678658 2380359.06741539 234009731.427141 7772311.26056456 2392849.68682883 234009739.875841
a position +0 +21600 2005 2003 7772092.93678658 2380359.06741539 234009731.427141 7777153.66902456 2380277.51067834 234014033.270756
a position +0 +21600 2005 2007 7772092.93678658 2380359.06741539 234009731.427141 7776507.61051223 2380442.50198123 234004567.953453
a position +0 +21600 2005 9002 7772092.93678658 2380359.06741539 234009731.427141 -135917047.667428 4196.68310546875 -63651528.4206634
a position +0 +21600 2006 1001 7781559.69592239 2392688.47602621 234009085.270216 7785945.73730347 2386523.77172079 234005877.767628
a position +16800 +21600 2006 1002 7781559.69592239 2392688.47602621 234009085.270216 7775324.17876016 2386523.77172079 234019071.289413
a position +0 +21600 2006 1003 7781559.69592239 2392688.47602621 234009085.270216 7769209.03300001 2386523.77172079 234003275.988994
a position +21000 +21600 2006 2001 7781559.69592239 2392688.47602621 234009085.270216 7781341.37214447 2380197.85661277 234009076.821516
a position +16200 +21600 2006 2002 7781559.69592239 2392688.47602621 234009085.270216 7772311.26056456 2392849.68682883 234009739.875841
a position +0 +21600 2006 2004 7781559.69592239 2392688.47602621 234009085.270216 7776498.96368444 2392770.03276326 234004783.426601
a position +0 +21600 2006 2008 7781559.69592239 2392688.47602621 234009085.270216 7777145.02219677 2392605.04146037 234014248.743904
a position +0 +21600 2006 9002 7781559.69592239 2392688.47602621 234009085.270216 -135917047.667428 4196.68310546875 -63651528.4206634
a position +17400 +21600 2007 1001 7776507.61051223 2380442.50198123 234004567.953453 7785945.73730347 2386523.77172079 234005877.767628
a position +0 +21600 2007 1002 7776507.61051223 2380442.50198123 234004567.953453 7775324.17876016 2386523.77172079 234019071.289413
a position +0 +21600 2007 1003 7776507.61051223 2380442.50198123 234004567.953453 7769209.03300001 2386523.77172079 234003275.988994
a position +0 +21600 2007 2001 7776507.61051223 2380442.50198123 234004567.953453 7781341.37214447 2380197.85661277 234009076.821516
a position +16200 +21600 2007 2003 7776507.61051223 2380442.50198123 234004567.953453 7777153.66902456 2380277.51067834 234014033.270756
a position +21000 +21600 2007 2004 7776507.61051223 2380442.50198123 234004567.953453 7776498.96368444 2392770.03276326 234004783.426601
a position +0 +21600 2007 2005 7776507.61051223 2380442.50198123 234004567.953453 7772092.93678658 2380359.06741539 234009731.427141
a position +0 +21600 2007 9002 7776507.61051223 2380442.50198123 234004567.953453 -135917047.667428 4196.68310546875 -63651528.4206634
a position +0 +21600 2008 1001 7777145.02219677 2392605.04146037 234014248.743904 7785945.73730347 2386523.77172079 234005877.767628
a position +6600 +21600 2008 1002 7777145.02219677 2392605.04146037 234014248.743904 7775324.17876016 2386523.77172079 234019071.289413
a position +15000 +21600 2008 1003 7777145.02219677 2392605.04146037 234014248.743904 7769209.03300001 2386523.77172079 234003275.988994
a position +0 +21600 2008 2002 7777145.02219677 2392605.04146037 234014248.743904 7772311.26056456 2392849.68682883 234009739.875841
a position +21000 +21600 2008 2003 7777145.02219677 2392605.04146037 234014248.743904 7777153.66902456 2380277.51067834 234014033.270756
a position +16200 +21600 2008 2004 7777145.02219677 2392605.04146037 234014248.743904 7776498.96368444 2392770.03276326 234004783.426601
a position +0 +21600 2008 2006 7777145.02219677 2392605.04146037 234014248.743904 7781559.69592239 2392688.47602621 234009085.270216
a position +0 +21600 2008 9002 7777145.02219677 2392605.04146037 234014248.743904 -135917047.667428 4196.68310546875 -63651528.4206634
a position +1200 +21600 9002 1001 -135917047.667428 4196.68310546875 -63651528.4206634 7785945.73730347 2386523.77172079 234005877.767628
a position +21000 +21600 9002 1002 -135917047.667428 4196.68310546875 -63651528.4206634 7775324.17876016 2386523.77172079 234019071.289413
a position +10800 +21600 9002 1003 -135917047.667428 4196.68310546875 -63651528.4206634 7769209.03300001 2386523.77172079 234003275.988994
a position +0 +21600 9002 2001 -135917047.667428 4196.68310546875 -63651528.4206634 7781341.37214447 2380197.85661277 234009076.821516
a position +0 +21600 9002 2002 -135917047.667428 4196.68310546875 -63651528.4206634 7772311.26056456 2392849.68682883 234009739.875841
a position +0 +21600 9002 2003 -135917047.667428 4196.68310546875 -63651528.4206634 7777153.66902456 2380277.51067834 234014033.270756
a position +0 +21600 9002 2004 -135917047.667428 4196.68310546875 -63651528.4206634 7776498.96368444 2392770.03276326 234004783.426601
a position +0 +21600 9002 2005 -135917047.667428 4196.68310546875 -63651528.4206634 7772092.93678658 2380359.06741539 234009731.427141
a position +0 +21600 9002 2006 -135917047.667428 4196.68310546875 -63651528.4206634 7781559.69592239 2392688.47602621 234009085.270216
a position +0 +21600 9002 2007 -135917047.667428 4196.68310546875 -63651528.4206634 7776507.61051223 2380442.50198123 234004567.953453
a position +0 +21600 9002 2008 -135917047.667428 4196.68310546875 -63651528.4206634 7777145.02219677 2392605.04146037 234014248.743904

