a contact +1200 +1800 1003 9002 1200
a contact +2400 +3000 1002 9001 1200
a contact +7800 +8400 2005 1003 50
a contact +8400 +9000 2004 1001 50
a contact +8400 +9000 2007 1002 50
a contact +9600 +10200 2004 1001 50
a contact +9600 +10200 2005 1003 50
a contact +10800 +11400 2004 1001 50
a contact +10800 +11400 2006 1003 50
a contact +12000 +12600 2004 1001 50
a contact +12000 +12600 2006 1003 50
a contact +13200 +13800 2006 1003 50
a contact +14400 +15000 2004 1002 50
a contact +14400 +15000 2007 1003 50
a contact +15000 +15600 2006 1003 50
a contact +16200 +16800 2005 1002 50
a contact +16200 +16800 2008 1003 50
a contact +18000 +18600 2006 1002 50
a contact +18000 +18600 2008 1003 50
a contact +19200 +19800 1001 9002 1200

a range +1200 +1800 1003 9002 1102.0593
a range +2400 +3000 1002 9001 1102.3712
a range +7800 +8400 2005 1003 0.0543
a range +8400 +9000 2004 1001 0.0555
a range +8400 +9000 2007 1002 0.0526
a range +9600 +10200 2004 1001 0.0555
a range +9600 +10200 2005 1003 0.0543
a range +10800 +11400 2004 1001 0.0555
a range +10800 +11400 2006 1003 0.05
a range +12000 +12600 2004 1001 0.0555
a range +12000 +12600 2006 1003 0.05
a range +13200 +13800 2006 1003 0.05
a range +14400 +15000 2004 1002 0.0522
a range +14400 +15000 2007 1003 0.032
a range +15000 +15600 2006 1003 0.05
a range +16200 +16800 2005 1002 0.0389
a range +16200 +16800 2008 1003 0.0495
a range +18000 +18600 2006 1002 0.0443
a range +18000 +18600 2008 1003 0.0495
a range +19200 +19800 1001 9002 1102.5601
