num_k=36
num_nodes=13
duration=6.0 hours
ipn_node_to_planet_map={0: '1', 1: '1', 2: '1'}
nodes=['1001', '1002', '1003', '2001', '2002', '2003', '2004', '2005', '2006', '2007', '2008', '9001', '9002']
oi to node={0: 0, 1: 0, 2: 1, 3: 1, 4: 2, 5: 2, 6: 3, 7: 4, 8: 5, 9: 6, 10: 7, 11: 8, 12: 9, 13: 10, 14: 11, 15: 12}
node to oi={0: [0, 1], 1: [2, 3], 2: [4, 5], 3: [6], 4: [7], 5: [8], 6: [9], 7: [10], 8: [11], 9: [12], 10: [13], 11: [14], 12: [15]}

  0,1,2,3,4,5,6,7,8,9,10,11,12,13,14,15,
0 *,0,0,0,0,0,0,0,0,0,0,0,0,0,0,0,
1 0,*,0,0,0,0,0,0,0,0,0,0,0,0,0,0,
2 0,0,*,0,0,0,0,0,0,0,0,0,0,0,1,1,
3 0,0,0,*,0,0,0,0,0,0,0,0,0,0,1,1,
4 0,0,0,0,*,0,0,0,0,0,0,0,0,0,1,1,
5 0,0,0,0,0,*,0,0,0,0,0,0,0,0,1,1,
6 1,1,1,1,1,1,*,0,0,0,0,0,0,0,1,1,
7 1,1,1,1,1,1,0,*,0,0,0,0,0,0,1,1,
8 1,1,1,1,1,1,0,0,*,0,0,0,0,0,1,1,
9 1,1,1,1,1,1,0,0,0,*,0,0,0,0,1,1,
10 1,1,1,1,1,1,0,0,0,0,*,0,0,0,1,1,
11 1,1,1,1,1,1,0,0,0,0,0,*,0,0,1,1,
12 1,1,1,1,1,1,0,0,0,0,0,0,*,0,1,1,
13 1,1,1,1,1,1,0,0,0,0,0,0,0,*,1,1,
14 0,0,0,0,0,0,0,0,0,0,0,0,0,0,*,0,
15 0,0,0,0,0,0,0,0,0,0,0,0,0,0,0,*,
k=1
t=600

  0,1,2,3,4,5,6,7,8,9,10,11,12,13,14,15,
0 *,0,0,0,0,0,0,0,0,0,0,0,0,0,0,0,
1 0,*,0,0,0,0,0,0,0,0,0,0,0,0,0,0,
2 0,0,*,0,0,0,0,0,0,0,0,0,0,0,1,1,
3 0,0,0,*,0,0,0,0,0,0,0,0,0,0,1,1,
4 0,0,0,0,*,0,0,0,0,0,0,0,0,0,1,1,
5 0,0,0,0,0,*,0,0,0,0,0,0,0,0,1,1,
6 1,1,1,1,1,1,*,0,0,0,0,0,0,0,1,1,
7 1,1,1,1,1,1,0,*,0,0,0,0,0,0,1,1,
8 1,1,1,1,1,1,0,0,*,0,0,0,0,0,1,1,
9 1,1,1,1,1,1,0,0,0,*,0,0,0,0,1,1,
10 1,1,1,1,1,1,0,0,0,0,*,0,0,0,1,1,
11 1,1,1,1,1,1,0,0,0,0,0,*,0,0,1,1,
12 1,1,1,1,1,1,0,0,0,0,0,0,*,0,1,1,
13 1,1,1,1,1,1,0,0,0,0,0,0,0,*,1,1,
14 0,0,0,0,0,0,0,0,0,0,0,0,0,0,*,0,
15 0,0,0,0,0,0,0,0,0,0,0,0,0,0,0,*,
k=2
t=600

  0,1,2,3,4,5,6,7,8,9,10,11,12,13,14,15,
0 *,0,0,0,0,0,0,0,0,0,0,0,0,0,1,1,
1 0,*,0,0,0,0,0,0,0,0,0,0,0,0,1,1,
2 0,0,*,0,0,0,0,0,0,0,0,0,0,0,1,1,
3 0,0,0,*,0,0,0,0,0,0,0,0,0,0,1,1,
4 0,0,0,0,*,0,0,0,0,0,0,0,0,0,1,1,
5 0,0,0,0,0,*,0,0,0,0,0,0,0,0,1,1,
6 1,1,1,1,1,1,*,0,0,0,0,0,0,0,1,1,
7 1,1,1,1,1,1,0,*,0,0,0,0,0,0,1,1,
8 1,1,1,1,1,1,0,0,*,0,0,0,0,0,1,1,
9 0,0,1,1,1,1,0,0,0,*,0,0,0,0,1,1,
10 1,1,1,1,1,1,0,0,0,0,*,0,0,0,1,1,
11 1,1,1,1,1,1,0,0,0,0,0,*,0,0,1,1,
12 0,0,1,1,1,1,0,0,0,0,0,0,*,0,1,1,
13 1,1,1,1,1,1,0,0,0,0,0,0,0,*,1,1,
14 0,0,0,0,0,0,0,0,0,0,0,0,0,0,*,0,
15 0,0,0,0,0,0,0,0,0,0,0,0,0,0,0,*,
k=3
t=600

  0,1,2,3,4,5,6,7,8,9,10,11,12,13,14,15,
0 *,0,0,0,0,0,0,0,0,0,0,0,0,0,1,1,
1 0,*,0,0,0,0,0,0,0,0,0,0,0,0,1,1,
2 0,0,*,0,0,0,0,0,0,0,0,0,0,0,1,1,
3 0,0,0,*,0,0,0,0,0,0,0,0,0,0,1,1,
4 0,0,0,0,*,0,0,0,0,0,0,0,0,0,1,1,
5 0,0,0,0,0,*,0,0,0,0,0,0,0,0,1,1,
6 1,1,1,1,1,1,*,0,0,0,0,0,0,0,1,1,
7 1,1,1,1,0,0,0,*,0,0,0,0,0,0,1,1,
8 1,1,1,1,1,1,0,0,*,0,0,0,0,0,1,1,
9 0,0,1,1,1,1,0,0,0,*,0,0,0,0,1,1,
10 1,1,1,1,0,0,0,0,0,0,*,0,0,0,1,1,
11 1,1,1,1,1,1,0,0,0,0,0,*,0,0,1,1,
12 0,0,1,1,1,1,0,0,0,0,0,0,*,0,1,1,
13 1,1,1,1,1,1,0,0,0,0,0,0,0,*,1,1,
14 0,0,0,0,0,0,0,0,0,0,0,0,0,0,*,0,
15 0,0,0,0,0,0,0,0,0,0,0,0,0,0,0,*,
k=4
t=600

  0,1,2,3,4,5,6,7,8,9,10,11,12,13,14,15,
0 *,0,0,0,0,0,0,0,0,0,0,0,0,0,1,1,
1 0,*,0,0,0,0,0,0,0,0,0,0,0,0,1,1,
2 0,0,*,0,0,0,0,0,0,0,0,0,0,0,1,1,
3 0,0,0,*,0,0,0,0,0,0,0,0,0,0,1,1,
4 0,0,0,0,*,0,0,0,0,0,0,0,0,0,1,1,
5 0,0,0,0,0,*,0,0,0,0,0,0,0,0,1,1,
6 1,1,1,1,1,1,*,0,0,0,0,0,0,0,1,1,
7 1,1,1,1,0,0,0,*,0,0,0,0,0,0,1,1,
8 1,1,1,1,1,1,0,0,*,0,0,0,0,0,1,1,
9 0,0,1,1,1,1,0,0,0,*,0,0,0,0,1,1,
10 1,1,1,1,0,0,0,0,0,0,*,0,0,0,1,1,
11 1,1,1,1,1,1,0,0,0,0,0,*,0,0,1,1,
12 0,0,1,1,1,1,0,0,0,0,0,0,*,0,1,1,
13 1,1,1,1,1,1,0,0,0,0,0,0,0,*,1,1,
14 0,0,0,0,0,0,0,0,0,0,0,0,0,0,*,0,
15 0,0,0,0,0,0,0,0,0,0,0,0,0,0,0,*,
k=5
t=600

  0,1,2,3,4,5,6,7,8,9,10,11,12,13,14,15,
0 *,0,0,0,0,0,0,0,0,0,0,0,0,0,1,1,
1 0,*,0,0,0,0,0,0,0,0,0,0,0,0,1,1,
2 0,0,*,0,0,0,0,0,0,0,0,0,0,0,1,1,
3 0,0,0,*,0,0,0,0,0,0,0,0,0,0,1,1,
4 0,0,0,0,*,0,0,0,0,0,0,0,0,0,1,1,
5 0,0,0,0,0,*,0,0,0,0,0,0,0,0,1,1,
6 1,1,1,1,1,1,*,0,0,0,0,0,0,0,1,1,
7 1,1,1,1,0,0,0,*,0,0,0,0,0,0,1,1,
8 1,1,0,0,1,1,0,0,*,0,0,0,0,0,1,1,
9 0,0,1,1,1,1,0,0,0,*,0,0,0,0,1,1,
10 1,1,1,1,0,0,0,0,0,0,*,0,0,0,1,1,
11 1,1,1,1,1,1,0,0,0,0,0,*,0,0,1,1,
12 0,0,1,1,1,1,0,0,0,0,0,0,*,0,1,1,
13 1,1,0,0,1,1,0,0,0,0,0,0,0,*,1,1,
14 0,0,0,0,0,0,0,0,0,0,0,0,0,0,*,0,
15 0,0,0,0,0,0,0,0,0,0,0,0,0,0,0,*,
k=6
t=600

  0,1,2,3,4,5,6,7,8,9,10,11,12,13,14,15,
0 *,0,0,0,0,0,0,0,0,0,0,0,0,0,1,1,
1 0,*,0,0,0,0,0,0,0,0,0,0,0,0,1,1,
2 0,0,*,0,0,0,0,0,0,0,0,0,0,0,1,1,
3 0,0,0,*,0,0,0,0,0,0,0,0,0,0,1,1,
4 0,0,0,0,*,0,0,0,0,0,0,0,0,0,1,1,
5 0,0,0,0,0,*,0,0,0,0,0,0,0,0,1,1,
6 1,1,1,1,1,1,*,0,0,0,0,0,0,0,1,1,
7 1,1,1,1,0,0,0,*,0,0,0,0,0,0,1,1,
8 1,1,0,0,1,1,0,0,*,0,0,0,0,0,1,1,
9 0,0,1,1,1,1,0,0,0,*,0,0,0,0,1,1,
10 1,1,1,1,0,0,0,0,0,0,*,0,0,0,1,1,
11 1,1,1,1,1,1,0,0,0,0,0,*,0,0,1,1,
12 0,0,1,1,1,1,0,0,0,0,0,0,*,0,1,1,
13 1,1,0,0,1,1,0,0,0,0,0,0,0,*,1,1,
14 0,0,0,0,0,0,0,0,0,0,0,0,0,0,*,0,
15 0,0,0,0,0,0,0,0,0,0,0,0,0,0,0,*,
k=7
t=600

  0,1,2,3,4,5,6,7,8,9,10,11,12,13,14,15,
0 *,0,0,0,0,0,0,0,0,0,0,0,0,0,1,1,
1 0,*,0,0,0,0,0,0,0,0,0,0,0,0,1,1,
2 0,0,*,0,0,0,0,0,0,0,0,0,0,0,1,1,
3 0,0,0,*,0,0,0,0,0,0,0,0,0,0,1,1,
4 0,0,0,0,*,0,0,0,0,0,0,0,0,0,1,1,
5 0,0,0,0,0,*,0,0,0,0,0,0,0,0,1,1,
6 1,1,1,1,1,1,*,0,0,0,0,0,0,0,1,1,
7 1,1,1,1,0,0,0,*,0,0,0,0,0,0,1,1,
8 1,1,0,0,1,1,0,0,*,0,0,0,0,0,1,1,
9 0,0,1,1,1,1,0,0,0,*,0,0,0,0,1,1,
10 1,1,1,1,0,0,0,0,0,0,*,0,0,0,1,1,
11 1,1,1,1,1,1,0,0,0,0,0,*,0,0,1,1,
12 0,0,1,1,1,1,0,0,0,0,0,0,*,0,1,1,
13 1,1,0,0,1,1,0,0,0,0,0,0,0,*,1,1,
14 0,0,0,0,0,0,0,0,0,0,0,0,0,0,*,0,
15 0,0,0,0,0,0,0,0,0,0,0,0,0,0,0,*,
k=8
t=600

  0,1,2,3,4,5,6,7,8,9,10,11,12,13,14,15,
0 *,0,0,0,0,0,0,0,0,0,0,0,0,0,1,1,
1 0,*,0,0,0,0,0,0,0,0,0,0,0,0,1,1,
2 0,0,*,0,0,0,0,0,0,0,0,0,0,0,1,1,
3 0,0,0,*,0,0,0,0,0,0,0,0,0,0,1,1,
4 0,0,0,0,*,0,0,0,0,0,0,0,0,0,1,1,
5 0,0,0,0,0,*,0,0,0,0,0,0,0,0,1,1,
6 1,1,1,1,1,1,*,0,0,0,0,0,0,0,1,1,
7 1,1,1,1,0,0,0,*,0,0,0,0,0,0,1,1,
8 1,1,0,0,1,1,0,0,*,0,0,0,0,0,1,1,
9 0,0,1,1,1,1,0,0,0,*,0,0,0,0,1,1,
10 1,1,1,1,0,0,0,0,0,0,*,0,0,0,1,1,
11 1,1,1,1,1,1,0,0,0,0,0,*,0,0,1,1,
12 0,0,1,1,1,1,0,0,0,0,0,0,*,0,1,1,
13 1,1,0,0,1,1,0,0,0,0,0,0,0,*,1,1,
14 0,0,0,0,0,0,0,0,0,0,0,0,0,0,*,0,
15 0,0,0,0,0,0,0,0,0,0,0,0,0,0,0,*,
k=9
t=600

  0,1,2,3,4,5,6,7,8,9,10,11,12,13,14,15,
0 *,0,0,0,0,0,0,0,0,0,0,0,0,0,1,1,
1 0,*,0,0,0,0,0,0,0,0,0,0,0,0,1,1,
2 0,0,*,0,0,0,0,0,0,0,0,0,0,0,1,1,
3 0,0,0,*,0,0,0,0,0,0,0,0,0,0,1,1,
4 0,0,0,0,*,0,0,0,0,0,0,0,0,0,1,1,
5 0,0,0,0,0,*,0,0,0,0,0,0,0,0,1,1,
6 1,1,1,1,1,1,*,0,0,0,0,0,0,0,1,1,
7 1,1,1,1,0,0,0,*,0,0,0,0,0,0,1,1,
8 1,1,0,0,1,1,0,0,*,0,0,0,0,0,1,1,
9 1,1,1,1,1,1,0,0,0,*,0,0,0,0,1,1,
10 1,1,1,1,0,0,0,0,0,0,*,0,0,0,1,1,
11 1,1,1,1,1,1,0,0,0,0,0,*,0,0,1,1,
12 1,1,1,1,1,1,0,0,0,0,0,0,*,0,1,1,
13 1,1,0,0,1,1,0,0,0,0,0,0,0,*,1,1,
14 0,0,0,0,0,0,0,0,0,0,0,0,0,0,*,0,
15 0,0,0,0,0,0,0,0,0,0,0,0,0,0,0,*,
k=10
t=600

  0,1,2,3,4,5,6,7,8,9,10,11,12,13,14,15,
0 *,0,0,0,0,0,0,0,0,0,0,0,0,0,1,1,
1 0,*,0,0,0,0,0,0,0,0,0,0,0,0,1,1,
2 0,0,*,0,0,0,0,0,0,0,0,0,0,0,1,1,
3 0,0,0,*,0,0,0,0,0,0,0,0,0,0,1,1,
4 0,0,0,0,*,0,0,0,0,0,0,0,0,0,1,1,
5 0,0,0,0,0,*,0,0,0,0,0,0,0,0,1,1,
6 1,1,1,1,1,1,*,0,0,0,0,0,0,0,1,1,
7 1,1,1,1,0,0,0,*,0,0,0,0,0,0,1,1,
8 1,1,0,0,1,1,0,0,*,0,0,0,0,0,1,1,
9 1,1,1,1,1,1,0,0,0,*,0,0,0,0,1,1,
10 1,1,1,1,0,0,0,0,0,0,*,0,0,0,1,1,
11 1,1,1,1,1,1,0,0,0,0,0,*,0,0,1,1,
12 1,1,1,1,1,1,0,0,0,0,0,0,*,0,1,1,
13 1,1,0,0,1,1,0,0,0,0,0,0,0,*,1,1,
14 0,0,0,0,0,0,0,0,0,0,0,0,0,0,*,0,
15 0,0,0,0,0,0,0,0,0,0,0,0,0,0,0,*,
k=11
t=600

  0,1,2,3,4,5,6,7,8,9,10,11,12,13,14,15,
0 *,0,0,0,0,0,0,0,0,0,0,0,0,0,1,1,
1 0,*,0,0,0,0,0,0,0,0,0,0,0,0,1,1,
2 0,0,*,0,0,0,0,0,0,0,0,0,0,0,1,1,
3 0,0,0,*,0,0,0,0,0,0,0,0,0,0,1,1,
4 0,0,0,0,*,0,0,0,0,0,0,0,0,0,1,1,
5 0,0,0,0,0,*,0,0,0,0,0,0,0,0,1,1,
6 1,1,1,1,1,1,*,0,0,0,0,0,0,0,1,1,
7 1,1,1,1,1,1,0,*,0,0,0,0,0,0,1,1,
8 1,1,1,1,1,1,0,0,*,0,0,0,0,0,1,1,
9 1,1,1,1,1,1,0,0,0,*,0,0,0,0,1,1,
10 1,1,1,1,1,1,0,0,0,0,*,0,0,0,1,1,
11 1,1,1,1,1,1,0,0,0,0,0,*,0,0,1,1,
12 1,1,1,1,1,1,0,0,0,0,0,0,*,0,1,1,
13 1,1,1,1,1,1,0,0,0,0,0,0,0,*,1,1,
14 0,0,0,0,0,0,0,0,0,0,0,0,0,0,*,0,
15 0,0,0,0,0,0,0,0,0,0,0,0,0,0,0,*,
k=12
t=600

  0,1,2,3,4,5,6,7,8,9,10,11,12,13,14,15,
0 *,0,0,0,0,0,0,0,0,0,0,0,0,0,1,1,
1 0,*,0,0,0,0,0,0,0,0,0,0,0,0,1,1,
2 0,0,*,0,0,0,0,0,0,0,0,0,0,0,1,1,
3 0,0,0,*,0,0,0,0,0,0,0,0,0,0,1,1,
4 0,0,0,0,*,0,0,0,0,0,0,0,0,0,1,1,
5 0,0,0,0,0,*,0,0,0,0,0,0,0,0,1,1,
6 1,1,1,1,1,1,*,0,0,0,0,0,0,0,1,1,
7 1,1,1,1,1,1,0,*,0,0,0,0,0,0,1,1,
8 1,1,1,1,1,1,0,0,*,0,0,0,0,0,1,1,
9 1,1,1,1,1,1,0,0,0,*,0,0,0,0,1,1,
10 1,1,1,1,1,1,0,0,0,0,*,0,0,0,1,1,
11 1,1,1,1,1,1,0,0,0,0,0,*,0,0,1,1,
12 1,1,1,1,1,1,0,0,0,0,0,0,*,0,1,1,
13 1,1,1,1,1,1,0,0,0,0,0,0,0,*,1,1,
14 0,0,0,0,0,0,0,0,0,0,0,0,0,0,*,0,
15 0,0,0,0,0,0,0,0,0,0,0,0,0,0,0,*,
k=13
t=600

  0,1,2,3,4,5,6,7,8,9,10,11,12,13,14,15,
0 *,0,0,0,0,0,0,0,0,0,0,0,0,0,1,1,
1 0,*,0,0,0,0,0,0,0,0,0,0,0,0,1,1,
2 0,0,*,0,0,0,0,0,0,0,0,0,0,0,1,1,
3 0,0,0,*,0,0,0,0,0,0,0,0,0,0,1,1,
4 0,0,0,0,*,0,0,0,0,0,0,0,0,0,0,0,
5 0,0,0,0,0,*,0,0,0,0,0,0,0,0,0,0,
6 1,1,1,1,1,1,*,0,0,0,0,0,0,0,1,1,
7 1,1,1,1,1,1,0,*,0,0,0,0,0,0,1,1,
8 1,1,1,1,1,1,0,0,*,0,0,0,0,0,1,1,
9 1,1,1,1,1,1,0,0,0,*,0,0,0,0,1,1,
10 1,1,1,1,1,1,0,0,0,0,*,0,0,0,1,1,
11 1,1,1,1,1,1,0,0,0,0,0,*,0,0,1,1,
12 1,1,1,1,1,1,0,0,0,0,0,0,*,0,1,1,
13 1,1,1,1,1,1,0,0,0,0,0,0,0,*,1,1,
14 0,0,0,0,0,0,0,0,0,0,0,0,0,0,*,0,
15 0,0,0,0,0,0,0,0,0,0,0,0,0,0,0,*,
k=14
t=600

  0,1,2,3,4,5,6,7,8,9,10,11,12,13,14,15,
0 *,0,0,0,0,0,0,0,0,0,0,0,0,0,1,1,
1 0,*,0,0,0,0,0,0,0,0,0,0,0,0,1,1,
2 0,0,*,0,0,0,0,0,0,0,0,0,0,0,1,1,
3 0,0,0,*,0,0,0,0,0,0,0,0,0,0,1,1,
4 0,0,0,0,*,0,0,0,0,0,0,0,0,0,0,0,
5 0,0,0,0,0,*,0,0,0,0,0,0,0,0,0,0,
6 1,1,1,1,1,1,*,0,0,0,0,0,0,0,1,1,
7 1,1,1,1,1,1,0,*,0,0,0,0,0,0,1,1,
8 1,1,1,1,1,1,0,0,*,0,0,0,0,0,1,1,
9 1,1,1,1,1,1,0,0,0,*,0,0,0,0,1,1,
10 1,1,1,1,1,1,0,0,0,0,*,0,0,0,1,1,
11 1,1,1,1,1,1,0,0,0,0,0,*,0,0,1,1,
12 1,1,1,1,1,1,0,0,0,0,0,0,*,0,1,1,
13 1,1,1,1,1,1,0,0,0,0,0,0,0,*,1,1,
14 0,0,0,0,0,0,0,0,0,0,0,0,0,0,*,0,
15 0,0,0,0,0,0,0,0,0,0,0,0,0,0,0,*,
k=15
t=600

  0,1,2,3,4,5,6,7,8,9,10,11,12,13,14,15,
0 *,0,0,0,0,0,0,0,0,0,0,0,0,0,1,1,
1 0,*,0,0,0,0,0,0,0,0,0,0,0,0,1,1,
2 0,0,*,0,0,0,0,0,0,0,0,0,0,0,1,1,
3 0,0,0,*,0,0,0,0,0,0,0,0,0,0,1,1,
4 0,0,0,0,*,0,0,0,0,0,0,0,0,0,0,0,
5 0,0,0,0,0,*,0,0,0,0,0,0,0,0,0,0,
6 1,1,1,1,1,1,*,0,0,0,0,0,0,0,1,1,
7 1,1,1,1,1,1,0,*,0,0,0,0,0,0,1,1,
8 1,1,1,1,1,1,0,0,*,0,0,0,0,0,1,1,
9 1,1,1,1,1,1,0,0,0,*,0,0,0,0,1,1,
10 1,1,1,1,1,1,0,0,0,0,*,0,0,0,1,1,
11 1,1,1,1,1,1,0,0,0,0,0,*,0,0,1,1,
12 1,1,1,1,1,1,0,0,0,0,0,0,*,0,1,1,
13 1,1,1,1,1,1,0,0,0,0,0,0,0,*,1,1,
14 0,0,0,0,0,0,0,0,0,0,0,0,0,0,*,0,
15 0,0,0,0,0,0,0,0,0,0,0,0,0,0,0,*,
k=16
t=600

  0,1,2,3,4,5,6,7,8,9,10,11,12,13,14,15,
0 *,0,0,0,0,0,0,0,0,0,0,0,0,0,1,1,
1 0,*,0,0,0,0,0,0,0,0,0,0,0,0,1,1,
2 0,0,*,0,0,0,0,0,0,0,0,0,0,0,1,1,
3 0,0,0,*,0,0,0,0,0,0,0,0,0,0,1,1,
4 0,0,0,0,*,0,0,0,0,0,0,0,0,0,0,0,
5 0,0,0,0,0,*,0,0,0,0,0,0,0,0,0,0,
6 1,1,1,1,1,1,*,0,0,0,0,0,0,0,1,1,
7 1,1,1,1,1,1,0,*,0,0,0,0,0,0,1,1,
8 1,1,1,1,1,1,0,0,*,0,0,0,0,0,1,1,
9 1,1,1,1,1,1,0,0,0,*,0,0,0,0,1,1,
10 1,1,1,1,1,1,0,0,0,0,*,0,0,0,1,1,
11 1,1,1,1,1,1,0,0,0,0,0,*,0,0,1,1,
12 1,1,1,1,1,1,0,0,0,0,0,0,*,0,1,1,
13 1,1,1,1,1,1,0,0,0,0,0,0,0,*,1,1,
14 0,0,0,0,0,0,0,0,0,0,0,0,0,0,*,0,
15 0,0,0,0,0,0,0,0,0,0,0,0,0,0,0,*,
k=17
t=600

  0,1,2,3,4,5,6,7,8,9,10,11,12,13,14,15,
0 *,0,0,0,0,0,0,0,0,0,0,0,0,0,1,1,
1 0,*,0,0,0,0,0,0,0,0,0,0,0,0,1,1,
2 0,0,*,0,0,0,0,0,0,0,0,0,0,0,1,1,
3 0,0,0,*,0,0,0,0,0,0,0,0,0,0,1,1,
4 0,0,0,0,*,0,0,0,0,0,0,0,0,0,0,0,
5 0,0,0,0,0,*,0,0,0,0,0,0,0,0,0,0,
6 1,1,1,1,1,1,*,0,0,0,0,0,0,0,1,1,
7 1,1,1,1,1,1,0,*,0,0,0,0,0,0,1,1,
8 1,1,1,1,1,1,0,0,*,0,0,0,0,0,1,1,
9 1,1,1,1,1,1,0,0,0,*,0,0,0,0,1,1,
10 1,1,1,1,1,1,0,0,0,0,*,0,0,0,1,1,
11 1,1,1,1,1,1,0,0,0,0,0,*,0,0,1,1,
12 1,1,1,1,1,1,0,0,0,0,0,0,*,0,1,1,
13 1,1,1,1,1,1,0,0,0,0,0,0,0,*,1,1,
14 0,0,0,0,0,0,0,0,0,0,0,0,0,0,*,0,
15 0,0,0,0,0,0,0,0,0,0,0,0,0,0,0,*,
k=18
t=600

  0,1,2,3,4,5,6,7,8,9,10,11,12,13,14,15,
0 *,0,0,0,0,0,0,0,0,0,0,0,0,0,1,1,
1 0,*,0,0,0,0,0,0,0,0,0,0,0,0,1,1,
2 0,0,*,0,0,0,0,0,0,0,0,0,0,0,1,1,
3 0,0,0,*,0,0,0,0,0,0,0,0,0,0,1,1,
4 0,0,0,0,*,0,0,0,0,0,0,0,0,0,1,1,
5 0,0,0,0,0,*,0,0,0,0,0,0,0,0,1,1,
6 1,1,1,1,1,1,*,0,0,0,0,0,0,0,1,1,
7 1,1,1,1,1,1,0,*,0,0,0,0,0,0,1,1,
8 1,1,1,1,1,1,0,0,*,0,0,0,0,0,1,1,
9 1,1,1,1,1,1,0,0,0,*,0,0,0,0,1,1,
10 1,1,1,1,1,1,0,0,0,0,*,0,0,0,1,1,
11 1,1,1,1,1,1,0,0,0,0,0,*,0,0,1,1,
12 1,1,1,1,1,1,0,0,0,0,0,0,*,0,1,1,
13 1,1,1,1,1,1,0,0,0,0,0,0,0,*,1,1,
14 0,0,0,0,0,0,0,0,0,0,0,0,0,0,*,0,
15 0,0,0,0,0,0,0,0,0,0,0,0,0,0,0,*,
k=19
t=600

  0,1,2,3,4,5,6,7,8,9,10,11,12,13,14,15,
0 *,0,0,0,0,0,0,0,0,0,0,0,0,0,1,1,
1 0,*,0,0,0,0,0,0,0,0,0,0,0,0,1,1,
2 0,0,*,0,0,0,0,0,0,0,0,0,0,0,1,1,
3 0,0,0,*,0,0,0,0,0,0,0,0,0,0,1,1,
4 0,0,0,0,*,0,0,0,0,0,0,0,0,0,1,1,
5 0,0,0,0,0,*,0,0,0,0,0,0,0,0,1,1,
6 1,1,1,1,1,1,*,0,0,0,0,0,0,0,1,1,
7 1,1,1,1,1,1,0,*,0,0,0,0,0,0,1,1,
8 1,1,1,1,1,1,0,0,*,0,0,0,0,0,1,1,
9 1,1,1,1,1,1,0,0,0,*,0,0,0,0,1,1,
10 1,1,1,1,1,1,0,0,0,0,*,0,0,0,1,1,
11 1,1,1,1,1,1,0,0,0,0,0,*,0,0,1,1,
12 1,1,1,1,1,1,0,0,0,0,0,0,*,0,1,1,
13 1,1,1,1,1,1,0,0,0,0,0,0,0,*,1,1,
14 0,0,0,0,0,0,0,0,0,0,0,0,0,0,*,0,
15 0,0,0,0,0,0,0,0,0,0,0,0,0,0,0,*,
k=20
t=600

  0,1,2,3,4,5,6,7,8,9,10,11,12,13,14,15,
0 *,0,0,0,0,0,0,0,0,0,0,0,0,0,1,1,
1 0,*,0,0,0,0,0,0,0,0,0,0,0,0,1,1,
2 0,0,*,0,0,0,0,0,0,0,0,0,0,0,1,1,
3 0,0,0,*,0,0,0,0,0,0,0,0,0,0,1,1,
4 0,0,0,0,*,0,0,0,0,0,0,0,0,0,1,1,
5 0,0,0,0,0,*,0,0,0,0,0,0,0,0,1,1,
6 1,1,0,0,1,1,*,0,0,0,0,0,0,0,1,1,
7 1,1,1,1,1,1,0,*,0,0,0,0,0,0,1,1,
8 1,1,1,1,0,0,0,0,*,0,0,0,0,0,1,1,
9 1,1,1,1,1,1,0,0,0,*,0,0,0,0,1,1,
10 1,1,1,1,1,1,0,0,0,0,*,0,0,0,1,1,
11 1,1,0,0,1,1,0,0,0,0,0,*,0,0,1,1,
12 1,1,1,1,1,1,0,0,0,0,0,0,*,0,1,1,
13 1,1,1,1,0,0,0,0,0,0,0,0,0,*,1,1,
14 0,0,0,0,0,0,0,0,0,0,0,0,0,0,*,0,
15 0,0,0,0,0,0,0,0,0,0,0,0,0,0,0,*,
k=21
t=600

  0,1,2,3,4,5,6,7,8,9,10,11,12,13,14,15,
0 *,0,0,0,0,0,0,0,0,0,0,0,0,0,1,1,
1 0,*,0,0,0,0,0,0,0,0,0,0,0,0,1,1,
2 0,0,*,0,0,0,0,0,0,0,0,0,0,0,1,1,
3 0,0,0,*,0,0,0,0,0,0,0,0,0,0,1,1,
4 0,0,0,0,*,0,0,0,0,0,0,0,0,0,1,1,
5 0,0,0,0,0,*,0,0,0,0,0,0,0,0,1,1,
6 1,1,0,0,1,1,*,0,0,0,0,0,0,0,1,1,
7 1,1,1,1,1,1,0,*,0,0,0,0,0,0,1,1,
8 1,1,1,1,0,0,0,0,*,0,0,0,0,0,1,1,
9 1,1,1,1,1,1,0,0,0,*,0,0,0,0,1,1,
10 1,1,1,1,1,1,0,0,0,0,*,0,0,0,1,1,
11 1,1,0,0,1,1,0,0,0,0,0,*,0,0,1,1,
12 1,1,1,1,1,1,0,0,0,0,0,0,*,0,1,1,
13 1,1,1,1,0,0,0,0,0,0,0,0,0,*,1,1,
14 0,0,0,0,0,0,0,0,0,0,0,0,0,0,*,0,
15 0,0,0,0,0,0,0,0,0,0,0,0,0,0,0,*,
k=22
t=600

  0,1,2,3,4,5,6,7,8,9,10,11,12,13,14,15,
0 *,0,0,0,0,0,0,0,0,0,0,0,0,0,1,1,
1 0,*,0,0,0,0,0,0,0,0,0,0,0,0,1,1,
2 0,0,*,0,0,0,0,0,0,0,0,0,0,0,1,1,
3 0,0,0,*,0,0,0,0,0,0,0,0,0,0,1,1,
4 0,0,0,0,*,0,0,0,0,0,0,0,0,0,1,1,
5 0,0,0,0,0,*,0,0,0,0,0,0,0,0,1,1,
6 1,1,0,0,1,1,*,0,0,0,0,0,0,0,1,1,
7 1,1,1,1,1,1,0,*,0,0,0,0,0,0,1,1,
8 1,1,1,1,0,0,0,0,*,0,0,0,0,0,1,1,
9 0,0,1,1,1,1,0,0,0,*,0,0,0,0,1,1,
10 1,1,1,1,1,1,0,0,0,0,*,0,0,0,1,1,
11 1,1,0,0,1,1,0,0,0,0,0,*,0,0,1,1,
12 0,0,1,1,1,1,0,0,0,0,0,0,*,0,1,1,
13 1,1,1,1,0,0,0,0,0,0,0,0,0,*,1,1,
14 0,0,0,0,0,0,0,0,0,0,0,0,0,0,*,0,
15 0,0,0,0,0,0,0,0,0,0,0,0,0,0,0,*,
k=23
t=600

  0,1,2,3,4,5,6,7,8,9,10,11,12,13,14,15,
0 *,0,0,0,0,0,0,0,0,0,0,0,0,0,1,1,
1 0,*,0,0,0,0,0,0,0,0,0,0,0,0,1,1,
2 0,0,*,0,0,0,0,0,0,0,0,0,0,0,1,1,
3 0,0,0,*,0,0,0,0,0,0,0,0,0,0,1,1,
4 0,0,0,0,*,0,0,0,0,0,0,0,0,0,1,1,
5 0,0,0,0,0,*,0,0,0,0,0,0,0,0,1,1,
6 1,1,0,0,1,1,*,0,0,0,0,0,0,0,1,1,
7 1,1,1,1,1,1,0,*,0,0,0,0,0,0,1,1,
8 1,1,1,1,0,0,0,0,*,0,0,0,0,0,1,1,
9 0,0,1,1,1,1,0,0,0,*,0,0,0,0,1,1,
10 1,1,1,1,1,1,0,0,0,0,*,0,0,0,1,1,
11 1,1,0,0,1,1,0,0,0,0,0,*,0,0,1,1,
12 0,0,1,1,1,1,0,0,0,0,0,0,*,0,1,1,
13 1,1,1,1,0,0,0,0,0,0,0,0,0,*,1,1,
14 0,0,0,0,0,0,0,0,0,0,0,0,0,0,*,0,
15 0,0,0,0,0,0,0,0,0,0,0,0,0,0,0,*,
k=24
t=600

  0,1,2,3,4,5,6,7,8,9,10,11,12,13,14,15,
0 *,0,0,0,0,0,0,0,0,0,0,0,0,0,1,1,
1 0,*,0,0,0,0,0,0,0,0,0,0,0,0,1,1,
2 0,0,*,0,0,0,0,0,0,0,0,0,0,0,1,1,
3 0,0,0,*,0,0,0,0,0,0,0,0,0,0,1,1,
4 0,0,0,0,*,0,0,0,0,0,0,0,0,0,1,1,
5 0,0,0,0,0,*,0,0,0,0,0,0,0,0,1,1,
6 1,1,0,0,1,1,*,0,0,0,0,0,0,0,1,1,
7 1,1,1,1,1,1,0,*,0,0,0,0,0,0,1,1,
8 1,1,1,1,0,0,0,0,*,0,0,0,0,0,1,1,
9 0,0,1,1,1,1,0,0,0,*,0,0,0,0,1,1,
10 1,1,1,1,1,1,0,0,0,0,*,0,0,0,1,1,
11 1,1,0,0,1,1,0,0,0,0,0,*,0,0,1,1,
12 0,0,1,1,1,1,0,0,0,0,0,0,*,0,1,1,
13 1,1,1,1,0,0,0,0,0,0,0,0,0,*,1,1,
14 0,0,0,0,0,0,0,0,0,0,0,0,0,0,*,0,
15 0,0,0,0,0,0,0,0,0,0,0,0,0,0,0,*,
k=25
t=600

  0,1,2,3,4,5,6,7,8,9,10,11,12,13,14,15,
0 *,0,0,0,0,0,0,0,0,0,0,0,0,0,1,1,
1 0,*,0,0,0,0,0,0,0,0,0,0,0,0,1,1,
2 0,0,*,0,0,0,0,0,0,0,0,0,0,0,1,1,
3 0,0,0,*,0,0,0,0,0,0,0,0,0,0,1,1,
4 0,0,0,0,*,0,0,0,0,0,0,0,0,0,1,1,
5 0,0,0,0,0,*,0,0,0,0,0,0,0,0,1,1,
6 1,1,0,0,1,1,*,0,0,0,0,0,0,0,1,1,
7 1,1,1,1,0,0,0,*,0,0,0,0,0,0,1,1,
8 1,1,1,1,1,1,0,0,*,0,0,0,0,0,1,1,
9 0,0,1,1,1,1,0,0,0,*,0,0,0,0,1,1,
10 1,1,1,1,0,0,0,0,0,0,*,0,0,0,1,1,
11 1,1,0,0,1,1,0,0,0,0,0,*,0,0,1,1,
12 0,0,1,1,1,1,0,0,0,0,0,0,*,0,1,1,
13 1,1,1,1,1,1,0,0,0,0,0,0,0,*,1,1,
14 0,0,0,0,0,0,0,0,0,0,0,0,0,0,*,0,
15 0,0,0,0,0,0,0,0,0,0,0,0,0,0,0,*,
k=26
t=600

  0,1,2,3,4,5,6,7,8,9,10,11,12,13,14,15,
0 *,0,0,0,0,0,0,0,0,0,0,0,0,0,0,1,
1 0,*,0,0,0,0,0,0,0,0,0,0,0,0,0,1,
2 0,0,*,0,0,0,0,0,0,0,0,0,0,0,0,1,
3 0,0,0,*,0,0,0,0,0,0,0,0,0,0,0,1,
4 0,0,0,0,*,0,0,0,0,0,0,0,0,0,0,1,
5 0,0,0,0,0,*,0,0,0,0,0,0,0,0,0,1,
6 1,1,0,0,1,1,*,0,0,0,0,0,0,0,0,1,
7 1,1,1,1,0,0,0,*,0,0,0,0,0,0,0,1,
8 1,1,1,1,1,1,0,0,*,0,0,0,0,0,0,1,
9 0,0,1,1,1,1,0,0,0,*,0,0,0,0,0,1,
10 1,1,1,1,0,0,0,0,0,0,*,0,0,0,0,1,
11 1,1,0,0,1,1,0,0,0,0,0,*,0,0,0,1,
12 0,0,1,1,1,1,0,0,0,0,0,0,*,0,0,1,
13 1,1,1,1,1,1,0,0,0,0,0,0,0,*,0,1,
14 0,0,0,0,0,0,0,0,0,0,0,0,0,0,*,0,
15 0,0,0,0,0,0,0,0,0,0,0,0,0,0,0,*,
k=27
t=600

  0,1,2,3,4,5,6,7,8,9,10,11,12,13,14,15,
0 *,0,0,0,0,0,0,0,0,0,0,0,0,0,0,1,
1 0,*,0,0,0,0,0,0,0,0,0,0,0,0,0,1,
2 0,0,*,0,0,0,0,0,0,0,0,0,0,0,0,1,
3 0,0,0,*,0,0,0,0,0,0,0,0,0,0,0,1,
4 0,0,0,0,*,0,0,0,0,0,0,0,0,0,0,1,
5 0,0,0,0,0,*,0,0,0,0,0,0,0,0,0,1,
6 1,1,0,0,1,1,*,0,0,0,0,0,0,0,0,1,
7 1,1,1,1,0,0,0,*,0,0,0,0,0,0,0,1,
8 1,1,1,1,1,1,0,0,*,0,0,0,0,0,0,1,
9 0,0,1,1,1,1,0,0,0,*,0,0,0,0,0,1,
10 1,1,1,1,0,0,0,0,0,0,*,0,0,0,0,1,
11 1,1,0,0,1,1,0,0,0,0,0,*,0,0,0,1,
12 0,0,1,1,1,1,0,0,0,0,0,0,*,0,0,1,
13 1,1,1,1,1,1,0,0,0,0,0,0,0,*,0,1,
14 0,0,0,0,0,0,0,0,0,0,0,0,0,0,*,0,
15 0,0,0,0,0,0,0,0,0,0,0,0,0,0,0,*,
k=28
t=600

  0,1,2,3,4,5,6,7,8,9,10,11,12,13,14,15,
0 *,0,0,0,0,0,0,0,0,0,0,0,0,0,0,1,
1 0,*,0,0,0,0,0,0,0,0,0,0,0,0,0,1,
2 0,0,*,0,0,0,0,0,0,0,0,0,0,0,0,1,
3 0,0,0,*,0,0,0,0,0,0,0,0,0,0,0,1,
4 0,0,0,0,*,0,0,0,0,0,0,0,0,0,0,1,
5 0,0,0,0,0,*,0,0,0,0,0,0,0,0,0,1,
6 1,1,1,1,1,1,*,0,0,0,0,0,0,0,0,1,
7 1,1,1,1,1,1,0,*,0,0,0,0,0,0,0,1,
8 1,1,1,1,1,1,0,0,*,0,0,0,0,0,0,1,
9 0,0,1,1,1,1,0,0,0,*,0,0,0,0,0,1,
10 1,1,1,1,1,1,0,0,0,0,*,0,0,0,0,1,
11 1,1,1,1,1,1,0,0,0,0,0,*,0,0,0,1,
12 0,0,1,1,1,1,0,0,0,0,0,0,*,0,0,1,
13 1,1,1,1,1,1,0,0,0,0,0,0,0,*,0,1,
14 0,0,0,0,0,0,0,0,0,0,0,0,0,0,*,0,
15 0,0,0,0,0,0,0,0,0,0,0,0,0,0,0,*,
k=29
t=600

  0,1,2,3,4,5,6,7,8,9,10,11,12,13,14,15,
0 *,0,0,0,0,0,0,0,0,0,0,0,0,0,0,1,
1 0,*,0,0,0,0,0,0,0,0,0,0,0,0,0,1,
2 0,0,*,0,0,0,0,0,0,0,0,0,0,0,0,0,
3 0,0,0,*,0,0,0,0,0,0,0,0,0,0,0,0,
4 0,0,0,0,*,0,0,0,0,0,0,0,0,0,0,1,
5 0,0,0,0,0,*,0,0,0,0,0,0,0,0,0,1,
6 1,1,1,1,1,1,*,0,0,0,0,0,0,0,0,1,
7 1,1,1,1,1,1,0,*,0,0,0,0,0,0,0,1,
8 1,1,1,1,1,1,0,0,*,0,0,0,0,0,0,1,
9 1,1,1,1,1,1,0,0,0,*,0,0,0,0,0,1,
10 1,1,1,1,1,1,0,0,0,0,*,0,0,0,0,1,
11 1,1,1,1,1,1,0,0,0,0,0,*,0,0,0,1,
12 1,1,1,1,1,1,0,0,0,0,0,0,*,0,0,1,
13 1,1,1,1,1,1,0,0,0,0,0,0,0,*,0,1,
14 0,0,0,0,0,0,0,0,0,0,0,0,0,0,*,0,
15 0,0,0,0,0,0,0,0,0,0,0,0,0,0,0,*,
k=30
t=600

  0,1,2,3,4,5,6,7,8,9,10,11,12,13,14,15,
0 *,0,0,0,0,0,0,0,0,0,0,0,0,0,0,1,
1 0,*,0,0,0,0,0,0,0,0,0,0,0,0,0,1,
2 0,0,*,0,0,0,0,0,0,0,0,0,0,0,0,0,
3 0,0,0,*,0,0,0,0,0,0,0,0,0,0,0,0,
4 0,0,0,0,*,0,0,0,0,0,0,0,0,0,0,1,
5 0,0,0,0,0,*,0,0,0,0,0,0,0,0,0,1,
6 1,1,1,1,1,1,*,0,0,0,0,0,0,0,0,1,
7 1,1,1,1,1,1,0,*,0,0,0,0,0,0,0,1,
8 1,1,1,1,1,1,0,0,*,0,0,0,0,0,0,1,
9 1,1,1,1,1,1,0,0,0,*,0,0,0,0,0,1,
10 1,1,1,1,1,1,0,0,0,0,*,0,0,0,0,1,
11 1,1,1,1,1,1,0,0,0,0,0,*,0,0,0,1,
12 1,1,1,1,1,1,0,0,0,0,0,0,*,0,0,1,
13 1,1,1,1,1,1,0,0,0,0,0,0,0,*,0,1,
14 0,0,0,0,0,0,0,0,0,0,0,0,0,0,*,0,
15 0,0,0,0,0,0,0,0,0,0,0,0,0,0,0,*,
k=31
t=600

  0,1,2,3,4,5,6,7,8,9,10,11,12,13,14,15,
0 *,0,0,0,0,0,0,0,0,0,0,0,0,0,0,1,
1 0,*,0,0,0,0,0,0,0,0,0,0,0,0,0,1,
2 0,0,*,0,0,0,0,0,0,0,0,0,0,0,0,0,
3 0,0,0,*,0,0,0,0,0,0,0,0,0,0,0,0,
4 0,0,0,0,*,0,0,0,0,0,0,0,0,0,0,1,
5 0,0,0,0,0,*,0,0,0,0,0,0,0,0,0,1,
6 1,1,1,1,1,1,*,0,0,0,0,0,0,0,0,1,
7 1,1,1,1,1,1,0,*,0,0,0,0,0,0,0,1,
8 1,1,1,1,1,1,0,0,*,0,0,0,0,0,0,1,
9 1,1,1,1,1,1,0,0,0,*,0,0,0,0,0,1,
10 1,1,1,1,1,1,0,0,0,0,*,0,0,0,0,1,
11 1,1,1,1,1,1,0,0,0,0,0,*,0,0,0,1,
12 1,1,1,1,1,1,0,0,0,0,0,0,*,0,0,1,
13 1,1,1,1,1,1,0,0,0,0,0,0,0,*,0,1,
14 0,0,0,0,0,0,0,0,0,0,0,0,0,0,*,0,
15 0,0,0,0,0,0,0,0,0,0,0,0,0,0,0,*,
k=32
t=600

  0,1,2,3,4,5,6,7,8,9,10,11,12,13,14,15,
0 *,0,0,0,0,0,0,0,0,0,0,0,0,0,0,1,
1 0,*,0,0,0,0,0,0,0,0,0,0,0,0,0,1,
2 0,0,*,0,0,0,0,0,0,0,0,0,0,0,0,0,
3 0,0,0,*,0,0,0,0,0,0,0,0,0,0,0,0,
4 0,0,0,0,*,0,0,0,0,0,0,0,0,0,0,1,
5 0,0,0,0,0,*,0,0,0,0,0,0,0,0,0,1,
6 1,1,1,1,1,1,*,0,0,0,0,0,0,0,0,1,
7 1,1,1,1,1,1,0,*,0,0,0,0,0,0,0,1,
8 1,1,1,1,1,1,0,0,*,0,0,0,0,0,0,1,
9 1,1,1,1,1,1,0,0,0,*,0,0,0,0,0,1,
10 1,1,1,1,1,1,0,0,0,0,*,0,0,0,0,1,
11 1,1,1,1,1,1,0,0,0,0,0,*,0,0,0,1,
12 1,1,1,1,1,1,0,0,0,0,0,0,*,0,0,1,
13 1,1,1,1,1,1,0,0,0,0,0,0,0,*,0,1,
14 0,0,0,0,0,0,0,0,0,0,0,0,0,0,*,0,
15 0,0,0,0,0,0,0,0,0,0,0,0,0,0,0,*,
k=33
t=600

  0,1,2,3,4,5,6,7,8,9,10,11,12,13,14,15,
0 *,0,0,0,0,0,0,0,0,0,0,0,0,0,0,1,
1 0,*,0,0,0,0,0,0,0,0,0,0,0,0,0,1,
2 0,0,*,0,0,0,0,0,0,0,0,0,0,0,0,0,
3 0,0,0,*,0,0,0,0,0,0,0,0,0,0,0,0,
4 0,0,0,0,*,0,0,0,0,0,0,0,0,0,0,1,
5 0,0,0,0,0,*,0,0,0,0,0,0,0,0,0,1,
6 1,1,1,1,1,1,*,0,0,0,0,0,0,0,0,1,
7 1,1,1,1,1,1,0,*,0,0,0,0,0,0,0,1,
8 1,1,1,1,1,1,0,0,*,0,0,0,0,0,0,1,
9 1,1,1,1,1,1,0,0,0,*,0,0,0,0,0,1,
10 1,1,1,1,1,1,0,0,0,0,*,0,0,0,0,1,
11 1,1,1,1,1,1,0,0,0,0,0,*,0,0,0,1,
12 1,1,1,1,1,1,0,0,0,0,0,0,*,0,0,1,
13 1,1,1,1,1,1,0,0,0,0,0,0,0,*,0,1,
14 0,0,0,0,0,0,0,0,0,0,0,0,0,0,*,0,
15 0,0,0,0,0,0,0,0,0,0,0,0,0,0,0,*,
k=34
t=600

  0,1,2,3,4,5,6,7,8,9,10,11,12,13,14,15,
0 *,0,0,0,0,0,0,0,0,0,0,0,0,0,0,1,
1 0,*,0,0,0,0,0,0,0,0,0,0,0,0,0,1,
2 0,0,*,0,0,0,0,0,0,0,0,0,0,0,0,0,
3 0,0,0,*,0,0,0,0,0,0,0,0,0,0,0,0,
4 0,0,0,0,*,0,0,0,0,0,0,0,0,0,0,1,
5 0,0,0,0,0,*,0,0,0,0,0,0,0,0,0,1,
6 1,1,1,1,1,1,*,0,0,0,0,0,0,0,0,1,
7 1,1,1,1,1,1,0,*,0,0,0,0,0,0,0,1,
8 1,1,1,1,1,1,0,0,*,0,0,0,0,0,0,1,
9 1,1,1,1,1,1,0,0,0,*,0,0,0,0,0,1,
10 1,1,1,1,1,1,0,0,0,0,*,0,0,0,0,1,
11 1,1,1,1,1,1,0,0,0,0,0,*,0,0,0,1,
12 1,1,1,1,1,1,0,0,0,0,0,0,*,0,0,1,
13 1,1,1,1,1,1,0,0,0,0,0,0,0,*,0,1,
14 0,0,0,0,0,0,0,0,0,0,0,0,0,0,*,0,
15 0,0,0,0,0,0,0,0,0,0,0,0,0,0,0,*,
k=35
t=600

  0,1,2,3,4,5,6,7,8,9,10,11,12,13,14,15,
0 *,0,0,0,0,0,0,0,0,0,0,0,0,0,0,1,
1 0,*,0,0,0,0,0,0,0,0,0,0,0,0,0,1,
2 0,0,*,0,0,0,0,0,0,0,0,0,0,0,0,1,
3 0,0,0,*,0,0,0,0,0,0,0,0,0,0,0,1,
4 0,0,0,0,*,0,0,0,0,0,0,0,0,0,0,1,
5 0,0,0,0,0,*,0,0,0,0,0,0,0,0,0,1,
6 1,1,1,1,1,1,*,0,0,0,0,0,0,0,0,1,
7 1,1,1,1,1,1,0,*,0,0,0,0,0,0,0,1,
8 1,1,1,1,1,1,0,0,*,0,0,0,0,0,0,1,
9 1,1,1,1,1,1,0,0,0,*,0,0,0,0,0,1,
10 1,1,1,1,1,1,0,0,0,0,*,0,0,0,0,1,
11 1,1,1,1,1,1,0,0,0,0,0,*,0,0,0,1,
12 1,1,1,1,1,1,0,0,0,0,0,0,*,0,0,1,
13 1,1,1,1,1,1,0,0,0,0,0,0,0,*,0,1,
14 0,0,0,0,0,0,0,0,0,0,0,0,0,0,*,0,
15 0,0,0,0,0,0,0,0,0,0,0,0,0,0,0,*,
k=36
t=600

