a contact +0 +200 2001 2004 1000
a contact +0 +200 2004 2001 1000
a contact +0 +500 1002 2003 1000
a contact +0 +500 2003 1002 1000
a contact +0 +500 2003 9001 1000
a contact +0 +500 2003 9002 1000
a contact +0 +500 9001 2003 1000
a contact +0 +500 9002 2003 1000
a contact +0 +2800 1002 9001 1000
a contact +0 +2800 9001 1002 1000
a contact +0 +7200 1001 9003 1000
a contact +0 +7200 9003 1001 1000
a contact +800 +8500 1002 9002 1000
a contact +800 +8500 9002 1002 1000
a contact +1900 +9600 2001 2004 1000
a contact +1900 +9600 2004 2001 1000
a contact +0 +11500 1002 2001 1000
a contact +2100 +11500 1002 2002 1000
a contact +1600 +11500 1002 2003 1000
a contact +0 +11500 1002 2004 1000
a contact +0 +11500 2001 1002 1000
a contact +2100 +11500 2002 1002 1000
a contact +1600 +11500 2003 1002 1000
a contact +0 +11500 2004 1002 1000
a contact +4200 +12000 1001 9001 1000
a contact +4200 +12000 9001 1001 1000
a contact +0 +15300 2001 9001 1000
a contact +2100 +15300 2002 9001 1000
a contact +1600 +15300 2003 9001 1000
a contact +0 +15300 2004 9001 1000
a contact +0 +15300 9001 2001 1000
a contact +2100 +15300 9001 2002 1000
a contact +1600 +15300 9001 2003 1000
a contact +0 +15300 9001 2004 1000
a contact +8600 +16400 1002 9003 1000
a contact +8600 +16400 9003 1002 1000
a contact +10000 +17700 1001 9002 1000
a contact +10000 +17700 9002 1001 1000
a contact +2400 +18800 1001 2002 1000
a contact +14200 +18800 1002 2002 1000
a contact +2400 +18800 2002 1001 1000
a contact +14200 +18800 2002 1002 1000
a contact +2100 +18800 2002 9002 1000
a contact +2100 +18800 9002 2002 1000
a contact +11300 +19000 2001 2004 1000
a contact +11300 +19000 2004 2001 1000
a contact +2400 +19400 1001 2003 1000
a contact +14200 +19400 1002 2003 1000
a contact +2400 +19400 2003 1001 1000
a contact +14200 +19400 2003 1002 1000
a contact +1600 +19400 2003 9002 1000
a contact +1600 +19400 9002 2003 1000
a contact +13400 +21200 1002 9001 1000
a contact +13400 +21200 9001 1002 1000
a contact +2400 +23200 1001 2001 1000
a contact +21000 +23200 1001 2002 1000
a contact +20500 +23200 1001 2003 1000
a contact +2400 +23200 1001 2004 1000
a contact +2400 +23200 2001 1001 1000
a contact +21000 +23200 2002 1001 1000
a contact +20500 +23200 2003 1001 1000
a contact +2400 +23200 2004 1001 1000
a contact +17800 +25600 1001 9003 1000
a contact +17800 +25600 9003 1001 1000
a contact +19200 +27000 1002 9002 1000
a contact +19200 +27000 9002 1002 1000
a contact +20800 +28400 2001 2004 1000
a contact +20800 +28400 2004 2001 1000
a contact +22600 +30500 1001 9001 1000
a contact +22600 +30500 9001 1001 1000
a contact +27000 +34900 1002 9003 1000
a contact +27000 +34900 9003 1002 1000
a contact +14200 +35000 1002 2001 1000
a contact +21000 +35000 1002 2002 1000
a contact +20500 +35000 1002 2003 1000
a contact +14200 +35000 1002 2004 1000
a contact +14200 +35000 2001 1002 1000
a contact +21000 +35000 2002 1002 1000
a contact +20500 +35000 2003 1002 1000
a contact +14200 +35000 2004 1002 1000
a contact +28400 +36200 1001 9002 1000
a contact +28400 +36200 9002 1001 1000
a contact +26000 +37700 1001 2002 1000
a contact +26000 +37700 2002 1001 1000
a contact +21000 +37700 2002 9002 1000
a contact +29800 +37700 2002 9003 1000
a contact +21000 +37700 9002 2002 1000
a contact +29800 +37700 9003 2002 1000
a contact +30200 +37900 2001 2004 1000
a contact +30200 +37900 2004 2001 1000
a contact +26000 +38200 1001 2003 1000
a contact +37700 +38200 1002 2003 1000
a contact +26000 +38200 2003 1001 1000
a contact +37700 +38200 2003 1002 1000
a contact +20500 +38200 2003 9002 1000
a contact +29800 +38200 2003 9003 1000
a contact +20500 +38200 9002 2003 1000
a contact +29800 +38200 9003 2003 1000
a contact +31800 +39700 1002 9001 1000
a contact +31800 +39700 9001 1002 1000
a contact +0 +42200 2001 9002 1000
a contact +39800 +42200 2002 9002 1000
a contact +39300 +42200 2003 9002 1000
a contact +0 +42200 2004 9002 1000
a contact +0 +42200 9002 2001 1000
a contact +39800 +42200 9002 2002 1000
a contact +39300 +42200 9002 2003 1000
a contact +0 +42200 9002 2004 1000
a contact +36200 +44100 1001 9003 1000
a contact +36200 +44100 9003 1001 1000
a contact +37700 +45400 1002 9002 1000
a contact +37700 +45400 9002 1002 1000
a contact +39800 +46700 1001 2002 1000
a contact +39300 +46700 1001 2003 1000
a contact +26000 +46700 1001 2004 1000
a contact +39800 +46700 2002 1001 1000
a contact +39300 +46700 2003 1001 1000
a contact +26000 +46700 2004 1001 1000
a contact +26000 +46800 1001 2001 1000
a contact +26000 +46800 2001 1001 1000
a contact +39600 +47300 2001 2004 1000
a contact +39600 +47300 2004 2001 1000
a contact +41100 +48900 1001 9001 1000
a contact +41100 +48900 9001 1001 1000
a contact +45500 +53300 1002 9003 1000
a contact +45500 +53300 9003 1002 1000
a contact +46900 +54600 1001 9002 1000
a contact +46900 +54600 9002 1001 1000
a contact +49500 +56600 1001 2002 1000
a contact +39800 +56600 1002 2002 1000
a contact +49500 +56600 2002 1001 1000
a contact +39800 +56600 2002 1002 1000
a contact +51900 +56600 2002 9001 1000
a contact +39800 +56600 2002 9003 1000
a contact +51900 +56600 9001 2002 1000
a contact +39800 +56600 9003 2002 1000
a contact +49000 +56700 2001 2004 1000
a contact +49000 +56700 2004 2001 1000
a contact +49500 +57000 1001 2003 1000
a contact +39300 +57000 1002 2003 1000
a contact +49500 +57000 2003 1001 1000
a contact +39300 +57000 2003 1002 1000
a contact +51900 +57000 2003 9001 1000
a contact +39300 +57000 2003 9003 1000
a contact +51900 +57000 9001 2003 1000
a contact +39300 +57000 9003 2003 1000
a contact +50300 +58100 1002 9001 1000
a contact +50300 +58100 9001 1002 1000
a contact +37700 +58500 1002 2001 1000
a contact +58200 +58500 1002 2003 1000
a contact +37700 +58500 1002 2004 1000
a contact +37700 +58500 2001 1002 1000
a contact +58200 +58500 2003 1002 1000
a contact +37700 +58500 2004 1002 1000
a contact +54700 +62500 1001 9003 1000
a contact +54700 +62500 9003 1001 1000
a contact +56100 +63900 1002 9002 1000
a contact +56100 +63900 9002 1002 1000
a contact +58500 +66200 2001 2004 1000
a contact +58500 +66200 2004 2001 1000
a contact +59500 +67400 1001 9001 1000
a contact +59500 +67400 9001 1001 1000
a contact +49500 +70300 1001 2001 1000
a contact +58700 +70300 1001 2002 1000
a contact +58200 +70300 1001 2003 1000
a contact +49500 +70300 1001 2004 1000
a contact +49500 +70300 2001 1001 1000
a contact +58700 +70300 2002 1001 1000
a contact +58200 +70300 2003 1001 1000
a contact +49500 +70300 2004 1001 1000
a contact +63900 +71800 1002 9003 1000
a contact +63900 +71800 9003 1002 1000
a contact +65300 +73100 1001 9002 1000
a contact +65300 +73100 9002 1001 1000
a contact +73000 +75400 1001 2002 1000
a contact +61300 +75400 1002 2002 1000
a contact +73000 +75400 2002 1001 1000
a contact +61300 +75400 2002 1002 1000
a contact +58700 +75400 2002 9001 1000
a contact +58700 +75400 2002 9003 1000
a contact +58700 +75400 9001 2002 1000
a contact +58700 +75400 9003 2002 1000
a contact +67900 +75600 2001 2004 1000
a contact +67900 +75600 2004 2001 1000
a contact +73000 +75900 1001 2003 1000
a contact +61300 +75900 1002 2003 1000
a contact +73000 +75900 2003 1001 1000
a contact +61300 +75900 2003 1002 1000
a contact +58200 +75900 2003 9001 1000
a contact +58200 +75900 2003 9003 1000
a contact +58200 +75900 9001 2003 1000
a contact +58200 +75900 9003 2003 1000
a contact +68700 +76600 1002 9001 1000
a contact +68700 +76600 9001 1002 1000
a contact +29800 +78200 2001 9003 1000
a contact +77500 +78200 2002 9003 1000
a contact +77100 +78200 2003 9003 1000
a contact +29800 +78200 2004 9003 1000
a contact +29800 +78200 9003 2001 1000
a contact +77500 +78200 9003 2002 1000
a contact +77100 +78200 9003 2003 1000
a contact +29800 +78200 9003 2004 1000
a contact +73100 +81000 1001 9003 1000
a contact +73100 +81000 9003 1001 1000
a contact +61300 +82000 1002 2001 1000
a contact +77500 +82000 1002 2002 1000
a contact +77100 +82000 1002 2003 1000
a contact +61300 +82000 1002 2004 1000
a contact +61300 +82000 2001 1002 1000
a contact +77500 +82000 2002 1002 1000
a contact +77100 +82000 2003 1002 1000
a contact +61300 +82000 2004 1002 1000
a contact +74600 +82300 1002 9002 1000
a contact +74600 +82300 9002 1002 1000
a contact +77300 +85000 2001 2004 1000
a contact +77300 +85000 2004 2001 1000
a contact +78000 +85800 1001 9001 1000
a contact +78000 +85800 9001 1001 1000
a contact +73000 +86400 1001 2001 1000
a contact +77500 +86400 1001 2002 1000
a contact +77100 +86400 1001 2003 1000
a contact +73000 +86400 1001 2004 1000
a contact +83800 +86400 1001 9002 1000
a contact +84800 +86400 1002 2001 1000
a contact +84800 +86400 1002 2002 1000
a contact +84800 +86400 1002 2003 1000
a contact +84800 +86400 1002 2004 1000
a contact +82400 +86400 1002 9003 1000
a contact +73000 +86400 2001 1001 1000
a contact +84800 +86400 2001 1002 1000
a contact +0 +86400 2001 2002 1000
a contact +0 +86400 2001 2003 1000
a contact +51900 +86400 2001 9001 1000
a contact +78400 +86400 2001 9002 1000
a contact +77500 +86400 2002 1001 1000
a contact +84800 +86400 2002 1002 1000
a contact +0 +86400 2002 2001 1000
a contact +0 +86400 2002 2003 1000
a contact +0 +86400 2002 2004 1000
a contact +77500 +86400 2002 9001 1000
a contact +78400 +86400 2002 9002 1000
a contact +77100 +86400 2003 1001 1000
a contact +84800 +86400 2003 1002 1000
a contact +0 +86400 2003 2001 1000
a contact +0 +86400 2003 2002 1000
a contact +0 +86400 2003 2004 1000
a contact +77100 +86400 2003 9001 1000
a contact +78400 +86400 2003 9002 1000
a contact +73000 +86400 2004 1001 1000
a contact +84800 +86400 2004 1002 1000
a contact +0 +86400 2004 2002 1000
a contact +0 +86400 2004 2003 1000
a contact +51900 +86400 2004 9001 1000
a contact +78400 +86400 2004 9002 1000
a contact +51900 +86400 9001 2001 1000
a contact +77500 +86400 9001 2002 1000
a contact +77100 +86400 9001 2003 1000
a contact +51900 +86400 9001 2004 1000
a contact +83800 +86400 9002 1001 1000
a contact +78400 +86400 9002 2001 1000
a contact +78400 +86400 9002 2002 1000
a contact +78400 +86400 9002 2003 1000
a contact +78400 +86400 9002 2004 1000
a contact +82400 +86400 9003 1002 1000

a range +0 +200 2001 2004 0.0433
a range +0 +200 2004 2001 0.0433
a range +0 +500 1002 2003 1101.7210
a range +0 +500 2003 1002 1101.7210
a range +0 +500 2003 9001 1101.7661
a range +0 +500 2003 9002 1101.7744
a range +0 +500 9001 2003 1101.7661
a range +0 +500 9002 2003 1101.7744
a range +0 +2800 1002 9001 0.0593
a range +0 +2800 9001 1002 0.0593
a range +0 +7200 1001 9003 0.0593
a range +0 +7200 9003 1001 0.0593
a range +800 +8500 1002 9002 0.0592
a range +800 +8500 9002 1002 0.0592
a range +1900 +9600 2001 2004 0.0432
a range +1900 +9600 2004 2001 0.0432
a range +0 +11500 1002 2001 1102.2290
a range +2100 +11500 1002 2002 1102.2174
a range +1600 +11500 1002 2003 1102.2184
a range +0 +11500 1002 2004 1102.2314
a range +0 +11500 2001 1002 1102.2290
a range +2100 +11500 2002 1002 1102.2174
a range +1600 +11500 2003 1002 1102.2184
a range +0 +11500 2004 1002 1102.2314
a range +4200 +12000 1001 9001 0.0592
a range +4200 +12000 9001 1001 0.0592
a range +0 +15300 2001 9001 1102.3343
a range +2100 +15300 2002 9001 1102.3350
a range +1600 +15300 2003 9001 1102.3349
a range +0 +15300 2004 9001 1102.3341
a range +0 +15300 9001 2001 1102.3343
a range +2100 +15300 9001 2002 1102.3350
a range +1600 +15300 9001 2003 1102.3349
a range +0 +15300 9001 2004 1102.3341
a range +8600 +16400 1002 9003 0.0592
a range +8600 +16400 9003 1002 0.0592
a range +10000 +17700 1001 9002 0.0591
a range +10000 +17700 9002 1001 0.0591
a range +2400 +18800 1001 2002 1102.4888
a range +14200 +18800 1002 2002 1102.4845
a range +2400 +18800 2002 1001 1102.4888
a range +14200 +18800 2002 1002 1102.4845
a range +2100 +18800 2002 9002 1102.4702
a range +2100 +18800 9002 2002 1102.4702
a range +11300 +19000 2001 2004 0.0431
a range +11300 +19000 2004 2001 0.0431
a range +2400 +19400 1001 2003 1102.5215
a range +14200 +19400 1002 2003 1102.4983
a range +2400 +19400 2003 1001 1102.5215
a range +14200 +19400 2003 1002 1102.4983
a range +1600 +19400 2003 9002 1102.4935
a range +1600 +19400 9002 2003 1102.4935
a range +13400 +21200 1002 9001 0.0591
a range +13400 +21200 9001 1002 0.0591
a range +2400 +23200 1001 2001 1102.6952
a range +21000 +23200 1001 2002 1102.7006
a range +20500 +23200 1001 2003 1102.7001
a range +2400 +23200 1001 2004 1102.6941
a range +2400 +23200 2001 1001 1102.6952
a range +21000 +23200 2002 1001 1102.7006
a range +20500 +23200 2003 1001 1102.7001
a range +2400 +23200 2004 1001 1102.6941
a range +17800 +25600 1001 9003 0.0591
a range +17800 +25600 9003 1001 0.0591
a range +19200 +27000 1002 9002 0.0595
a range +19200 +27000 9002 1002 0.0595
a range +20800 +28400 2001 2004 0.0430
a range +20800 +28400 2004 2001 0.0430
a range +22600 +30500 1001 9001 0.0595
a range +22600 +30500 9001 1001 0.0595
a range +27000 +34900 1002 9003 0.0595
a range +27000 +34900 9003 1002 0.0595
a range +14200 +35000 1002 2001 1103.1494
a range +21000 +35000 1002 2002 1103.1535
a range +20500 +35000 1002 2003 1103.1532
a range +14200 +35000 1002 2004 1103.1486
a range +14200 +35000 2001 1002 1103.1494
a range +21000 +35000 2002 1002 1103.1535
a range +20500 +35000 2003 1002 1103.1532
a range +14200 +35000 2004 1002 1103.1486
a range +28400 +36200 1001 9002 0.0594
a range +28400 +36200 9002 1001 0.0594
a range +26000 +37700 1001 2002 1103.1611
a range +26000 +37700 2002 1001 1103.1611
a range +21000 +37700 2002 9002 1103.2146
a range +29800 +37700 2002 9003 1103.2098
a range +21000 +37700 9002 2002 1103.2146
a range +29800 +37700 9003 2002 1103.2098
a range +30200 +37900 2001 2004 0.0433
a range +30200 +37900 2004 2001 0.0433
a range +26000 +38200 1001 2003 1103.1837
a range +37700 +38200 1002 2003 1103.2873
a range +26000 +38200 2003 1001 1103.1837
a range +37700 +38200 2003 1002 1103.2873
a range +20500 +38200 2003 9002 1103.2345
a range +29800 +38200 2003 9003 1103.2285
a range +20500 +38200 9002 2003 1103.2345
a range +29800 +38200 9003 2003 1103.2285
a range +31800 +39700 1002 9001 0.0594
a range +31800 +39700 9001 1002 0.0594
a range +0 +42200 2001 9002 1103.3763
a range +39800 +42200 2002 9002 1103.3811
a range +39300 +42200 2003 9002 1103.3807
a range +0 +42200 2004 9002 1103.3753
a range +0 +42200 9002 2001 1103.3763
a range +39800 +42200 9002 2002 1103.3811
a range +39300 +42200 9002 2003 1103.3807
a range +0 +42200 9002 2004 1103.3753
a range +36200 +44100 1001 9003 0.0594
a range +36200 +44100 9003 1001 0.0594
a range +37700 +45400 1002 9002 0.0592
a range +37700 +45400 9002 1002 0.0592
a range +39800 +46700 1001 2002 1103.5766
a range +39300 +46700 1001 2003 1103.5775
a range +26000 +46700 1001 2004 1103.5898
a range +39800 +46700 2002 1001 1103.5766
a range +39300 +46700 2003 1001 1103.5775
a range +26000 +46700 2004 1001 1103.5898
a range +26000 +46800 1001 2001 1103.5919
a range +26000 +46800 2001 1001 1103.5919
a range +39600 +47300 2001 2004 0.0432
a range +39600 +47300 2004 2001 0.0432
a range +41100 +48900 1001 9001 0.0593
a range +41100 +48900 9001 1001 0.0593
a range +45500 +53300 1002 9003 0.0592
a range +45500 +53300 9003 1002 0.0592
a range +46900 +54600 1001 9002 0.0591
a range +46900 +54600 9002 1001 0.0591
a range +49500 +56600 1001 2002 1103.9066
a range +39800 +56600 1002 2002 1103.9834
a range +49500 +56600 2002 1001 1103.9066
a range +39800 +56600 2002 1002 1103.9834
a range +51900 +56600 2002 9001 1103.9427
a range +39800 +56600 2002 9003 1103.9278
a range +51900 +56600 9001 2002 1103.9427
a range +39800 +56600 9003 2002 1103.9278
a range +49000 +56700 2001 2004 0.0431
a range +49000 +56700 2004 2001 0.0431
a range +49500 +57000 1001 2003 1103.9173
a range +39300 +57000 1002 2003 1104.0032
a range +49500 +57000 2003 1001 1103.9173
a range +39300 +57000 2003 1002 1104.0032
a range +51900 +57000 2003 9001 1103.9574
a range +39300 +57000 2003 9003 1103.9432
a range +51900 +57000 9001 2003 1103.9574
a range +39300 +57000 9003 2003 1103.9432
a range +50300 +58100 1002 9001 0.0591
a range +50300 +58100 9001 1002 0.0591
a range +37700 +58500 1002 2001 1104.0619
a range +58200 +58500 1002 2003 1104.0728
a range +37700 +58500 1002 2004 1104.0597
a range +37700 +58500 2001 1002 1104.0619
a range +58200 +58500 2003 1002 1104.0728
a range +37700 +58500 2004 1002 1104.0597
a range +54700 +62500 1001 9003 0.0591
a range +54700 +62500 9003 1001 0.0591
a range +56100 +63900 1002 9002 0.0595
a range +56100 +63900 9002 1002 0.0595
a range +58500 +66200 2001 2004 0.0434
a range +58500 +66200 2004 2001 0.0434
a range +59500 +67400 1001 9001 0.0596
a range +59500 +67400 9001 1001 0.0596
a range +49500 +70300 1001 2001 1104.5018
a range +58700 +70300 1001 2002 1104.4962
a range +58200 +70300 1001 2003 1104.4967
a range +49500 +70300 1001 2004 1104.5028
a range +49500 +70300 2001 1001 1104.5018
a range +58700 +70300 2002 1001 1104.4962
a range +58200 +70300 2003 1001 1104.4967
a range +49500 +70300 2004 1001 1104.5028
a range +63900 +71800 1002 9003 0.0596
a range +63900 +71800 9003 1002 0.0596
a range +65300 +73100 1001 9002 0.0594
a range +65300 +73100 9002 1001 0.0594
a range +73000 +75400 1001 2002 1104.7002
a range +61300 +75400 1002 2002 1104.6375
a range +73000 +75400 2002 1001 1104.7002
a range +61300 +75400 2002 1002 1104.6375
a range +58700 +75400 2002 9001 1104.6512
a range +58700 +75400 2002 9003 1104.6691
a range +58700 +75400 9001 2002 1104.6512
a range +58700 +75400 9003 2002 1104.6691
a range +67900 +75600 2001 2004 0.0433
a range +67900 +75600 2004 2001 0.0433
a range +73000 +75900 1001 2003 1104.7125
a range +61300 +75900 1002 2003 1104.6638
a range +73000 +75900 2003 1001 1104.7125
a range +61300 +75900 2003 1002 1104.6638
a range +58200 +75900 2003 9001 1104.6705
a range +58200 +75900 2003 9003 1104.6891
a range +58200 +75900 9001 2003 1104.6705
a range +58200 +75900 9003 2003 1104.6891
a range +68700 +76600 1002 9001 0.0594
a range +68700 +76600 9001 1002 0.0594
a range +29800 +78200 2001 9003 1104.7676
a range +77500 +78200 2002 9003 1104.7779
a range +77100 +78200 2003 9003 1104.7772
a range +29800 +78200 2004 9003 1104.7658
a range +29800 +78200 9003 2001 1104.7676
a range +77500 +78200 9003 2002 1104.7779
a range +77100 +78200 9003 2003 1104.7772
a range +29800 +78200 9003 2004 1104.7658
a range +73100 +81000 1001 9003 0.0594
a range +73100 +81000 9003 1001 0.0594
a range +61300 +82000 1002 2001 1104.9537
a range +77500 +82000 1002 2002 1104.9501
a range +77100 +82000 1002 2003 1104.9504
a range +61300 +82000 1002 2004 1104.9544
a range +61300 +82000 2001 1002 1104.9537
a range +77500 +82000 2002 1002 1104.9501
a range +77100 +82000 2003 1002 1104.9504
a range +61300 +82000 2004 1002 1104.9544
a range +74600 +82300 1002 9002 0.0593
a range +74600 +82300 9002 1002 0.0593
a range +77300 +85000 2001 2004 0.0432
a range +77300 +85000 2004 2001 0.0432
a range +78000 +85800 1001 9001 0.0593
a range +78000 +85800 9001 1001 0.0593
a range +73000 +86400 1001 2001 1105.0195
a range +77500 +86400 1001 2002 1105.0073
a range +77100 +86400 1001 2003 1105.0081
a range +73000 +86400 1001 2004 1105.0216
a range +83800 +86400 1001 9002 0.0467
a range +84800 +86400 1002 2001 1105.1012
a range +84800 +86400 1002 2002 1105.0890
a range +84800 +86400 1002 2003 1105.0899
a range +84800 +86400 1002 2004 1105.1034
a range +82400 +86400 1002 9003 0.0435
a range +73000 +86400 2001 1001 1105.0195
a range +84800 +86400 2001 1002 1105.1012
a range +0 +86400 2001 2002 0.0182
a range +0 +86400 2001 2003 0.0337
a range +51900 +86400 2001 9001 1105.0474
a range +78400 +86400 2001 9002 1105.0546
a range +77500 +86400 2002 1001 1105.0073
a range +84800 +86400 2002 1002 1105.0890
a range +0 +86400 2002 2001 0.0182
a range +0 +86400 2002 2003 0.0182
a range +0 +86400 2002 2004 0.0337
a range +77500 +86400 2002 9001 1105.0351
a range +78400 +86400 2002 9002 1105.0424
a range +77100 +86400 2003 1001 1105.0081
a range +84800 +86400 2003 1002 1105.0899
a range +0 +86400 2003 2001 0.0337
a range +0 +86400 2003 2002 0.0182
a range +0 +86400 2003 2004 0.0182
a range +77100 +86400 2003 9001 1105.0360
a range +78400 +86400 2003 9002 1105.0432
a range +73000 +86400 2004 1001 1105.0216
a range +84800 +86400 2004 1002 1105.1034
a range +0 +86400 2004 2002 0.0337
a range +0 +86400 2004 2003 0.0182
a range +51900 +86400 2004 9001 1105.0495
a range +78400 +86400 2004 9002 1105.0567
a range +51900 +86400 9001 2001 1105.0474
a range +77500 +86400 9001 2002 1105.0351
a range +77100 +86400 9001 2003 1105.0360
a range +51900 +86400 9001 2004 1105.0495
a range +83800 +86400 9002 1001 0.0467
a range +78400 +86400 9002 2001 1105.0546
a range +78400 +86400 9002 2002 1105.0424
a range +78400 +86400 9002 2003 1105.0432
a range +78400 +86400 9002 2004 1105.0567
a range +82400 +86400 9003 1002 0.0435

a position +0 +200 2001 2004 8282313.57290808 2399500.97100684 233947201.56449 8270309.55217835 2399500.97100684 233952173.792679
a position +0 +200 2004 2001 8270309.55217835 2399500.97100684 233952173.792679 8282313.57290808 2399500.97100684 233947201.56449
a position +0 +500 1002 2003 -136165681.267491 0 -63068283.3162119 8268294.35230732 2400003.97433514 233955265.688159
a position +0 +500 2003 1002 8268294.35230732 2400003.97433514 233955265.688159 -136165681.267491 0 -63068283.3162119
a position +0 +500 2003 9001 8268294.35230732 2400003.97433514 233955265.688159 -136170712.801236 3750.98291015625 -63080928.0655983
a position +0 +500 2003 9002 8268294.35230732 2400003.97433514 233955265.688159 -136179099.213834 4196.68310546875 -63079612.3668678
a position +0 +500 9001 2003 -136170712.801236 3750.98291015625 -63080928.0655983 8268294.35230732 2400003.97433514 233955265.688159
a position +0 +500 9002 2003 -136179099.213834 4196.68310546875 -63079612.3668678 8268294.35230732 2400003.97433514 233955265.688159
a position +0 +2800 1002 9001 -136148288.314953 0 -63127708.4910702 -136142730.32083 3750.98291015625 -63144188.8897217
a position +0 +2800 9001 1002 -136142730.32083 3750.98291015625 -63144188.8897217 -136148288.314953 0 -63127708.4910702
a position +0 +7200 1001 9003 -136078247.560553 0 -63271243.2004694 -136095597.31772 -3748.65649414063 -63270027.7525483
a position +0 +7200 9003 1001 -136095597.31772 -3748.65649414063 -63270027.7525483 -136078247.560553 0 -63271243.2004694
a position +800 +8500 1002 9002 -136096823.032716 0 -63299660.9359628 -136080146.496066 4196.68310546875 -63295265.5962441
a position +800 +8500 9002 1002 -136080146.496066 4196.68310546875 -63295265.5962441 -136096823.032716 0 -63299660.9359628
a position +1900 +9600 2001 2004 8049324.31993751 2396801.47696373 233974662.506656 8061298.68444638 2396801.47696373 233969702.562475
a position +1900 +9600 2004 2001 8061298.68444638 2396801.47696373 233969702.562475 8049324.31993751 2396801.47696373 233974662.506656
a position +0 +11500 1002 2001 -136055460.570325 0 -63393881.2443765 8005278.00270921 2390954.91908249 233980187.146681
a position +2100 +11500 1002 2002 -136055460.570325 0 -63393881.2443765 8007271.25598698 2390954.91908249 233975375.007585
a position +1600 +11500 1002 2003 -136055460.570325 0 -63393881.2443765 8012083.39508341 2390954.91908249 233973381.754307
a position +0 +11500 1002 2004 -136055460.570325 0 -63393881.2443765 8016895.53417985 2390954.91908249 233975375.007585
a position +0 +11500 2001 1002 8005278.00270921 2390954.91908249 233980187.146681 -136055460.570325 0 -63393881.2443765
a position +2100 +11500 2002 1002 8007271.25598698 2390954.91908249 233975375.007585 -136055460.570325 0 -63393881.2443765
a position +1600 +11500 2003 1002 8012083.39508341 2390954.91908249 233973381.754307 -136055460.570325 0 -63393881.2443765
a position +0 +11500 2004 1002 8016895.53417985 2390954.91908249 233975375.007585 -136055460.570325 0 -63393881.2443765
a position +4200 +12000 1001 9001 -136025909.724736 0 -63380958.7155533 -136031994.068677 3750.98291015625 -63397207.5196607
a position +4200 +12000 9001 1001 -136031994.068677 3750.98291015625 -63397207.5196607 -136025909.724736 0 -63380958.7155533
a position +0 +15300 2001 9001 7923995.62936802 2383632.40708161 233991210.222822 -135992714.86506 3750.98291015625 -63487747.5431211
a position +2100 +15300 2002 9001 7923871.49527931 2383632.40708161 233991509.909022 -135992714.86506 3750.98291015625 -63487747.5431211
a position +1600 +15300 2003 9001 7923571.80907878 2383632.40708161 233991634.043111 -135992714.86506 3750.98291015625 -63487747.5431211
a position +0 +15300 2004 9001 7923272.12287826 2383632.40708161 233991509.909022 -135992714.86506 3750.98291015625 -63487747.5431211
a position +0 +15300 9001 2001 -135992714.86506 3750.98291015625 -63487747.5431211 7923995.62936802 2383632.40708161 233991210.222822
a position +2100 +15300 9001 2002 -135992714.86506 3750.98291015625 -63487747.5431211 7923871.49527931 2383632.40708161 233991509.909022
a position +1600 +15300 9001 2003 -135992714.86506 3750.98291015625 -63487747.5431211 7923571.80907878 2383632.40708161 233991634.043111
a position +0 +15300 9001 2004 -135992714.86506 3750.98291015625 -63487747.5431211 7923272.12287826 2383632.40708161 233991509.909022
a position +8600 +16400 1002 9003 -135974732.667377 0 -63529683.4627577 -135987386.361731 -3748.65649414063 -63517812.3618217
a position +8600 +16400 9003 1002 -135987386.361731 -3748.65649414063 -63517812.3618217 -135974732.667377 0 -63529683.4627577
a position +10000 +17700 1001 9002 -135981217.710652 0 -63537958.2189668 -135965548.413366 4196.68310546875 -63545068.1093386
a position +10000 +17700 9002 1001 -135965548.413366 4196.68310546875 -63545068.1093386 -135981217.710652 0 -63537958.2189668
a position +2400 +18800 1001 2002 -135970633.582935 0 -63572165.7830176 7846888.62282022 2385998.66314183 234006173.837426
a position +14200 +18800 1002 2002 -135938136.724553 0 -63586415.991834 7846888.62282022 2385998.66314183 234006173.837426
a position +2400 +18800 2002 1001 7846888.62282022 2385998.66314183 234006173.837426 -135970633.582935 0 -63572165.7830176
a position +14200 +18800 2002 1002 7846888.62282022 2385998.66314183 234006173.837426 -135938136.724553 0 -63586415.991834
a position +2100 +18800 2002 9002 7846888.62282022 2385998.66314183 234006173.837426 -135951854.505062 4196.68310546875 -63575065.0729727
a position +2100 +18800 9002 2002 -135951854.505062 4196.68310546875 -63575065.0729727 7846888.62282022 2385998.66314183 234006173.837426
a position +11300 +19000 2001 2004 7844384.80799138 2386321.26771237 234001909.648043 7832441.08740111 2386321.26771237 234006856.899097
a position +11300 +19000 2004 2001 7832441.08740111 2386321.26771237 234006856.899097 7844384.80799138 2386321.26771237 234001909.648043
a position +2400 +19400 1001 2003 -135964280.933352 0 -63591107.3228986 7828071.13983306 2386991.13831529 234010265.672605
a position +14200 +19400 1002 2003 -135929926.218679 0 -63599988.0793812 7828071.13983306 2386991.13831529 234010265.672605
a position +2400 +19400 2003 1001 7828071.13983306 2386991.13831529 234010265.672605 -135964280.933352 0 -63591107.3228986
a position +14200 +19400 2003 1002 7828071.13983306 2386991.13831529 234010265.672605 -135929926.218679 0 -63599988.0793812
a position +1600 +19400 2003 9002 7828071.13983306 2386991.13831529 234010265.672605 -135944389.196132 4196.68310546875 -63591437.4897141
a position +1600 +19400 9002 2003 -135944389.196132 4196.68310546875 -63591437.4897141 7828071.13983306 2386991.13831529 234010265.672605
a position +13400 +21200 1002 9001 -135907964.141125 0 -63640303.9546584 -135922907.59648 3750.98291015625 -63649038.178623
a position +13400 +21200 9001 1002 -135922907.59648 3750.98291015625 -63649038.178623 -135907964.141125 0 -63640303.9546584
a position +2400 +23200 1001 2001 -135913775.05091 0 -63710738.1408708 7742727.76351017 2391964.5912564 234014014.805018
a position +21000 +23200 1001 2002 -135913775.05091 0 -63710738.1408708 7741799.10038363 2391964.5912564 234016256.796133
a position +20500 +23200 1001 2003 -135913775.05091 0 -63710738.1408708 7739557.10926867 2391964.5912564 234017185.45926
a position +2400 +23200 1001 2004 -135913775.05091 0 -63710738.1408708 7737315.1181537 2391964.5912564 234016256.796133
a position +2400 +23200 2001 1001 7742727.76351017 2391964.5912564 234014014.805018 -135913775.05091 0 -63710738.1408708
a position +21000 +23200 2002 1001 7741799.10038363 2391964.5912564 234016256.796133 -135913775.05091 0 -63710738.1408708
a position +20500 +23200 2003 1001 7739557.10926867 2391964.5912564 234017185.45926 -135913775.05091 0 -63710738.1408708
a position +2400 +23200 2004 1001 7737315.1181537 2391964.5912564 234016256.796133 -135913775.05091 0 -63710738.1408708
a position +17800 +25600 1001 9003 -135874704.11321 0 -63780976.1286015 -135877011.766475 -3748.65649414063 -63763822.0055349
a position +17800 +25600 9003 1001 -135877011.766475 -3748.65649414063 -63763822.0055349 -135874704.11321 0 -63780976.1286015
a position +19200 +27000 1002 9002 -135858343.98669 0 -63784024.8819519 -135850224.480266 4196.68310546875 -63799341.1678621
a position +19200 +27000 9002 1002 -135850224.480266 4196.68310546875 -63799341.1678621 -135858343.98669 0 -63784024.8819519
a position +20800 +28400 2001 2004 7611452.83517207 2383871.89714855 234028943.017808 7623364.92667366 2383871.89714855 234024008.867951
a position +20800 +28400 2004 2001 7623364.92667366 2383871.89714855 234024008.867951 7611452.83517207 2383871.89714855 234028943.017808
a position +22600 +30500 1001 9001 -135795914.590226 0 -63903518.324654 -135813216.169001 3750.98291015625 -63901278.3220014
a position +22600 +30500 9001 1001 -135813216.169001 3750.98291015625 -63901278.3220014 -135795914.590226 0 -63903518.324654
a position +27000 +34900 1002 9003 -135771356.034063 0 -64027249.6689415 -135762627.571715 -3748.65649414063 -64012144.2645634
a position +27000 +34900 9003 1002 -135762627.571715 -3748.65649414063 -64012144.2645634 -135771356.034063 0 -64027249.6689415
a position +14200 +35000 1002 2001 -135769807.547601 0 -64030298.8116027 7467118.00220565 2370352.07813861 234047796.169828
a position +21000 +35000 1002 2002 -135769807.547601 0 -64030298.8116027 7466406.98767021 2370352.07813861 234049512.710763
a position +20500 +35000 1002 2003 -135769807.547601 0 -64030298.8116027 7464690.4467357 2370352.07813861 234050223.725298
a position +14200 +35000 1002 2004 -135769807.547601 0 -64030298.8116027 7462973.90580118 2370352.07813861 234049512.710763
a position +14200 +35000 2001 1002 7467118.00220565 2370352.07813861 234047796.169828 -135769807.547601 0 -64030298.8116027
a position +21000 +35000 2002 1002 7466406.98767021 2370352.07813861 234049512.710763 -135769807.547601 0 -64030298.8116027
a position +20500 +35000 2003 1002 7464690.4467357 2370352.07813861 234050223.725298 -135769807.547601 0 -64030298.8116027
a position +14200 +35000 2004 1002 7462973.90580118 2370352.07813861 234049512.710763 -135769807.547601 0 -64030298.8116027
a position +28400 +36200 1001 9002 -135734292.218774 0 -64034612.2100159 -135737663.587556 4196.68310546875 -64051576.7166024
a position +28400 +36200 9002 1001 -135737663.587556 4196.68310546875 -64051576.7166024 -135734292.218774 0 -64034612.2100159
a position +26000 +37700 1001 2002 -135722739.12034 0 -64073257.4661694 7406663.31156011 2372972.3240863 234060346.063546
a position +26000 +37700 2002 1001 7406663.31156011 2372972.3240863 234060346.063546 -135722739.12034 0 -64073257.4661694
a position +21000 +37700 2002 9002 7406663.31156011 2372972.3240863 234060346.063546 -135719478.225815 4196.68310546875 -64092669.5678587
a position +29800 +37700 2002 9003 7406663.31156011 2372972.3240863 234060346.063546 -135727674.761948 -3748.65649414063 -64087075.6439085
a position +21000 +37700 9002 2002 -135719478.225815 4196.68310546875 -64092669.5678587 7406663.31156011 2372972.3240863 234060346.063546
a position +29800 +37700 9003 2002 -135727674.761948 -3748.65649414063 -64087075.6439085 7406663.31156011 2372972.3240863 234060346.063546
a position +30200 +37900 2001 2004 7404162.92149563 2373297.04570114 234056046.811545 7392168.60006838 2373297.04570114 234061015.022152
a position +30200 +37900 2004 2001 7392168.60006838 2373297.04570114 234061015.022152 7404162.92149563 2373297.04570114 234056046.811545
a position +26000 +38200 1001 2003 -135718988.960762 0 -64086758.4592203 7390148.46670544 2373799.30812341 234064080.026745
a position +37700 +38200 1002 2003 -135716960.747374 0 -64122184.4469476 7390148.46670544 2373799.30812341 234064080.026745
a position +26000 +38200 2003 1001 7390148.46670544 2373799.30812341 234064080.026745 -135718988.960762 0 -64086758.4592203
a position +37700 +38200 2003 1002 7390148.46670544 2373799.30812341 234064080.026745 -135716960.747374 0 -64122184.4469476
a position +20500 +38200 2003 9002 7390148.46670544 2373799.30812341 234064080.026745 -135713426.329654 4196.68310546875 -64106361.5907793
a position +29800 +38200 2003 9003 7390148.46670544 2373799.30812341 234064080.026745 -135721411.928775 -3748.65649414063 -64100470.4616289
a position +20500 +38200 9002 2003 -135713426.329654 4196.68310546875 -64106361.5907793 7390148.46670544 2373799.30812341 234064080.026745
a position +29800 +38200 9003 2003 -135721411.928775 -3748.65649414063 -64100470.4616289 7390148.46670544 2373799.30812341 234064080.026745
a position +31800 +39700 1002 9001 -135691768.645853 0 -64160952.9331146 -135703739.979914 3750.98291015625 -64148319.8738817
a position +31800 +39700 9001 1002 -135703739.979914 3750.98291015625 -64148319.8738817 -135691768.645853 0 -64160952.9331146
a position +0 +42200 2001 9002 7299819.26466743 2378908.58228758 234068243.081128 -135665174.871618 4196.68310546875 -64215765.066095
a position +39800 +42200 2002 9002 7298984.70300557 2378908.58228758 234070257.891211 -135665174.871618 4196.68310546875 -64215765.066095
a position +39300 +42200 2003 9002 7296969.89292288 2378908.58228758 234071092.452873 -135665174.871618 4196.68310546875 -64215765.066095
a position +0 +42200 2004 9002 7294955.08284018 2378908.58228758 234070257.891211 -135665174.871618 4196.68310546875 -64215765.066095
a position +0 +42200 9002 2001 -135665174.871618 4196.68310546875 -64215765.066095 7299819.26466743 2378908.58228758 234068243.081128
a position +39800 +42200 9002 2002 -135665174.871618 4196.68310546875 -64215765.066095 7298984.70300557 2378908.58228758 234070257.891211
a position +39300 +42200 9002 2003 -135665174.871618 4196.68310546875 -64215765.066095 7296969.89292288 2378908.58228758 234071092.452873
a position +0 +42200 9002 2004 -135665174.871618 4196.68310546875 -64215765.066095 7294955.08284018 2378908.58228758 234070257.891211
a position +36200 +44100 1001 9003 -135663386.364612 0 -64265114.1054038 -135647118.205223 -3748.65649414063 -64258929.3871442
a position +36200 +44100 9003 1001 -135647118.205223 -3748.65649414063 -64258929.3871442 -135663386.364612 0 -64265114.1054038
a position +37700 +45400 1002 9002 -135613452.53176 0 -64292072.4658201 -135626751.310858 4196.68310546875 -64303070.2483157
a position +37700 +45400 9002 1002 -135626751.310858 4196.68310546875 -64303070.2483157 -135613452.53176 0 -64292072.4658201
a position +39800 +46700 1001 2002 -135626655.094821 0 -64346465.5474027 7187561.57481894 2372400.96481008 234076377.751318
a position +39300 +46700 1001 2003 -135626655.094821 0 -64346465.5474027 7192142.55624726 2372400.96481008 234074480.246682
a position +26000 +46700 1001 2004 -135626655.094821 0 -64346465.5474027 7196723.53767559 2372400.96481008 234076377.751318
a position +39800 +46700 2002 1001 7187561.57481894 2372400.96481008 234076377.751318 -135626655.094821 0 -64346465.5474027
a position +39300 +46700 2003 1001 7192142.55624726 2372400.96481008 234074480.246682 -135626655.094821 0 -64346465.5474027
a position +26000 +46700 2004 1001 7196723.53767559 2372400.96481008 234076377.751318 -135626655.094821 0 -64346465.5474027
a position +26000 +46800 1001 2001 -135625096.61368 0 -64349508.1544222 7183227.5833267 2372113.75084444 234081240.746552
a position +26000 +46800 2001 1001 7183227.5833267 2372113.75084444 234081240.746552 -135625096.61368 0 -64349508.1544222
a position +39600 +47300 2001 2004 7171156.91677038 2370630.99039666 234082650.452828 7183121.25502182 2370630.99039666 234077694.661659
a position +39600 +47300 2004 2001 7183121.25502182 2370630.99039666 234077694.661659 7171156.91677038 2370630.99039666 234082650.452828
a position +41100 +48900 1001 9001 -135590698.235723 0 -64411019.7303714 -135591998.464459 3750.98291015625 -64393706.0415615
a position +41100 +48900 9001 1001 -135591998.464459 3750.98291015625 -64393706.0415615 -135590698.235723 0 -64411019.7303714
a position +45500 +53300 1002 9003 -135547005.206988 0 -64502265.9286819 -135530525.653039 -3748.65649414063 -64507731.7222354
a position +45500 +53300 9003 1002 -135530525.653039 -3748.65649414063 -64507731.7222354 -135547005.206988 0 -64502265.9286819
a position +46900 +54600 1001 9002 -135499478.007239 0 -64552498.071336 -135516695.548295 4196.68310546875 -64552623.9541933
a position +46900 +54600 9002 1001 -135516695.548295 4196.68310546875 -64552623.9541933 -135499478.007239 0 -64552498.071336
a position +49500 +56600 1001 2002 -135474754.664238 0 -64597136.6360207 6966409.55913488 2359937.76064043 234113653.200276
a position +39800 +56600 1002 2002 -135509041.654206 0 -64606275.3763569 6966409.55913488 2359937.76064043 234113653.200276
a position +49500 +56600 2002 1001 6966409.55913488 2359937.76064043 234113653.200276 -135474754.664238 0 -64597136.6360207
a position +39800 +56600 2002 1002 6966409.55913488 2359937.76064043 234113653.200276 -135509041.654206 0 -64606275.3763569
a position +51900 +56600 2002 9001 6966409.55913488 2359937.76064043 234113653.200276 -135496337.967328 3750.98291015625 -64598861.3492064
a position +39800 +56600 2002 9003 6966409.55913488 2359937.76064043 234113653.200276 -135488740.268353 -3748.65649414063 -64597481.1819701
a position +51900 +56600 9001 2002 -135496337.967328 3750.98291015625 -64598861.3492064 6966409.55913488 2359937.76064043 234113653.200276
a position +39800 +56600 9003 2002 -135488740.268353 -3748.65649414063 -64597481.1819701 6966409.55913488 2359937.76064043 234113653.200276
a position +49000 +56700 2001 2004 6966177.96967012 2360100.00038888 234109040.411287 6954244.60146521 2360100.00038888 234113983.374242
a position +49000 +56700 2004 2001 6954244.60146521 2360100.00038888 234113983.374242 6966177.96967012 2360100.00038888 234109040.411287
a position +49500 +57000 1001 2003 -135470405.108731 0 -64606134.1257787 6952198.80240293 2360599.19677838 234117037.16569
a position +39300 +57000 1002 2003 -135503521.780718 0 -64618877.7631132 6952198.80240293 2360599.19677838 234117037.16569
a position +49500 +57000 2003 1001 6952198.80240293 2360599.19677838 234117037.16569 -135470405.108731 0 -64606134.1257787
a position +39300 +57000 2003 1002 6952198.80240293 2360599.19677838 234117037.16569 -135503521.780718 0 -64618877.7631132
a position +51900 +57000 2003 9001 6952198.80240293 2360599.19677838 234117037.16569 -135491317.764549 3750.98291015625 -64609532.0809206
a position +39300 +57000 2003 9003 6952198.80240293 2360599.19677838 234117037.16569 -135483682.798484 -3748.65649414063 -64608375.7173952
a position +51900 +57000 9001 2003 -135491317.764549 3750.98291015625 -64609532.0809206 6952198.80240293 2360599.19677838 234117037.16569
a position +39300 +57000 9003 2003 -135483682.798484 -3748.65649414063 -64608375.7173952 6952198.80240293 2360599.19677838 234117037.16569
a position +50300 +58100 1002 9001 -135487391.399725 0 -64653098.6350091 -135477488.673252 3750.98291015625 -64638888.0657317
a position +50300 +58100 9001 1002 -135477488.673252 3750.98291015625 -64638888.0657317 -135487391.399725 0 -64653098.6350091
a position +37700 +58500 1002 2001 -135481211.569619 0 -64665328.4327981 6924170.51517961 2363148.62625121 234114069.433397
a position +58200 +58500 1002 2003 -135481211.569619 0 -64665328.4327981 6917254.89551413 2363148.62625121 234120985.053062
a position +37700 +58500 1002 2004 -135481211.569619 0 -64665328.4327981 6912364.81395257 2363148.62625121 234118959.514958
a position +37700 +58500 2001 1002 6924170.51517961 2363148.62625121 234114069.433397 -135481211.569619 0 -64665328.4327981
a position +58200 +58500 2003 1002 6917254.89551413 2363148.62625121 234120985.053062 -135481211.569619 0 -64665328.4327981
a position +37700 +58500 2004 1002 6912364.81395257 2363148.62625121 234118959.514958 -135481211.569619 0 -64665328.4327981
a position +54700 +62500 1001 9003 -135423687.215797 0 -64743845.4850215 -135414384.711692 -3748.65649414063 -64758455.8748249
a position +54700 +62500 9003 1001 -135414384.711692 -3748.65649414063 -64758455.8748249 -135423687.215797 0 -64743845.4850215
a position +56100 +63900 1002 9002 -135391111.338497 0 -64812972.5182848 -135404919.708201 4196.68310546875 -64802473.545822
a position +56100 +63900 9002 1002 -135404919.708201 4196.68310546875 -64802473.545822 -135391111.338497 0 -64812972.5182848
a position +58500 +66200 2001 2004 6730836.11903614 2357380.89063657 234135494.039655 6742849.95425615 2357380.89063657 234130517.746171
a position +58500 +66200 2004 2001 6742849.95425615 2357380.89063657 234130517.746171 6730836.11903614 2357380.89063657 234135494.039655
a position +59500 +67400 1001 9001 -135376104.226182 0 -64893235.8954164 -135359449.42444 3750.98291015625 -64888002.0713727
a position +59500 +67400 9001 1001 -135359449.42444 3750.98291015625 -64888002.0713727 -135376104.226182 0 -64893235.8954164
a position +49500 +70300 1001 2001 -135335026.352959 0 -64983836.6075112 6639107.6769998 2346155.85815372 234146843.463119
a position +58700 +70300 1001 2002 -135335026.352959 0 -64983836.6075112 6640059.46582237 2346155.85815372 234144545.641635
a position +58200 +70300 1001 2003 -135335026.352959 0 -64983836.6075112 6642357.28730634 2346155.85815372 234143593.852812
a position +49500 +70300 1001 2004 -135335026.352959 0 -64983836.6075112 6644655.10879031 2346155.85815372 234144545.641635
a position +49500 +70300 2001 1001 6639107.6769998 2346155.85815372 234146843.463119 -135335026.352959 0 -64983836.6075112
a position +58700 +70300 2002 1001 6640059.46582237 2346155.85815372 234144545.641635 -135335026.352959 0 -64983836.6075112
a position +58200 +70300 2003 1001 6642357.28730634 2346155.85815372 234143593.852812 -135335026.352959 0 -64983836.6075112
a position +49500 +70300 2004 1001 6644655.10879031 2346155.85815372 234144545.641635 -135335026.352959 0 -64983836.6075112
a position +63900 +71800 1002 9003 -135297017.455045 0 -64995415.7953701 -135298599.235069 -3748.65649414063 -65012801.7256213
a position +63900 +71800 9003 1002 -135298599.235069 -3748.65649414063 -65012801.7256213 -135297017.455045 0 -64995415.7953701
a position +65300 +73100 1001 9002 -135288412.661196 0 -65064590.9278051 -135292477.729918 4196.68310546875 -65047767.7399643
a position +65300 +73100 9002 1001 -135292477.729918 4196.68310546875 -65047767.7399643 -135288412.661196 0 -65064590.9278051
a position +73000 +75400 1001 2002 -135249463.92027 0 -65123794.4163517 6528405.19218593 2346734.1444677 234165766.886385
a position +61300 +75400 1002 2002 -135268631.189044 0 -65093932.5667147 6528405.19218593 2346734.1444677 234165766.886385
a position +73000 +75400 2002 1001 6528405.19218593 2346734.1444677 234165766.886385 -135249463.92027 0 -65123794.4163517
a position +61300 +75400 2002 1002 6528405.19218593 2346734.1444677 234165766.886385 -135268631.189044 0 -65093932.5667147
a position +58700 +75400 2002 9001 6528405.19218593 2346734.1444677 234165766.886385 -135257091.665253 3750.98291015625 -65103966.7102832
a position +58700 +75400 2002 9003 6528405.19218593 2346734.1444677 234165766.886385 -135254302.796845 -3748.65649414063 -65111167.5508594
a position +58700 +75400 9001 2002 -135257091.665253 3750.98291015625 -65103966.7102832 6528405.19218593 2346734.1444677 234165766.886385
a position +58700 +75400 9003 2002 -135254302.796845 -3748.65649414063 -65111167.5508594 6528405.19218593 2346734.1444677 234165766.886385
a position +67900 +75600 2001 2004 6525903.56187144 2347058.25266031 234161454.449711 6513919.04797672 2347058.25266031 234166418.597905
a position +67900 +75600 2004 2001 6513919.04797672 2347058.25266031 234166418.597905 6525903.56187144 2347058.25266031 234161454.449711
a position +73000 +75900 1001 2003 -135241342.316634 0 -65135860.9811069 6511894.03980668 2347559.77110664 234169456.706832
a position +61300 +75900 1002 2003 -135264315.879619 0 -65108817.8736714 6511894.03980668 2347559.77110664 234169456.706832
a position +73000 +75900 2003 1001 6511894.03980668 2347559.77110664 234169456.706832 -135241342.316634 0 -65135860.9811069
a position +61300 +75900 2003 1002 6511894.03980668 2347559.77110664 234169456.706832 -135264315.879619 0 -65108817.8736714
a position +58200 +75900 2003 9001 6511894.03980668 2347559.77110664 234169456.706832 -135250694.718244 3750.98291015625 -65117517.7686978
a position +58200 +75900 2003 9003 6511894.03980668 2347559.77110664 234169456.706832 -135248172.14549 -3748.65649414063 -65124816.1600552
a position +58200 +75900 9001 2003 -135250694.718244 3750.98291015625 -65117517.7686978 6511894.03980668 2347559.77110664 234169456.706832
a position +58200 +75900 9003 2003 -135248172.14549 -3748.65649414063 -65124816.1600552 6511894.03980668 2347559.77110664 234169456.706832
a position +68700 +76600 1002 9001 -135257921.482068 0 -65130054.5032996 -135241741.65256 3750.98291015625 -65136499.0799689
a position +68700 +76600 9001 1002 -135241741.65256 3750.98291015625 -65136499.0799689 -135257921.482068 0 -65130054.5032996
a position +29800 +78200 2001 9003 6464321.75846967 2351276.38234073 234168597.277517 -135220032.922555 -3748.65649414063 -65187545.0267966
a position +77500 +78200 2002 9003 6462561.04514335 2351276.38234073 234172848.015509 -135220032.922555 -3748.65649414063 -65187545.0267966
a position +77100 +78200 2003 9003 6458310.30715151 2351276.38234073 234174608.728835 -135220032.922555 -3748.65649414063 -65187545.0267966
a position +29800 +78200 2004 9003 6454059.56915967 2351276.38234073 234172848.015509 -135220032.922555 -3748.65649414063 -65187545.0267966
a position +29800 +78200 9003 2001 -135220032.922555 -3748.65649414063 -65187545.0267966 6464321.75846967 2351276.38234073 234168597.277517
a position +77500 +78200 9003 2002 -135220032.922555 -3748.65649414063 -65187545.0267966 6462561.04514335 2351276.38234073 234172848.015509
a position +77100 +78200 9003 2003 -135220032.922555 -3748.65649414063 -65187545.0267966 6458310.30715151 2351276.38234073 234174608.728835
a position +29800 +78200 9003 2004 -135220032.922555 -3748.65649414063 -65187545.0267966 6454059.56915967 2351276.38234073 234172848.015509
a position +73100 +81000 1001 9003 -135173720.391126 0 -65251315.1672571 -135185897.416723 -3748.65649414063 -65263766.5251595
a position +73100 +81000 9003 1001 -135185897.416723 -3748.65649414063 -65263766.5251595 -135173720.391126 0 -65251315.1672571
a position +61300 +82000 1002 2001 -135189679.561522 0 -65298956.663122 6367666.35067276 2351492.56726433 234179007.402057
a position +77500 +82000 1002 2002 -135189679.561522 0 -65298956.663122 6368285.39220018 2351492.56726433 234177512.903606
a position +77100 +82000 1002 2003 -135189679.561522 0 -65298956.663122 6369779.89065136 2351492.56726433 234176893.862079
a position +61300 +82000 1002 2004 -135189679.561522 0 -65298956.663122 6371274.38910254 2351492.56726433 234177512.903606
a position +61300 +82000 2001 1002 6367666.35067276 2351492.56726433 234179007.402057 -135189679.561522 0 -65298956.663122
a position +77500 +82000 2002 1002 6368285.39220018 2351492.56726433 234177512.903606 -135189679.561522 0 -65298956.663122
a position +77100 +82000 2003 1002 6369779.89065136 2351492.56726433 234176893.862079 -135189679.561522 0 -65298956.663122
a position +61300 +82000 2004 1002 6371274.38910254 2351492.56726433 234177512.903606 -135189679.561522 0 -65298956.663122
a position +74600 +82300 1002 9002 -135184915.248872 0 -65308024.452973 -135177457.833154 4196.68310546875 -65292449.5107976
a position +74600 +82300 9002 1002 -135177457.833154 4196.68310546875 -65292449.5107976 -135184915.248872 0 -65308024.452973
a position +77300 +85000 2001 2004 6292884.17470942 2344425.70593923 234187201.267268 6304838.37874405 2344425.70593923 234182249.67383
a position +77300 +85000 2004 2001 6304838.37874405 2344425.70593923 234182249.67383 6292884.17470942 2344425.70593923 234187201.267268
a position +78000 +85800 1001 9001 -135133085.152245 0 -65371669.7326367 -135124630.710198 3750.98291015625 -65386848.2854662
a position +78000 +85800 9001 1001 -135124630.710198 3750.98291015625 -65386848.2854662 -135133085.152245 0 -65371669.7326367
a position +73000 +86400 1001 2001 -135128313.943497 0 -65388630.6738039 6260121.91652082 2340088.99759461 234191017.626751
a position +77500 +86400 1001 2002 -135128313.943497 0 -65388630.6738039 6262215.48375222 2340088.99759461 234185963.308347
a position +77100 +86400 1001 2003 -135128313.943497 0 -65388630.6738039 6267269.802156 2340088.99759461 234183869.741115
a position +73000 +86400 1001 2004 -135128313.943497 0 -65388630.6738039 6272324.12055979 2340088.99759461 234185963.308347
a position +83800 +86400 1001 9002 -135128313.943497 0 -65388630.6738039 -135125392.026805 4196.68310546875 -65401677.5151614
a position +84800 +86400 1002 2001 -135115556.378667 0 -65421741.9829838 6260121.91652082 2340088.99759461 234191017.626751
a position +84800 +86400 1002 2002 -135115556.378667 0 -65421741.9829838 6262215.48375222 2340088.99759461 234185963.308347
a position +84800 +86400 1002 2003 -135115556.378667 0 -65421741.9829838 6267269.802156 2340088.99759461 234183869.741115
a position +84800 +86400 1002 2004 -135115556.378667 0 -65421741.9829838 6272324.12055979 2340088.99759461 234185963.308347
a position +82400 +86400 1002 9003 -135115556.378667 0 -65421741.9829838 -135120322.526194 -3748.65649414063 -65410208.361597
a position +73000 +86400 2001 1001 6260121.91652082 2340088.99759461 234191017.626751 -135128313.943497 0 -65388630.6738039
a position +84800 +86400 2001 1002 6260121.91652082 2340088.99759461 234191017.626751 -135115556.378667 0 -65421741.9829838
a position +0 +86400 2001 2002 6260121.91652082 2340088.99759461 234191017.626751 6262215.48375222 2340088.99759461 234185963.308347
a position +0 +86400 2001 2003 6260121.91652082 2340088.99759461 234191017.626751 6267269.802156 2340088.99759461 234183869.741115
a position +51900 +86400 2001 9001 6260121.91652082 2340088.99759461 234191017.626751 -135117043.787059 3750.98291015625 -65403216.9563235
a position +78400 +86400 2001 9002 6260121.91652082 2340088.99759461 234191017.626751 -135125392.026805 4196.68310546875 -65401677.5151614
a position +77500 +86400 2002 1001 6262215.48375222 2340088.99759461 234185963.308347 -135128313.943497 0 -65388630.6738039
a position +84800 +86400 2002 1002 6262215.48375222 2340088.99759461 234185963.308347 -135115556.378667 0 -65421741.9829838
a position +0 +86400 2002 2001 6262215.48375222 2340088.99759461 234185963.308347 6260121.91652082 2340088.99759461 234191017.626751
a position +0 +86400 2002 2003 6262215.48375222 2340088.99759461 234185963.308347 6267269.802156 2340088.99759461 234183869.741115
a position +0 +86400 2002 2004 6262215.48375222 2340088.99759461 234185963.308347 6272324.12055979 2340088.99759461 234185963.308347
a position +77500 +86400 2002 9001 6262215.48375222 2340088.99759461 234185963.308347 -135117043.787059 3750.98291015625 -65403216.9563235
a position +78400 +86400 2002 9002 6262215.48375222 2340088.99759461 234185963.308347 -135125392.026805 4196.68310546875 -65401677.5151614
a position +77100 +86400 2003 1001 6267269.802156 2340088.99759461 234183869.741115 -135128313.943497 0 -65388630.6738039
a position +84800 +86400 2003 1002 6267269.802156 2340088.99759461 234183869.741115 -135115556.378667 0 -65421741.9829838
a position +0 +86400 2003 2001 6267269.802156 2340088.99759461 234183869.741115 6260121.91652082 2340088.99759461 234191017.626751
a position +0 +86400 2003 2002 6267269.802156 2340088.99759461 234183869.741115 6262215.48375222 2340088.99759461 234185963.308347
a position +0 +86400 2003 2004 6267269.802156 2340088.99759461 234183869.741115 6272324.12055979 2340088.99759461 234185963.308347
a position +77100 +86400 2003 9001 6267269.802156 2340088.99759461 234183869.741115 -135117043.787059 3750.98291015625 -65403216.9563235
a position +78400 +86400 2003 9002 6267269.802156 2340088.99759461 234183869.741115 -135125392.026805 4196.68310546875 -65401677.5151614
a position +73000 +86400 2004 1001 6272324.12055979 2340088.99759461 234185963.308347 -135128313.943497 0 -65388630.6738039
a position +84800 +86400 2004 1002 6272324.12055979 2340088.99759461 234185963.308347 -135115556.378667 0 -65421741.9829838
a position +0 +86400 2004 2002 6272324.12055979 2340088.99759461 234185963.308347 6262215.48375222 2340088.99759461 234185963.308347
a position +0 +86400 2004 2003 6272324.12055979 2340088.99759461 234185963.308347 6267269.802156 2340088.99759461 234183869.741115
a position +51900 +86400 2004 9001 6272324.12055979 2340088.99759461 234185963.308347 -135117043.787059 3750.98291015625 -65403216.9563235
a position +78400 +86400 2004 9002 6272324.12055979 2340088.99759461 234185963.308347 -135125392.026805 4196.68310546875 -65401677.5151614
a position +51900 +86400 9001 2001 -135117043.787059 3750.98291015625 -65403216.9563235 6260121.91652082 2340088.99759461 234191017.626751
a position +77500 +86400 9001 2002 -135117043.787059 3750.98291015625 -65403216.9563235 6262215.48375222 2340088.99759461 234185963.308347
a position +77100 +86400 9001 2003 -135117043.787059 3750.98291015625 -65403216.9563235 6267269.802156 2340088.99759461 234183869.741115
a position +51900 +86400 9001 2004 -135117043.787059 3750.98291015625 -65403216.9563235 6272324.12055979 2340088.99759461 234185963.308347
a position +83800 +86400 9002 1001 -135125392.026805 4196.68310546875 -65401677.5151614 -135128313.943497 0 -65388630.6738039
a position +78400 +86400 9002 2001 -135125392.026805 4196.68310546875 -65401677.5151614 6260121.91652082 2340088.99759461 234191017.626751
a position +78400 +86400 9002 2002 -135125392.026805 4196.68310546875 -65401677.5151614 6262215.48375222 2340088.99759461 234185963.308347
a position +78400 +86400 9002 2003 -135125392.026805 4196.68310546875 -65401677.5151614 6267269.802156 2340088.99759461 234183869.741115
a position +78400 +86400 9002 2004 -135125392.026805 4196.68310546875 -65401677.5151614 6272324.12055979 2340088.99759461 234185963.308347
a position +82400 +86400 9003 1002 -135120322.526194 -3748.65649414063 -65410208.361597 -135115556.378667 0 -65421741.9829838

