a contact +3300 +3800 1002 2004 1000
a contact +3300 +3800 2004 1002 1000
a contact +4200 +4700 1002 2004 1000
a contact +4200 +4700 2004 1002 1000
a contact +5200 +5700 1002 2004 1000
a contact +5200 +5700 2004 1002 1000
a contact +6200 +6700 1002 2004 1000
a contact +6200 +6700 2004 1002 1000
a contact +7200 +7700 1002 2004 1000
a contact +7200 +7700 2004 1002 1000
a contact +9100 +9600 1002 2004 1000
a contact +9100 +9600 2004 1002 1000
a contact +10000 +10500 1002 2004 1000
a contact +10000 +10500 2004 1002 1000
a contact +11000 +11500 1002 2004 1000
a contact +11000 +11500 2004 1002 1000
a contact +11500 +12000 1001 2004 1000
a contact +11500 +12000 2004 1001 1000
a contact +12500 +13000 1001 2004 1000
a contact +12500 +13000 2004 1001 1000
a contact +13400 +13900 1001 2004 1000
a contact +13400 +13900 2004 1001 1000
a contact +14700 +15200 1001 2004 1000
a contact +14700 +15200 2004 1001 1000
a contact +15200 +15300 1001 9002 1000
a contact +11500 +15300 2001 9001 1000
a contact +11500 +15300 9001 2001 1000
a contact +15200 +15300 9002 1001 1000
a contact +15800 +16300 1002 9001 1000
a contact +15800 +16300 9001 1002 1000
a contact +16300 +16900 1002 9001 1000
a contact +16300 +16900 9001 1002 1000
a contact +17400 +17700 1002 9001 1000
a contact +17400 +17700 9001 1002 1000
a contact +18300 +18800 1002 9001 1000
a contact +18300 +18800 9001 1002 1000
a contact +19000 +19200 1002 9001 1000
a contact +19000 +19200 9001 1002 1000
a contact +20400 +20500 1002 9002 1000
a contact +20400 +20500 9002 1002 1000
a contact +23700 +24200 1001 9003 1000
a contact +23700 +24200 9003 1001 1000
a contact +24700 +25200 1001 9003 1000
a contact +24700 +25200 9003 1001 1000
a contact +29800 +30200 1001 9002 1000
a contact +29800 +30200 9002 1001 1000
a contact +31000 +31500 1001 9002 1000
a contact +31000 +31500 9002 1001 1000
a contact +31800 +32300 1001 9002 1000
a contact +31800 +32300 9002 1001 1000
a contact +32800 +33300 1001 9002 1000
a contact +32800 +33300 9002 1001 1000
a contact +33800 +34300 1001 9002 1000
a contact +33800 +34300 9002 1001 1000
a contact +35000 +35500 1001 2003 1000
a contact +35000 +35500 1002 9001 1000
a contact +35000 +35500 2003 1001 1000
a contact +35000 +35500 9001 1002 1000
a contact +36200 +36700 1001 2003 1000
a contact +36200 +36700 1002 9001 1000
a contact +36200 +36700 2003 1001 1000
a contact +36200 +36700 9001 1002 1000
a contact +37200 +37700 1001 2003 1000
a contact +37200 +37700 1002 9001 1000
a contact +29800 +37700 2002 9003 1000
a contact +37200 +37700 2003 1001 1000
a contact +37200 +37700 9001 1002 1000
a contact +29800 +37700 9003 2002 1000
a contact +39300 +39600 1001 2003 1000
a contact +39200 +39600 1002 9001 1000
a contact +39300 +39600 2003 1001 1000
a contact +39200 +39600 9001 1002 1000
a contact +40300 +40800 1002 2004 1000
a contact +40300 +40800 2004 1002 1000
a contact +41100 +41600 1002 2004 1000
a contact +41100 +41600 2004 1002 1000
a contact +42100 +42700 1002 2004 1000
a contact +42100 +42700 2004 1002 1000
a contact +43200 +43700 1002 2004 1000
a contact +43200 +43700 2004 1002 1000
a contact +44100 +44600 1002 2004 1000
a contact +44100 +44600 2004 1002 1000
a contact +45100 +45400 1002 2004 1000
a contact +45100 +45400 2004 1002 1000
a contact +45400 +45500 1001 9001 1000
a contact +45400 +45500 9001 1001 1000
a contact +46000 +46500 1001 9001 1000
a contact +46000 +46500 9001 1001 1000
a contact +50300 +50800 1002 9001 1000
a contact +50300 +50800 9001 1002 1000
a contact +50800 +51300 1002 2004 1000
a contact +50800 +51300 2004 1002 1000
a contact +51300 +51800 1002 9001 1000
a contact +51300 +51800 9001 1002 1000
a contact +51900 +52400 1002 2004 1000
a contact +51900 +52400 2004 1002 1000
a contact +52400 +52900 1002 9001 1000
a contact +52400 +52900 9001 1002 1000
a contact +52400 +53300 1002 2004 1000
a contact +52400 +53300 2004 1002 1000
a contact +53300 +53800 1002 9001 1000
a contact +53300 +53800 9001 1002 1000
a contact +54300 +54600 1002 2004 1000
a contact +53300 +54600 2001 9003 1000
a contact +54300 +54600 2004 1002 1000
a contact +53300 +54600 9003 2001 1000
a contact +54300 +54700 1002 9001 1000
a contact +54300 +54700 9001 1002 1000
a contact +54700 +55200 1002 9001 1000
a contact +54700 +55200 9001 1002 1000
a contact +55200 +55700 1002 2004 1000
a contact +55200 +55700 2004 1002 1000
a contact +55700 +56100 1002 9001 1000
a contact +55700 +56100 9001 1002 1000
a contact +56100 +56600 1002 2004 1000
a contact +56100 +56600 2004 1002 1000
a contact +58000 +58100 2003 2004 1000
a contact +58000 +58100 2004 2003 1000
a contact +58100 +58200 2004 9001 1000
a contact +58100 +58200 9001 2004 1000
a contact +62500 +63000 1002 2004 1000
a contact +62500 +63000 2004 1002 1000
a contact +63500 +63900 1002 2004 1000
a contact +63500 +63900 2004 1002 1000
a contact +65300 +65800 1002 2004 1000
a contact +65300 +65800 2004 1002 1000
a contact +66700 +67400 1002 2004 1000
a contact +66700 +67400 2004 1002 1000
a contact +67400 +67900 1002 2004 1000
a contact +67400 +67900 2004 1002 1000
a contact +67900 +68400 1001 2003 1000
a contact +67900 +68400 2003 1001 1000
a contact +69200 +69700 1002 2004 1000
a contact +69200 +69700 2004 1002 1000
a contact +69700 +70200 1001 2003 1000
a contact +69700 +70200 2003 1001 1000
a contact +73100 +73600 1002 9001 1000
a contact +73100 +73600 9001 1002 1000
a contact +73600 +74100 1002 2004 1000
a contact +73100 +74100 2001 9003 1000
a contact +73600 +74100 2004 1002 1000
a contact +73100 +74100 9003 2001 1000
a contact +74600 +75100 1002 2004 1000
a contact +74600 +75100 2004 1002 1000
a contact +75400 +75600 2003 2004 1000
a contact +75400 +75600 2004 2003 1000
a contact +79900 +80400 1002 2004 1000
a contact +79900 +80400 2004 1002 1000
a contact +85000 +85500 1002 2004 1000
a contact +85000 +85500 2004 1002 1000
a contact +85800 +86300 1002 2003 1000
a contact +85800 +86300 2003 1002 1000

a range +3300 +3800 1002 2004 1102.2314
a range +3300 +3800 2004 1002 1102.2314
a range +4200 +4700 1002 2004 1102.2314
a range +4200 +4700 2004 1002 1102.2314
a range +5200 +5700 1002 2004 1102.2314
a range +5200 +5700 2004 1002 1102.2314
a range +6200 +6700 1002 2004 1102.2314
a range +6200 +6700 2004 1002 1102.2314
a range +7200 +7700 1002 2004 1102.2314
a range +7200 +7700 2004 1002 1102.2314
a range +9100 +9600 1002 2004 1102.2314
a range +9100 +9600 2004 1002 1102.2314
a range +10000 +10500 1002 2004 1102.2314
a range +10000 +10500 2004 1002 1102.2314
a range +11000 +11500 1002 2004 1102.2314
a range +11000 +11500 2004 1002 1102.2314
a range +11500 +12000 1001 2004 1102.6941
a range +11500 +12000 2004 1001 1102.6941
a range +12500 +13000 1001 2004 1102.6941
a range +12500 +13000 2004 1001 1102.6941
a range +13400 +13900 1001 2004 1102.6941
a range +13400 +13900 2004 1001 1102.6941
a range +14700 +15200 1001 2004 1102.6941
a range +14700 +15200 2004 1001 1102.6941
a range +15200 +15300 1001 9002 0.0591
a range +11500 +15300 2001 9001 1102.3343
a range +11500 +15300 9001 2001 1102.3343
a range +15200 +15300 9002 1001 0.0591
a range +15800 +16300 1002 9001 0.0591
a range +15800 +16300 9001 1002 0.0591
a range +16300 +16900 1002 9001 0.0591
a range +16300 +16900 9001 1002 0.0591
a range +17400 +17700 1002 9001 0.0591
a range +17400 +17700 9001 1002 0.0591
a range +18300 +18800 1002 9001 0.0591
a range +18300 +18800 9001 1002 0.0591
a range +19000 +19200 1002 9001 0.0591
a range +19000 +19200 9001 1002 0.0591
a range +20400 +20500 1002 9002 0.0595
a range +20400 +20500 9002 1002 0.0595
a range +23700 +24200 1001 9003 0.0591
a range +23700 +24200 9003 1001 0.0591
a range +24700 +25200 1001 9003 0.0591
a range +24700 +25200 9003 1001 0.0591
a range +29800 +30200 1001 9002 0.0594
a range +29800 +30200 9002 1001 0.0594
a range +31000 +31500 1001 9002 0.0594
a range +31000 +31500 9002 1001 0.0594
a range +31800 +32300 1001 9002 0.0594
a range +31800 +32300 9002 1001 0.0594
a range +32800 +33300 1001 9002 0.0594
a range +32800 +33300 9002 1001 0.0594
a range +33800 +34300 1001 9002 0.0594
a range +33800 +34300 9002 1001 0.0594
a range +35000 +35500 1001 2003 1103.1837
a range +35000 +35500 1002 9001 0.0594
a range +35000 +35500 2003 1001 1103.1837
a range +35000 +35500 9001 1002 0.0594
a range +36200 +36700 1001 2003 1103.1837
a range +36200 +36700 1002 9001 0.0594
a range +36200 +36700 2003 1001 1103.1837
a range +36200 +36700 9001 1002 0.0594
a range +37200 +37700 1001 2003 1103.1837
a range +37200 +37700 1002 9001 0.0594
a range +29800 +37700 2002 9003 1103.2098
a range +37200 +37700 2003 1001 1103.1837
a range +37200 +37700 9001 1002 0.0594
a range +29800 +37700 9003 2002 1103.2098
a range +39300 +39600 1001 2003 1103.5775
a range +39200 +39600 1002 9001 0.0594
a range +39300 +39600 2003 1001 1103.5775
a range +39200 +39600 9001 1002 0.0594
a range +40300 +40800 1002 2004 1104.0597
a range +40300 +40800 2004 1002 1104.0597
a range +41100 +41600 1002 2004 1104.0597
a range +41100 +41600 2004 1002 1104.0597
a range +42100 +42700 1002 2004 1104.0597
a range +42100 +42700 2004 1002 1104.0597
a range +43200 +43700 1002 2004 1104.0597
a range +43200 +43700 2004 1002 1104.0597
a range +44100 +44600 1002 2004 1104.0597
a range +44100 +44600 2004 1002 1104.0597
a range +45100 +45400 1002 2004 1104.0597
a range +45100 +45400 2004 1002 1104.0597
a range +45400 +45500 1001 9001 0.0593
a range +45400 +45500 9001 1001 0.0593
a range +46000 +46500 1001 9001 0.0593
a range +46000 +46500 9001 1001 0.0593
a range +50300 +50800 1002 9001 0.0591
a range +50300 +50800 9001 1002 0.0591
a range +50800 +51300 1002 2004 1104.0597
a range +50800 +51300 2004 1002 1104.0597
a range +51300 +51800 1002 9001 0.0591
a range +51300 +51800 9001 1002 0.0591
a range +51900 +52400 1002 2004 1104.0597
a range +51900 +52400 2004 1002 1104.0597
a range +52400 +52900 1002 9001 0.0591
a range +52400 +52900 9001 1002 0.0591
a range +52400 +53300 1002 2004 1104.0597
a range +52400 +53300 2004 1002 1104.0597
a range +53300 +53800 1002 9001 0.0591
a range +53300 +53800 9001 1002 0.0591
a range +54300 +54600 1002 2004 1104.0597
a range +53300 +54600 2001 9003 1104.7676
a range +54300 +54600 2004 1002 1104.0597
a range +53300 +54600 9003 2001 1104.7676
a range +54300 +54700 1002 9001 0.0591
a range +54300 +54700 9001 1002 0.0591
a range +54700 +55200 1002 9001 0.0591
a range +54700 +55200 9001 1002 0.0591
a range +55200 +55700 1002 2004 1104.0597
a range +55200 +55700 2004 1002 1104.0597
a range +55700 +56100 1002 9001 0.0591
a range +55700 +56100 9001 1002 0.0591
a range +56100 +56600 1002 2004 1104.0597
a range +56100 +56600 2004 1002 1104.0597
a range +58000 +58100 2003 2004 0.0182
a range +58000 +58100 2004 2003 0.0182
a range +58100 +58200 2004 9001 1105.0495
a range +58100 +58200 9001 2004 1105.0495
a range +62500 +63000 1002 2004 1104.9544
a range +62500 +63000 2004 1002 1104.9544
a range +63500 +63900 1002 2004 1104.9544
a range +63500 +63900 2004 1002 1104.9544
a range +65300 +65800 1002 2004 1104.9544
a range +65300 +65800 2004 1002 1104.9544
a range +66700 +67400 1002 2004 1104.9544
a range +66700 +67400 2004 1002 1104.9544
a range +67400 +67900 1002 2004 1104.9544
a range +67400 +67900 2004 1002 1104.9544
a range +67900 +68400 1001 2003 1104.4967
a range +67900 +68400 2003 1001 1104.4967
a range +69200 +69700 1002 2004 1104.9544
a range +69200 +69700 2004 1002 1104.9544
a range +69700 +70200 1001 2003 1104.4967
a range +69700 +70200 2003 1001 1104.4967
a range +73100 +73600 1002 9001 0.0594
a range +73100 +73600 9001 1002 0.0594
a range +73600 +74100 1002 2004 1104.9544
a range +73100 +74100 2001 9003 1104.7676
a range +73600 +74100 2004 1002 1104.9544
a range +73100 +74100 9003 2001 1104.7676
a range +74600 +75100 1002 2004 1104.9544
a range +74600 +75100 2004 1002 1104.9544
a range +75400 +75600 2003 2004 0.0182
a range +75400 +75600 2004 2003 0.0182
a range +79900 +80400 1002 2004 1104.9544
a range +79900 +80400 2004 1002 1104.9544
a range +85000 +85500 1002 2004 1105.1034
a range +85000 +85500 2004 1002 1105.1034
a range +85800 +86300 1002 2003 1105.0899
a range +85800 +86300 2003 1002 1105.0899
