a contact +0 +2400 2007 9002 50
a contact +0 +2400 9002 2007 50
a contact +0 +5400 2032 9004 50
a contact +0 +5400 9004 2032 50
a contact +0 +6000 2010 9008 50
a contact +0 +6000 9008 2010 50
a contact +5400 +9600 2014 9004 50
a contact +5400 +9600 9004 2014 50
a contact +0 +10200 2027 9001 50
a contact +0 +10200 9001 2027 50
a contact +2400 +11400 2004 9002 50
a contact +10200 +11400 2024 9001 50
a contact +10200 +11400 9001 2024 50
a contact +2400 +11400 9002 2004 50
a contact +11400 +15000 2028 9002 50
a contact +11400 +15000 9002 2028 50
a contact +15000 +15600 2002 9002 25
a contact +0 +15600 2012 9007 50
a contact +0 +15600 2013 9005 50
a contact +9600 +15600 2026 9004 50
a contact +11400 +15600 2029 9001 50
a contact +11400 +15600 9001 2029 50
a contact +15000 +15600 9002 2002 25
a contact +9600 +15600 9004 2026 50
a contact +0 +15600 9005 2013 50
a contact +0 +15600 9007 2012 50
a contact +15600 +23400 2009 9002 50
a contact +6000 +23400 2018 9008 50
a contact +15600 +23400 9002 2009 50
a contact +6000 +23400 9008 2018 50
a contact +23400 +24000 2020 9002 50
a contact +23400 +24000 9002 2020 50
a contact +30000 +31200 2002 9006 25
a contact +30000 +31200 2003 9009 25
a contact +23400 +31200 2011 9008 50
a contact +15600 +31200 2019 9005 50
a contact +15600 +31200 9005 2019 50
a contact +30000 +31200 9006 2002 25
a contact +23400 +31200 9008 2011 50
a contact +30000 +31200 9009 2003 25
a contact +24000 +32400 2022 9002 50
a contact +31200 +32400 2023 9008 50
a contact +24000 +32400 9002 2022 50
a contact +31200 +32400 9008 2023 50
a contact +31200 +33000 2002 9005 25
a contact +31200 +33000 9005 2002 25
a contact +31200 +34200 2032 9006 50
a contact +31200 +34200 9006 2032 50
a contact +32400 +35400 2006 9002 50
a contact +32400 +35400 9002 2006 50
a contact +35400 +36000 2003 9002 25
a contact +35400 +36000 9002 2003 25
a contact +33000 +36600 2023 9005 50
a contact +33000 +36600 9005 2023 50
a contact +30000 +37200 2008 9003 50
a contact +30000 +37200 9003 2008 50
a contact +34200 +39600 2014 9006 50
a contact +36600 +39600 2031 9005 50
a contact +36600 +39600 9005 2031 50
a contact +34200 +39600 9006 2014 50
a contact +39600 +40800 2001 9005 25
a contact +37200 +40800 2005 9003 50
a contact +37200 +40800 9003 2005 50
a contact +39600 +40800 9005 2001 25
a contact +32400 +41400 2017 9008 50
a contact +32400 +41400 9008 2017 50
a contact +40800 +42000 2007 9005 50
a contact +40800 +42000 9005 2007 50
a contact +42000 +42600 2008 9005 50
a contact +41400 +42600 2011 9008 50
a contact +36000 +42600 2029 9002 50
a contact +36000 +42600 9002 2029 50
a contact +42000 +42600 9005 2008 50
a contact +41400 +42600 9008 2011 50
a contact +40800 +43200 2002 9003 25
a contact +40800 +43200 9003 2002 25
a contact +39600 +43800 2004 9006 50
a contact +31200 +43800 2010 9009 50
a contact +39600 +43800 9006 2004 50
a contact +31200 +43800 9009 2010 50
a contact +43800 +44400 2001 9006 25
a contact +43800 +44400 9006 2001 25
a contact +43800 +48000 2017 9009 50
a contact +43800 +48000 9009 2017 50
a contact +44400 +49200 2005 9006 50
a contact +44400 +49200 9006 2005 50
a contact +43200 +52200 2021 9003 50
a contact +48000 +52200 2023 9009 50
a contact +43200 +52200 9003 2021 50
a contact +48000 +52200 9009 2023 50
a contact +49200 +53400 2030 9006 50
a contact +49200 +53400 9006 2030 50
a contact +52200 +56400 2012 9003 50
a contact +53400 +56400 2032 9006 50
a contact +52200 +56400 9003 2012 50
a contact +53400 +56400 9006 2032 50
a contact +52200 +57600 2014 9009 50
a contact +52200 +57600 9009 2014 50
a contact +52200 +58200 2021 9004 50
a contact +52200 +58200 9004 2021 50
a contact +57600 +60000 2022 9009 50
a contact +57600 +60000 9009 2022 50
a contact +52200 +60600 2024 9007 50
a contact +52200 +60600 9007 2024 50
a contact +56400 +62400 2012 9006 50
a contact +56400 +62400 9006 2012 50
a contact +52200 +64200 2015 9001 50
a contact +52200 +64200 9001 2015 50
a contact +60600 +66000 2005 9007 50
a contact +60600 +66000 9007 2005 50
a contact +58200 +66600 2014 9004 50
a contact +58200 +66600 9004 2014 50
a contact +66000 +67200 2003 9007 25
a contact +64200 +67200 2026 9001 50
a contact +64200 +67200 9001 2026 50
a contact +66000 +67200 9007 2003 25
a contact +66600 +69000 2008 9004 50
a contact +66600 +69000 9004 2008 50
a contact +67200 +70200 2003 9001 25
a contact +69000 +70200 2023 9004 50
a contact +67200 +70200 9001 2003 25
a contact +69000 +70200 9004 2023 50
a contact +70200 +70800 2003 9004 25
a contact +60000 +70800 2016 9009 50
a contact +70200 +70800 9004 2003 25
a contact +60000 +70800 9009 2016 50
a contact +56400 +71400 2025 9003 50
a contact +56400 +71400 9003 2025 50
a contact +70200 +72000 2002 9001 25
a contact +70200 +72000 9001 2002 25
a contact +71400 +73800 2030 9003 50
a contact +71400 +73800 9003 2030 50
a contact +73800 +74400 2003 9003 25
a contact +73800 +74400 9003 2003 25
a contact +70800 +76200 2001 9009 25
a contact +70800 +76200 2028 9004 50
a contact +70800 +76200 9004 2028 50
a contact +70800 +76200 9009 2001 25
a contact +74400 +76800 2009 9003 50
a contact +74400 +76800 9003 2009 50
a contact +76200 +77400 2003 9009 25
a contact +76200 +77400 9009 2003 25
a contact +76800 +78000 2002 9003 25
a contact +72000 +78000 2006 9001 50
a contact +77400 +78000 2024 9009 50
a contact +72000 +78000 9001 2006 50
a contact +76800 +78000 9003 2002 25
a contact +77400 +78000 9009 2024 50
a contact +78000 +78600 2001 9009 25
a contact +78000 +78600 2003 9003 25
a contact +62400 +78600 2020 9006 50
a contact +78000 +78600 9003 2003 25
a contact +62400 +78600 9006 2020 50
a contact +78000 +78600 9009 2001 25
a contact +78600 +79800 2002 9005 25
a contact +78600 +79800 2026 9002 50
a contact +78600 +79800 9002 2026 50
a contact +78600 +79800 9005 2002 25
a contact +78600 +81000 2030 9008 50
a contact +78600 +81000 9008 2030 50
a contact +67200 +81600 2007 9007 50
a contact +79800 +81600 2011 9002 50
a contact +79800 +81600 9002 2011 50
a contact +67200 +81600 9007 2007 50
a contact +81000 +82800 2012 9008 50
a contact +81000 +82800 9008 2012 50
a contact +79800 +83400 2019 9005 50
a contact +76200 +83400 2031 9004 50
a contact +76200 +83400 9004 2031 50
a contact +79800 +83400 9005 2019 50
a contact +81600 +84000 2001 9002 25
a contact +81600 +84000 9002 2001 25
a contact +81600 +84600 2006 9007 50
a contact +81600 +84600 9007 2006 50
a contact +78000 +85200 2029 9001 50
a contact +78000 +85200 9001 2029 50
a contact +85200 +86400 2003 9001 25
a contact +84600 +86400 2004 9007 50
a contact +83400 +86400 2011 9005 50
a contact +82800 +86400 2027 9008 50
a contact +84000 +86400 2028 9002 50
a contact +83400 +86400 2030 9004 50
a contact +85200 +86400 9001 2003 25
a contact +84000 +86400 9002 2028 50
a contact +83400 +86400 9004 2030 50
a contact +83400 +86400 9005 2011 50
a contact +84600 +86400 9007 2004 50
a contact +82800 +86400 9008 2027 50

a range +0 +2400 2007 9002 1101.9602
a range +0 +2400 9002 2007 1101.9602
a range +0 +5400 2032 9004 1102.3443
a range +0 +5400 9004 2032 1102.3443
a range +0 +6000 2010 9008 1103.3945
a range +0 +6000 9008 2010 1103.3945
a range +5400 +9600 2014 9004 1102.3502
a range +5400 +9600 9004 2014 1102.3502
a range +0 +10200 2027 9001 1102.3425
a range +0 +10200 9001 2027 1102.3425
a range +2400 +11400 2004 9002 1103.3843
a range +10200 +11400 2024 9001 1102.3642
a range +10200 +11400 9001 2024 1102.3642
a range +2400 +11400 9002 2004 1103.3843
a range +11400 +15000 2028 9002 1103.3624
a range +11400 +15000 9002 2028 1103.3624
a range +15000 +15600 2002 9002 1103.3908
a range +0 +15600 2012 9007 1102.323
a range +0 +15600 2013 9005 1103.3967
a range +9600 +15600 2026 9004 1102.3755
a range +11400 +15600 2029 9001 1102.3574
a range +11400 +15600 9001 2029 1102.3574
a range +15000 +15600 9002 2002 1103.3908
a range +9600 +15600 9004 2026 1102.3755
a range +0 +15600 9005 2013 1103.3967
a range +0 +15600 9007 2012 1102.323
a range +15600 +23400 2009 9002 1103.4105
a range +6000 +23400 2018 9008 1103.4009
a range +15600 +23400 9002 2009 1103.4105
a range +6000 +23400 9008 2018 1103.4009
a range +23400 +24000 2020 9002 1103.3749
a range +23400 +24000 9002 2020 1103.3749
a range +30000 +31200 2002 9006 1104.7756
a range +30000 +31200 2003 9009 1104.7649
a range +23400 +31200 2011 9008 1103.3648
a range +15600 +31200 2019 9005 1103.3879
a range +15600 +31200 9005 2019 1103.3879
a range +30000 +31200 9006 2002 1104.7756
a range +23400 +31200 9008 2011 1103.3648
a range +30000 +31200 9009 2003 1104.7649
a range +24000 +32400 2022 9002 1103.0599
a range +31200 +32400 2023 9008 1103.3612
a range +24000 +32400 9002 2022 1103.0599
a range +31200 +32400 9008 2023 1103.3612
a range +31200 +33000 2002 9005 1103.3908
a range +31200 +33000 9005 2002 1103.3908
a range +31200 +34200 2032 9006 1104.7687
a range +31200 +34200 9006 2032 1104.7687
a range +32400 +35400 2006 9002 1103.3712
a range +32400 +35400 9002 2006 1103.3712
a range +35400 +36000 2003 9002 1103.3783
a range +35400 +36000 9002 2003 1103.3783
a range +33000 +36600 2023 9005 1103.3612
a range +33000 +36600 9005 2023 1103.3612
a range +30000 +37200 2008 9003 1103.2823
a range +30000 +37200 9003 2008 1103.2823
a range +34200 +39600 2014 9006 1104.7795
a range +36600 +39600 2031 9005 1103.3837
a range +36600 +39600 9005 2031 1103.3837
a range +34200 +39600 9006 2014 1104.7795
a range +39600 +40800 2001 9005 1103.3976
a range +37200 +40800 2005 9003 1103.8281
a range +37200 +40800 9003 2005 1103.8281
a range +39600 +40800 9005 2001 1103.3976
a range +32400 +41400 2017 9008 1103.3878
a range +32400 +41400 9008 2017 1103.3878
a range +40800 +42000 2007 9005 1103.4032
a range +40800 +42000 9005 2007 1103.4032
a range +42000 +42600 2008 9005 1103.4053
a range +41400 +42600 2011 9008 1103.3648
a range +36000 +42600 2029 9002 1103.3922
a range +36000 +42600 9002 2029 1103.3922
a range +42000 +42600 9005 2008 1103.4053
a range +41400 +42600 9008 2011 1103.3648
a range +40800 +43200 2002 9003 1104.7756
a range +40800 +43200 9003 2002 1104.7756
a range +39600 +43800 2004 9006 1104.7734
a range +31200 +43800 2010 9009 1104.7913
a range +39600 +43800 9006 2004 1104.7734
a range +31200 +43800 9009 2010 1104.7913
a range +43800 +44400 2001 9006 1104.7849
a range +43800 +44400 9006 2001 1104.7849
a range +43800 +48000 2017 9009 1104.7829
a range +43800 +48000 9009 2017 1104.7829
a range +44400 +49200 2005 9006 1103.8281
a range +44400 +49200 9006 2005 1103.8281
a range +43200 +52200 2021 9003 1104.399
a range +48000 +52200 2023 9009 1103.8352
a range +43200 +52200 9003 2021 1104.399
a range +48000 +52200 9009 2023 1103.8352
a range +49200 +53400 2030 9006 1104.7807
a range +49200 +53400 9006 2030 1104.7807
a range +52200 +56400 2012 9003 1104.7594
a range +53400 +56400 2032 9006 1104.7687
a range +52200 +56400 9003 2012 1104.7594
a range +53400 +56400 9006 2032 1104.7687
a range +52200 +57600 2014 9009 1104.7795
a range +52200 +57600 9009 2014 1104.7795
a range +52200 +58200 2021 9004 1104.3926
a range +52200 +58200 9004 2021 1104.3926
a range +57600 +60000 2022 9009 1104.1388
a range +57600 +60000 9009 2022 1104.1388
a range +52200 +60600 2024 9007 1104.6671
a range +52200 +60600 9007 2024 1104.6671
a range +56400 +62400 2012 9006 1104.7594
a range +56400 +62400 9006 2012 1104.7594
a range +52200 +64200 2015 9001 1105.0496
a range +52200 +64200 9001 2015 1105.0496
a range +60600 +66000 2005 9007 1104.5912
a range +60600 +66000 9007 2005 1104.5912
a range +58200 +66600 2014 9004 1105.0628
a range +58200 +66600 9004 2014 1105.0628
a range +66000 +67200 2003 9007 1105.0664
a range +64200 +67200 2026 9001 1105.0381
a range +64200 +67200 9001 2026 1105.0381
a range +66000 +67200 9007 2003 1105.0664
a range +66600 +69000 2008 9004 1104.7755
a range +66600 +69000 9004 2008 1104.7755
a range +67200 +70200 2003 9001 1105.0664
a range +69000 +70200 2023 9004 1104.9227
a range +67200 +70200 9001 2003 1105.0664
a range +69000 +70200 9004 2023 1104.9227
a range +70200 +70800 2003 9004 1105.0664
a range +60000 +70800 2016 9009 1104.77
a range +70200 +70800 9004 2003 1105.0664
a range +60000 +70800 9009 2016 1104.77
a range +56400 +71400 2025 9003 1104.793
a range +56400 +71400 9003 2025 1104.793
a range +70200 +72000 2002 9001 1105.0532
a range +70200 +72000 9001 2002 1105.0532
a range +71400 +73800 2030 9003 1104.7807
a range +71400 +73800 9003 2030 1104.7807
a range +73800 +74400 2003 9003 1104.7649
a range +73800 +74400 9003 2003 1104.7649
a range +70800 +76200 2001 9009 1104.7849
a range +70800 +76200 2028 9004 1105.0765
a range +70800 +76200 9004 2028 1105.0765
a range +70800 +76200 9009 2001 1104.7849
a range +74400 +76800 2009 9003 1104.7563
a range +74400 +76800 9003 2009 1104.7563
a range +76200 +77400 2003 9009 1104.7649
a range +76200 +77400 9009 2003 1104.7649
a range +76800 +78000 2002 9003 1104.7756
a range +72000 +78000 2006 9001 1105.072
a range +77400 +78000 2024 9009 1104.7985
a range +72000 +78000 9001 2006 1105.072
a range +76800 +78000 9003 2002 1104.7756
a range +77400 +78000 9009 2024 1104.7985
a range +78000 +78600 2001 9009 1104.7849
a range +78000 +78600 2003 9003 1104.7649
a range +62400 +78600 2020 9006 1104.7851
a range +78000 +78600 9003 2003 1104.7649
a range +62400 +78600 9006 2020 1104.7851
a range +78000 +78600 9009 2001 1104.7849
a range +78600 +79800 2002 9005 1105.0604
a range +78600 +79800 2026 9002 1105.0453
a range +78600 +79800 9002 2026 1105.0453
a range +78600 +79800 9005 2002 1105.0604
a range +78600 +81000 2030 9008 1105.0548
a range +78600 +81000 9008 2030 1105.0548
a range +67200 +81600 2007 9007 1104.9865
a range +79800 +81600 2011 9002 1105.0409
a range +79800 +81600 9002 2011 1105.0409
a range +67200 +81600 9007 2007 1104.9865
a range +81000 +82800 2012 9008 1105.0605
a range +81000 +82800 9008 2012 1105.0605
a range +79800 +83400 2019 9005 1105.0769
a range +76200 +83400 2031 9004 1105.0507
a range +76200 +83400 9004 2031 1105.0507
a range +79800 +83400 9005 2019 1105.0769
a range +81600 +84000 2001 9002 1105.0558
a range +81600 +84000 9002 2001 1105.0558
a range +81600 +84600 2006 9007 1105.072
a range +81600 +84600 9007 2006 1105.072
a range +78000 +85200 2029 9001 1105.0644
a range +78000 +85200 9001 2029 1105.0644
a range +85200 +86400 2003 9001 1105.0664
a range +84600 +86400 2004 9007 1105.0626
a range +83400 +86400 2011 9005 1105.0409
a range +82800 +86400 2027 9008 1105.0412
a range +84000 +86400 2028 9002 1105.0837
a range +83400 +86400 2030 9004 1105.0476
a range +85200 +86400 9001 2003 1105.0664
a range +84000 +86400 9002 2028 1105.0837
a range +83400 +86400 9004 2030 1105.0476
a range +83400 +86400 9005 2011 1105.0409
a range +84600 +86400 9007 2004 1105.0626
a range +82800 +86400 9008 2027 1105.0412
