a contact +0 +600 2039 9008 50
a contact +0 +600 9008 2039 50
a contact +0 +1800 2042 9007 50
a contact +0 +1800 2063 9011 50
a contact +0 +1800 2064 9001 50
a contact +0 +1800 9001 2064 50
a contact +0 +1800 9007 2042 50
a contact +0 +1800 9011 2063 50
a contact +0 +2400 2045 9002 50
a contact +0 +2400 2060 9005 50
a contact +0 +2400 9002 2045 50
a contact +0 +2400 9005 2060 50
a contact +1800 +4200 2037 9011 50
a contact +1800 +4200 2040 9007 50
a contact +1800 +4200 9007 2040 50
a contact +1800 +4200 9011 2037 50
a contact +0 +4800 2002 9004 50
a contact +2400 +4800 2021 9002 50
a contact +600 +4800 2057 9008 50
a contact +2400 +4800 9002 2021 50
a contact +0 +4800 9004 2002 50
a contact +600 +4800 9008 2057 50
a contact +0 +5400 2023 9010 50
a contact +0 +5400 9010 2023 50
a contact +2400 +6000 2039 9005 50
a contact +4800 +6000 2062 9008 50
a contact +2400 +6000 9005 2039 50
a contact +4800 +6000 9008 2062 50
a contact +1800 +6600 2006 9001 50
a contact +1800 +6600 9001 2006 50
a contact +4200 +7200 2026 9007 50
a contact +4800 +7200 2028 9004 50
a contact +4800 +7200 9004 2028 50
a contact +4200 +7200 9007 2026 50
a contact +4200 +7800 2011 9011 50
a contact +6000 +7800 2048 9005 50
a contact +6000 +7800 9005 2048 50
a contact +4200 +7800 9011 2011 50
a contact +7200 +10200 2031 9007 50
a contact +7800 +10200 2046 9005 50
a contact +7800 +10200 9005 2046 50
a contact +7200 +10200 9007 2031 50
a contact +7200 +10800 2029 9004 50
a contact +7200 +10800 9004 2029 50
a contact +6600 +12600 2043 9001 50
a contact +6600 +12600 9001 2043 50
a contact +7800 +13200 2026 9011 50
a contact +4800 +13200 2053 9002 50
a contact +6000 +13200 2058 9008 50
a contact +4800 +13200 9002 2053 50
a contact +6000 +13200 9008 2058 50
a contact +7800 +13200 9011 2026 50
a contact +10200 +13800 2013 9005 50
a contact +10800 +13800 2039 9004 50
a contact +10800 +13800 9004 2039 50
a contact +10200 +13800 9005 2013 50
a contact +5400 +15600 2005 9010 50
a contact +10200 +15600 2035 9007 50
a contact +13800 +15600 2046 9004 50
a contact +12600 +15600 2051 9001 50
a contact +13200 +15600 2052 9008 50
a contact +12600 +15600 9001 2051 50
a contact +13800 +15600 9004 2046 50
a contact +10200 +15600 9007 2035 50
a contact +13200 +15600 9008 2052 50
a contact +5400 +15600 9010 2005 50
a contact +13800 +16200 2004 9005 50
a contact +13800 +16200 9005 2004 50
a contact +13200 +17400 2045 9002 50
a contact +13200 +17400 9002 2045 50
a contact +15600 +18000 2036 9008 50
a contact +13200 +18000 2038 9011 50
a contact +15600 +18000 9008 2036 50
a contact +13200 +18000 9011 2038 50
a contact +16200 +19800 2001 9005 50
a contact +18000 +19800 2009 9011 50
a contact +17400 +19800 2042 9002 50
a contact +17400 +19800 9002 2042 50
a contact +16200 +19800 9005 2001 50
a contact +18000 +19800 9011 2009 50
a contact +18000 +21000 2025 9008 50
a contact +19800 +21000 2033 9002 50
a contact +19800 +21000 9002 2033 50
a contact +18000 +21000 9008 2025 50
a contact +19800 +21600 2011 9011 50
a contact +19800 +21600 9011 2011 50
a contact +19800 +24000 2010 9005 50
a contact +19800 +24000 9005 2010 50
a contact +21600 +24600 2012 9011 50
a contact +24000 +24600 2040 9005 50
a contact +21000 +24600 2044 9002 50
a contact +21000 +24600 9002 2044 50
a contact +24000 +24600 9005 2040 50
a contact +21600 +24600 9011 2012 50
a contact +24600 +25200 2033 9002 50
a contact +24600 +25200 9002 2033 50
a contact +21000 +25800 2008 9008 50
a contact +24600 +25800 2042 9011 50
a contact +21000 +25800 9008 2008 50
a contact +24600 +25800 9011 2042 50
a contact +24600 +26400 2055 9005 50
a contact +24600 +26400 9005 2055 50
a contact +26400 +28200 2007 9005 50
a contact +26400 +28200 9005 2007 50
a contact +25800 +29400 2017 9011 50
a contact +25200 +29400 2024 9002 50
a contact +25200 +29400 9002 2024 50
a contact +25800 +29400 9011 2017 50
a contact +30000 +31200 2005 9003 50
a contact +25800 +31200 2063 9008 50
a contact +30000 +31200 9003 2005 50
a contact +25800 +31200 9008 2063 50
a contact +29400 +31800 2025 9011 50
a contact +28200 +31800 2059 9005 50
a contact +30000 +31800 2061 9006 50
a contact +28200 +31800 9005 2059 50
a contact +30000 +31800 9006 2061 50
a contact +29400 +31800 9011 2025 50
a contact +29400 +32400 2010 9002 50
a contact +29400 +32400 9002 2010 50
a contact +31800 +33000 2013 9005 50
a contact +31800 +33000 9005 2013 50
a contact +32400 +33600 2004 9002 50
a contact +31200 +33600 2027 9008 50
a contact +30000 +33600 2048 9012 50
a contact +32400 +33600 9002 2004 50
a contact +31200 +33600 9008 2027 50
a contact +30000 +33600 9012 2048 50
a contact +31800 +34200 2003 9006 50
a contact +33000 +34200 2037 9005 50
a contact +30000 +34200 2049 9009 50
a contact +33000 +34200 9005 2037 50
a contact +31800 +34200 9006 2003 50
a contact +30000 +34200 9009 2049 50
a contact +31800 +34800 2018 9011 50
a contact +31200 +34800 2047 9003 50
a contact +31200 +34800 9003 2047 50
a contact +31800 +34800 9011 2018 50
a contact +33600 +35400 2020 9002 50
a contact +33600 +35400 9002 2020 50
a contact +33600 +37200 2014 9008 50
a contact +33600 +37200 9008 2014 50
a contact +34200 +37800 2032 9005 50
a contact +33600 +37800 2046 9012 50
a contact +34200 +37800 9005 2032 50
a contact +33600 +37800 9012 2046 50
a contact +34800 +39000 2038 9011 50
a contact +34800 +39000 9011 2038 50
a contact +34800 +39600 2055 9003 50
a contact +35400 +39600 2056 9002 50
a contact +35400 +39600 9002 2056 50
a contact +34800 +39600 9003 2055 50
a contact +37800 +40200 2004 9012 50
a contact +39600 +40200 2017 9003 50
a contact +34200 +40200 2060 9006 50
a contact +39600 +40200 9003 2017 50
a contact +34200 +40200 9006 2060 50
a contact +37800 +40200 9012 2004 50
a contact +39600 +41400 2040 9002 50
a contact +39600 +41400 9002 2040 50
a contact +40200 +42000 2003 9012 50
a contact +40200 +42000 2010 9006 50
a contact +40200 +42000 9006 2010 50
a contact +40200 +42000 9012 2003 50
a contact +37200 +42600 2030 9008 50
a contact +37800 +42600 2044 9005 50
a contact +39000 +42600 2054 9011 50
a contact +41400 +42600 2063 9002 50
a contact +41400 +42600 9002 2063 50
a contact +37800 +42600 9005 2044 50
a contact +37200 +42600 9008 2030 50
a contact +39000 +42600 9011 2054 50
a contact +42000 +43200 2016 9012 50
a contact +34200 +43200 2035 9009 50
a contact +34200 +43200 9009 2035 50
a contact +42000 +43200 9012 2016 50
a contact +43200 +45000 2042 9009 50
a contact +40200 +45000 2064 9003 50
a contact +40200 +45000 9003 2064 50
a contact +43200 +45000 9009 2042 50
a contact +43200 +46200 2032 9012 50
a contact +45000 +46200 2039 9003 50
a contact +42000 +46200 2052 9006 50
a contact +45000 +46200 9003 2039 50
a contact +42000 +46200 9006 2052 50
a contact +43200 +46200 9012 2032 50
a contact +46200 +47400 2008 9012 50
a contact +46200 +47400 9012 2008 50
a contact +47400 +48600 2046 9012 50
a contact +47400 +48600 9012 2046 50
a contact +45000 +49200 2061 9009 50
a contact +45000 +49200 9009 2061 50
a contact +46200 +49800 2027 9003 50
a contact +46200 +49800 9003 2027 50
a contact +46200 +52200 2028 9006 50
a contact +46200 +52200 9006 2028 50
a contact +49200 +52800 2007 9009 50
a contact +52200 +52800 2012 9001 50
a contact +52200 +52800 9001 2012 50
a contact +49200 +52800 9009 2007 50
a contact +52200 +53400 2025 9007 50
a contact +49800 +53400 2033 9003 50
a contact +48600 +53400 2059 9012 50
a contact +49800 +53400 9003 2033 50
a contact +52200 +53400 9007 2025 50
a contact +48600 +53400 9012 2059 50
a contact +52200 +54000 2016 9010 50
a contact +52200 +54000 9010 2016 50
a contact +53400 +55200 2041 9012 50
a contact +53400 +55200 2050 9003 50
a contact +53400 +55200 9003 2050 50
a contact +53400 +55200 9012 2041 50
a contact +52200 +55800 2018 9006 50
a contact +52200 +55800 9006 2018 50
a contact +53400 +56400 2056 9007 50
a contact +53400 +56400 9007 2056 50
a contact +52800 +57000 2036 9009 50
a contact +52800 +57000 9009 2036 50
a contact +55200 +58200 2015 9012 50
a contact +52800 +58200 2047 9001 50
a contact +55800 +58200 2064 9006 50
a contact +52800 +58200 9001 2047 50
a contact +55800 +58200 9006 2064 50
a contact +55200 +58200 9012 2015 50
a contact +55200 +58800 2022 9003 50
a contact +56400 +58800 2031 9007 50
a contact +55200 +58800 9003 2022 50
a contact +56400 +58800 9007 2031 50
a contact +58200 +59400 2002 9012 50
a contact +57000 +59400 2004 9009 50
a contact +57000 +59400 9009 2004 50
a contact +58200 +59400 9012 2002 50
a contact +54000 +60000 2020 9010 50
a contact +54000 +60000 9010 2020 50
a contact +58200 +61200 2003 9006 50
a contact +58200 +61200 9006 2003 50
a contact +61200 +62400 2031 9006 50
a contact +61200 +62400 9006 2031 50
a contact +58800 +63000 2041 9003 50
a contact +58200 +63000 2057 9001 50
a contact +58200 +63000 9001 2057 50
a contact +58800 +63000 9003 2041 50
a contact +59400 +63600 2024 9012 50
a contact +60000 +63600 2040 9010 50
a contact +58800 +63600 2062 9007 50
a contact +58800 +63600 9007 2062 50
a contact +60000 +63600 9010 2040 50
a contact +59400 +63600 9012 2024 50
a contact +59400 +64200 2009 9009 50
a contact +62400 +64200 2023 9006 50
a contact +63000 +64200 2033 9001 50
a contact +63000 +64200 2058 9003 50
a contact +63000 +64200 9001 2033 50
a contact +63000 +64200 9003 2058 50
a contact +62400 +64200 9006 2023 50
a contact +59400 +64200 9009 2009 50
a contact +63600 +64800 2056 9012 50
a contact +63600 +64800 9012 2056 50
a contact +64200 +66000 2009 9001 50
a contact +64200 +66000 9001 2009 50
a contact +63600 +66600 2020 9010 50
a contact +64800 +66600 2054 9012 50
a contact +64200 +66600 2055 9009 50
a contact +64200 +66600 9009 2055 50
a contact +63600 +66600 9010 2020 50
a contact +64800 +66600 9012 2054 50
a contact +52200 +67800 2048 9004 50
a contact +63600 +67800 2050 9007 50
a contact +52200 +67800 9004 2048 50
a contact +63600 +67800 9007 2050 50
a contact +66600 +68400 2031 9012 50
a contact +66600 +68400 2042 9009 50
a contact +66600 +68400 9009 2042 50
a contact +66600 +68400 9012 2031 50
a contact +64200 +69000 2029 9006 50
a contact +64200 +69000 9006 2029 50
a contact +66000 +69600 2006 9001 50
a contact +69000 +69600 2017 9006 50
a contact +67800 +69600 2032 9007 50
a contact +68400 +69600 2061 9012 50
a contact +66000 +69600 9001 2006 50
a contact +69000 +69600 9006 2017 50
a contact +67800 +69600 9007 2032 50
a contact +68400 +69600 9012 2061 50
a contact +66600 +70200 2015 9010 50
a contact +64200 +70200 2034 9003 50
a contact +64200 +70200 9003 2034 50
a contact +66600 +70200 9010 2015 50
a contact +69600 +73200 2014 9012 50
a contact +70200 +73200 2017 9010 50
a contact +67800 +73200 2019 9004 50
a contact +70200 +73200 2027 9003 50
a contact +70200 +73200 9003 2027 50
a contact +67800 +73200 9004 2019 50
a contact +70200 +73200 9010 2017 50
a contact +69600 +73200 9012 2014 50
a contact +69600 +73800 2003 9001 50
a contact +68400 +73800 2016 9009 50
a contact +69600 +73800 2054 9007 50
a contact +69600 +73800 9001 2003 50
a contact +69600 +73800 9007 2054 50
a contact +68400 +73800 9009 2016 50
a contact +73200 +74400 2014 9004 50
a contact +69600 +74400 2037 9006 50
a contact +73200 +74400 9004 2014 50
a contact +69600 +74400 9006 2037 50
a contact +73200 +75000 2018 9010 50
a contact +73200 +75000 9010 2018 50
a contact +73800 +75600 2021 9009 50
a contact +73200 +75600 2030 9003 50
a contact +73800 +75600 2061 9007 50
a contact +73200 +75600 9003 2030 50
a contact +73800 +75600 9007 2061 50
a contact +73800 +75600 9009 2021 50
a contact +74400 +76200 2015 9006 50
a contact +74400 +76200 9006 2015 50
a contact +74400 +76800 2036 9004 50
a contact +74400 +76800 9004 2036 50
a contact +75000 +77400 2033 9010 50
a contact +73800 +77400 2052 9001 50
a contact +73800 +77400 9001 2052 50
a contact +75000 +77400 9010 2033 50
a contact +75600 +78000 2008 9007 50
a contact +75600 +78000 9007 2008 50
a contact +76200 +78600 2002 9006 50
a contact +75600 +78600 2041 9009 50
a contact +73200 +78600 2051 9012 50
a contact +75600 +78600 2062 9003 50
a contact +75600 +78600 9003 2062 50
a contact +76200 +78600 9006 2002 50
a contact +75600 +78600 9009 2041 50
a contact +73200 +78600 9012 2051 50
a contact +77400 +79800 2019 9010 50
a contact +77400 +79800 9010 2019 50
a contact +78600 +81600 2011 9008 50
a contact +77400 +81600 2021 9001 50
a contact +78600 +81600 2025 9005 50
a contact +77400 +81600 9001 2021 50
a contact +78600 +81600 9005 2025 50
a contact +78600 +81600 9008 2011 50
a contact +78000 +82200 2013 9007 50
a contact +81600 +82200 2017 9001 50
a contact +76800 +82200 2022 9004 50
a contact +81600 +82200 9001 2017 50
a contact +76800 +82200 9004 2022 50
a contact +78000 +82200 9007 2013 50
a contact +78600 +82800 2020 9002 50
a contact +78600 +82800 2034 9011 50
a contact +78600 +82800 9002 2020 50
a contact +78600 +82800 9011 2034 50
a contact +82200 +83400 2016 9001 50
a contact +82200 +83400 9001 2016 50
a contact +81600 +84000 2043 9005 50
a contact +82200 +84000 2049 9007 50
a contact +81600 +84000 9005 2043 50
a contact +82200 +84000 9007 2049 50
a contact +79800 +84600 2001 9010 50
a contact +82800 +84600 2047 9011 50
a contact +79800 +84600 9010 2001 50
a contact +82800 +84600 9011 2047 50
a contact +84600 +85200 2019 9010 50
a contact +84600 +85200 9010 2019 50
a contact +82800 +86400 2007 9002 50
a contact +81600 +86400 2012 9008 50
a contact +84600 +86400 2023 9011 50
a contact +85200 +86400 2030 9010 50
a contact +82200 +86400 2035 9004 50
a contact +84000 +86400 2045 9007 50
a contact +84000 +86400 2049 9005 50
a contact +83400 +86400 2050 9001 50
a contact +83400 +86400 9001 2050 50
a contact +82800 +86400 9002 2007 50
a contact +82200 +86400 9004 2035 50
a contact +84000 +86400 9005 2049 50
a contact +84000 +86400 9007 2045 50
a contact +81600 +86400 9008 2012 50
a contact +85200 +86400 9010 2030 50
a contact +84600 +86400 9011 2023 50

a range +0 +600 2039 9008 1103.3749
a range +0 +600 9008 2039 1103.3749
a range +0 +1800 2042 9007 1102.1122
a range +0 +1800 2063 9011 1103.3769
a range +0 +1800 2064 9001 1102.353
a range +0 +1800 9001 2064 1102.353
a range +0 +1800 9007 2042 1102.1122
a range +0 +1800 9011 2063 1103.3769
a range +0 +2400 2045 9002 1102.7751
a range +0 +2400 2060 9005 1103.3924
a range +0 +2400 9002 2045 1102.7751
a range +0 +2400 9005 2060 1103.3924
a range +1800 +4200 2037 9011 1103.3875
a range +1800 +4200 2040 9007 1102.3345
a range +1800 +4200 9007 2040 1102.3345
a range +1800 +4200 9011 2037 1103.3875
a range +0 +4800 2002 9004 1102.3361
a range +2400 +4800 2021 9002 1103.3648
a range +600 +4800 2057 9008 1103.3919
a range +2400 +4800 9002 2021 1103.3648
a range +0 +4800 9004 2002 1102.3361
a range +600 +4800 9008 2057 1103.3919
a range +0 +5400 2023 9010 1102.3229
a range +0 +5400 9010 2023 1102.3229
a range +2400 +6000 2039 9005 1103.3749
a range +4800 +6000 2062 9008 1103.3771
a range +2400 +6000 9005 2039 1103.3749
a range +4800 +6000 9008 2062 1103.3771
a range +1800 +6600 2006 9001 1102.3556
a range +1800 +6600 9001 2006 1102.3556
a range +4200 +7200 2026 9007 1102.3548
a range +4800 +7200 2028 9004 1102.3427
a range +4800 +7200 9004 2028 1102.3427
a range +4200 +7200 9007 2026 1102.3548
a range +4200 +7800 2011 9011 1102.1419
a range +6000 +7800 2048 9005 1102.3549
a range +6000 +7800 9005 2048 1102.3549
a range +4200 +7800 9011 2011 1102.1419
a range +7200 +10200 2031 9007 1102.3417
a range +7800 +10200 2046 9005 1102.6339
a range +7800 +10200 9005 2046 1102.6339
a range +7200 +10200 9007 2031 1102.3417
a range +7200 +10800 2029 9004 1102.3375
a range +7200 +10800 9004 2029 1102.3375
a range +6600 +12600 2043 9001 1102.3283
a range +6600 +12600 9001 2043 1102.3283
a range +7800 +13200 2026 9011 1103.3918
a range +4800 +13200 2053 9002 1103.403
a range +6000 +13200 2058 9008 1103.3988
a range +4800 +13200 9002 2053 1103.403
a range +6000 +13200 9008 2058 1103.3988
a range +7800 +13200 9011 2026 1103.3918
a range +10200 +13800 2013 9005 1102.7215
a range +10800 +13800 2039 9004 1102.3333
a range +10800 +13800 9004 2039 1102.3333
a range +10200 +13800 9005 2013 1102.7215
a range +5400 +15600 2005 9010 1102.3549
a range +10200 +15600 2035 9007 1102.3583
a range +13800 +15600 2046 9004 1102.3406
a range +12600 +15600 2051 9001 1102.3755
a range +13200 +15600 2052 9008 1103.4172
a range +12600 +15600 9001 2051 1102.3755
a range +13800 +15600 9004 2046 1102.3406
a range +10200 +15600 9007 2035 1102.3583
a range +13200 +15600 9008 2052 1103.4172
a range +5400 +15600 9010 2005 1102.3549
a range +13800 +16200 2004 9005 1103.3832
a range +13800 +16200 9005 2004 1103.3832
a range +13200 +17400 2045 9002 1102.7751
a range +13200 +17400 9002 2045 1102.7751
a range +15600 +18000 2036 9008 1103.3969
a range +13200 +18000 2038 9011 1103.3784
a range +15600 +18000 9008 2036 1103.3969
a range +13200 +18000 9011 2038 1103.3784
a range +16200 +19800 2001 9005 1103.3976
a range +18000 +19800 2009 9011 1103.101
a range +17400 +19800 2042 9002 1103.1789
a range +17400 +19800 9002 2042 1103.1789
a range +16200 +19800 9005 2001 1103.3976
a range +18000 +19800 9011 2009 1103.101
a range +18000 +21000 2025 9008 1103.3967
a range +19800 +21000 2033 9002 1103.3878
a range +19800 +21000 9002 2033 1103.3878
a range +18000 +21000 9008 2025 1103.3967
a range +19800 +21600 2011 9011 1102.886
a range +19800 +21600 9011 2011 1102.886
a range +19800 +24000 2010 9005 1103.0057
a range +19800 +24000 9005 2010 1103.0057
a range +21600 +24600 2012 9011 1102.8159
a range +24000 +24600 2040 9005 1103.3789
a range +21000 +24600 2044 9002 1102.9172
a range +21000 +24600 9002 2044 1102.9172
a range +24000 +24600 9005 2040 1103.3789
a range +21600 +24600 9011 2012 1102.8159
a range +24600 +25200 2033 9002 1103.3878
a range +24600 +25200 9002 2033 1103.3878
a range +21000 +25800 2008 9008 1103.3926
a range +24600 +25800 2042 9011 1103.1789
a range +21000 +25800 9008 2008 1103.3926
a range +24600 +25800 9011 2042 1103.1789
a range +24600 +26400 2055 9005 1103.3622
a range +24600 +26400 9005 2055 1103.3622
a range +26400 +28200 2007 9005 1103.3845
a range +26400 +28200 9005 2007 1103.3845
a range +25800 +29400 2017 9011 1103.4109
a range +25200 +29400 2024 9002 1103.3992
a range +25200 +29400 9002 2024 1103.3992
a range +25800 +29400 9011 2017 1103.4109
a range +30000 +31200 2005 9003 1104.7649
a range +25800 +31200 2063 9008 1103.3769
a range +30000 +31200 9003 2005 1104.7649
a range +25800 +31200 9008 2063 1103.3769
a range +29400 +31800 2025 9011 1103.3967
a range +28200 +31800 2059 9005 1103.3989
a range +30000 +31800 2061 9006 1104.7647
a range +28200 +31800 9005 2059 1103.3989
a range +30000 +31800 9006 2061 1104.7647
a range +29400 +31800 9011 2025 1103.3967
a range +29400 +32400 2010 9002 1103.0057
a range +29400 +32400 9002 2010 1103.0057
a range +31800 +33000 2013 9005 1103.4032
a range +31800 +33000 9005 2013 1103.4032
a range +32400 +33600 2004 9002 1103.3832
a range +31200 +33600 2027 9008 1103.3844
a range +30000 +33600 2048 9012 1103.4468
a range +32400 +33600 9002 2004 1103.3832
a range +31200 +33600 9008 2027 1103.3844
a range +30000 +33600 9012 2048 1103.4468
a range +31800 +34200 2003 9006 1104.7756
a range +33000 +34200 2037 9005 1103.3875
a range +30000 +34200 2049 9009 1104.793
a range +33000 +34200 9005 2037 1103.3875
a range +31800 +34200 9006 2003 1104.7756
a range +30000 +34200 9009 2049 1104.793
a range +31800 +34800 2018 9011 1103.4095
a range +31200 +34800 2047 9003 1103.5829
a range +31200 +34800 9003 2047 1103.5829
a range +31800 +34800 9011 2018 1103.4095
a range +33600 +35400 2020 9002 1103.3763
a range +33600 +35400 9002 2020 1103.3763
a range +33600 +37200 2014 9008 1103.3868
a range +33600 +37200 9008 2014 1103.3868
a range +34200 +37800 2032 9005 1103.3967
a range +33600 +37800 2046 9012 1103.7201
a range +34200 +37800 9005 2032 1103.3967
a range +33600 +37800 9012 2046 1103.7201
a range +34800 +39000 2038 9011 1103.3784
a range +34800 +39000 9011 2038 1103.3784
a range +34800 +39600 2055 9003 1104.7508
a range +35400 +39600 2056 9002 1103.3588
a range +35400 +39600 9002 2056 1103.3588
a range +34800 +39600 9003 2055 1104.7508
a range +37800 +40200 2004 9012 1104.7684
a range +39600 +40200 2017 9003 1104.7569
a range +34200 +40200 2060 9006 1104.7717
a range +39600 +40200 9003 2017 1104.7569
a range +34200 +40200 9006 2060 1104.7717
a range +37800 +40200 9012 2004 1104.7684
a range +39600 +41400 2040 9002 1103.3789
a range +39600 +41400 9002 2040 1103.3789
a range +40200 +42000 2003 9012 1104.7756
a range +40200 +42000 2010 9006 1103.7358
a range +40200 +42000 9006 2010 1103.7358
a range +40200 +42000 9012 2003 1104.7756
a range +37200 +42600 2030 9008 1103.3843
a range +37800 +42600 2044 9005 1103.3603
a range +39000 +42600 2054 9011 1103.3817
a range +41400 +42600 2063 9002 1103.3769
a range +41400 +42600 9002 2063 1103.3769
a range +37800 +42600 9005 2044 1103.3603
a range +37200 +42600 9008 2030 1103.3843
a range +39000 +42600 9011 2054 1103.3817
a range +42000 +43200 2016 9012 1103.9449
a range +34200 +43200 2035 9009 1104.7649
a range +34200 +43200 9009 2035 1104.7649
a range +42000 +43200 9012 2016 1103.9449
a range +43200 +45000 2042 9009 1104.2567
a range +40200 +45000 2064 9003 1104.7778
a range +40200 +45000 9003 2064 1104.7778
a range +43200 +45000 9009 2042 1104.2567
a range +43200 +46200 2032 9012 1104.7656
a range +45000 +46200 2039 9003 1104.7849
a range +42000 +46200 2052 9006 1104.7797
a range +45000 +46200 9003 2039 1104.7849
a range +42000 +46200 9006 2052 1104.7797
a range +43200 +46200 9012 2032 1104.7656
a range +46200 +47400 2008 9012 1104.7812
a range +46200 +47400 9012 2008 1104.7812
a range +47400 +48600 2046 9012 1103.7201
a range +47400 +48600 9012 2046 1103.7201
a range +45000 +49200 2061 9009 1104.7647
a range +45000 +49200 9009 2061 1104.7647
a range +46200 +49800 2027 9003 1104.7794
a range +46200 +49800 9003 2027 1104.7794
a range +46200 +52200 2028 9006 1104.7841
a range +46200 +52200 9006 2028 1104.7841
a range +49200 +52800 2007 9009 1104.7735
a range +52200 +52800 2012 9001 1104.3179
a range +52200 +52800 9001 2012 1104.3179
a range +49200 +52800 9009 2007 1104.7735
a range +52200 +53400 2025 9007 1105.0656
a range +49800 +53400 2033 9003 1104.7829
a range +48600 +53400 2059 9012 1104.7811
a range +49800 +53400 9003 2033 1104.7829
a range +52200 +53400 9007 2025 1105.0656
a range +48600 +53400 9012 2059 1104.7811
a range +52200 +54000 2016 9010 1103.9591
a range +52200 +54000 9010 2016 1103.9591
a range +53400 +55200 2041 9012 1104.3991
a range +53400 +55200 2050 9003 1104.8046
a range +53400 +55200 9003 2050 1104.8046
a range +53400 +55200 9012 2041 1104.3991
a range +52200 +55800 2018 9006 1104.7727
a range +52200 +55800 9006 2018 1104.7727
a range +53400 +56400 2056 9007 1105.0876
a range +53400 +56400 9007 2056 1105.0876
a range +52800 +57000 2036 9009 1104.7621
a range +52800 +57000 9009 2036 1104.7621
a range +55200 +58200 2015 9012 1104.0382
a range +52800 +58200 2047 9001 1104.6671
a range +55800 +58200 2064 9006 1104.7778
a range +52800 +58200 9001 2047 1104.6671
a range +55800 +58200 9006 2064 1104.7778
a range +55200 +58200 9012 2015 1104.0382
a range +55200 +58800 2022 9003 1104.7771
a range +56400 +58800 2031 9007 1105.0526
a range +55200 +58800 9003 2022 1104.7771
a range +56400 +58800 9007 2031 1105.0526
a range +58200 +59400 2002 9012 1104.7826
a range +57000 +59400 2004 9009 1104.7684
a range +57000 +59400 9009 2004 1104.7684
a range +58200 +59400 9012 2002 1104.7826
a range +54000 +60000 2020 9010 1105.043
a range +54000 +60000 9010 2020 1105.043
a range +58200 +61200 2003 9006 1104.7756
a range +58200 +61200 9006 2003 1104.7756
a range +61200 +62400 2031 9006 1104.77
a range +61200 +62400 9006 2031 1104.77
a range +58800 +63000 2041 9003 1104.3991
a range +58200 +63000 2057 9001 1105.0646
a range +58200 +63000 9001 2057 1105.0646
a range +58800 +63000 9003 2041 1104.3991
a range +59400 +63600 2024 9012 1104.7508
a range +60000 +63600 2040 9010 1105.0519
a range +58800 +63600 2062 9007 1105.0598
a range +58800 +63600 9007 2062 1105.0598
a range +60000 +63600 9010 2040 1105.0519
a range +59400 +63600 9012 2024 1104.7508
a range +59400 +64200 2009 9009 1104.6067
a range +62400 +64200 2023 9006 1104.759
a range +63000 +64200 2033 9001 1105.0456
a range +63000 +64200 2058 9003 1104.7863
a range +63000 +64200 9001 2033 1105.0456
a range +63000 +64200 9003 2058 1104.7863
a range +62400 +64200 9006 2023 1104.759
a range +59400 +64200 9009 2009 1104.6067
a range +63600 +64800 2056 9012 1104.7711
a range +63600 +64800 9012 2056 1104.7711
a range +64200 +66000 2009 9001 1104.5911
a range +64200 +66000 9001 2009 1104.5911
a range +63600 +66600 2020 9010 1105.043
a range +64800 +66600 2054 9012 1104.7452
a range +64200 +66600 2055 9009 1104.7508
a range +64200 +66600 9009 2055 1104.7508
a range +63600 +66600 9010 2020 1105.043
a range +64800 +66600 9012 2054 1104.7452
a range +52200 +67800 2048 9004 1104.5294
a range +63600 +67800 2050 9007 1105.061
a range +52200 +67800 9004 2048 1104.5294
a range +63600 +67800 9007 2050 1105.061
a range +66600 +68400 2031 9012 1104.77
a range +66600 +68400 2042 9009 1104.7453
a range +66600 +68400 9009 2042 1104.7453
a range +66600 +68400 9012 2031 1104.77
a range +64200 +69000 2029 9006 1104.7832
a range +64200 +69000 9006 2029 1104.7832
a range +66000 +69600 2006 9001 1105.0672
a range +69000 +69600 2017 9006 1104.7569
a range +67800 +69600 2032 9007 1105.0598
a range +68400 +69600 2061 9012 1104.7647
a range +66000 +69600 9001 2006 1105.0672
a range +69000 +69600 9006 2017 1104.7569
a range +67800 +69600 9007 2032 1105.0598
a range +68400 +69600 9012 2061 1104.7647
a range +66600 +70200 2015 9010 1104.7753
a range +64200 +70200 2034 9003 1104.7739
a range +64200 +70200 9003 2034 1104.7739
a range +66600 +70200 9010 2015 1104.7753
a range +69600 +73200 2014 9012 1104.7853
a range +70200 +73200 2017 9010 1105.0814
a range +67800 +73200 2019 9004 1105.0617
a range +70200 +73200 2027 9003 1104.7794
a range +70200 +73200 9003 2027 1104.7794
a range +67800 +73200 9004 2019 1105.0617
a range +70200 +73200 9010 2017 1105.0814
a range +69600 +73200 9012 2014 1104.7853
a range +69600 +73800 2003 9001 1105.0533
a range +68400 +73800 2016 9009 1104.7018
a range +69600 +73800 2054 9007 1105.0539
a range +69600 +73800 9001 2003 1105.0533
a range +69600 +73800 9007 2054 1105.0539
a range +68400 +73800 9009 2016 1104.7018
a range +73200 +74400 2014 9004 1104.8928
a range +69600 +74400 2037 9006 1104.7672
a range +73200 +74400 9004 2014 1104.8928
a range +69600 +74400 9006 2037 1104.7672
a range +73200 +75000 2018 9010 1105.0774
a range +73200 +75000 9010 2018 1105.0774
a range +73800 +75600 2021 9009 1104.7925
a range +73200 +75600 2030 9003 1104.7774
a range +73800 +75600 2061 9007 1105.0506
a range +73200 +75600 9003 2030 1104.7774
a range +73800 +75600 9007 2061 1105.0506
a range +73800 +75600 9009 2021 1104.7925
a range +74400 +76200 2015 9006 1104.7971
a range +74400 +76200 9006 2015 1104.7971
a range +74400 +76800 2036 9004 1105.0633
a range +74400 +76800 9004 2036 1105.0633
a range +75000 +77400 2033 9010 1105.0456
a range +73800 +77400 2052 9001 1105.0277
a range +73800 +77400 9001 2052 1105.0277
a range +75000 +77400 9010 2033 1105.0456
a range +75600 +78000 2008 9007 1105.0545
a range +75600 +78000 9007 2008 1105.0545
a range +76200 +78600 2002 9006 1104.7826
a range +75600 +78600 2041 9009 1104.7569
a range +73200 +78600 2051 9012 1104.7988
a range +75600 +78600 2062 9003 1104.7633
a range +75600 +78600 9003 2062 1104.7633
a range +76200 +78600 9006 2002 1104.7826
a range +75600 +78600 9009 2041 1104.7569
a range +73200 +78600 9012 2051 1104.7988
a range +77400 +79800 2019 9010 1105.0617
a range +77400 +79800 9010 2019 1105.0617
a range +78600 +81600 2011 9008 1105.0787
a range +77400 +81600 2021 9001 1105.0337
a range +78600 +81600 2025 9005 1105.0729
a range +77400 +81600 9001 2021 1105.0337
a range +78600 +81600 9005 2025 1105.0729
a range +78600 +81600 9008 2011 1105.0787
a range +78000 +82200 2013 9007 1104.9865
a range +81600 +82200 2017 9001 1105.0814
a range +76800 +82200 2022 9004 1105.0377
a range +81600 +82200 9001 2017 1105.0814
a range +76800 +82200 9004 2022 1105.0377
a range +78000 +82200 9007 2013 1104.9865
a range +78600 +82800 2020 9002 1105.0502
a range +78600 +82800 2034 9011 1105.053
a range +78600 +82800 9002 2020 1105.0502
a range +78600 +82800 9011 2034 1105.053
a range +82200 +83400 2016 9001 1105.0345
a range +82200 +83400 9001 2016 1105.0345
a range +81600 +84000 2043 9005 1105.0861
a range +82200 +84000 2049 9007 1105.0807
a range +81600 +84000 9005 2043 1105.0861
a range +82200 +84000 9007 2049 1105.0807
a range +79800 +84600 2001 9010 1105.0486
a range +82800 +84600 2047 9011 1105.0434
a range +79800 +84600 9010 2001 1105.0486
a range +82800 +84600 9011 2047 1105.0434
a range +84600 +85200 2019 9010 1105.0617
a range +84600 +85200 9010 2019 1105.0617
a range +82800 +86400 2007 9002 1105.0697
a range +81600 +86400 2012 9008 1105.0879
a range +84600 +86400 2023 9011 1105.0611
a range +85200 +86400 2030 9010 1105.0482
a range +82200 +86400 2035 9004 1105.0531
a range +84000 +86400 2045 9007 1105.078
a range +84000 +86400 2049 9005 1105.088
a range +83400 +86400 2050 9001 1105.061
a range +83400 +86400 9001 2050 1105.061
a range +82800 +86400 9002 2007 1105.0697
a range +82200 +86400 9004 2035 1105.0531
a range +84000 +86400 9005 2049 1105.088
a range +84000 +86400 9007 2045 1105.078
a range +81600 +86400 9008 2012 1105.0879
a range +85200 +86400 9010 2030 1105.0482
a range +84600 +86400 9011 2023 1105.0611
