a contact +200 +300 2013 2014 1000
a contact +200 +300 2014 2013 1000
a contact +300 +500 2004 2020 1000
a contact +300 +500 2012 2013 1000
a contact +300 +500 2013 2012 1000
a contact +300 +500 2020 2004 1000
a contact +800 +900 2003 2011 1000
a contact +800 +900 2011 2003 1000
a contact +800 +900 2017 2018 1000
a contact +800 +900 2018 2017 1000
a contact +900 +1000 2004 9001 1000
a contact +900 +1000 2005 2015 1000
a contact +900 +1000 2015 2005 1000
a contact +900 +1000 9001 2004 1000
a contact +1100 +1400 2018 9002 1000
a contact +1100 +1400 9002 2018 1000
a contact +1400 +1600 2004 2005 1000
a contact +1400 +1600 2005 2004 1000
a contact +1400 +1600 2010 9002 1000
a contact +1400 +1600 9002 2010 1000
a contact +1800 +1900 2007 2012 1000
a contact +1800 +1900 2012 2007 1000
a contact +2200 +2400 2001 2015 1000
a contact +2200 +2400 2015 2001 1000
a contact +2600 +2800 1002 2009 1000
a contact +2600 +2800 2009 1002 1000
a contact +2800 +2900 2007 2012 1000
a contact +2800 +2900 2012 2007 1000
a contact +3000 +3300 1002 2006 1000
a contact +3000 +3300 2006 1002 1000
a contact +3300 +3600 1001 2011 1000
a contact +3300 +3600 2011 1001 1000
a contact +4200 +4300 1002 2007 1000
a contact +4200 +4300 2007 1002 1000
a contact +4200 +4300 2012 9002 1000
a contact +4200 +4300 9002 2012 1000
a contact +4400 +4700 1001 2013 1000
a contact +4400 +4700 2013 1001 1000
a contact +4900 +5200 2002 2010 1000
a contact +4900 +5200 2010 2002 1000
a contact +5500 +5700 2004 2009 1000
a contact +5500 +5700 2009 2004 1000
a contact +5800 +5900 2008 9002 1000
a contact +5800 +5900 9002 2008 1000
a contact +5900 +6000 2007 2019 1000
a contact +5900 +6000 2008 2018 1000
a contact +5900 +6000 2018 2008 1000
a contact +5900 +6000 2019 2007 1000
a contact +6700 +6800 2004 2005 1000
a contact +6700 +6800 2005 2004 1000
a contact +7200 +7400 1002 9002 1000
a contact +7200 +7400 2007 2018 1000
a contact +7200 +7400 2018 2007 1000
a contact +7200 +7400 9002 1002 1000
a contact +8100 +8200 2004 2015 1000
a contact +8100 +8200 2015 2004 1000
a contact +8600 +8700 1002 9003 1000
a contact +8600 +8700 9003 1002 1000
a contact +8900 +9100 2008 2016 1000
a contact +8900 +9100 2016 2008 1000
a contact +9100 +9300 1002 2020 1000
a contact +9100 +9300 2001 9002 1000
a contact +9100 +9300 2020 1002 1000
a contact +9100 +9300 9002 2001 1000
a contact +9700 +10000 1001 2015 1000
a contact +9700 +10000 2015 1001 1000
a contact +10800 +11200 1001 2014 1000
a contact +10800 +11200 2002 2007 1000
a contact +10800 +11200 2007 2002 1000
a contact +10800 +11200 2014 1001 1000
a contact +11200 +11300 1002 2007 1000
a contact +11200 +11300 2007 1002 1000
a contact +11300 +11500 2016 9001 1000
a contact +11300 +11500 9001 2016 1000
a contact +11600 +11800 2007 2012 1000
a contact +11600 +11800 2012 2007 1000
a contact +12000 +12200 2008 2014 1000
a contact +12000 +12200 2014 2008 1000
a contact +12200 +12300 2003 2004 1000
a contact +12200 +12300 2004 2003 1000
a contact +12200 +12300 2010 2011 1000
a contact +12200 +12300 2011 2010 1000
a contact +13100 +13200 2009 2018 1000
a contact +13100 +13200 2018 2009 1000
a contact +14300 +14600 2014 9002 1000
a contact +14300 +14600 9002 2014 1000
a contact +14600 +15000 1001 2003 1000
a contact +14600 +15000 2003 1001 1000
a contact +15200 +15300 2007 2013 1000
a contact +15200 +15300 2009 2015 1000
a contact +15200 +15300 2013 2007 1000
a contact +15200 +15300 2015 2009 1000
a contact +15300 +15600 1002 9001 1000
a contact +15300 +15600 9001 1002 1000
a contact +15600 +15800 2001 2016 1000
a contact +15600 +15800 2016 2001 1000
a contact +15800 +16000 1001 2020 1000
a contact +15800 +16000 2020 1001 1000
a contact +16100 +16200 2015 2020 1000
a contact +16100 +16200 2020 2015 1000
a contact +16400 +16500 1001 2013 1000
a contact +16400 +16500 2013 1001 1000
a contact +16700 +16800 2015 2020 1000
a contact +16700 +16800 2020 2015 1000
a contact +16800 +17000 1002 2017 1000
a contact +16800 +17000 2006 2020 1000
a contact +16800 +17000 2017 1002 1000
a contact +16800 +17000 2020 2006 1000
a contact +17000 +17100 2003 2014 1000
a contact +17000 +17100 2014 2003 1000
a contact +17200 +17300 1001 2007 1000
a contact +17200 +17300 2007 1001 1000
a contact +17300 +17600 2004 2011 1000
a contact +17300 +17600 2011 2004 1000
a contact +18000 +18100 2012 9002 1000
a contact +18000 +18100 9002 2012 1000
a contact +18400 +18700 2008 2016 1000
a contact +18400 +18700 2016 2008 1000
a contact +18700 +18800 2004 2005 1000
a contact +18700 +18800 2005 2004 1000
a contact +18900 +19000 2007 2008 1000
a contact +18900 +19000 2008 2007 1000
a contact +18900 +19000 2009 2010 1000
a contact +18900 +19000 2010 2009 1000
a contact +19500 +19800 2003 2020 1000
a contact +19500 +19800 2020 2003 1000
a contact +19800 +19900 2010 2020 1000
a contact +19800 +19900 2020 2010 1000
a contact +20000 +20200 1002 2009 1000
a contact +20000 +20200 2009 1002 1000
a contact +20200 +20500 2001 9002 1000
a contact +20200 +20500 9002 2001 1000
a contact +20800 +20900 2007 2013 1000
a contact +20800 +20900 2013 2007 1000
a contact +21900 +22100 2004 2014 1000
a contact +21900 +22100 2014 2004 1000
a contact +22500 +22600 2001 2016 1000
a contact +22500 +22600 2016 2001 1000
a contact +23200 +23300 1001 9003 1000
a contact +23200 +23300 9003 1001 1000
a contact +23600 +24000 1001 9003 1000
a contact +23600 +24000 9003 1001 1000
a contact +24200 +24400 1001 9003 1000
a contact +24200 +24400 9003 1001 1000
a contact +24400 +24500 2009 2017 1000
a contact +24400 +24500 2017 2009 1000
a contact +24700 +25200 1001 9003 1000
a contact +24700 +25200 9003 1001 1000
a contact +25400 +25500 2004 2015 1000
a contact +25400 +25500 2015 2004 1000
a contact +25500 +25600 2005 2020 1000
a contact +25500 +25600 2020 2005 1000
a contact +27500 +27800 1001 2017 1000
a contact +27400 +27800 2008 2016 1000
a contact +27400 +27800 2016 2008 1000
a contact +27500 +27800 2017 1001 1000
a contact +28600 +29000 2005 2015 1000
a contact +28600 +29000 2015 2005 1000
a contact +29400 +29700 1002 2009 1000
a contact +29400 +29700 2002 2019 1000
a contact +29400 +29700 2009 1002 1000
a contact +29400 +29700 2019 2002 1000
a contact +30500 +30700 1002 2006 1000
a contact +30500 +30700 2006 1002 1000
a contact +30800 +31100 2004 9002 1000
a contact +30800 +31100 9002 2004 1000
a contact +31300 +31600 1002 2011 1000
a contact +31300 +31600 2011 1002 1000
a contact +31600 +31800 1002 2004 1000
a contact +31600 +31800 2004 1002 1000
a contact +31600 +31800 2005 2012 1000
a contact +31600 +31800 2012 2005 1000
a contact +32100 +32200 2007 2016 1000
a contact +32100 +32200 2016 2007 1000
a contact +33200 +33400 1002 2018 1000
a contact +33200 +33400 2018 1002 1000
a contact +33900 +34000 2004 2012 1000
a contact +33900 +34000 2012 2004 1000
a contact +36000 +36100 2003 2007 1000
a contact +36000 +36100 2004 2011 1000
a contact +36000 +36100 2007 2003 1000
a contact +36000 +36100 2011 2004 1000
a contact +36000 +36100 2012 2016 1000
a contact +36000 +36100 2016 2012 1000
a contact +36100 +36200 2005 2019 1000
a contact +36100 +36200 2012 2018 1000
a contact +36100 +36200 2018 2012 1000
a contact +36100 +36200 2019 2005 1000
a contact +37600 +37700 2003 2011 1000
a contact +37600 +37700 2011 2003 1000
a contact +39500 +39600 2009 2014 1000
a contact +39500 +39600 2014 2009 1000
a contact +39700 +39800 2011 2020 1000
a contact +39700 +39800 2020 2011 1000
a contact +40300 +40500 2005 2017 1000
a contact +40300 +40500 2017 2005 1000
a contact +40500 +40600 1001 2015 1000
a contact +40500 +40600 2015 1001 1000
a contact +41000 +41100 1002 2019 1000
a contact +41000 +41100 2009 9002 1000
a contact +41000 +41100 2019 1002 1000
a contact +41000 +41100 9002 2009 1000
a contact +41400 +41500 2006 2011 1000
a contact +41400 +41500 2011 2006 1000
a contact +41500 +41600 1002 9002 1000
a contact +41500 +41600 9002 1002 1000
a contact +42000 +42200 2003 2018 1000
a contact +42000 +42200 2018 2003 1000
a contact +43100 +43200 2011 2020 1000
a contact +43100 +43200 2020 2011 1000
a contact +43400 +43500 2009 2017 1000
a contact +43400 +43500 2017 2009 1000
a contact +44000 +44100 2006 2016 1000
a contact +44000 +44100 2016 2006 1000
a contact +44300 +44400 2019 2020 1000
a contact +44300 +44400 2020 2019 1000
a contact +44500 +44800 2003 2013 1000
a contact +44500 +44800 2013 2003 1000
a contact +44800 +45100 1002 9002 1000
a contact +44800 +45100 9002 1002 1000
a contact +45200 +45300 2017 2018 1000
a contact +45200 +45300 2018 2017 1000
a contact +45300 +45400 2004 2010 1000
a contact +45300 +45400 2010 2004 1000
a contact +45600 +45700 1002 2008 1000
a contact +45600 +45700 2008 1002 1000
a contact +45700 +45900 2002 2013 1000
a contact +45700 +45900 2013 2002 1000
a contact +46200 +46300 2007 2013 1000
a contact +46200 +46300 2009 2015 1000
a contact +46200 +46300 2013 2007 1000
a contact +46200 +46300 2015 2009 1000
a contact +46600 +46700 1002 2020 1000
a contact +46600 +46700 2008 2016 1000
a contact +46600 +46700 2015 2019 1000
a contact +46600 +46700 2016 2008 1000
a contact +46600 +46700 2019 2015 1000
a contact +46600 +46700 2020 1002 1000
a contact +47300 +47400 2001 2009 1000
a contact +47300 +47400 2002 2012 1000
a contact +47300 +47400 2003 2011 1000
a contact +47300 +47400 2009 2001 1000
a contact +47300 +47400 2011 2003 1000
a contact +47300 +47400 2012 2002 1000
a contact +48100 +48200 2011 2012 1000
a contact +48100 +48200 2012 2011 1000
a contact +48200 +48300 2012 2016 1000
a contact +48200 +48300 2016 2012 1000
a contact +48300 +48500 2002 2019 1000
a contact +48300 +48500 2019 2002 1000
a contact +48900 +49000 2009 2014 1000
a contact +48900 +49000 2014 2009 1000
a contact +49300 +49500 2001 2017 1000
a contact +49300 +49500 2017 2001 1000
a contact +49500 +49700 2005 2019 1000
a contact +49500 +49700 2019 2005 1000
a contact +50200 +50300 2011 2016 1000
a contact +50200 +50300 2016 2011 1000
a contact +50700 +50800 1002 2009 1000
a contact +50700 +50800 2002 2011 1000
a contact +50700 +50800 2009 1002 1000
a contact +50700 +50800 2011 2002 1000
a contact +50800 +50900 2019 2020 1000
a contact +50800 +50900 2020 2019 1000
a contact +51200 +51600 2007 2018 1000
a contact +51200 +51600 2018 2007 1000
a contact +51800 +51900 2002 9003 1000
a contact +51800 +51900 9003 2002 1000
a contact +52000 +52300 2008 9003 1000
a contact +52000 +52300 9003 2008 1000
a contact +52300 +52700 2009 2017 1000
a contact +52300 +52700 2017 2009 1000
a contact +52700 +52800 2008 2017 1000
a contact +52700 +52800 2017 2008 1000
a contact +53000 +53100 1002 2016 1000
a contact +53000 +53100 2016 1002 1000
a contact +53500 +53700 1002 2013 1000
a contact +53500 +53700 2013 1002 1000
a contact +53800 +54200 2004 2011 1000
a contact +53800 +54200 2011 2004 1000
a contact +54200 +54400 1002 2015 1000
a contact +54200 +54400 2015 1002 1000
a contact +54700 +54800 2005 2006 1000
a contact +54700 +54800 2006 2005 1000
a contact +54800 +54900 1001 2015 1000
a contact +54800 +54900 2015 1001 1000
a contact +55000 +55400 2001 2016 1000
a contact +55000 +55400 2002 2008 1000
a contact +55000 +55400 2008 2002 1000
a contact +55000 +55400 2012 9001 1000
a contact +55000 +55400 2016 2001 1000
a contact +55000 +55400 9001 2012 1000
a contact +55400 +55600 1002 2014 1000
a contact +55400 +55600 2014 1002 1000
a contact +55600 +55700 2014 2019 1000
a contact +55600 +55700 2019 2014 1000
a contact +56400 +56600 2015 9001 1000
a contact +56400 +56600 9001 2015 1000
a contact +56700 +56900 2002 2017 1000
a contact +56700 +56900 2017 2002 1000
a contact +56900 +57000 2011 2020 1000
a contact +56900 +57000 2015 2016 1000
a contact +56900 +57000 2016 2015 1000
a contact +56900 +57000 2020 2011 1000
a contact +57000 +57200 2016 2020 1000
a contact +57000 +57200 2020 2016 1000
a contact +57200 +57500 1002 2019 1000
a contact +57200 +57500 2019 1002 1000
a contact +57500 +57600 2008 9001 1000
a contact +57500 +57600 9001 2008 1000
a contact +58000 +58100 2014 2019 1000
a contact +58000 +58100 2019 2014 1000
a contact +58100 +58200 1001 2012 1000
a contact +58100 +58200 2012 1001 1000
a contact +58800 +59100 1001 2007 1000
a contact +58800 +59100 2003 2019 1000
a contact +58800 +59100 2007 1001 1000
a contact +58800 +59100 2019 2003 1000
a contact +59100 +59400 2006 2016 1000
a contact +59100 +59400 2008 2018 1000
a contact +59100 +59400 2012 9003 1000
a contact +59100 +59400 2016 2006 1000
a contact +59100 +59400 2018 2008 1000
a contact +59100 +59400 9003 2012 1000
a contact +59500 +59600 2016 9003 1000
a contact +59500 +59600 9003 2016 1000
a contact +60800 +61000 2004 2019 1000
a contact +60800 +61000 2019 2004 1000
a contact +61700 +62000 1001 2006 1000
a contact +61700 +62000 2006 1001 1000
a contact +62200 +62400 1002 2016 1000
a contact +62200 +62400 2016 1002 1000
a contact +62900 +63100 2007 2020 1000
a contact +62900 +63100 2020 2007 1000
a contact +63100 +63200 2015 9001 1000
a contact +63100 +63200 9001 2015 1000
a contact +63400 +63600 2008 9003 1000
a contact +63400 +63600 9003 2008 1000
a contact +64000 +64100 1002 2018 1000
a contact +64000 +64100 2018 1002 1000
a contact +64100 +64300 2007 9003 1000
a contact +64100 +64300 9003 2007 1000
a contact +64300 +64400 2018 2019 1000
a contact +64300 +64400 2019 2018 1000
a contact +64400 +64600 2002 2012 1000
a contact +64400 +64600 2008 2018 1000
a contact +64400 +64600 2012 2002 1000
a contact +64400 +64600 2018 2008 1000
a contact +65300 +65500 2008 2016 1000
a contact +65300 +65500 2016 2008 1000
a contact +65500 +65800 2002 2019 1000
a contact +65500 +65800 2019 2002 1000
a contact +66700 +66900 1002 2016 1000
a contact +66700 +66900 2016 1002 1000
a contact +67800 +67900 1001 2003 1000
a contact +67800 +67900 2003 1001 1000
a contact +68200 +68300 2011 2015 1000
a contact +68200 +68300 2015 2011 1000
a contact +68300 +68600 2013 2019 1000
a contact +68300 +68600 2019 2013 1000
a contact +68600 +68700 2016 9001 1000
a contact +68600 +68700 9001 2016 1000
a contact +69500 +69600 2004 2020 1000
a contact +69500 +69600 2020 2004 1000
a contact +69600 +69800 1001 2014 1000
a contact +69600 +69800 2014 1001 1000
a contact +70000 +70100 1002 2010 1000
a contact +70000 +70100 2010 1002 1000
a contact +70000 +70100 2017 2018 1000
a contact +70000 +70100 2018 2017 1000
a contact +71200 +71500 2009 2017 1000
a contact +71200 +71500 2017 2009 1000
a contact +71700 +71800 2010 2019 1000
a contact +71700 +71800 2019 2010 1000
a contact +71800 +72000 2014 2018 1000
a contact +71800 +72000 2018 2014 1000
a contact +72000 +72100 2013 2018 1000
a contact +72000 +72100 2018 2013 1000
a contact +72100 +72300 2001 2017 1000
a contact +72100 +72300 2017 2001 1000
a contact +72700 +72800 2008 9001 1000
a contact +72700 +72800 9001 2008 1000
a contact +73100 +73300 2002 2015 1000
a contact +73100 +73300 2015 2002 1000
a contact +73300 +73400 2009 2016 1000
a contact +73300 +73400 2016 2009 1000
a contact +73400 +73600 2004 2011 1000
a contact +73400 +73600 2011 2004 1000
a contact +73800 +74200 1001 2013 1000
a contact +73800 +74200 1002 2015 1000
a contact +73800 +74200 2013 1001 1000
a contact +73800 +74200 2015 1002 1000
a contact +74500 +74600 1002 2013 1000
a contact +74500 +74600 2005 2019 1000
a contact +74500 +74600 2013 1002 1000
a contact +74500 +74600 2019 2005 1000
a contact +74900 +75300 2006 2014 1000
a contact +74900 +75300 2008 2016 1000
a contact +74900 +75300 2014 2006 1000
a contact +74900 +75300 2016 2008 1000
a contact +75300 +75400 1001 2003 1000
a contact +75300 +75400 1002 2005 1000
a contact +75300 +75400 2003 1001 1000
a contact +75300 +75400 2005 1002 1000
a contact +75600 +75700 2003 2007 1000
a contact +75600 +75700 2007 2003 1000
a contact +75900 +76100 2001 2009 1000
a contact +75900 +76100 2009 2001 1000
a contact +76500 +76600 1002 2016 1000
a contact +76500 +76600 2004 2015 1000
a contact +76500 +76600 2015 2004 1000
a contact +76500 +76600 2016 1002 1000
a contact +76500 +76600 2020 9001 1000
a contact +76500 +76600 9001 2020 1000
a contact +77300 +77500 2008 2020 1000
a contact +77300 +77500 2020 2008 1000
a contact +77500 +77600 2012 2018 1000
a contact +77500 +77600 2018 2012 1000
a contact +78400 +78700 1002 2011 1000
a contact +78400 +78700 2011 1002 1000
a contact +78700 +79100 2009 9002 1000
a contact +78700 +79100 9002 2009 1000
a contact +79100 +79200 1001 2014 1000
a contact +79100 +79200 2014 1001 1000
a contact +79100 +79200 2015 9002 1000
a contact +79100 +79200 9002 2015 1000
a contact +79200 +79300 2016 2020 1000
a contact +79200 +79300 2020 2016 1000
a contact +79300 +79500 1002 2017 1000
a contact +79300 +79500 2017 1002 1000
a contact +79500 +79600 2011 2012 1000
a contact +79500 +79600 2012 2011 1000
a contact +80200 +80300 2003 9002 1000
a contact +80200 +80300 9002 2003 1000
a contact +80600 +80900 2013 2019 1000
a contact +80600 +80900 2019 2013 1000
a contact +81000 +81100 1001 2011 1000
a contact +81000 +81100 2011 1001 1000
a contact +81100 +81200 1001 2014 1000
a contact +81100 +81200 1002 2016 1000
a contact +81100 +81200 2014 1001 1000
a contact +81100 +81200 2016 1002 1000
a contact +81300 +81400 2004 2009 1000
a contact +81300 +81400 2009 2004 1000
a contact +81400 +81800 1002 2015 1000
a contact +81400 +81800 2006 9001 1000
a contact +81400 +81800 2015 1002 1000
a contact +81400 +81800 9001 2006 1000
a contact +82100 +82300 2003 2018 1000
a contact +82100 +82300 2004 2011 1000
a contact +82200 +82300 2008 2017 1000
a contact +82100 +82300 2011 2004 1000
a contact +82200 +82300 2017 2008 1000
a contact +82100 +82300 2018 2003 1000
a contact +83000 +83100 2003 2014 1000
a contact +83000 +83100 2014 2003 1000
a contact +83100 +83300 2003 2012 1000
a contact +83100 +83300 2012 2003 1000
a contact +83300 +83400 2008 2013 1000
a contact +83300 +83400 2013 2008 1000
a contact +83800 +83900 2008 2017 1000
a contact +83800 +83900 2017 2008 1000
a contact +83900 +84000 2016 9001 1000
a contact +83900 +84000 9001 2016 1000
a contact +84400 +84600 2013 9001 1000
a contact +84400 +84600 9001 2013 1000
a contact +85000 +85100 1002 2010 1000
a contact +85000 +85100 2010 1002 1000
a contact +85100 +85200 1002 2003 1000
a contact +85100 +85200 2003 1002 1000
a contact +85500 +85800 1001 2009 1000
a contact +85500 +85800 2009 1001 1000
a contact +85900 +86000 2001 2019 1000
a contact +85900 +86000 2019 2001 1000

a range +200 +300 2013 2014 0.0285
a range +200 +300 2014 2013 0.0285
a range +300 +500 2004 2020 0.0431
a range +300 +500 2012 2013 0.0285
a range +300 +500 2013 2012 0.0285
a range +300 +500 2020 2004 0.0431
a range +800 +900 2003 2011 0.0431
a range +800 +900 2011 2003 0.0431
a range +800 +900 2017 2018 0.0285
a range +800 +900 2018 2017 0.0285
a range +900 +1000 2004 9001 1102.3273
a range +900 +1000 2005 2015 0.0166
a range +900 +1000 2015 2005 0.0166
a range +900 +1000 9001 2004 1102.3273
a range +1100 +1400 2018 9002 1103.365
a range +1100 +1400 9002 2018 1103.365
a range +1400 +1600 2004 2005 0.0285
a range +1400 +1600 2005 2004 0.0285
a range +1400 +1600 2010 9002 1101.8986
a range +1400 +1600 9002 2010 1101.8986
a range +1800 +1900 2007 2012 0.0023
a range +1800 +1900 2012 2007 0.0023
a range +2200 +2400 2001 2015 0.0371
a range +2200 +2400 2015 2001 0.0371
a range +2600 +2800 1002 2009 1102.0597
a range +2600 +2800 2009 1002 1102.0597
a range +2800 +2900 2007 2012 0.0023
a range +2800 +2900 2012 2007 0.0023
a range +3000 +3300 1002 2006 1102.2174
a range +3000 +3300 2006 1002 1102.2174
a range +3300 +3600 1001 2011 1102.5215
a range +3300 +3600 2011 1001 1102.5215
a range +4200 +4300 1002 2007 1102.2399
a range +4200 +4300 2007 1002 1102.2399
a range +4200 +4300 2012 9002 1102.3468
a range +4200 +4300 9002 2012 1102.3468
a range +4400 +4700 1001 2013 1102.1591
a range +4400 +4700 2013 1001 1102.1591
a range +4900 +5200 2002 2010 0.043
a range +4900 +5200 2010 2002 0.043
a range +5500 +5700 2004 2009 0.0127
a range +5500 +5700 2009 2004 0.0127
a range +5800 +5900 2008 9002 1102.1823
a range +5800 +5900 9002 2008 1102.1823
a range +5900 +6000 2007 2019 0.0433
a range +5900 +6000 2008 2018 0.0311
a range +5900 +6000 2018 2008 0.0311
a range +5900 +6000 2019 2007 0.0433
a range +6700 +6800 2004 2005 0.0285
a range +6700 +6800 2005 2004 0.0285
a range +7200 +7400 1002 9002 0.0592
a range +7200 +7400 2007 2018 0.0261
a range +7200 +7400 2018 2007 0.0261
a range +7200 +7400 9002 1002 0.0592
a range +8100 +8200 2004 2015 0.0206
a range +8100 +8200 2015 2004 0.0206
a range +8600 +8700 1002 9003 0.0592
a range +8600 +8700 9003 1002 0.0592
a range +8900 +9100 2008 2016 0.0434
a range +8900 +9100 2016 2008 0.0434
a range +9100 +9300 1002 2020 1102.2341
a range +9100 +9300 2001 9002 1103.3763
a range +9100 +9300 2020 1002 1102.2341
a range +9100 +9300 9002 2001 1103.3763
a range +9700 +10000 1001 2015 1102.7075
a range +9700 +10000 2015 1001 1102.7075
a range +10800 +11200 1001 2014 1102.6941
a range +10800 +11200 2002 2007 0.0023
a range +10800 +11200 2007 2002 0.0023
a range +10800 +11200 2014 1001 1102.6941
a range +11200 +11300 1002 2007 1102.2399
a range +11200 +11300 2007 1002 1102.2399
a range +11300 +11500 2016 9001 1102.3341
a range +11300 +11500 9001 2016 1102.3341
a range +11600 +11800 2007 2012 0.0023
a range +11600 +11800 2012 2007 0.0023
a range +12000 +12200 2008 2014 0.0321
a range +12000 +12200 2014 2008 0.0321
a range +12200 +12300 2003 2004 0.0285
a range +12200 +12300 2004 2003 0.0285
a range +12200 +12300 2010 2011 0.0313
a range +12200 +12300 2011 2010 0.0313
a range +13100 +13200 2009 2018 0.0393
a range +13100 +13200 2018 2009 0.0393
a range +14300 +14600 2014 9002 1102.7866
a range +14300 +14600 9002 2014 1102.7866
a range +14600 +15000 1001 2003 1102.6811
a range +14600 +15000 2003 1001 1102.6811
a range +15200 +15300 2007 2013 0.0279
a range +15200 +15300 2009 2015 0.0265
a range +15200 +15300 2013 2007 0.0279
a range +15200 +15300 2015 2009 0.0265
a range +15300 +15600 1002 9001 0.0591
a range +15300 +15600 9001 1002 0.0591
a range +15600 +15800 2001 2016 0.0431
a range +15600 +15800 2016 2001 0.0431
a range +15800 +16000 1001 2020 1102.6983
a range +15800 +16000 2020 1001 1102.6983
a range +16100 +16200 2015 2020 0.009
a range +16100 +16200 2020 2015 0.009
a range +16400 +16500 1001 2013 1102.6711
a range +16400 +16500 2013 1001 1102.6711
a range +16700 +16800 2015 2020 0.009
a range +16700 +16800 2020 2015 0.009
a range +16800 +17000 1002 2017 1103.1541
a range +16800 +17000 2006 2020 0.0371
a range +16800 +17000 2017 1002 1103.1541
a range +16800 +17000 2020 2006 0.0371
a range +17000 +17100 2003 2014 0.0393
a range +17000 +17100 2014 2003 0.0393
a range +17200 +17300 1001 2007 1102.674
a range +17200 +17300 2007 1001 1102.674
a range +17300 +17600 2004 2011 0.0432
a range +17300 +17600 2011 2004 0.0432
a range +18000 +18100 2012 9002 1103.0834
a range +18000 +18100 9002 2012 1103.0834
a range +18400 +18700 2008 2016 0.0433
a range +18400 +18700 2016 2008 0.0433
a range +18700 +18800 2004 2005 0.0285
a range +18700 +18800 2005 2004 0.0285
a range +18900 +19000 2007 2008 0.0285
a range +18900 +19000 2008 2007 0.0285
a range +18900 +19000 2009 2010 0.0285
a range +18900 +19000 2010 2009 0.0285
a range +19500 +19800 2003 2020 0.0433
a range +19500 +19800 2020 2003 0.0433
a range +19800 +19900 2010 2020 0.0166
a range +19800 +19900 2020 2010 0.0166
a range +20000 +20200 1002 2009 1102.7282
a range +20000 +20200 2009 1002 1102.7282
a range +20200 +20500 2001 9002 1103.3763
a range +20200 +20500 9002 2001 1103.3763
a range +20800 +20900 2007 2013 0.0279
a range +20800 +20900 2013 2007 0.0279
a range +21900 +22100 2004 2014 0.0235
a range +21900 +22100 2014 2004 0.0235
a range +22500 +22600 2001 2016 0.043
a range +22500 +22600 2016 2001 0.043
a range +23200 +23300 1001 9003 0.0591
a range +23200 +23300 9003 1001 0.0591
a range +23600 +24000 1001 9003 0.0591
a range +23600 +24000 9003 1001 0.0591
a range +24200 +24400 1001 9003 0.0591
a range +24200 +24400 9003 1001 0.0591
a range +24400 +24500 2009 2017 0.043
a range +24400 +24500 2017 2009 0.043
a range +24700 +25200 1001 9003 0.0591
a range +24700 +25200 9003 1001 0.0591
a range +25400 +25500 2004 2015 0.0206
a range +25400 +25500 2015 2004 0.0206
a range +25500 +25600 2005 2020 0.0431
a range +25500 +25600 2020 2005 0.0431
a range +27500 +27800 1001 2017 1103.5911
a range +27400 +27800 2008 2016 0.0431
a range +27400 +27800 2016 2008 0.0431
a range +27500 +27800 2017 1001 1103.5911
a range +28600 +29000 2005 2015 0.0166
a range +28600 +29000 2015 2005 0.0166
a range +29400 +29700 1002 2009 1103.1273
a range +29400 +29700 2002 2019 0.0435
a range +29400 +29700 2009 1002 1103.1273
a range +29400 +29700 2019 2002 0.0435
a range +30500 +30700 1002 2006 1103.1535
a range +30500 +30700 2006 1002 1103.1535
a range +30800 +31100 2004 9002 1103.3742
a range +30800 +31100 9002 2004 1103.3742
a range +31300 +31600 1002 2011 1103.1532
a range +31300 +31600 2011 1002 1103.1532
a range +31600 +31800 1002 2004 1103.1375
a range +31600 +31800 2004 1002 1103.1375
a range +31600 +31800 2005 2012 0.0433
a range +31600 +31800 2012 2005 0.0433
a range +32100 +32200 2007 2016 0.031
a range +32100 +32200 2016 2007 0.031
a range +33200 +33400 1002 2018 1103.1485
a range +33200 +33400 2018 1002 1103.1485
a range +33900 +34000 2004 2012 0.0433
a range +33900 +34000 2012 2004 0.0433
a range +36000 +36100 2003 2007 0.0279
a range +36000 +36100 2004 2011 0.0434
a range +36000 +36100 2007 2003 0.0279
a range +36000 +36100 2011 2004 0.0434
a range +36000 +36100 2012 2016 0.0293
a range +36000 +36100 2016 2012 0.0293
a range +36100 +36200 2005 2019 0.043
a range +36100 +36200 2012 2018 0.0279
a range +36100 +36200 2018 2012 0.0279
a range +36100 +36200 2019 2005 0.043
a range +37600 +37700 2003 2011 0.043
a range +37600 +37700 2011 2003 0.043
a range +39500 +39600 2009 2014 0.0127
a range +39500 +39600 2014 2009 0.0127
a range +39700 +39800 2011 2020 0.0313
a range +39700 +39800 2020 2011 0.0313
a range +40300 +40500 2005 2017 0.043
a range +40300 +40500 2017 2005 0.043
a range +40500 +40600 1001 2015 1103.379
a range +40500 +40600 2015 1001 1103.379
a range +41000 +41100 1002 2019 1104.047
a range +41000 +41100 2009 9002 1103.377
a range +41000 +41100 2019 1002 1104.047
a range +41000 +41100 9002 2009 1103.377
a range +41400 +41500 2006 2011 0.0182
a range +41400 +41500 2011 2006 0.0182
a range +41500 +41600 1002 9002 0.0592
a range +41500 +41600 9002 1002 0.0592
a range +42000 +42200 2003 2018 0.0433
a range +42000 +42200 2018 2003 0.0433
a range +43100 +43200 2011 2020 0.0313
a range +43100 +43200 2020 2011 0.0313
a range +43400 +43500 2009 2017 0.0432
a range +43400 +43500 2017 2009 0.0432
a range +44000 +44100 2006 2016 0.0337
a range +44000 +44100 2016 2006 0.0337
a range +44300 +44400 2019 2020 0.0285
a range +44300 +44400 2020 2019 0.0285
a range +44500 +44800 2003 2013 0.0311
a range +44500 +44800 2013 2003 0.0311
a range +44800 +45100 1002 9002 0.0592
a range +44800 +45100 9002 1002 0.0592
a range +45200 +45300 2017 2018 0.0285
a range +45200 +45300 2018 2017 0.0285
a range +45300 +45400 2004 2010 0.0265
a range +45300 +45400 2010 2004 0.0265
a range +45600 +45700 1002 2008 1103.5946
a range +45600 +45700 2008 1002 1103.5946
a range +45700 +45900 2002 2013 0.0261
a range +45700 +45900 2013 2002 0.0261
a range +46200 +46300 2007 2013 0.0279
a range +46200 +46300 2009 2015 0.0265
a range +46200 +46300 2013 2007 0.0279
a range +46200 +46300 2015 2009 0.0265
a range +46600 +46700 1002 2020 1104.0566
a range +46600 +46700 2008 2016 0.0433
a range +46600 +46700 2015 2019 0.0265
a range +46600 +46700 2016 2008 0.0433
a range +46600 +46700 2019 2015 0.0265
a range +46600 +46700 2020 1002 1104.0566
a range +47300 +47400 2001 2009 0.043
a range +47300 +47400 2002 2012 0.0042
a range +47300 +47400 2003 2011 0.0433
a range +47300 +47400 2009 2001 0.043
a range +47300 +47400 2011 2003 0.0433
a range +47300 +47400 2012 2002 0.0042
a range +48100 +48200 2011 2012 0.0285
a range +48100 +48200 2012 2011 0.0285
a range +48200 +48300 2012 2016 0.0293
a range +48200 +48300 2016 2012 0.0293
a range +48300 +48500 2002 2019 0.0431
a range +48300 +48500 2019 2002 0.0431
a range +48900 +49000 2009 2014 0.0127
a range +48900 +49000 2014 2009 0.0127
a range +49300 +49500 2001 2017 0.0435
a range +49300 +49500 2017 2001 0.0435
a range +49500 +49700 2005 2019 0.0434
a range +49500 +49700 2019 2005 0.0434
a range +50200 +50300 2011 2016 0.0182
a range +50200 +50300 2016 2011 0.0182
a range +50700 +50800 1002 2009 1104.0384
a range +50700 +50800 2002 2011 0.031
a range +50700 +50800 2009 1002 1104.0384
a range +50700 +50800 2011 2002 0.031
a range +50800 +50900 2019 2020 0.0285
a range +50800 +50900 2020 2019 0.0285
a range +51200 +51600 2007 2018 0.0261
a range +51200 +51600 2018 2007 0.0261
a range +51800 +51900 2002 9003 1104.7562
a range +51800 +51900 9003 2002 1104.7562
a range +52000 +52300 2008 9003 1104.3712
a range +52000 +52300 9003 2008 1104.3712
a range +52300 +52700 2009 2017 0.0431
a range +52300 +52700 2017 2009 0.0431
a range +52700 +52800 2008 2017 0.0261
a range +52700 +52800 2017 2008 0.0261
a range +53000 +53100 1002 2016 1104.0597
a range +53000 +53100 2016 1002 1104.0597
a range +53500 +53700 1002 2013 1104.0311
a range +53500 +53700 2013 1002 1104.0311
a range +53800 +54200 2004 2011 0.0432
a range +53800 +54200 2011 2004 0.0432
a range +54200 +54400 1002 2015 1104.0647
a range +54200 +54400 2015 1002 1104.0647
a range +54700 +54800 2005 2006 0.0313
a range +54700 +54800 2006 2005 0.0313
a range +54800 +54900 1001 2015 1104.0494
a range +54800 +54900 2015 1001 1104.0494
a range +55000 +55400 2001 2016 0.0431
a range +55000 +55400 2002 2008 0.0279
a range +55000 +55400 2008 2002 0.0279
a range +55000 +55400 2012 9001 1104.525
a range +55000 +55400 2016 2001 0.0431
a range +55000 +55400 9001 2012 1104.525
a range +55400 +55600 1002 2014 1104.039
a range +55400 +55600 2014 1002 1104.039
a range +55600 +55700 2014 2019 0.0127
a range +55600 +55700 2019 2014 0.0127
a range +56400 +56600 2015 9001 1104.0992
a range +56400 +56600 9001 2015 1104.0992
a range +56700 +56900 2002 2017 0.0433
a range +56700 +56900 2017 2002 0.0433
a range +56900 +57000 2011 2020 0.0313
a range +56900 +57000 2015 2016 0.0313
a range +56900 +57000 2016 2015 0.0313
a range +56900 +57000 2020 2011 0.0313
a range +57000 +57200 2016 2020 0.0285
a range +57000 +57200 2020 2016 0.0285
a range +57200 +57500 1002 2019 1104.047
a range +57200 +57500 2019 1002 1104.047
a range +57500 +57600 2008 9001 1104.3658
a range +57500 +57600 9001 2008 1104.3658
a range +58000 +58100 2014 2019 0.0127
a range +58000 +58100 2019 2014 0.0127
a range +58100 +58200 1001 2012 1104.5221
a range +58100 +58200 2012 1001 1104.5221
a range +58800 +59100 1001 2007 1104.5228
a range +58800 +59100 2003 2019 0.0434
a range +58800 +59100 2007 1001 1104.5228
a range +58800 +59100 2019 2003 0.0434
a range +59100 +59400 2006 2016 0.0337
a range +59100 +59400 2008 2018 0.0311
a range +59100 +59400 2012 9003 1104.5379
a range +59100 +59400 2016 2006 0.0337
a range +59100 +59400 2018 2008 0.0311
a range +59100 +59400 9003 2012 1104.5379
a range +59500 +59600 2016 9003 1104.7658
a range +59500 +59600 9003 2016 1104.7658
a range +60800 +61000 2004 2019 0.0433
a range +60800 +61000 2019 2004 0.0433
a range +61700 +62000 1001 2006 1104.4962
a range +61700 +62000 2006 1001 1104.4962
a range +62200 +62400 1002 2016 1104.9544
a range +62200 +62400 2016 1002 1104.9544
a range +62900 +63100 2007 2020 0.0433
a range +62900 +63100 2020 2007 0.0433
a range +63100 +63200 2015 9001 1104.8133
a range +63100 +63200 9001 2015 1104.8133
a range +63400 +63600 2008 9003 1104.3712
a range +63400 +63600 9003 2008 1104.3712
a range +64000 +64100 1002 2018 1104.9537
a range +64000 +64100 2018 1002 1104.9537
a range +64100 +64300 2007 9003 1104.5221
a range +64100 +64300 9003 2007 1104.5221
a range +64300 +64400 2018 2019 0.0285
a range +64300 +64400 2019 2018 0.0285
a range +64400 +64600 2002 2012 0.0042
a range +64400 +64600 2008 2018 0.0311
a range +64400 +64600 2012 2002 0.0042
a range +64400 +64600 2018 2008 0.0311
a range +65300 +65500 2008 2016 0.0431
a range +65300 +65500 2016 2008 0.0431
a range +65500 +65800 2002 2019 0.0434
a range +65500 +65800 2019 2002 0.0434
a range +66700 +66900 1002 2016 1104.9544
a range +66700 +66900 2016 1002 1104.9544
a range +67800 +67900 1001 2003 1104.5159
a range +67800 +67900 2003 1001 1104.5159
a range +68200 +68300 2011 2015 0.0285
a range +68200 +68300 2015 2011 0.0285
a range +68300 +68600 2013 2019 0.0321
a range +68300 +68600 2019 2013 0.0321
a range +68600 +68700 2016 9001 1105.0495
a range +68600 +68700 9001 2016 1105.0495
a range +69500 +69600 2004 2020 0.0431
a range +69500 +69600 2020 2004 0.0431
a range +69600 +69800 1001 2014 1104.5032
a range +69600 +69800 2014 1001 1104.5032
a range +70000 +70100 1002 2010 1104.8413
a range +70000 +70100 2010 1002 1104.8413
a range +70000 +70100 2017 2018 0.0285
a range +70000 +70100 2018 2017 0.0285
a range +71200 +71500 2009 2017 0.0433
a range +71200 +71500 2017 2009 0.0433
a range +71700 +71800 2010 2019 0.0206
a range +71700 +71800 2019 2010 0.0206
a range +71800 +72000 2014 2018 0.0321
a range +71800 +72000 2018 2014 0.0321
a range +72000 +72100 2013 2018 0.0168
a range +72000 +72100 2018 2013 0.0168
a range +72100 +72300 2001 2017 0.0432
a range +72100 +72300 2017 2001 0.0432
a range +72700 +72800 2008 9001 1105.0782
a range +72700 +72800 9001 2008 1105.0782
a range +73100 +73300 2002 2015 0.0432
a range +73100 +73300 2015 2002 0.0432
a range +73300 +73400 2009 2016 0.0434
a range +73300 +73400 2016 2009 0.0434
a range +73400 +73600 2004 2011 0.0434
a range +73400 +73600 2011 2004 0.0434
a range +73800 +74200 1001 2013 1105.0495
a range +73800 +74200 1002 2015 1104.8621
a range +73800 +74200 2013 1001 1105.0495
a range +73800 +74200 2015 1002 1104.8621
a range +74500 +74600 1002 2013 1104.9492
a range +74500 +74600 2005 2019 0.0435
a range +74500 +74600 2013 1002 1104.9492
a range +74500 +74600 2019 2005 0.0435
a range +74900 +75300 2006 2014 0.043
a range +74900 +75300 2008 2016 0.043
a range +74900 +75300 2014 2006 0.043
a range +74900 +75300 2016 2008 0.043
a range +75300 +75400 1001 2003 1105.039
a range +75300 +75400 1002 2005 1104.9652
a range +75300 +75400 2003 1001 1105.039
a range +75300 +75400 2005 1002 1104.9652
a range +75600 +75700 2003 2007 0.0279
a range +75600 +75700 2007 2003 0.0279
a range +75900 +76100 2001 2009 0.043
a range +75900 +76100 2009 2001 0.043
a range +76500 +76600 1002 2016 1104.9544
a range +76500 +76600 2004 2015 0.0206
a range +76500 +76600 2015 2004 0.0206
a range +76500 +76600 2016 1002 1104.9544
a range +76500 +76600 2020 9001 1105.0538
a range +76500 +76600 9001 2020 1105.0538
a range +77300 +77500 2008 2020 0.0431
a range +77300 +77500 2020 2008 0.0431
a range +77500 +77600 2012 2018 0.0279
a range +77500 +77600 2018 2012 0.0279
a range +78400 +78700 1002 2011 1104.9504
a range +78400 +78700 2011 1002 1104.9504
a range +78700 +79100 2009 9002 1104.9597
a range +78700 +79100 9002 2009 1104.9597
a range +79100 +79200 1001 2014 1104.9176
a range +79100 +79200 2014 1001 1104.9176
a range +79100 +79200 2015 9002 1104.8328
a range +79100 +79200 9002 2015 1104.8328
a range +79200 +79300 2016 2020 0.0285
a range +79200 +79300 2020 2016 0.0285
a range +79300 +79500 1002 2017 1104.9484
a range +79300 +79500 2017 1002 1104.9484
a range +79500 +79600 2011 2012 0.0285
a range +79500 +79600 2012 2011 0.0285
a range +80200 +80300 2003 9002 1105.0741
a range +80200 +80300 9002 2003 1105.0741
a range +80600 +80900 2013 2019 0.0321
a range +80600 +80900 2019 2013 0.0321
a range +81000 +81100 1001 2011 1105.0081
a range +81000 +81100 2011 1001 1105.0081
a range +81100 +81200 1001 2014 1104.9176
a range +81100 +81200 1002 2016 1104.9544
a range +81100 +81200 2014 1001 1104.9176
a range +81100 +81200 2016 1002 1104.9544
a range +81300 +81400 2004 2009 0.0127
a range +81300 +81400 2009 2004 0.0127
a range +81400 +81800 1002 2015 1104.9747
a range +81400 +81800 2006 9001 1105.0351
a range +81400 +81800 2015 1002 1104.9747
a range +81400 +81800 9001 2006 1105.0351
a range +82100 +82300 2003 2018 0.0406
a range +82100 +82300 2004 2011 0.0366
a range +82200 +82300 2008 2017 0.0261
a range +82100 +82300 2011 2004 0.0366
a range +82200 +82300 2017 2008 0.0261
a range +82100 +82300 2018 2003 0.0406
a range +83000 +83100 2003 2014 0.0393
a range +83000 +83100 2014 2003 0.0393
a range +83100 +83300 2003 2012 0.0261
a range +83100 +83300 2012 2003 0.0261
a range +83300 +83400 2008 2013 0.0168
a range +83300 +83400 2013 2008 0.0168
a range +83800 +83900 2008 2017 0.0261
a range +83800 +83900 2017 2008 0.0261
a range +83900 +84000 2016 9001 1105.0495
a range +83900 +84000 9001 2016 1105.0495
a range +84400 +84600 2013 9001 1105.0774
a range +84400 +84600 9001 2013 1105.0774
a range +85000 +85100 1002 2010 1105.1006
a range +85000 +85100 2010 1002 1105.1006
a range +85100 +85200 1002 2003 1105.1208
a range +85100 +85200 2003 1002 1105.1208
a range +85500 +85800 1001 2009 1105.0455
a range +85500 +85800 2009 1001 1105.0455
a range +85900 +86000 2001 2019 0.028
a range +85900 +86000 2019 2001 0.028
