a contact +2000 +2400 2007 9002 1000
a contact +2000 +2400 9002 2007 1000
a contact +5600 +5700 2001 9002 1000
a contact +5600 +5700 9002 2001 1000
a contact +6200 +6700 2002 2008 1000
a contact +6200 +6700 2008 2002 1000
a contact +7900 +8300 2002 2006 1000
a contact +7900 +8300 2006 2002 1000
a contact +19500 +19600 2001 9002 1000
a contact +19500 +19600 9002 2001 1000
a contact +20600 +21100 2003 2008 1000
a contact +20600 +21100 2008 2003 1000
a contact +21900 +22400 2002 2006 1000
a contact +22000 +22400 2003 2007 1000
a contact +22000 +22400 2004 2008 1000
a contact +21900 +22400 2006 2002 1000
a contact +22000 +22400 2007 2003 1000
a contact +22000 +22400 2008 2004 1000
a contact +25500 +26000 2003 2008 1000
a contact +25500 +26000 2008 2003 1000
a contact +26800 +27200 2003 2007 1000
a contact +26800 +27200 2007 2003 1000
a contact +29300 +29800 1001 2002 1000
a contact +29300 +29800 2002 1001 1000
a contact +30300 +30800 2004 2007 1000
a contact +30300 +30800 2007 2004 1000
a contact +30800 +31300 2004 2006 1000
a contact +30800 +31300 2006 2004 1000
a contact +31500 +31900 2002 2006 1000
a contact +31500 +31900 2006 2002 1000
a contact +32700 +33200 2002 2007 1000
a contact +32700 +33200 2007 2002 1000
a contact +33200 +33700 2002 2005 1000
a contact +33200 +33700 2005 2002 1000
a contact +35200 +35700 2002 2008 1000
a contact +35200 +35700 2004 2006 1000
a contact +35200 +35700 2006 2004 1000
a contact +35200 +35700 2008 2002 1000
a contact +35700 +36000 2002 2007 1000
a contact +35700 +36000 2007 2002 1000
a contact +36000 +36200 2002 2005 1000
a contact +36000 +36200 2005 2002 1000
a contact +36200 +36600 2003 2007 1000
a contact +36200 +36600 2007 2003 1000
a contact +40200 +40700 2006 9001 1000
a contact +40200 +40700 9001 2006 1000
a contact +40700 +40900 2002 2007 1000
a contact +40700 +40900 2007 2002 1000
a contact +41300 +41800 2002 9001 1000
a contact +41300 +41800 9001 2002 1000
a contact +41800 +41900 2003 9001 1000
a contact +41800 +41900 9001 2003 1000
a contact +41900 +42400 2004 9001 1000
a contact +41900 +42400 9001 2004 1000
a contact +43400 +43900 2001 2006 1000
a contact +43400 +43900 2006 2001 1000
a contact +43900 +44400 1001 2006 1000
a contact +43900 +44400 2006 1001 1000
a contact +45600 +46000 2005 9001 1000
a contact +45600 +46000 9001 2005 1000
a contact +48000 +48500 1001 2005 1000
a contact +48000 +48500 2005 1001 1000
a contact +49000 +49500 2003 2006 1000
a contact +49000 +49500 2006 2003 1000
a contact +49500 +50000 2001 2004 1000
a contact +49500 +50000 2004 2001 1000
a contact +50700 +50800 2001 2008 1000
a contact +50700 +50800 2002 9001 1000
a contact +50700 +50800 2008 2001 1000
a contact +50700 +50800 9001 2002 1000
a contact +50800 +51300 2003 2008 1000
a contact +50700 +51300 2004 9001 1000
a contact +50800 +51300 2008 2003 1000
a contact +50700 +51300 9001 2004 1000
a contact +51300 +51800 2004 2006 1000
a contact +51300 +51800 2006 2004 1000
a contact +51800 +52300 2002 9001 1000
a contact +51800 +52300 9001 2002 1000
a contact +52800 +52900 2003 9001 1000
a contact +52800 +52900 9001 2003 1000
a contact +52900 +53400 2003 9001 1000
a contact +52900 +53400 9001 2003 1000
a contact +54900 +55000 2003 2008 1000
a contact +54900 +55000 2004 9001 1000
a contact +54900 +55000 2008 2003 1000
a contact +54900 +55000 9001 2004 1000
a contact +56400 +56500 2003 2008 1000
a contact +56400 +56500 2008 2003 1000
a contact +56500 +57000 2004 9002 1000
a contact +56500 +57000 9002 2004 1000
a contact +57000 +57500 2006 9001 1000
a contact +57000 +57500 9001 2006 1000
a contact +58000 +58500 2004 9001 1000
a contact +58000 +58500 9001 2004 1000
a contact +58500 +59000 1001 2008 1000
a contact +58500 +59000 2008 1001 1000
a contact +59500 +59800 1001 2003 1000
a contact +59500 +59800 2003 1001 1000
a contact +59500 +59800 2005 9002 1000
a contact +59500 +59800 9002 2005 1000
a contact +61200 +61900 2001 9001 1000
a contact +61400 +61900 2007 9002 1000
a contact +61200 +61900 9001 2001 1000
a contact +61400 +61900 9002 2007 1000
a contact +62400 +62900 2003 9001 1000
a contact +62400 +62900 9001 2003 1000
a contact +63400 +63900 1001 2007 1000
a contact +63400 +63900 2007 1001 1000
a contact +64400 +64500 2002 9001 1000
a contact +64400 +64500 9001 2002 1000
a contact +66000 +66500 1001 2003 1000
a contact +66000 +66500 2003 1001 1000
a contact +68800 +69200 1001 2008 1000
a contact +68800 +69200 2008 1001 1000
a contact +70100 +70600 1001 2003 1000
a contact +70100 +70600 2003 1001 1000
a contact +70100 +70600 2006 9001 1000
a contact +70100 +70600 9001 2006 1000
a contact +71100 +71600 2001 9001 1000
a contact +71100 +71600 9001 2001 1000
a contact +72400 +72900 2004 9001 1000
a contact +72400 +72900 9001 2004 1000
a contact +73900 +74300 2004 9002 1000
a contact +73900 +74300 9002 2004 1000
a contact +74300 +74800 2008 9002 1000
a contact +74300 +74800 9002 2008 1000
a contact +74800 +75300 2003 9002 1000
a contact +74800 +75300 9002 2003 1000
a contact +75800 +76300 1001 2003 1000
a contact +75800 +76300 2003 1001 1000
a contact +76300 +76800 2005 9001 1000
a contact +76300 +76800 9001 2005 1000
a contact +78600 +79000 1001 2003 1000
a contact +78600 +79000 2003 1001 1000
a contact +78600 +79000 2008 9002 1000
a contact +78600 +79000 9002 2008 1000
a contact +79000 +79500 2002 9002 1000
a contact +79000 +79500 9002 2002 1000
a contact +79500 +80000 2004 9002 1000
a contact +79500 +80000 9002 2004 1000
a contact +80500 +81000 2008 9002 1000
a contact +80500 +81000 9002 2008 1000
a contact +81600 +82100 2006 9001 1000
a contact +81600 +82100 9001 2006 1000
a contact +82100 +82500 2003 9002 1000
a contact +82100 +82500 9002 2003 1000
a contact +82500 +83000 2006 9002 1000
a contact +82500 +83000 9002 2006 1000
a contact +83000 +83300 2002 9002 1000
a contact +83000 +83300 9002 2002 1000
a contact +83300 +83700 2005 9002 1000
a contact +83300 +83700 9002 2005 1000
a contact +84700 +85200 1001 2005 1000
a contact +84700 +85200 2001 2006 1000
a contact +84700 +85200 2003 9002 1000
a contact +84700 +85200 2005 1001 1000
a contact +84700 +85200 2006 2001 1000
a contact +84700 +85200 9002 2003 1000
a contact +85200 +85700 2001 9001 1000
a contact +85200 +85700 2002 9002 1000
a contact +85200 +85700 9001 2001 1000
a contact +85200 +85700 9002 2002 1000
a contact +86200 +86400 2003 9001 1000
a contact +86200 +86400 9001 2003 1000

a range +2000 +2400 2007 9002 1102.5092
a range +2000 +2400 9002 2007 1102.5092
a range +5600 +5700 2001 9002 1102.5092
a range +5600 +5700 9002 2001 1102.5092
a range +6200 +6700 2002 2008 0.0337
a range +6200 +6700 2008 2002 0.0337
a range +7900 +8300 2002 2006 0.0431
a range +7900 +8300 2006 2002 0.0431
a range +19500 +19600 2001 9002 1102.5092
a range +19500 +19600 9002 2001 1102.5092
a range +20600 +21100 2003 2008 0.031
a range +20600 +21100 2008 2003 0.031
a range +21900 +22400 2002 2006 0.043
a range +22000 +22400 2003 2007 0.0434
a range +22000 +22400 2004 2008 0.043
a range +21900 +22400 2006 2002 0.043
a range +22000 +22400 2007 2003 0.0434
a range +22000 +22400 2008 2004 0.043
a range +25500 +26000 2003 2008 0.031
a range +25500 +26000 2008 2003 0.031
a range +26800 +27200 2003 2007 0.0434
a range +26800 +27200 2007 2003 0.0434
a range +29300 +29800 1001 2002 1103.2701
a range +29300 +29800 2002 1001 1103.2701
a range +30300 +30800 2004 2007 0.031
a range +30300 +30800 2007 2004 0.031
a range +30800 +31300 2004 2006 0.0337
a range +30800 +31300 2006 2004 0.0337
a range +31500 +31900 2002 2006 0.0433
a range +31500 +31900 2006 2002 0.0433
a range +32700 +33200 2002 2007 0.0374
a range +32700 +33200 2007 2002 0.0374
a range +33200 +33700 2002 2005 0.031
a range +33200 +33700 2005 2002 0.031
a range +35200 +35700 2002 2008 0.0337
a range +35200 +35700 2004 2006 0.0337
a range +35200 +35700 2006 2004 0.0337
a range +35200 +35700 2008 2002 0.0337
a range +35700 +36000 2002 2007 0.0374
a range +35700 +36000 2007 2002 0.0374
a range +36000 +36200 2002 2005 0.031
a range +36000 +36200 2005 2002 0.031
a range +36200 +36600 2003 2007 0.0433
a range +36200 +36600 2007 2003 0.0433
a range +40200 +40700 2006 9001 1105.0857
a range +40200 +40700 9001 2006 1105.0857
a range +40700 +40900 2002 2007 0.0374
a range +40700 +40900 2007 2002 0.0374
a range +41300 +41800 2002 9001 1105.0591
a range +41300 +41800 9001 2002 1105.0591
a range +41800 +41900 2003 9001 1105.0857
a range +41800 +41900 9001 2003 1105.0857
a range +41900 +42400 2004 9001 1105.0859
a range +41900 +42400 9001 2004 1105.0859
a range +43400 +43900 2001 2006 0.031
a range +43400 +43900 2006 2001 0.031
a range +43900 +44400 1001 2006 1103.8862
a range +43900 +44400 2006 1001 1103.8862
a range +45600 +46000 2005 9001 1105.0856
a range +45600 +46000 9001 2005 1105.0856
a range +48000 +48500 1001 2005 1103.9089
a range +48000 +48500 2005 1001 1103.9089
a range +49000 +49500 2003 2006 0.0374
a range +49000 +49500 2006 2003 0.0374
a range +49500 +50000 2001 2004 0.0343
a range +49500 +50000 2004 2001 0.0343
a range +50700 +50800 2001 2008 0.0374
a range +50700 +50800 2002 9001 1105.0591
a range +50700 +50800 2008 2001 0.0374
a range +50700 +50800 9001 2002 1105.0591
a range +50800 +51300 2003 2008 0.031
a range +50700 +51300 2004 9001 1105.0859
a range +50800 +51300 2008 2003 0.031
a range +50700 +51300 9001 2004 1105.0859
a range +51300 +51800 2004 2006 0.0337
a range +51300 +51800 2006 2004 0.0337
a range +51800 +52300 2002 9001 1105.0591
a range +51800 +52300 9001 2002 1105.0591
a range +52800 +52900 2003 9001 1105.0857
a range +52800 +52900 9001 2003 1105.0857
a range +52900 +53400 2003 9001 1105.0857
a range +52900 +53400 9001 2003 1105.0857
a range +54900 +55000 2003 2008 0.031
a range +54900 +55000 2004 9001 1105.0859
a range +54900 +55000 2008 2003 0.031
a range +54900 +55000 9001 2004 1105.0859
a range +56400 +56500 2003 2008 0.031
a range +56400 +56500 2008 2003 0.031
a range +56500 +57000 2004 9002 1105.0691
a range +56500 +57000 9002 2004 1105.0691
a range +57000 +57500 2006 9001 1105.0857
a range +57000 +57500 9001 2006 1105.0857
a range +58000 +58500 2004 9001 1105.0859
a range +58000 +58500 9001 2004 1105.0859
a range +58500 +59000 1001 2008 1104.5666
a range +58500 +59000 2008 1001 1104.5666
a range +59500 +59800 1001 2003 1104.57
a range +59500 +59800 2003 1001 1104.57
a range +59500 +59800 2005 9002 1105.0688
a range +59500 +59800 9002 2005 1105.0688
a range +61200 +61900 2001 9001 1105.0594
a range +61400 +61900 2007 9002 1105.0426
a range +61200 +61900 9001 2001 1105.0594
a range +61400 +61900 9002 2007 1105.0426
a range +62400 +62900 2003 9001 1105.0857
a range +62400 +62900 9001 2003 1105.0857
a range +63400 +63900 1001 2007 1104.5405
a range +63400 +63900 2007 1001 1104.5405
a range +64400 +64500 2002 9001 1105.0591
a range +64400 +64500 9001 2002 1105.0591
a range +66000 +66500 1001 2003 1104.57
a range +66000 +66500 2003 1001 1104.57
a range +68800 +69200 1001 2008 1104.5666
a range +68800 +69200 2008 1001 1104.5666
a range +70100 +70600 1001 2003 1104.57
a range +70100 +70600 2003 1001 1104.57
a range +70100 +70600 2006 9001 1105.0857
a range +70100 +70600 9001 2006 1105.0857
a range +71100 +71600 2001 9001 1105.0594
a range +71100 +71600 9001 2001 1105.0594
a range +72400 +72900 2004 9001 1105.0859
a range +72400 +72900 9001 2004 1105.0859
a range +73900 +74300 2004 9002 1105.0691
a range +73900 +74300 9002 2004 1105.0691
a range +74300 +74800 2008 9002 1105.0425
a range +74300 +74800 9002 2008 1105.0425
a range +74800 +75300 2003 9002 1105.0688
a range +74800 +75300 9002 2003 1105.0688
a range +75800 +76300 1001 2003 1105.1012
a range +75800 +76300 2003 1001 1105.1012
a range +76300 +76800 2005 9001 1105.0856
a range +76300 +76800 9001 2005 1105.0856
a range +78600 +79000 1001 2003 1105.1012
a range +78600 +79000 2003 1001 1105.1012
a range +78600 +79000 2008 9002 1105.0425
a range +78600 +79000 9002 2008 1105.0425
a range +79000 +79500 2002 9002 1105.0423
a range +79000 +79500 9002 2002 1105.0423
a range +79500 +80000 2004 9002 1105.0691
a range +79500 +80000 9002 2004 1105.0691
a range +80500 +81000 2008 9002 1105.0425
a range +80500 +81000 9002 2008 1105.0425
a range +81600 +82100 2006 9001 1105.0857
a range +81600 +82100 9001 2006 1105.0857
a range +82100 +82500 2003 9002 1105.0688
a range +82100 +82500 9002 2003 1105.0688
a range +82500 +83000 2006 9002 1105.0689
a range +82500 +83000 9002 2006 1105.0689
a range +83000 +83300 2002 9002 1105.0423
a range +83000 +83300 9002 2002 1105.0423
a range +83300 +83700 2005 9002 1105.0688
a range +83300 +83700 9002 2005 1105.0688
a range +84700 +85200 1001 2005 1105.1011
a range +84700 +85200 2001 2006 0.031
a range +84700 +85200 2003 9002 1105.0688
a range +84700 +85200 2005 1001 1105.1011
a range +84700 +85200 2006 2001 0.031
a range +84700 +85200 9002 2003 1105.0688
a range +85200 +85700 2001 9001 1105.0594
a range +85200 +85700 2002 9002 1105.0423
a range +85200 +85700 9001 2001 1105.0594
a range +85200 +85700 9002 2002 1105.0423
a range +86200 +86400 2003 9001 1105.0857
a range +86200 +86400 9001 2003 1105.0857
