a contact +600 +1200 2002 9002 1000
a contact +600 +1200 2019 2052 1000
a contact +600 +1200 2025 2046 1000
a contact +600 +1200 2046 2025 1000
a contact +600 +1200 2052 2019 1000
a contact +600 +1200 9002 2002 1000
a contact +1200 +1800 2011 2059 1000
a contact +1200 +1800 2026 2046 1000
a contact +1200 +1800 2046 2026 1000
a contact +1200 +1800 2059 2011 1000
a contact +1800 +2400 1004 9002 1000
a contact +1800 +2400 9002 1004 1000
a contact +2400 +3000 2003 9002 1000
a contact +2400 +3000 2004 9001 1000
a contact +2400 +3000 9001 2004 1000
a contact +2400 +3000 9002 2003 1000
a contact +3000 +3600 2025 2043 1000
a contact +3000 +3600 2028 2046 1000
a contact +3000 +3600 2043 2025 1000
a contact +3000 +3600 2046 2028 1000
a contact +3600 +4200 2026 2043 1000
a contact +3600 +4200 2027 2045 1000
a contact +3600 +4200 2028 2044 1000
a contact +3600 +4200 2043 2026 1000
a contact +3600 +4200 2044 2028 1000
a contact +3600 +4200 2045 2027 1000
a contact +4200 +4800 1004 2064 1000
a contact +4200 +4800 2020 2052 1000
a contact +4200 +4800 2052 2020 1000
a contact +4200 +4800 2064 1004 1000
a contact +5400 +6000 2027 2041 1000
a contact +5400 +6000 2041 2027 1000
a contact +6000 +6600 1001 2007 1000
a contact +6000 +6600 2007 1001 1000
a contact +7800 +8400 1001 2064 1000
a contact +7800 +8400 2064 1001 1000
a contact +9000 +9600 1003 2060 1000
a contact +9000 +9600 2003 2062 1000
a contact +9000 +9600 2060 1003 1000
a contact +9000 +9600 2062 2003 1000
a contact +10800 +11400 2032 2053 1000
a contact +10800 +11400 2053 2032 1000
a contact +12000 +12600 2032 2051 1000
a contact +12000 +12600 2051 2032 1000
a contact +14400 +15000 2019 2045 1000
a contact +14400 +15000 2045 2019 1000
a contact +15600 +16200 1003 2056 1000
a contact +15600 +16200 2056 1003 1000
a contact +16800 +17400 1003 2054 1000
a contact +16800 +17400 2054 1003 1000
a contact +18000 +18600 2011 2023 1000
a contact +18000 +18600 2023 2011 1000
a contact +18600 +19200 2007 2022 1000
a contact +18600 +19200 2022 2007 1000
a contact +18600 +19200 2039 2059 1000
a contact +18600 +19200 2059 2039 1000
a contact +19200 +19800 2019 2030 1000
a contact +19200 +19800 2030 2019 1000

a range +600 +1200 2002 9002 1102.5635
a range +600 +1200 2019 2052 0.0067
a range +600 +1200 2025 2046 0.0373
a range +600 +1200 2046 2025 0.0373
a range +600 +1200 2052 2019 0.0067
a range +600 +1200 9002 2002 1102.5635
a range +1200 +1800 2011 2059 0.0431
a range +1200 +1800 2026 2046 0.0319
a range +1200 +1800 2046 2026 0.0319
a range +1200 +1800 2059 2011 0.0431
a range +1800 +2400 1004 9002 0.0609
a range +1800 +2400 9002 1004 0.0609
a range +2400 +3000 2003 9002 1102.5597
a range +2400 +3000 2004 9001 1102.356
a range +2400 +3000 9001 2004 1102.356
a range +2400 +3000 9002 2003 1102.5597
a range +3000 +3600 2025 2043 0.0201
a range +3000 +3600 2028 2046 0.02
a range +3000 +3600 2043 2025 0.0201
a range +3000 +3600 2046 2028 0.02
a range +3600 +4200 2026 2043 0.0113
a range +3600 +4200 2027 2045 0.0175
a range +3600 +4200 2028 2044 0.0036
a range +3600 +4200 2043 2026 0.0113
a range +3600 +4200 2044 2028 0.0036
a range +3600 +4200 2045 2027 0.0175
a range +4200 +4800 1004 2064 1102.0306
a range +4200 +4800 2020 2052 0.0066
a range +4200 +4800 2052 2020 0.0066
a range +4200 +4800 2064 1004 1102.0306
a range +5400 +6000 2027 2041 0.0201
a range +5400 +6000 2041 2027 0.0201
a range +6000 +6600 1001 2007 1102.6048
a range +6000 +6600 2007 1001 1102.6048
a range +7800 +8400 1001 2064 1102.623
a range +7800 +8400 2064 1001 1102.623
a range +9000 +9600 1003 2060 1102.2595
a range +9000 +9600 2003 2062 0.046
a range +9000 +9600 2060 1003 1102.2595
a range +9000 +9600 2062 2003 0.046
a range +10800 +11400 2032 2053 0.044
a range +10800 +11400 2053 2032 0.044
a range +12000 +12600 2032 2051 0.0309
a range +12000 +12600 2051 2032 0.0309
a range +14400 +15000 2019 2045 0.0434
a range +14400 +15000 2045 2019 0.0434
a range +15600 +16200 1003 2056 1102.5236
a range +15600 +16200 2056 1003 1102.5236
a range +16800 +17400 1003 2054 1102.5249
a range +16800 +17400 2054 1003 1102.5249
a range +18000 +18600 2011 2023 0.0353
a range +18000 +18600 2023 2011 0.0353
a range +18600 +19200 2007 2022 0.0193
a range +18600 +19200 2022 2007 0.0193
a range +18600 +19200 2039 2059 0.0353
a range +18600 +19200 2059 2039 0.0353
a range +19200 +19800 2019 2030 0.0404
a range +19200 +19800 2030 2019 0.0404
