a contact +0 +400 1001 9003 1000
a contact +0 +400 9003 1001 1000
a contact +400 +800 1001 9003 1000
a contact +400 +800 9003 1001 1000
a contact +800 +1600 1001 9003 1000
a contact +800 +1600 9003 1001 1000
a contact +1600 +2400 1001 9003 1000
a contact +1600 +2400 9003 1001 1000
a contact +0 +7800 1002 2010 1000
a contact +0 +7800 2010 1002 1000
a contact +2400 +8400 1001 2007 1000
a contact +2400 +8400 2007 1001 1000
a contact +0 +9900 2014 9002 1000
a contact +0 +9900 9002 2014 1000
a contact +7800 +11500 1002 2009 1000
a contact +0 +11500 1002 2019 1000
a contact +7800 +11500 2009 1002 1000
a contact +0 +11500 2019 1002 1000
a contact +11500 +13400 1002 9003 1000
a contact +11500 +13400 9003 1002 1000
a contact +13400 +13600 1002 9003 1000
a contact +13400 +13600 9003 1002 1000
a contact +13600 +14100 1002 9003 1000
a contact +13600 +14100 9003 1002 1000
a contact +14100 +14200 1002 9003 1000
a contact +14100 +14200 9003 1002 1000
a contact +8400 +15300 1001 2013 1000
a contact +2400 +15300 1001 2004 1000
a contact +2400 +15300 2004 1001 1000
a contact +0 +15300 2008 9001 1000
a contact +8400 +15300 2013 1001 1000
a contact +0 +15300 9001 2008 1000
a contact +9900 +16700 2018 9002 1000
a contact +9900 +16700 9002 2018 1000
a contact +15300 +23200 1001 2024 1000
a contact +15300 +23200 1001 2003 1000
a contact +15300 +23200 2003 1001 1000
a contact +15300 +23200 2024 1001 1000
a contact +23200 +23600 1001 9001 1000
a contact +23200 +23600 9001 1001 1000
a contact +23600 +24500 1001 9001 1000
a contact +23600 +24500 9001 1001 1000
a contact +24400 +24700 1001 9003 1000
a contact +24400 +24700 9003 1001 1000
a contact +24700 +24800 1001 9003 1000
a contact +24700 +24800 9003 1001 1000
a contact +25100 +25600 1001 9003 1000
a contact +16700 +25600 2016 9002 1000
a contact +16700 +25600 9002 2016 1000
a contact +25100 +25600 9003 1001 1000
a contact +24800 +26000 1001 9001 1000
a contact +24800 +26000 9001 1001 1000
a contact +14200 +28800 1002 2021 1000
a contact +14200 +28800 1002 2005 1000
a contact +14200 +28800 2005 1002 1000
a contact +14200 +28800 2021 1002 1000
a contact +26000 +29800 1001 2001 1000
a contact +26000 +29800 2001 1001 1000
a contact +28800 +30500 1002 2013 1000
a contact +28800 +30500 2013 1002 1000
a contact +28800 +32400 1002 2020 1000
a contact +28800 +32400 2020 1002 1000
a contact +30500 +35000 1002 2007 1000
a contact +32400 +35000 1002 2017 1000
a contact +30500 +35000 2007 1002 1000
a contact +32400 +35000 2017 1002 1000
a contact +35000 +35100 1002 9001 1000
a contact +35000 +35100 9001 1002 1000
a contact +35100 +35600 1002 9001 1000
a contact +35100 +35600 9001 1002 1000
a contact +35600 +36100 1002 9001 1000
a contact +35600 +36100 9001 1002 1000
a contact +36100 +36500 1002 9001 1000
a contact +36100 +36500 9001 1002 1000
a contact +29800 +37300 1001 2012 1000
a contact +29800 +37300 2012 1001 1000
a contact +36500 +37700 1002 9001 1000
a contact +36500 +37700 9001 1002 1000
a contact +25600 +42200 2024 9002 1000
a contact +25600 +42200 9002 2024 1000
a contact +37300 +46800 1001 2001 1000
a contact +26000 +46800 1001 2002 1000
a contact +37300 +46800 2001 1001 1000
a contact +26000 +46800 2002 1001 1000
a contact +46800 +47600 1001 9001 1000
a contact +46900 +47600 1001 9002 1000
a contact +46800 +47600 9001 1001 1000
a contact +46900 +47600 9002 1001 1000
a contact +47600 +48200 1001 9002 1000
a contact +47700 +48200 1001 9001 1000
a contact +47700 +48200 9001 1001 1000
a contact +47600 +48200 9002 1001 1000
a contact +48200 +48800 1001 9001 1000
a contact +48200 +48800 1001 9002 1000
a contact +48200 +48800 9001 1001 1000
a contact +48200 +48800 9002 1001 1000
a contact +48800 +48900 1001 9001 1000
a contact +48800 +48900 9001 1001 1000
a contact +48900 +49000 1001 9002 1000
a contact +48900 +49000 9002 1001 1000
a contact +49000 +49300 1001 9002 1000
a contact +49000 +49300 9002 1001 1000
a contact +49300 +49500 1001 9002 1000
a contact +49300 +49500 9002 1001 1000
a contact +37700 +49900 1002 2009 1000
a contact +37700 +49900 2009 1002 1000
a contact +49500 +55000 1001 2018 1000
a contact +49500 +55000 2018 1001 1000
a contact +49900 +57000 1002 2011 1000
a contact +49900 +57000 2011 1002 1000
a contact +29800 +58100 2023 9003 1000
a contact +29800 +58100 9003 2023 1000
a contact +37700 +58500 1002 2022 1000
a contact +57000 +58500 1002 2009 1000
a contact +57000 +58500 2009 1002 1000
a contact +37700 +58500 2022 1002 1000
a contact +58500 +58700 1002 9002 1000
a contact +58500 +58700 9002 1002 1000
a contact +49500 +58900 1001 2012 1000
a contact +58700 +58900 1002 9002 1000
a contact +49500 +58900 2012 1001 1000
a contact +58700 +58900 9002 1002 1000
a contact +58900 +59400 1001 2015 1000
a contact +58900 +59400 2015 1001 1000
a contact +51900 +60200 2010 9001 1000
a contact +51900 +60200 9001 2010 1000
a contact +58900 +61300 1002 9002 1000
a contact +58900 +61300 9002 1002 1000
a contact +55000 +66500 1001 2020 1000
a contact +55000 +66500 2020 1001 1000
a contact +61300 +68700 1002 2014 1000
a contact +61300 +68700 2014 1002 1000
a contact +60200 +68700 2024 9001 1000
a contact +60200 +68700 9001 2024 1000
a contact +59400 +70300 1001 2021 1000
a contact +66500 +70300 1001 2005 1000
a contact +66500 +70300 2005 1001 1000
a contact +59400 +70300 2021 1001 1000
a contact +68700 +70600 1002 2004 1000
a contact +68700 +70600 2004 1002 1000
a contact +70300 +70800 1001 9002 1000
a contact +70300 +70800 9002 1001 1000
a contact +58100 +71500 2006 9003 1000
a contact +58100 +71500 9003 2006 1000
a contact +70800 +71600 1001 9002 1000
a contact +70800 +71600 9002 1001 1000
a contact +61300 +71900 1002 2001 1000
a contact +61300 +71900 2001 1002 1000
a contact +71600 +72300 1001 9002 1000
a contact +71600 +72300 9002 1001 1000
a contact +72300 +72400 1001 9002 1000
a contact +72300 +72400 9002 1001 1000
a contact +72400 +72700 1001 9002 1000
a contact +72400 +72700 9002 1001 1000
a contact +72700 +73000 1001 9002 1000
a contact +72700 +73000 9002 1001 1000
a contact +71900 +73800 1002 2018 1000
a contact +71900 +73800 2018 1002 1000
a contact +71500 +78200 2011 9003 1000
a contact +71500 +78200 9003 2011 1000
a contact +68700 +79000 2019 9001 1000
a contact +68700 +79000 9001 2019 1000
a contact +73800 +80100 1002 2016 1000
a contact +70600 +80100 1002 2017 1000
a contact +73800 +80100 2016 1002 1000
a contact +70600 +80100 2017 1002 1000
a contact +73000 +80900 1001 2003 1000
a contact +73000 +80900 2003 1001 1000
a contact +79000 +80900 2021 9001 1000
a contact +79000 +80900 9001 2021 1000
a contact +80100 +82000 1002 2007 1000
a contact +80100 +82000 1002 2010 1000
a contact +80100 +82000 2007 1002 1000
a contact +80100 +82000 2010 1002 1000
a contact +82400 +82800 1002 9003 1000
a contact +82400 +82800 9003 1002 1000
a contact +82800 +83200 1002 9003 1000
a contact +82800 +83200 9003 1002 1000
a contact +83200 +83300 1002 9003 1000
a contact +83200 +83300 9003 1002 1000
a contact +83300 +84400 1002 9003 1000
a contact +83300 +84400 9003 1002 1000
a contact +84400 +84600 1002 9003 1000
a contact +84400 +84600 9003 1002 1000
a contact +84600 +84800 1002 9003 1000
a contact +84600 +84800 9003 1002 1000
a contact +80900 +86400 1001 2013 1000
a contact +73000 +86400 1001 2015 1000
a contact +84800 +86400 1002 2017 1000
a contact +84800 +86400 1002 2007 1000
a contact +78400 +86400 2002 9002 1000
a contact +80900 +86400 2006 9001 1000
a contact +84800 +86400 2007 1002 1000
a contact +80900 +86400 2013 1001 1000
a contact +73000 +86400 2015 1001 1000
a contact +84800 +86400 2017 1002 1000
a contact +80900 +86400 9001 2006 1000
a contact +78400 +86400 9002 2002 1000

a range +0 +400 1001 9003 0.0593
a range +0 +400 9003 1001 0.0593
a range +400 +800 1001 9003 0.0593
a range +400 +800 9003 1001 0.0593
a range +800 +1600 1001 9003 0.0593
a range +800 +1600 9003 1001 0.0593
a range +1600 +2400 1001 9003 0.0593
a range +1600 +2400 9003 1001 0.0593
a range +0 +7800 1002 2010 1102.1603
a range +0 +7800 2010 1002 1102.1603
a range +2400 +8400 1001 2007 1102.4888
a range +2400 +8400 2007 1001 1102.4888
a range +0 +9900 2014 9002 1102.3698
a range +0 +9900 9002 2014 1102.3698
a range +7800 +11500 1002 2009 1102.2566
a range +0 +11500 1002 2019 1102.2314
a range +7800 +11500 2009 1002 1102.2566
a range +0 +11500 2019 1002 1102.2314
a range +11500 +13400 1002 9003 0.0592
a range +11500 +13400 9003 1002 0.0592
a range +13400 +13600 1002 9003 0.0592
a range +13400 +13600 9003 1002 0.0592
a range +13600 +14100 1002 9003 0.0592
a range +13600 +14100 9003 1002 0.0592
a range +14100 +14200 1002 9003 0.0592
a range +14100 +14200 9003 1002 0.0592
a range +8400 +15300 1001 2013 1102.5215
a range +2400 +15300 1001 2004 1102.6857
a range +2400 +15300 2004 1001 1102.6857
a range +0 +15300 2008 9001 1102.3542
a range +8400 +15300 2013 1001 1102.5215
a range +0 +15300 9001 2008 1102.3542
a range +9900 +16700 2018 9002 1102.6141
a range +9900 +16700 9002 2018 1102.6141
a range +15300 +23200 1001 2024 1102.6984
a range +15300 +23200 1001 2003 1102.6799
a range +15300 +23200 2003 1001 1102.6799
a range +15300 +23200 2024 1001 1102.6984
a range +23200 +23600 1001 9001 0.0595
a range +23200 +23600 9001 1001 0.0595
a range +23600 +24500 1001 9001 0.0595
a range +23600 +24500 9001 1001 0.0595
a range +24400 +24700 1001 9003 0.0591
a range +24400 +24700 9003 1001 0.0591
a range +24700 +24800 1001 9003 0.0591
a range +24700 +24800 9003 1001 0.0591
a range +25100 +25600 1001 9003 0.0591
a range +16700 +25600 2016 9002 1102.8615
a range +16700 +25600 9002 2016 1102.8615
a range +25100 +25600 9003 1001 0.0591
a range +24800 +26000 1001 9001 0.0595
a range +24800 +26000 9001 1001 0.0595
a range +14200 +28800 1002 2021 1103.1514
a range +14200 +28800 1002 2005 1103.1357
a range +14200 +28800 2005 1002 1103.1357
a range +14200 +28800 2021 1002 1103.1514
a range +26000 +29800 1001 2001 1103.5919
a range +26000 +29800 2001 1001 1103.5919
a range +28800 +30500 1002 2013 1103.1532
a range +28800 +30500 2013 1002 1103.1532
a range +28800 +32400 1002 2020 1103.1539
a range +28800 +32400 2020 1002 1103.1539
a range +30500 +35000 1002 2007 1103.1535
a range +32400 +35000 1002 2017 1103.1246
a range +30500 +35000 2007 1002 1103.1535
a range +32400 +35000 2017 1002 1103.1246
a range +35000 +35100 1002 9001 0.0594
a range +35000 +35100 9001 1002 0.0594
a range +35100 +35600 1002 9001 0.0594
a range +35100 +35600 9001 1002 0.0594
a range +35600 +36100 1002 9001 0.0594
a range +35600 +36100 9001 1002 0.0594
a range +36100 +36500 1002 9001 0.0594
a range +36100 +36500 9001 1002 0.0594
a range +29800 +37300 1001 2012 1103.3142
a range +29800 +37300 2012 1001 1103.3142
a range +36500 +37700 1002 9001 0.0594
a range +36500 +37700 9001 1002 0.0594
a range +25600 +42200 2024 9002 1103.38
a range +25600 +42200 9002 2024 1103.38
a range +37300 +46800 1001 2001 1103.5919
a range +26000 +46800 1001 2002 1103.5926
a range +37300 +46800 2001 1001 1103.5919
a range +26000 +46800 2002 1001 1103.5926
a range +46800 +47600 1001 9001 0.0593
a range +46900 +47600 1001 9002 0.0591
a range +46800 +47600 9001 1001 0.0593
a range +46900 +47600 9002 1001 0.0591
a range +47600 +48200 1001 9002 0.0591
a range +47700 +48200 1001 9001 0.0593
a range +47700 +48200 9001 1001 0.0593
a range +47600 +48200 9002 1001 0.0591
a range +48200 +48800 1001 9001 0.0593
a range +48200 +48800 1001 9002 0.0591
a range +48200 +48800 9001 1001 0.0593
a range +48200 +48800 9002 1001 0.0591
a range +48800 +48900 1001 9001 0.0593
a range +48800 +48900 9001 1001 0.0593
a range +48900 +49000 1001 9002 0.0591
a range +48900 +49000 9002 1001 0.0591
a range +49000 +49300 1001 9002 0.0591
a range +49000 +49300 9002 1001 0.0591
a range +49300 +49500 1001 9002 0.0591
a range +49300 +49500 9002 1001 0.0591
a range +37700 +49900 1002 2009 1103.6531
a range +37700 +49900 2009 1002 1103.6531
a range +49500 +55000 1001 2018 1104.0247
a range +49500 +55000 2018 1001 1104.0247
a range +49900 +57000 1002 2011 1104.0471
a range +49900 +57000 2011 1002 1104.0471
a range +29800 +58100 2023 9003 1104.7594
a range +29800 +58100 9003 2023 1104.7594
a range +37700 +58500 1002 2022 1104.0442
a range +57000 +58500 1002 2009 1104.035
a range +57000 +58500 2009 1002 1104.035
a range +37700 +58500 2022 1002 1104.0442
a range +58500 +58700 1002 9002 0.0595
a range +58500 +58700 9002 1002 0.0595
a range +49500 +58900 1001 2012 1104.0052
a range +58700 +58900 1002 9002 0.0595
a range +49500 +58900 2012 1001 1104.0052
a range +58700 +58900 9002 1002 0.0595
a range +58900 +59400 1001 2015 1104.4965
a range +58900 +59400 2015 1001 1104.4965
a range +51900 +60200 2010 9001 1104.2941
a range +51900 +60200 9001 2010 1104.2941
a range +58900 +61300 1002 9002 0.0595
a range +58900 +61300 9002 1002 0.0595
a range +55000 +66500 1001 2020 1104.511
a range +55000 +66500 2020 1001 1104.511
a range +61300 +68700 1002 2014 1104.5082
a range +61300 +68700 2014 1002 1104.5082
a range +60200 +68700 2024 9001 1105.0524
a range +60200 +68700 9001 2024 1105.0524
a range +59400 +70300 1001 2021 1104.5148
a range +66500 +70300 1001 2005 1104.501
a range +66500 +70300 2005 1001 1104.501
a range +59400 +70300 2021 1001 1104.5148
a range +68700 +70600 1002 2004 1104.9594
a range +68700 +70600 2004 1002 1104.9594
a range +70300 +70800 1001 9002 0.0594
a range +70300 +70800 9002 1001 0.0594
a range +58100 +71500 2006 9003 1104.7682
a range +58100 +71500 9003 2006 1104.7682
a range +70800 +71600 1001 9002 0.0594
a range +70800 +71600 9002 1001 0.0594
a range +61300 +71900 1002 2001 1104.9537
a range +61300 +71900 2001 1002 1104.9537
a range +71600 +72300 1001 9002 0.0594
a range +71600 +72300 9002 1001 0.0594
a range +72300 +72400 1001 9002 0.0594
a range +72300 +72400 9002 1001 0.0594
a range +72400 +72700 1001 9002 0.0594
a range +72400 +72700 9002 1001 0.0594
a range +72700 +73000 1001 9002 0.0594
a range +72700 +73000 9002 1001 0.0594
a range +71900 +73800 1002 2018 1104.8307
a range +71900 +73800 2018 1002 1104.8307
a range +71500 +78200 2011 9003 1104.7605
a range +71500 +78200 9003 2011 1104.7605
a range +68700 +79000 2019 9001 1105.0495
a range +68700 +79000 9001 2019 1105.0495
a range +73800 +80100 1002 2016 1104.9628
a range +70600 +80100 1002 2017 1104.9779
a range +73800 +80100 2016 1002 1104.9628
a range +70600 +80100 2017 1002 1104.9779
a range +73000 +80900 1001 2003 1105.0364
a range +73000 +80900 2003 1001 1105.0364
a range +79000 +80900 2021 9001 1105.0628
a range +79000 +80900 9001 2021 1105.0628
a range +80100 +82000 1002 2007 1104.9501
a range +80100 +82000 1002 2010 1104.963
a range +80100 +82000 2007 1002 1104.9501
a range +80100 +82000 2010 1002 1104.963
a range +82400 +82800 1002 9003 0.0435
a range +82400 +82800 9003 1002 0.0435
a range +82800 +83200 1002 9003 0.0435
a range +82800 +83200 9003 1002 0.0435
a range +83200 +83300 1002 9003 0.0435
a range +83200 +83300 9003 1002 0.0435
a range +83300 +84400 1002 9003 0.0435
a range +83300 +84400 9003 1002 0.0435
a range +84400 +84600 1002 9003 0.0435
a range +84400 +84600 9003 1002 0.0435
a range +84600 +84800 1002 9003 0.0435
a range +84600 +84800 9003 1002 0.0435
a range +80900 +86400 1001 2013 1105.0081
a range +73000 +86400 1001 2015 1105.044
a range +84800 +86400 1002 2017 1105.1188
a range +84800 +86400 1002 2007 1105.089
a range +78400 +86400 2002 9002 1105.0613
a range +80900 +86400 2006 9001 1105.0509
a range +84800 +86400 2007 1002 1105.089
a range +80900 +86400 2013 1001 1105.0081
a range +73000 +86400 2015 1001 1105.044
a range +84800 +86400 2017 1002 1105.1188
a range +80900 +86400 9001 2006 1105.0509
a range +78400 +86400 9002 2002 1105.0613
