a contact +1900 +2100 2002 2007 1000
a contact +1900 +2100 2007 2002 1000
a contact +1900 +2100 2009 2011 1000
a contact +1900 +2100 2011 2009 1000
a contact +2100 +2400 2003 2012 1000
a contact +2100 +2400 2012 2003 1000
a contact +2400 +2500 2008 9002 1000
a contact +2400 +2500 9002 2008 1000
a contact +2500 +2700 2001 2008 1000
a contact +2500 +2700 2008 2001 1000
a contact +5100 +5500 2005 2007 1000
a contact +5100 +5500 2007 2005 1000
a contact +5500 +5600 2001 2009 1000
a contact +5500 +5600 2009 2001 1000
a contact +5500 +5900 2003 2007 1000
a contact +5500 +5900 2007 2003 1000
a contact +6800 +6900 2001 2005 1000
a contact +6800 +6900 2005 2001 1000
a contact +6900 +7200 2008 9002 1000
a contact +6900 +7200 9002 2008 1000
a contact +8400 +8600 2004 2008 1000
a contact +8400 +8600 2005 2009 1000
a contact +8400 +8600 2008 2004 1000
a contact +8400 +8600 2009 2005 1000
a contact +8600 +8800 2004 2011 1000
a contact +8600 +8800 2011 2004 1000
a contact +8800 +9000 1001 2006 1000
a contact +8800 +9000 2006 1001 1000
a contact +10000 +10500 2001 2011 1000
a contact +10000 +10500 2003 2006 1000
a contact +10000 +10500 2006 2003 1000
a contact +10000 +10500 2011 2001 1000
a contact +10900 +11300 2006 9002 1000
a contact +10900 +11300 9002 2006 1000
a contact +11300 +11800 2002 2004 1000
a contact +11300 +11800 2004 2002 1000
a contact +11800 +11900 2007 2012 1000
a contact +11800 +11900 2012 2007 1000
a contact +12600 +12700 2005 2008 1000
a contact +12600 +12700 2008 2005 1000
a contact +13600 +14100 1001 2012 1000
a contact +13600 +14100 2012 1001 1000
a contact +14100 +14200 2007 2012 1000
a contact +14100 +14200 2012 2007 1000
a contact +14200 +14500 2010 9001 1000
a contact +14200 +14500 9001 2010 1000
a contact +15300 +15400 2004 2008 1000
a contact +15300 +15400 2008 2004 1000
a contact +16300 +16800 2004 2010 1000
a contact +16300 +16800 2010 2004 1000
a contact +20400 +20500 2009 2011 1000
a contact +20400 +20500 2011 2009 1000
a contact +24700 +24800 2003 2010 1000
a contact +24700 +24800 2010 2003 1000
a contact +25300 +25600 2008 2011 1000
a contact +25300 +25600 2011 2008 1000
a contact +25600 +25700 2003 2010 1000
a contact +25600 +25700 2010 2003 1000
a contact +26600 +26800 2007 2011 1000
a contact +26600 +26800 2011 2007 1000
a contact +26800 +27000 2001 9002 1000
a contact +26800 +27000 2005 2007 1000
a contact +26800 +27000 2007 2005 1000
a contact +26800 +27000 9002 2001 1000
a contact +28400 +28900 2002 2007 1000
a contact +28400 +28900 2004 2011 1000
a contact +28400 +28900 2007 2002 1000
a contact +28400 +28900 2011 2004 1000
a contact +28900 +29400 1001 9002 1000
a contact +28900 +29400 2008 2010 1000
a contact +28900 +29400 2010 2008 1000
a contact +28900 +29400 9002 1001 1000
a contact +29800 +30200 2002 9003 1000
a contact +29800 +30200 9003 2002 1000
a contact +30600 +30700 2001 2004 1000
a contact +30600 +30700 2004 2001 1000
a contact +31400 +31600 2002 2005 1000
a contact +31400 +31600 2005 2002 1000
a contact +31900 +32000 2002 2008 1000
a contact +31900 +32000 2008 2002 1000
a contact +32000 +32500 1001 2012 1000
a contact +32000 +32500 2012 1001 1000
a contact +32500 +32900 2002 2009 1000
a contact +32500 +32900 2009 2002 1000
a contact +33800 +33900 2007 2011 1000
a contact +33800 +33900 2011 2007 1000
a contact +34300 +34700 2004 2008 1000
a contact +34300 +34700 2008 2004 1000
a contact +35100 +35600 1001 2005 1000
a contact +35100 +35600 2005 1001 1000
a contact +35600 +36100 2005 9003 1000
a contact +35600 +36100 9003 2005 1000
a contact +37300 +37700 1001 2009 1000
a contact +37300 +37700 2009 1001 1000
a contact +38200 +38300 1001 2012 1000
a contact +38200 +38300 2012 1001 1000
a contact +38800 +39200 2001 2011 1000
a contact +38800 +39200 2011 2001 1000
a contact +39300 +39600 1001 2002 1000
a contact +39300 +39600 2002 1001 1000
a contact +39800 +40100 1001 2003 1000
a contact +39800 +40100 2003 1001 1000
a contact +40100 +40200 2001 2005 1000
a contact +40100 +40200 2005 2001 1000
a contact +40500 +40600 2002 2009 1000
a contact +40500 +40600 2009 2002 1000
a contact +40600 +41000 2005 2010 1000
a contact +40600 +41000 2010 2005 1000
a contact +41000 +41100 2001 2010 1000
a contact +41000 +41100 2010 2001 1000
a contact +41400 +41900 1001 2009 1000
a contact +41400 +41900 2001 2010 1000
a contact +41400 +41900 2005 2012 1000
a contact +41400 +41900 2009 1001 1000
a contact +41400 +41900 2010 2001 1000
a contact +41400 +41900 2012 2005 1000
a contact +42800 +43200 2001 2005 1000
a contact +42800 +43200 2005 2001 1000
a contact +43700 +44000 2005 2011 1000
a contact +43700 +44000 2011 2005 1000
a contact +44000 +44100 2007 2012 1000
a contact +44000 +44100 2012 2007 1000
a contact +44100 +44200 2006 2010 1000
a contact +44100 +44200 2010 2006 1000
a contact +46900 +47300 1001 9002 1000
a contact +46900 +47300 9002 1001 1000
a contact +47700 +48200 1001 9002 1000
a contact +47700 +48200 9002 1001 1000
a contact +48900 +49000 2001 9003 1000
a contact +48900 +49000 9003 2001 1000
a contact +49000 +49500 2007 2010 1000
a contact +49000 +49500 2010 2007 1000
a contact +49500 +49600 2001 2004 1000
a contact +49500 +49600 2004 2001 1000
a contact +50000 +50300 2007 2009 1000
a contact +50000 +50300 2009 2007 1000
a contact +50700 +50900 2002 2005 1000
a contact +50700 +50900 2005 2002 1000
a contact +51800 +51900 2002 2009 1000
a contact +51800 +51900 2009 2002 1000
a contact +54900 +55300 2007 2011 1000
a contact +54900 +55300 2011 2007 1000
a contact +55800 +55900 1001 2006 1000
a contact +55800 +55900 2006 1001 1000
a contact +55900 +56200 2003 2011 1000
a contact +55900 +56200 2006 9001 1000
a contact +55900 +56200 2011 2003 1000
a contact +55900 +56200 9001 2006 1000
a contact +56200 +56300 1001 2006 1000
a contact +56200 +56300 2006 1001 1000
a contact +56300 +56600 1001 2011 1000
a contact +56300 +56600 2011 1001 1000
a contact +56700 +57000 1001 2007 1000
a contact +56700 +57000 2007 1001 1000
a contact +56700 +57000 2009 9001 1000
a contact +56700 +57000 9001 2009 1000
a contact +57600 +58100 2007 2010 1000
a contact +57600 +58100 2010 2007 1000
a contact +59500 +59900 1001 2011 1000
a contact +59500 +59900 2011 1001 1000
a contact +60800 +61200 2010 9001 1000
a contact +60800 +61200 9001 2010 1000
a contact +62100 +62200 2004 2008 1000
a contact +62100 +62200 2008 2004 1000
a contact +63900 +64300 2001 2009 1000
a contact +63900 +64300 2009 2001 1000
a contact +65200 +65300 1001 2005 1000
a contact +65200 +65300 2005 1001 1000
a contact +65300 +65600 1001 2006 1000
a contact +65300 +65600 2006 1001 1000
a contact +66200 +66600 1001 2010 1000
a contact +66200 +66600 2010 1001 1000
a contact +66600 +67100 2002 2005 1000
a contact +66600 +67100 2005 2002 1000
a contact +67100 +67400 2001 2003 1000
a contact +67100 +67400 2003 2001 1000
a contact +68800 +69100 1001 2005 1000
a contact +68800 +69100 2005 1001 1000
a contact +69100 +69300 2007 9001 1000
a contact +69100 +69300 9001 2007 1000
a contact +69300 +69600 1001 2007 1000
a contact +69300 +69600 2007 1001 1000
a contact +69600 +69700 1001 2011 1000
a contact +69600 +69700 2011 1001 1000
a contact +70800 +71000 2001 9003 1000
a contact +70800 +71000 9003 2001 1000
a contact +71000 +71200 2003 9001 1000
a contact +71000 +71200 9001 2003 1000
a contact +71200 +71500 2007 9001 1000
a contact +71200 +71500 9001 2007 1000
a contact +71500 +71600 2004 2012 1000
a contact +71500 +71600 2005 9001 1000
a contact +71500 +71600 2012 2004 1000
a contact +71500 +71600 9001 2005 1000
a contact +71900 +72000 2008 9001 1000
a contact +71900 +72000 9001 2008 1000
a contact +72000 +72400 2002 2008 1000
a contact +72000 +72400 2003 2009 1000
a contact +72000 +72400 2005 9001 1000
a contact +72000 +72400 2008 2002 1000
a contact +72000 +72400 2009 2003 1000
a contact +72000 +72400 9001 2005 1000
a contact +74700 +75000 1001 2005 1000
a contact +74700 +75000 2005 1001 1000
a contact +75100 +75400 1001 2009 1000
a contact +75100 +75400 2009 1001 1000
a contact +75600 +75900 2003 2012 1000
a contact +75600 +75900 2012 2003 1000
a contact +76900 +77100 2008 2011 1000
a contact +76900 +77100 2011 2008 1000
a contact +78200 +78300 2004 2006 1000
a contact +78200 +78300 2006 2004 1000
a contact +78400 +78700 1001 2010 1000
a contact +78400 +78700 2010 1001 1000
a contact +78700 +79100 2007 9001 1000
a contact +78700 +79100 9001 2007 1000
a contact +82800 +83200 2001 2012 1000
a contact +82800 +83200 2012 2001 1000
a contact +83400 +83600 2009 9001 1000
a contact +83400 +83600 9001 2009 1000
a contact +83600 +83800 2005 2011 1000
a contact +83600 +83800 2011 2005 1000
a contact +84100 +84400 2001 2008 1000
a contact +84200 +84400 2004 9002 1000
a contact +84100 +84400 2008 2001 1000
a contact +84200 +84400 9002 2004 1000
a contact +84600 +85000 2002 2007 1000
a contact +84600 +85000 2007 2002 1000
a contact +85000 +85400 1001 2004 1000
a contact +85000 +85400 2004 1001 1000
a contact +85000 +85400 2011 9001 1000
a contact +85000 +85400 9001 2011 1000
a contact +85400 +85800 2001 9001 1000
a contact +85400 +85800 9001 2001 1000

a range +1900 +2100 2002 2007 0.0432
a range +1900 +2100 2007 2002 0.0432
a range +1900 +2100 2009 2011 0.043
a range +1900 +2100 2011 2009 0.043
a range +2100 +2400 2003 2012 0.043
a range +2100 +2400 2012 2003 0.043
a range +2400 +2500 2008 9002 1102.2509
a range +2400 +2500 9002 2008 1102.2509
a range +2500 +2700 2001 2008 0.0432
a range +2500 +2700 2008 2001 0.0432
a range +5100 +5500 2005 2007 0.043
a range +5100 +5500 2007 2005 0.043
a range +5500 +5600 2001 2009 0.0432
a range +5500 +5600 2009 2001 0.0432
a range +5500 +5900 2003 2007 0.0432
a range +5500 +5900 2007 2003 0.0432
a range +6800 +6900 2001 2005 0.043
a range +6800 +6900 2005 2001 0.043
a range +6900 +7200 2008 9002 1102.2509
a range +6900 +7200 9002 2008 1102.2509
a range +8400 +8600 2004 2008 0.043
a range +8400 +8600 2005 2009 0.043
a range +8400 +8600 2008 2004 0.043
a range +8400 +8600 2009 2005 0.043
a range +8600 +8800 2004 2011 0.0431
a range +8600 +8800 2011 2004 0.0431
a range +8800 +9000 1001 2006 1102.7032
a range +8800 +9000 2006 1001 1102.7032
a range +10000 +10500 2001 2011 0.0432
a range +10000 +10500 2003 2006 0.0061
a range +10000 +10500 2006 2003 0.0061
a range +10000 +10500 2011 2001 0.0432
a range +10900 +11300 2006 9002 1102.7159
a range +10900 +11300 9002 2006 1102.7159
a range +11300 +11800 2002 2004 0.043
a range +11300 +11800 2004 2002 0.043
a range +11800 +11900 2007 2012 0.043
a range +11800 +11900 2012 2007 0.043
a range +12600 +12700 2005 2008 0.0122
a range +12600 +12700 2008 2005 0.0122
a range +13600 +14100 1001 2012 1102.6948
a range +13600 +14100 2012 1001 1102.6948
a range +14100 +14200 2007 2012 0.043
a range +14100 +14200 2012 2007 0.043
a range +14200 +14500 2010 9001 1102.3341
a range +14200 +14500 9001 2010 1102.3341
a range +15300 +15400 2004 2008 0.043
a range +15300 +15400 2008 2004 0.043
a range +16300 +16800 2004 2010 0.0337
a range +16300 +16800 2010 2004 0.0337
a range +20400 +20500 2009 2011 0.043
a range +20400 +20500 2011 2009 0.043
a range +24700 +24800 2003 2010 0.0431
a range +24700 +24800 2010 2003 0.0431
a range +25300 +25600 2008 2011 0.0122
a range +25300 +25600 2011 2008 0.0122
a range +25600 +25700 2003 2010 0.0431
a range +25600 +25700 2010 2003 0.0431
a range +26600 +26800 2007 2011 0.043
a range +26600 +26800 2011 2007 0.043
a range +26800 +27000 2001 9002 1103.3763
a range +26800 +27000 2005 2007 0.043
a range +26800 +27000 2007 2005 0.043
a range +26800 +27000 9002 2001 1103.3763
a range +28400 +28900 2002 2007 0.0432
a range +28400 +28900 2004 2011 0.0432
a range +28400 +28900 2007 2002 0.0432
a range +28400 +28900 2011 2004 0.0432
a range +28900 +29400 1001 9002 0.0594
a range +28900 +29400 2008 2010 0.043
a range +28900 +29400 2010 2008 0.043
a range +28900 +29400 9002 1001 0.0594
a range +29800 +30200 2002 9003 1104.7497
a range +29800 +30200 9003 2002 1104.7497
a range +30600 +30700 2001 2004 0.0182
a range +30600 +30700 2004 2001 0.0182
a range +31400 +31600 2002 2005 0.0122
a range +31400 +31600 2005 2002 0.0122
a range +31900 +32000 2002 2008 0.0225
a range +31900 +32000 2008 2002 0.0225
a range +32000 +32500 1001 2012 1103.6081
a range +32000 +32500 2012 1001 1103.6081
a range +32500 +32900 2002 2009 0.0431
a range +32500 +32900 2009 2002 0.0431
a range +33800 +33900 2007 2011 0.043
a range +33800 +33900 2011 2007 0.043
a range +34300 +34700 2004 2008 0.043
a range +34300 +34700 2008 2004 0.043
a range +35100 +35600 1001 2005 1103.5979
a range +35100 +35600 2005 1001 1103.5979
a range +35600 +36100 2005 9003 1103.6853
a range +35600 +36100 9003 2005 1103.6853
a range +37300 +37700 1001 2009 1103.5127
a range +37300 +37700 2009 1001 1103.5127
a range +38200 +38300 1001 2012 1103.6081
a range +38200 +38300 2012 1001 1103.6081
a range +38800 +39200 2001 2011 0.0433
a range +38800 +39200 2011 2001 0.0433
a range +39300 +39600 1001 2002 1103.5973
a range +39300 +39600 2002 1001 1103.5973
a range +39800 +40100 1001 2003 1103.6058
a range +39800 +40100 2003 1001 1103.6058
a range +40100 +40200 2001 2005 0.043
a range +40100 +40200 2005 2001 0.043
a range +40500 +40600 2002 2009 0.043
a range +40500 +40600 2009 2002 0.043
a range +40600 +41000 2005 2010 0.0432
a range +40600 +41000 2010 2005 0.0432
a range +41000 +41100 2001 2010 0.0432
a range +41000 +41100 2010 2001 0.0432
a range +41400 +41900 1001 2009 1103.5127
a range +41400 +41900 2001 2010 0.0432
a range +41400 +41900 2005 2012 0.043
a range +41400 +41900 2009 1001 1103.5127
a range +41400 +41900 2010 2001 0.0432
a range +41400 +41900 2012 2005 0.043
a range +42800 +43200 2001 2005 0.043
a range +42800 +43200 2005 2001 0.043
a range +43700 +44000 2005 2011 0.0225
a range +43700 +44000 2011 2005 0.0225
a range +44000 +44100 2007 2012 0.043
a range +44000 +44100 2012 2007 0.043
a range +44100 +44200 2006 2010 0.0432
a range +44100 +44200 2010 2006 0.0432
a range +46900 +47300 1001 9002 0.0591
a range +46900 +47300 9002 1001 0.0591
a range +47700 +48200 1001 9002 0.0591
a range +47700 +48200 9002 1001 0.0591
a range +48900 +49000 2001 9003 1104.7676
a range +48900 +49000 9003 2001 1104.7676
a range +49000 +49500 2007 2010 0.0182
a range +49000 +49500 2010 2007 0.0182
a range +49500 +49600 2001 2004 0.0182
a range +49500 +49600 2004 2001 0.0182
a range +50000 +50300 2007 2009 0.0421
a range +50000 +50300 2009 2007 0.0421
a range +50700 +50900 2002 2005 0.0122
a range +50700 +50900 2005 2002 0.0122
a range +51800 +51900 2002 2009 0.0433
a range +51800 +51900 2009 2002 0.0433
a range +54900 +55300 2007 2011 0.043
a range +54900 +55300 2011 2007 0.043
a range +55800 +55900 1001 2006 1104.1472
a range +55800 +55900 2006 1001 1104.1472
a range +55900 +56200 2003 2011 0.0435
a range +55900 +56200 2006 9001 1104.1779
a range +55900 +56200 2011 2003 0.0435
a range +55900 +56200 9001 2006 1104.1779
a range +56200 +56300 1001 2006 1104.1472
a range +56200 +56300 2006 1001 1104.1472
a range +56300 +56600 1001 2011 1104.5148
a range +56300 +56600 2011 1001 1104.5148
a range +56700 +57000 1001 2007 1103.9173
a range +56700 +57000 2007 1001 1103.9173
a range +56700 +57000 2009 9001 1104.1927
a range +56700 +57000 9001 2009 1104.1927
a range +57600 +58100 2007 2010 0.0182
a range +57600 +58100 2010 2007 0.0182
a range +59500 +59900 1001 2011 1104.5148
a range +59500 +59900 2011 1001 1104.5148
a range +60800 +61200 2010 9001 1105.0495
a range +60800 +61200 9001 2010 1105.0495
a range +62100 +62200 2004 2008 0.043
a range +62100 +62200 2008 2004 0.043
a range +63900 +64300 2001 2009 0.043
a range +63900 +64300 2009 2001 0.043
a range +65200 +65300 1001 2005 1104.4727
a range +65200 +65300 2005 1001 1104.4727
a range +65300 +65600 1001 2006 1104.4941
a range +65300 +65600 2006 1001 1104.4941
a range +66200 +66600 1001 2010 1104.5028
a range +66200 +66600 2010 1001 1104.5028
a range +66600 +67100 2002 2005 0.0122
a range +66600 +67100 2005 2002 0.0122
a range +67100 +67400 2001 2003 0.0421
a range +67100 +67400 2003 2001 0.0421
a range +68800 +69100 1001 2005 1104.4727
a range +68800 +69100 2005 1001 1104.4727
a range +69100 +69300 2007 9001 1104.6705
a range +69100 +69300 9001 2007 1104.6705
a range +69300 +69600 1001 2007 1104.4967
a range +69300 +69600 2007 1001 1104.4967
a range +69600 +69700 1001 2011 1104.5148
a range +69600 +69700 2011 1001 1104.5148
a range +70800 +71000 2001 9003 1104.7676
a range +70800 +71000 9003 2001 1104.7676
a range +71000 +71200 2003 9001 1105.0611
a range +71000 +71200 9001 2003 1105.0611
a range +71200 +71500 2007 9001 1104.6705
a range +71200 +71500 9001 2007 1104.6705
a range +71500 +71600 2004 2012 0.0433
a range +71500 +71600 2005 9001 1105.0724
a range +71500 +71600 2012 2004 0.0433
a range +71500 +71600 9001 2005 1105.0724
a range +71900 +72000 2008 9001 1105.0718
a range +71900 +72000 9001 2008 1105.0718
a range +72000 +72400 2002 2008 0.0225
a range +72000 +72400 2003 2009 0.0112
a range +72000 +72400 2005 9001 1105.0724
a range +72000 +72400 2008 2002 0.0225
a range +72000 +72400 2009 2003 0.0112
a range +72000 +72400 9001 2005 1105.0724
a range +74700 +75000 1001 2005 1105.0446
a range +74700 +75000 2005 1001 1105.0446
a range +75100 +75400 1001 2009 1104.8709
a range +75100 +75400 2009 1001 1104.8709
a range +75600 +75900 2003 2012 0.0433
a range +75600 +75900 2012 2003 0.0433
a range +76900 +77100 2008 2011 0.0122
a range +76900 +77100 2011 2008 0.0122
a range +78200 +78300 2004 2006 0.0421
a range +78200 +78300 2006 2004 0.0421
a range +78400 +78700 1001 2010 1105.0216
a range +78400 +78700 2010 1001 1105.0216
a range +78700 +79100 2007 9001 1105.036
a range +78700 +79100 9001 2007 1105.036
a range +82800 +83200 2001 2012 0.0335
a range +82800 +83200 2012 2001 0.0335
a range +83400 +83600 2009 9001 1105.0649
a range +83400 +83600 9001 2009 1105.0649
a range +83600 +83800 2005 2011 0.0225
a range +83600 +83800 2011 2005 0.0225
a range +84100 +84400 2001 2008 0.0318
a range +84200 +84400 2004 9002 1105.0424
a range +84100 +84400 2008 2001 0.0318
a range +84200 +84400 9002 2004 1105.0424
a range +84600 +85000 2002 2007 0.0318
a range +84600 +85000 2007 2002 0.0318
a range +85000 +85400 1001 2004 1105.0073
a range +85000 +85400 2004 1001 1105.0073
a range +85000 +85400 2011 9001 1105.0628
a range +85000 +85400 9001 2011 1105.0628
a range +85400 +85800 2001 9001 1105.0474
a range +85400 +85800 9001 2001 1105.0474
