a contact +0 +600 2001 2010 1000
a contact +0 +600 2002 2006 1000
a contact +0 +600 2003 2005 1000
a contact +0 +600 2005 2003 1000
a contact +0 +600 2005 2009 1000
a contact +0 +600 2006 2002 1000
a contact +0 +600 2006 2008 1000
a contact +0 +600 2007 9001 1000
a contact +0 +600 2007 9002 1000
a contact +0 +600 2008 2006 1000
a contact +0 +600 2008 2012 1000
a contact +0 +600 2009 2005 1000
a contact +0 +600 2009 2011 1000
a contact +0 +600 2010 2001 1000
a contact +0 +600 2011 2009 1000
a contact +0 +600 2012 2008 1000
a contact +0 +600 9001 2007 1000
a contact +0 +600 9002 2007 1000
a contact +0 +3000 2001 2009 1000
a contact +0 +3000 2001 2012 1000
a contact +0 +3000 2003 2007 1000
a contact +0 +3000 2003 2010 1000
a contact +0 +3000 2004 2012 1000
a contact +0 +3000 2006 2010 1000
a contact +0 +3000 2007 2003 1000
a contact +0 +3000 2009 2001 1000
a contact +0 +3000 2010 2003 1000
a contact +0 +3000 2010 2006 1000
a contact +0 +3000 2012 2001 1000
a contact +0 +3000 2012 2004 1000
a contact +0 +3600 2002 2011 1000
a contact +0 +3600 2011 2002 1000
a contact +0 +4200 2001 2006 1000
a contact +0 +4200 2003 2004 1000
a contact +0 +4200 2004 2003 1000
a contact +0 +4200 2004 2009 1000
a contact +0 +4200 2006 2001 1000
a contact +0 +4200 2006 2007 1000
a contact +0 +4200 2007 2006 1000
a contact +0 +4200 2007 2012 1000
a contact +0 +4200 2009 2004 1000
a contact +0 +4200 2009 2010 1000
a contact +0 +4200 2010 2009 1000
a contact +0 +4200 2012 2007 1000
a contact +0 +6000 2001 2008 1000
a contact +0 +6000 2001 2011 1000
a contact +0 +6000 2002 2007 1000
a contact +0 +6000 2002 2010 1000
a contact +0 +6000 2004 2011 1000
a contact +0 +6000 2005 2010 1000
a contact +0 +6000 2007 2002 1000
a contact +0 +6000 2008 2001 1000
a contact +0 +6000 2010 2002 1000
a contact +0 +6000 2010 2005 1000
a contact +0 +6000 2011 2001 1000
a contact +0 +6000 2011 2004 1000
a contact +2400 +6600 1001 2006 1000
a contact +0 +6600 2003 2012 1000
a contact +2400 +6600 2006 1001 1000
a contact +0 +6600 2006 9001 1000
a contact +0 +6600 2006 9002 1000
a contact +0 +6600 2012 2003 1000
a contact +0 +6600 9001 2006 1000
a contact +0 +6600 9002 2006 1000
a contact +2400 +7200 1001 2009 1000
a contact +0 +7200 1001 9003 1000
a contact +0 +7200 2001 2005 1000
a contact +0 +7200 2002 2004 1000
a contact +0 +7200 2004 2002 1000
a contact +0 +7200 2004 2008 1000
a contact +0 +7200 2005 2001 1000
a contact +0 +7200 2005 2007 1000
a contact +0 +7200 2007 2005 1000
a contact +0 +7200 2007 2011 1000
a contact +0 +7200 2008 2004 1000
a contact +0 +7200 2008 2010 1000
a contact +2400 +7200 2009 1001 1000
a contact +0 +7200 2009 9001 1000
a contact +0 +7200 2009 9002 1000
a contact +0 +7200 2010 2008 1000
a contact +0 +7200 2011 2007 1000
a contact +0 +7200 9001 2009 1000
a contact +0 +7200 9002 2009 1000
a contact +0 +7200 9003 1001 1000
a contact +3000 +9000 2002 2012 1000
a contact +3000 +9000 2003 2011 1000
a contact +3000 +9000 2011 2003 1000
a contact +3000 +9000 2012 2002 1000
a contact +2400 +9600 2001 2010 1000
a contact +2400 +9600 2002 2009 1000
a contact +2400 +9600 2003 2008 1000
a contact +2400 +9600 2005 2012 1000
a contact +2400 +9600 2006 2011 1000
a contact +2400 +9600 2008 2003 1000
a contact +2400 +9600 2009 2002 1000
a contact +2400 +9600 2010 2001 1000
a contact +2400 +9600 2011 2006 1000
a contact +2400 +9600 2012 2005 1000
a contact +1800 +10200 2002 2006 1000
a contact +1800 +10200 2003 2005 1000
a contact +1800 +10200 2005 2003 1000
a contact +1800 +10200 2005 2009 1000
a contact +1800 +10200 2006 2002 1000
a contact +1800 +10200 2006 2008 1000
a contact +1800 +10200 2008 2006 1000
a contact +1800 +10200 2008 2012 1000
a contact +1800 +10200 2009 2005 1000
a contact +1800 +10200 2009 2011 1000
a contact +1800 +10200 2011 2009 1000
a contact +1800 +10200 2012 2008 1000
a contact +4200 +12000 1001 9001 1000
a contact +4200 +12000 9001 1001 1000
a contact +2400 +12600 1001 2005 1000
a contact +6000 +12600 2001 2009 1000
a contact +6000 +12600 2001 2012 1000
a contact +6000 +12600 2003 2007 1000
a contact +6000 +12600 2003 2010 1000
a contact +6000 +12600 2004 2012 1000
a contact +2400 +12600 2005 1001 1000
a contact +0 +12600 2005 9001 1000
a contact +0 +12600 2005 9002 1000
a contact +6000 +12600 2006 2010 1000
a contact +6000 +12600 2007 2003 1000
a contact +6000 +12600 2009 2001 1000
a contact +6000 +12600 2010 2003 1000
a contact +6000 +12600 2010 2006 1000
a contact +6000 +12600 2012 2001 1000
a contact +6000 +12600 2012 2004 1000
a contact +0 +12600 9001 2005 1000
a contact +0 +12600 9002 2005 1000
a contact +2400 +13200 1001 2008 1000
a contact +4800 +13200 2001 2006 1000
a contact +5400 +13200 2002 2011 1000
a contact +4800 +13200 2003 2004 1000
a contact +4800 +13200 2004 2003 1000
a contact +4800 +13200 2004 2009 1000
a contact +4800 +13200 2006 2001 1000
a contact +4800 +13200 2006 2007 1000
a contact +4800 +13200 2007 2006 1000
a contact +4800 +13200 2007 2012 1000
a contact +2400 +13200 2008 1001 1000
a contact +0 +13200 2008 9001 1000
a contact +0 +13200 2008 9002 1000
a contact +4800 +13200 2009 2004 1000
a contact +4800 +13200 2009 2010 1000
a contact +4800 +13200 2010 2009 1000
a contact +5400 +13200 2011 2002 1000
a contact +4800 +13200 2012 2007 1000
a contact +0 +13200 9001 2008 1000
a contact +0 +13200 9002 2008 1000
a contact +9000 +15600 2001 2008 1000
a contact +9000 +15600 2001 2011 1000
a contact +0 +15600 2001 9001 1000
a contact +9000 +15600 2002 2007 1000
a contact +9000 +15600 2002 2010 1000
a contact +0 +15600 2002 9001 1000
a contact +0 +15600 2003 9001 1000
a contact +9000 +15600 2004 2011 1000
a contact +2400 +15600 2004 9001 1000
a contact +9000 +15600 2005 2010 1000
a contact +15000 +15600 2005 9001 1000
a contact +8400 +15600 2006 9001 1000
a contact +9000 +15600 2007 2002 1000
a contact +1800 +15600 2007 9001 1000
a contact +9000 +15600 2008 2001 1000
a contact +14400 +15600 2008 9001 1000
a contact +8400 +15600 2009 9001 1000
a contact +9000 +15600 2010 2002 1000
a contact +9000 +15600 2010 2005 1000
a contact +0 +15600 2010 9001 1000
a contact +9000 +15600 2011 2001 1000
a contact +9000 +15600 2011 2004 1000
a contact +0 +15600 2011 9001 1000
a contact +0 +15600 2012 9001 1000
a contact +0 +15600 9001 2001 1000
a contact +0 +15600 9001 2002 1000
a contact +0 +15600 9001 2003 1000
a contact +2400 +15600 9001 2004 1000
a contact +15000 +15600 9001 2005 1000
a contact +8400 +15600 9001 2006 1000
a contact +1800 +15600 9001 2007 1000
a contact +14400 +15600 9001 2008 1000
a contact +8400 +15600 9001 2009 1000
a contact +0 +15600 9001 2010 1000
a contact +0 +15600 9001 2011 1000
a contact +0 +15600 9001 2012 1000
a contact +8400 +16200 2003 2012 1000
a contact +8400 +16200 2012 2003 1000
a contact +7800 +16800 2001 2005 1000
a contact +7800 +16800 2002 2004 1000
a contact +7800 +16800 2004 2002 1000
a contact +7800 +16800 2004 2008 1000
a contact +7800 +16800 2005 2001 1000
a contact +7800 +16800 2005 2007 1000
a contact +7800 +16800 2007 2005 1000
a contact +7800 +16800 2007 2011 1000
a contact +7800 +16800 2008 2004 1000
a contact +7800 +16800 2008 2010 1000
a contact +7800 +16800 2010 2008 1000
a contact +7800 +16800 2011 2007 1000
a contact +10200 +18000 1001 9002 1000
a contact +10200 +18000 9002 1001 1000
a contact +12000 +18600 2002 2009 1000
a contact +12000 +18600 2002 2012 1000
a contact +12000 +18600 2003 2008 1000
a contact +12000 +18600 2003 2011 1000
a contact +12000 +18600 2005 2012 1000
a contact +12000 +18600 2006 2011 1000
a contact +12000 +18600 2008 2003 1000
a contact +12000 +18600 2009 2002 1000
a contact +12000 +18600 2011 2003 1000
a contact +12000 +18600 2011 2006 1000
a contact +12000 +18600 2012 2002 1000
a contact +12000 +18600 2012 2005 1000
a contact +2400 +19200 1001 2004 1000
a contact +11400 +19200 2001 2010 1000
a contact +2400 +19200 2004 1001 1000
a contact +2400 +19200 2004 9002 1000
a contact +11400 +19200 2010 2001 1000
a contact +2400 +19200 9002 2004 1000
a contact +2400 +19800 1001 2007 1000
a contact +11400 +19800 2002 2006 1000
a contact +11400 +19800 2003 2005 1000
a contact +11400 +19800 2005 2003 1000
a contact +11400 +19800 2005 2009 1000
a contact +11400 +19800 2006 2002 1000
a contact +11400 +19800 2006 2008 1000
a contact +2400 +19800 2007 1001 1000
a contact +1800 +19800 2007 9002 1000
a contact +11400 +19800 2008 2006 1000
a contact +11400 +19800 2008 2012 1000
a contact +11400 +19800 2009 2005 1000
a contact +11400 +19800 2009 2011 1000
a contact +11400 +19800 2011 2009 1000
a contact +11400 +19800 2012 2008 1000
a contact +1800 +19800 9002 2007 1000
a contact +2400 +21600 1001 2001 1000
a contact +2400 +21600 1001 2002 1000
a contact +2400 +21600 1001 2003 1000
a contact +21000 +21600 1001 2004 1000
a contact +15000 +21600 1001 2005 1000
a contact +8400 +21600 1001 2006 1000
a contact +21000 +21600 1001 2007 1000
a contact +14400 +21600 1001 2008 1000
a contact +8400 +21600 1001 2009 1000
a contact +2400 +21600 1001 2010 1000
a contact +2400 +21600 1001 2011 1000
a contact +2400 +21600 1001 2012 1000
a contact +18000 +21600 1001 9003 1000
a contact +2400 +21600 2001 1001 1000
a contact +0 +21600 2001 2002 1000
a contact +0 +21600 2001 2003 1000
a contact +0 +21600 2001 2004 1000
a contact +17400 +21600 2001 2005 1000
a contact +14400 +21600 2001 2006 1000
a contact +0 +21600 2001 2007 1000
a contact +18600 +21600 2001 2008 1000
a contact +15000 +21600 2001 2009 1000
a contact +21000 +21600 2001 2010 1000
a contact +18600 +21600 2001 2011 1000
a contact +15000 +21600 2001 2012 1000
a contact +0 +21600 2001 9002 1000
a contact +2400 +21600 2002 1001 1000
a contact +0 +21600 2002 2001 1000
a contact +0 +21600 2002 2003 1000
a contact +17400 +21600 2002 2004 1000
a contact +0 +21600 2002 2005 1000
a contact +20400 +21600 2002 2006 1000
a contact +18600 +21600 2002 2007 1000
a contact +0 +21600 2002 2008 1000
a contact +18600 +21600 2002 2010 1000
a contact +15000 +21600 2002 2011 1000
a contact +0 +21600 2002 9002 1000
a contact +2400 +21600 2003 1001 1000
a contact +0 +21600 2003 2001 1000
a contact +0 +21600 2003 2002 1000
a contact +14400 +21600 2003 2004 1000
a contact +20400 +21600 2003 2005 1000
a contact +0 +21600 2003 2006 1000
a contact +15000 +21600 2003 2007 1000
a contact +0 +21600 2003 2009 1000
a contact +15000 +21600 2003 2010 1000
a contact +18000 +21600 2003 2012 1000
a contact +0 +21600 2003 9002 1000
a contact +21000 +21600 2004 1001 1000
a contact +0 +21600 2004 2001 1000
a contact +17400 +21600 2004 2002 1000
a contact +14400 +21600 2004 2003 1000
a contact +0 +21600 2004 2005 1000
a contact +0 +21600 2004 2006 1000
a contact +0 +21600 2004 2007 1000
a contact +17400 +21600 2004 2008 1000
a contact +14400 +21600 2004 2009 1000
a contact +0 +21600 2004 2010 1000
a contact +18600 +21600 2004 2011 1000
a contact +15000 +21600 2004 2012 1000
a contact +21000 +21600 2004 9002 1000
a contact +15000 +21600 2005 1001 1000
a contact +17400 +21600 2005 2001 1000
a contact +0 +21600 2005 2002 1000
a contact +20400 +21600 2005 2003 1000
a contact +0 +21600 2005 2004 1000
a contact +0 +21600 2005 2006 1000
a contact +17400 +21600 2005 2007 1000
a contact +0 +21600 2005 2008 1000
a contact +20400 +21600 2005 2009 1000
a contact +18600 +21600 2005 2010 1000
a contact +0 +21600 2005 2011 1000
a contact +15000 +21600 2005 9002 1000
a contact +8400 +21600 2006 1001 1000
a contact +14400 +21600 2006 2001 1000
a contact +20400 +21600 2006 2002 1000
a contact +0 +21600 2006 2003 1000
a contact +0 +21600 2006 2004 1000
a contact +0 +21600 2006 2005 1000
a contact +14400 +21600 2006 2007 1000
a contact +20400 +21600 2006 2008 1000
a contact +0 +21600 2006 2009 1000
a contact +15000 +21600 2006 2010 1000
a contact +0 +21600 2006 2012 1000
a contact +8400 +21600 2006 9002 1000
a contact +21000 +21600 2007 1001 1000
a contact +0 +21600 2007 2001 1000
a contact +18600 +21600 2007 2002 1000
a contact +15000 +21600 2007 2003 1000
a contact +0 +21600 2007 2004 1000
a contact +17400 +21600 2007 2005 1000
a contact +14400 +21600 2007 2006 1000
a contact +0 +21600 2007 2008 1000
a contact +0 +21600 2007 2009 1000
a contact +0 +21600 2007 2010 1000
a contact +17400 +21600 2007 2011 1000
a contact +14400 +21600 2007 2012 1000
a contact +21000 +21600 2007 9002 1000
a contact +14400 +21600 2008 1001 1000
a contact +18600 +21600 2008 2001 1000
a contact +0 +21600 2008 2002 1000
a contact +17400 +21600 2008 2004 1000
a contact +0 +21600 2008 2005 1000
a contact +20400 +21600 2008 2006 1000
a contact +0 +21600 2008 2007 1000
a contact +0 +21600 2008 2009 1000
a contact +17400 +21600 2008 2010 1000
a contact +0 +21600 2008 2011 1000
a contact +20400 +21600 2008 2012 1000
a contact +14400 +21600 2008 9002 1000
a contact +8400 +21600 2009 1001 1000
a contact +15000 +21600 2009 2001 1000
a contact +0 +21600 2009 2003 1000
a contact +14400 +21600 2009 2004 1000
a contact +20400 +21600 2009 2005 1000
a contact +0 +21600 2009 2006 1000
a contact +0 +21600 2009 2007 1000
a contact +0 +21600 2009 2008 1000
a contact +14400 +21600 2009 2010 1000
a contact +20400 +21600 2009 2011 1000
a contact +0 +21600 2009 2012 1000
a contact +8400 +21600 2009 9002 1000
a contact +2400 +21600 2010 1001 1000
a contact +21000 +21600 2010 2001 1000
a contact +18600 +21600 2010 2002 1000
a contact +15000 +21600 2010 2003 1000
a contact +0 +21600 2010 2004 1000
a contact +18600 +21600 2010 2005 1000
a contact +15000 +21600 2010 2006 1000
a contact +0 +21600 2010 2007 1000
a contact +17400 +21600 2010 2008 1000
a contact +14400 +21600 2010 2009 1000
a contact +0 +21600 2010 2011 1000
a contact +0 +21600 2010 2012 1000
a contact +0 +21600 2010 9002 1000
a contact +2400 +21600 2011 1001 1000
a contact +18600 +21600 2011 2001 1000
a contact +15000 +21600 2011 2002 1000
a contact +18600 +21600 2011 2004 1000
a contact +0 +21600 2011 2005 1000
a contact +17400 +21600 2011 2007 1000
a contact +0 +21600 2011 2008 1000
a contact +20400 +21600 2011 2009 1000
a contact +0 +21600 2011 2010 1000
a contact +0 +21600 2011 2012 1000
a contact +0 +21600 2011 9002 1000
a contact +2400 +21600 2012 1001 1000
a contact +15000 +21600 2012 2001 1000
a contact +18000 +21600 2012 2003 1000
a contact +15000 +21600 2012 2004 1000
a contact +0 +21600 2012 2006 1000
a contact +14400 +21600 2012 2007 1000
a contact +20400 +21600 2012 2008 1000
a contact +0 +21600 2012 2009 1000
a contact +0 +21600 2012 2010 1000
a contact +0 +21600 2012 2011 1000
a contact +0 +21600 2012 9002 1000
a contact +0 +21600 9002 2001 1000
a contact +0 +21600 9002 2002 1000
a contact +0 +21600 9002 2003 1000
a contact +21000 +21600 9002 2004 1000
a contact +15000 +21600 9002 2005 1000
a contact +8400 +21600 9002 2006 1000
a contact +21000 +21600 9002 2007 1000
a contact +14400 +21600 9002 2008 1000
a contact +8400 +21600 9002 2009 1000
a contact +0 +21600 9002 2010 1000
a contact +0 +21600 9002 2011 1000
a contact +0 +21600 9002 2012 1000
a contact +18000 +21600 9003 1001 1000

a range +0 +600 2001 2010 0.0445
a range +0 +600 2002 2006 0.0430
a range +0 +600 2003 2005 0.0430
a range +0 +600 2005 2003 0.0430
a range +0 +600 2005 2009 0.0430
a range +0 +600 2006 2002 0.0430
a range +0 +600 2006 2008 0.0430
a range +0 +600 2007 9001 1101.7702
a range +0 +600 2007 9002 1101.7783
a range +0 +600 2008 2006 0.0430
a range +0 +600 2008 2012 0.0430
a range +0 +600 2009 2005 0.0430
a range +0 +600 2009 2011 0.0430
a range +0 +600 2010 2001 0.0445
a range +0 +600 2011 2009 0.0430
a range +0 +600 2012 2008 0.0430
a range +0 +600 9001 2007 1101.7702
a range +0 +600 9002 2007 1101.7783
a range +0 +3000 2001 2009 0.0436
a range +0 +3000 2001 2012 0.0447
a range +0 +3000 2003 2007 0.0436
a range +0 +3000 2003 2010 0.0447
a range +0 +3000 2004 2012 0.0436
a range +0 +3000 2006 2010 0.0436
a range +0 +3000 2007 2003 0.0436
a range +0 +3000 2009 2001 0.0436
a range +0 +3000 2010 2003 0.0447
a range +0 +3000 2010 2006 0.0436
a range +0 +3000 2012 2001 0.0447
a range +0 +3000 2012 2004 0.0436
a range +0 +3600 2002 2011 0.0442
a range +0 +3600 2011 2002 0.0442
a range +0 +4200 2001 2006 0.0431
a range +0 +4200 2003 2004 0.0431
a range +0 +4200 2004 2003 0.0431
a range +0 +4200 2004 2009 0.0431
a range +0 +4200 2006 2001 0.0431
a range +0 +4200 2006 2007 0.0431
a range +0 +4200 2007 2006 0.0431
a range +0 +4200 2007 2012 0.0431
a range +0 +4200 2009 2004 0.0431
a range +0 +4200 2009 2010 0.0431
a range +0 +4200 2010 2009 0.0431
a range +0 +4200 2012 2007 0.0431
a range +0 +6000 2001 2008 0.0432
a range +0 +6000 2001 2011 0.0440
a range +0 +6000 2002 2007 0.0432
a range +0 +6000 2002 2010 0.0440
a range +0 +6000 2004 2011 0.0432
a range +0 +6000 2005 2010 0.0432
a range +0 +6000 2007 2002 0.0432
a range +0 +6000 2008 2001 0.0432
a range +0 +6000 2010 2002 0.0440
a range +0 +6000 2010 2005 0.0432
a range +0 +6000 2011 2001 0.0440
a range +0 +6000 2011 2004 0.0432
a range +2400 +6600 1001 2006 1102.0209
a range +0 +6600 2003 2012 0.0438
a range +2400 +6600 2006 1001 1102.0209
a range +0 +6600 2006 9001 1102.0090
a range +0 +6600 2006 9002 1102.0047
a range +0 +6600 2012 2003 0.0438
a range +0 +6600 9001 2006 1102.0090
a range +0 +6600 9002 2006 1102.0047
a range +2400 +7200 1001 2009 1102.0341
a range +0 +7200 1001 9003 0.0593
a range +0 +7200 2001 2005 0.0431
a range +0 +7200 2002 2004 0.0431
a range +0 +7200 2004 2002 0.0431
a range +0 +7200 2004 2008 0.0431
a range +0 +7200 2005 2001 0.0431
a range +0 +7200 2005 2007 0.0431
a range +0 +7200 2007 2005 0.0431
a range +0 +7200 2007 2011 0.0431
a range +0 +7200 2008 2004 0.0431
a range +0 +7200 2008 2010 0.0431
a range +2400 +7200 2009 1001 1102.0341
a range +0 +7200 2009 9001 1102.0324
a range +0 +7200 2009 9002 1102.0269
a range +0 +7200 2010 2008 0.0431
a range +0 +7200 2011 2007 0.0431
a range +0 +7200 9001 2009 1102.0324
a range +0 +7200 9002 2009 1102.0269
a range +0 +7200 9003 1001 0.0593
a range +3000 +9000 2002 2012 0.0431
a range +3000 +9000 2003 2011 0.0431
a range +3000 +9000 2011 2003 0.0431
a range +3000 +9000 2012 2002 0.0431
a range +2400 +9600 2001 2010 0.0432
a range +2400 +9600 2002 2009 0.0445
a range +2400 +9600 2003 2008 0.0445
a range +2400 +9600 2005 2012 0.0445
a range +2400 +9600 2006 2011 0.0445
a range +2400 +9600 2008 2003 0.0445
a range +2400 +9600 2009 2002 0.0445
a range +2400 +9600 2010 2001 0.0432
a range +2400 +9600 2011 2006 0.0445
a range +2400 +9600 2012 2005 0.0445
a range +1800 +10200 2002 2006 0.0430
a range +1800 +10200 2003 2005 0.0430
a range +1800 +10200 2005 2003 0.0430
a range +1800 +10200 2005 2009 0.0430
a range +1800 +10200 2006 2002 0.0430
a range +1800 +10200 2006 2008 0.0430
a range +1800 +10200 2008 2006 0.0430
a range +1800 +10200 2008 2012 0.0430
a range +1800 +10200 2009 2005 0.0430
a range +1800 +10200 2009 2011 0.0430
a range +1800 +10200 2011 2009 0.0430
a range +1800 +10200 2012 2008 0.0430
a range +4200 +12000 1001 9001 0.0592
a range +4200 +12000 9001 1001 0.0592
a range +2400 +12600 1001 2005 1102.1883
a range +6000 +12600 2001 2009 0.0441
a range +6000 +12600 2001 2012 0.0456
a range +6000 +12600 2003 2007 0.0441
a range +6000 +12600 2003 2010 0.0456
a range +6000 +12600 2004 2012 0.0441
a range +2400 +12600 2005 1001 1102.1883
a range +0 +12600 2005 9001 1102.2478
a range +0 +12600 2005 9002 1102.2320
a range +6000 +12600 2006 2010 0.0441
a range +6000 +12600 2007 2003 0.0441
a range +6000 +12600 2009 2001 0.0441
a range +6000 +12600 2010 2003 0.0456
a range +6000 +12600 2010 2006 0.0441
a range +6000 +12600 2012 2001 0.0456
a range +6000 +12600 2012 2004 0.0441
a range +0 +12600 9001 2005 1102.2478
a range +0 +12600 9002 2005 1102.2320
a range +2400 +13200 1001 2008 1102.2117
a range +4800 +13200 2001 2006 0.0430
a range +5400 +13200 2002 2011 0.0446
a range +4800 +13200 2003 2004 0.0430
a range +4800 +13200 2004 2003 0.0430
a range +4800 +13200 2004 2009 0.0430
a range +4800 +13200 2006 2001 0.0430
a range +4800 +13200 2006 2007 0.0430
a range +4800 +13200 2007 2006 0.0430
a range +4800 +13200 2007 2012 0.0430
a range +2400 +13200 2008 1001 1102.2117
a range +0 +13200 2008 9001 1102.2717
a range +0 +13200 2008 9002 1102.2548
a range +4800 +13200 2009 2004 0.0430
a range +4800 +13200 2009 2010 0.0430
a range +4800 +13200 2010 2009 0.0430
a range +5400 +13200 2011 2002 0.0446
a range +4800 +13200 2012 2007 0.0430
a range +0 +13200 9001 2008 1102.2717
a range +0 +13200 9002 2008 1102.2548
a range +9000 +15600 2001 2008 0.0437
a range +9000 +15600 2001 2011 0.0449
a range +0 +15600 2001 9001 1102.3473
a range +9000 +15600 2002 2007 0.0437
a range +9000 +15600 2002 2010 0.0449
a range +0 +15600 2002 9001 1102.3541
a range +0 +15600 2003 9001 1102.3360
a range +9000 +15600 2004 2011 0.0437
a range +2400 +15600 2004 9001 1102.3492
a range +9000 +15600 2005 2010 0.0437
a range +15000 +15600 2005 9001 1102.3637
a range +8400 +15600 2006 9001 1102.3244
a range +9000 +15600 2007 2002 0.0437
a range +1800 +15600 2007 9001 1102.3491
a range +9000 +15600 2008 2001 0.0437
a range +14400 +15600 2008 9001 1102.3629
a range +8400 +15600 2009 9001 1102.3254
a range +9000 +15600 2010 2002 0.0449
a range +9000 +15600 2010 2005 0.0437
a range +0 +15600 2010 9001 1102.3469
a range +9000 +15600 2011 2001 0.0449
a range +9000 +15600 2011 2004 0.0437
a range +0 +15600 2011 9001 1102.3521
a range +0 +15600 2012 9001 1102.3384
a range +0 +15600 9001 2001 1102.3473
a range +0 +15600 9001 2002 1102.3541
a range +0 +15600 9001 2003 1102.3360
a range +2400 +15600 9001 2004 1102.3492
a range +15000 +15600 9001 2005 1102.3637
a range +8400 +15600 9001 2006 1102.3244
a range +1800 +15600 9001 2007 1102.3491
a range +14400 +15600 9001 2008 1102.3629
a range +8400 +15600 9001 2009 1102.3254
a range +0 +15600 9001 2010 1102.3469
a range +0 +15600 9001 2011 1102.3521
a range +0 +15600 9001 2012 1102.3384
a range +8400 +16200 2003 2012 0.0443
a range +8400 +16200 2012 2003 0.0443
a range +7800 +16800 2001 2005 0.0431
a range +7800 +16800 2002 2004 0.0431
a range +7800 +16800 2004 2002 0.0431
a range +7800 +16800 2004 2008 0.0431
a range +7800 +16800 2005 2001 0.0431
a range +7800 +16800 2005 2007 0.0431
a range +7800 +16800 2007 2005 0.0431
a range +7800 +16800 2007 2011 0.0431
a range +7800 +16800 2008 2004 0.0431
a range +7800 +16800 2008 2010 0.0431
a range +7800 +16800 2010 2008 0.0431
a range +7800 +16800 2011 2007 0.0431
a range +10200 +18000 1001 9002 0.0607
a range +10200 +18000 9002 1001 0.0607
a range +12000 +18600 2002 2009 0.0433
a range +12000 +18600 2002 2012 0.0441
a range +12000 +18600 2003 2008 0.0433
a range +12000 +18600 2003 2011 0.0441
a range +12000 +18600 2005 2012 0.0433
a range +12000 +18600 2006 2011 0.0433
a range +12000 +18600 2008 2003 0.0433
a range +12000 +18600 2009 2002 0.0433
a range +12000 +18600 2011 2003 0.0441
a range +12000 +18600 2011 2006 0.0433
a range +12000 +18600 2012 2002 0.0441
a range +12000 +18600 2012 2005 0.0433
a range +2400 +19200 1001 2004 1102.5114
a range +11400 +19200 2001 2010 0.0439
a range +2400 +19200 2004 1001 1102.5114
a range +2400 +19200 2004 9002 1102.4865
a range +11400 +19200 2010 2001 0.0439
a range +2400 +19200 9002 2004 1102.4865
a range +2400 +19800 1001 2007 1102.5433
a range +11400 +19800 2002 2006 0.0431
a range +11400 +19800 2003 2005 0.0431
a range +11400 +19800 2005 2003 0.0431
a range +11400 +19800 2005 2009 0.0431
a range +11400 +19800 2006 2002 0.0431
a range +11400 +19800 2006 2008 0.0431
a range +2400 +19800 2007 1001 1102.5433
a range +1800 +19800 2007 9002 1102.5093
a range +11400 +19800 2008 2006 0.0431
a range +11400 +19800 2008 2012 0.0431
a range +11400 +19800 2009 2005 0.0431
a range +11400 +19800 2009 2011 0.0431
a range +11400 +19800 2011 2009 0.0431
a range +11400 +19800 2012 2008 0.0431
a range +1800 +19800 9002 2007 1102.5093
a range +2400 +21600 1001 2001 1102.6240
a range +2400 +21600 1001 2002 1102.6057
a range +2400 +21600 1001 2003 1102.6156
a range +21000 +21600 1001 2004 1102.6343
a range +15000 +21600 1001 2005 1102.5946
a range +8400 +21600 1001 2006 1102.6163
a range +21000 +21600 1001 2007 1102.6334
a range +14400 +21600 1001 2008 1102.5956
a range +8400 +21600 1001 2009 1102.6163
a range +2400 +21600 1001 2010 1102.6218
a range +2400 +21600 1001 2011 1102.6080
a range +2400 +21600 1001 2012 1102.6154
a range +18000 +21600 1001 9003 0.0434
a range +2400 +21600 2001 1001 1102.6240
a range +0 +21600 2001 2002 0.0421
a range +0 +21600 2001 2003 0.0421
a range +0 +21600 2001 2004 0.0155
a range +17400 +21600 2001 2005 0.0389
a range +14400 +21600 2001 2006 0.0423
a range +0 +21600 2001 2007 0.0286
a range +18600 +21600 2001 2008 0.0298
a range +15000 +21600 2001 2009 0.0428
a range +21000 +21600 2001 2010 0.0374
a range +18600 +21600 2001 2011 0.0163
a range +15000 +21600 2001 2012 0.0433
a range +0 +21600 2001 9002 1102.5663
a range +2400 +21600 2002 1001 1102.6057
a range +0 +21600 2002 2001 0.0421
a range +0 +21600 2002 2003 0.0421
a range +17400 +21600 2002 2004 0.0389
a range +0 +21600 2002 2005 0.0166
a range +20400 +21600 2002 2006 0.0418
a range +18600 +21600 2002 2007 0.0298
a range +0 +21600 2002 2008 0.0308
a range +18600 +21600 2002 2010 0.0163
a range +15000 +21600 2002 2011 0.0402
a range +0 +21600 2002 9002 1102.5481
a range +2400 +21600 2003 1001 1102.6156
a range +0 +21600 2003 2001 0.0421
a range +0 +21600 2003 2002 0.0421
a range +14400 +21600 2003 2004 0.0423
a range +20400 +21600 2003 2005 0.0418
a range +0 +21600 2003 2006 0.0012
a range +15000 +21600 2003 2007 0.0428
a range +0 +21600 2003 2009 0.0022
a range +15000 +21600 2003 2010 0.0433
a range +18000 +21600 2003 2012 0.0028
a range +0 +21600 2003 9002 1102.5579
a range +21000 +21600 2004 1001 1102.6343
a range +0 +21600 2004 2001 0.0155
a range +17400 +21600 2004 2002 0.0389
a range +14400 +21600 2004 2003 0.0423
a range +0 +21600 2004 2005 0.0421
a range +0 +21600 2004 2006 0.0421
a range +0 +21600 2004 2007 0.0155
a range +17400 +21600 2004 2008 0.0389
a range +14400 +21600 2004 2009 0.0423
a range +0 +21600 2004 2010 0.0286
a range +18600 +21600 2004 2011 0.0298
a range +15000 +21600 2004 2012 0.0428
a range +21000 +21600 2004 9002 1102.5766
a range +15000 +21600 2005 1001 1102.5946
a range +17400 +21600 2005 2001 0.0389
a range +0 +21600 2005 2002 0.0166
a range +20400 +21600 2005 2003 0.0418
a range +0 +21600 2005 2004 0.0421
a range +0 +21600 2005 2006 0.0421
a range +17400 +21600 2005 2007 0.0389
a range +0 +21600 2005 2008 0.0166
a range +20400 +21600 2005 2009 0.0418
a range +18600 +21600 2005 2010 0.0298
a range +0 +21600 2005 2011 0.0308
a range +15000 +21600 2005 9002 1102.5370
a range +8400 +21600 2006 1001 1102.6163
a range +14400 +21600 2006 2001 0.0423
a range +20400 +21600 2006 2002 0.0418
a range +0 +21600 2006 2003 0.0012
a range +0 +21600 2006 2004 0.0421
a range +0 +21600 2006 2005 0.0421
a range +14400 +21600 2006 2007 0.0423
a range +20400 +21600 2006 2008 0.0418
a range +0 +21600 2006 2009 0.0012
a range +15000 +21600 2006 2010 0.0428
a range +0 +21600 2006 2012 0.0022
a range +8400 +21600 2006 9002 1102.5587
a range +21000 +21600 2007 1001 1102.6334
a range +0 +21600 2007 2001 0.0286
a range +18600 +21600 2007 2002 0.0298
a range +15000 +21600 2007 2003 0.0428
a range +0 +21600 2007 2004 0.0155
a range +17400 +21600 2007 2005 0.0389
a range +14400 +21600 2007 2006 0.0423
a range +0 +21600 2007 2008 0.0421
a range +0 +21600 2007 2009 0.0421
a range +0 +21600 2007 2010 0.0155
a range +17400 +21600 2007 2011 0.0389
a range +14400 +21600 2007 2012 0.0423
a range +21000 +21600 2007 9002 1102.5757
a range +14400 +21600 2008 1001 1102.5956
a range +18600 +21600 2008 2001 0.0298
a range +0 +21600 2008 2002 0.0308
a range +17400 +21600 2008 2004 0.0389
a range +0 +21600 2008 2005 0.0166
a range +20400 +21600 2008 2006 0.0418
a range +0 +21600 2008 2007 0.0421
a range +0 +21600 2008 2009 0.0421
a range +17400 +21600 2008 2010 0.0389
a range +0 +21600 2008 2011 0.0166
a range +20400 +21600 2008 2012 0.0418
a range +14400 +21600 2008 9002 1102.5379
a range +8400 +21600 2009 1001 1102.6163
a range +15000 +21600 2009 2001 0.0428
a range +0 +21600 2009 2003 0.0022
a range +14400 +21600 2009 2004 0.0423
a range +20400 +21600 2009 2005 0.0418
a range +0 +21600 2009 2006 0.0012
a range +0 +21600 2009 2007 0.0421
a range +0 +21600 2009 2008 0.0421
a range +14400 +21600 2009 2010 0.0423
a range +20400 +21600 2009 2011 0.0418
a range +0 +21600 2009 2012 0.0012
a range +8400 +21600 2009 9002 1102.5587
a range +2400 +21600 2010 1001 1102.6218
a range +21000 +21600 2010 2001 0.0374
a range +18600 +21600 2010 2002 0.0163
a range +15000 +21600 2010 2003 0.0433
a range +0 +21600 2010 2004 0.0286
a range +18600 +21600 2010 2005 0.0298
a range +15000 +21600 2010 2006 0.0428
a range +0 +21600 2010 2007 0.0155
a range +17400 +21600 2010 2008 0.0389
a range +14400 +21600 2010 2009 0.0423
a range +0 +21600 2010 2011 0.0421
a range +0 +21600 2010 2012 0.0421
a range +0 +21600 2010 9002 1102.5642
a range +2400 +21600 2011 1001 1102.6080
a range +18600 +21600 2011 2001 0.0163
a range +15000 +21600 2011 2002 0.0402
a range +18600 +21600 2011 2004 0.0298
a range +0 +21600 2011 2005 0.0308
a range +17400 +21600 2011 2007 0.0389
a range +0 +21600 2011 2008 0.0166
a range +20400 +21600 2011 2009 0.0418
a range +0 +21600 2011 2010 0.0421
a range +0 +21600 2011 2012 0.0421
a range +0 +21600 2011 9002 1102.5504
a range +2400 +21600 2012 1001 1102.6154
a range +15000 +21600 2012 2001 0.0433
a range +18000 +21600 2012 2003 0.0028
a range +15000 +21600 2012 2004 0.0428
a range +0 +21600 2012 2006 0.0022
a range +14400 +21600 2012 2007 0.0423
a range +20400 +21600 2012 2008 0.0418
a range +0 +21600 2012 2009 0.0012
a range +0 +21600 2012 2010 0.0421
a range +0 +21600 2012 2011 0.0421
a range +0 +21600 2012 9002 1102.5578
a range +0 +21600 9002 2001 1102.5663
a range +0 +21600 9002 2002 1102.5481
a range +0 +21600 9002 2003 1102.5579
a range +21000 +21600 9002 2004 1102.5766
a range +15000 +21600 9002 2005 1102.5370
a range +8400 +21600 9002 2006 1102.5587
a range +21000 +21600 9002 2007 1102.5757
a range +14400 +21600 9002 2008 1102.5379
a range +8400 +21600 9002 2009 1102.5587
a range +0 +21600 9002 2010 1102.5642
a range +0 +21600 9002 2011 1102.5504
a range +0 +21600 9002 2012 1102.5578
a range +18000 +21600 9003 1001 0.0434

a position +0 +600 2001 2010 8273184.59811024 2400174.59214517 233948374.470986 8260860.32814226 2400174.59214517 233953479.350753
a position +0 +600 2002 2006 8263160.6119305 2407821.2400426 233948374.470986 8262843.47697747 2395316.88941494 233945252.740054
a position +0 +600 2003 2005 8261550.41368741 2395316.88941494 233948374.470986 8263982.05907421 2407821.2400426 233946391.322151
a position +0 +600 2005 2003 8263982.05907421 2407821.2400426 233946391.322151 8261550.41368741 2395316.88941494 233948374.470986
a position +0 +600 2005 2009 8263982.05907421 2407821.2400426 233946391.322151 8265965.20790935 2395316.88941494 233943959.676764
a position +0 +600 2006 2002 8262843.47697747 2395316.88941494 233945252.740054 8263160.6119305 2407821.2400426 233948374.470986
a position +0 +600 2006 2008 8262843.47697747 2395316.88941494 233945252.740054 8265965.20790935 2407821.2400426 233945569.875007
a position +0 +600 2007 9001 8265965.20790935 2400174.59214517 233955593.861187 -136169493.822922 3750.98291015625 -63083677.7344879
a position +0 +600 2007 9002 8265965.20790935 2400174.59214517 233955593.861187 -136177870.344406 4196.68310546875 -63082300.4676422
a position +0 +600 2008 2006 8265965.20790935 2407821.2400426 233945569.875007 8262843.47697747 2395316.88941494 233945252.740054
a position +0 +600 2008 2012 8265965.20790935 2407821.2400426 233945569.875007 8269086.93884122 2395316.88941494 233945252.740054
a position +0 +600 2009 2005 8265965.20790935 2395316.88941494 233943959.676764 8263982.05907421 2407821.2400426 233946391.322151
a position +0 +600 2009 2011 8265965.20790935 2395316.88941494 233943959.676764 8267948.35674448 2407821.2400426 233946391.322151
a position +0 +600 2010 2001 8260860.32814226 2400174.59214517 233953479.350753 8273184.59811024 2400174.59214517 233948374.470986
a position +0 +600 2011 2009 8267948.35674448 2407821.2400426 233946391.322151 8265965.20790935 2395316.88941494 233943959.676764
a position +0 +600 2012 2008 8269086.93884122 2395316.88941494 233945252.740054 8265965.20790935 2407821.2400426 233945569.875007
a position +0 +600 9001 2007 -136169493.822922 3750.98291015625 -63083677.7344879 8265965.20790935 2400174.59214517 233955593.861187
a position +0 +600 9002 2007 -136177870.344406 4196.68310546875 -63082300.4676422 8265965.20790935 2400174.59214517 233955593.861187
a position +0 +3000 2001 2009 8215763.12470201 2403968.43866101 233955403.778945 8210065.48640709 2392239.16252359 233956478.041385
a position +0 +3000 2001 2012 8215763.12470201 2403968.43866101 233955403.778945 8209305.86815068 2392239.16252359 233956163.397201
a position +0 +3000 2003 2007 8211139.74884752 2392239.16252359 233955403.778945 8210065.48640709 2403968.43866101 233961101.417239
a position +0 +3000 2003 2010 8211139.74884752 2392239.16252359 233955403.778945 8206036.647732 2403968.43866101 233959432.61762
a position +0 +3000 2004 2012 8214094.32508218 2403968.43866101 233959432.61762 8209305.86815068 2392239.16252359 233956163.397201
a position +0 +3000 2006 2010 8210825.10466349 2392239.16252359 233956163.397201 8206036.647732 2403968.43866101 233959432.61762
a position +0 +3000 2007 2003 8210065.48640709 2403968.43866101 233961101.417239 8211139.74884752 2392239.16252359 233955403.778945
a position +0 +3000 2009 2001 8210065.48640709 2392239.16252359 233956478.041385 8215763.12470201 2403968.43866101 233955403.778945
a position +0 +3000 2010 2003 8206036.647732 2403968.43866101 233959432.61762 8211139.74884752 2392239.16252359 233955403.778945
a position +0 +3000 2010 2006 8206036.647732 2403968.43866101 233959432.61762 8210825.10466349 2392239.16252359 233956163.397201
a position +0 +3000 2012 2001 8209305.86815068 2392239.16252359 233956163.397201 8215763.12470201 2403968.43866101 233955403.778945
a position +0 +3000 2012 2004 8209305.86815068 2392239.16252359 233956163.397201 8214094.32508218 2403968.43866101 233959432.61762
a position +0 +3600 2002 2011 8188923.3231511 2400293.0916179 233957158.928017 8201158.42431598 2400293.0916179 233952090.983178
a position +0 +3600 2011 2002 8201158.42431598 2400293.0916179 233952090.983178 8188923.3231511 2400293.0916179 233957158.928017
a position +0 +4200 2001 2006 8185599.92668373 2404996.29832233 233958913.205939 8184797.03480657 2392392.45981646 233961594.798727
a position +0 +4200 2003 2004 8185907.78690803 2392392.45981646 233958913.205939 8184579.34475431 2404996.29832233 233961377.108675
a position +0 +4200 2004 2003 8184579.34475431 2404996.29832233 233961377.108675 8185907.78690803 2392392.45981646 233958913.205939
a position +0 +4200 2004 2009 8184579.34475431 2404996.29832233 233961377.108675 8182115.44201878 2392392.45981646 233962705.550828
a position +0 +4200 2006 2001 8184797.03480657 2392392.45981646 233961594.798727 8185599.92668373 2404996.29832233 233958913.205939
a position +0 +4200 2006 2007 8184797.03480657 2392392.45981646 233961594.798727 8182115.44201878 2404996.29832233 233962397.690604
a position +0 +4200 2007 2006 8182115.44201878 2404996.29832233 233962397.690604 8184797.03480657 2392392.45981646 233961594.798727
a position +0 +4200 2007 2012 8182115.44201878 2404996.29832233 233962397.690604 8179433.84923099 2392392.45981646 233961594.798727
a position +0 +4200 2009 2004 8182115.44201878 2392392.45981646 233962705.550828 8184579.34475431 2404996.29832233 233961377.108675
a position +0 +4200 2009 2010 8182115.44201878 2392392.45981646 233962705.550828 8179651.53928325 2404996.29832233 233961377.108675
a position +0 +4200 2010 2009 8179651.53928325 2404996.29832233 233961377.108675 8182115.44201878 2392392.45981646 233962705.550828
a position +0 +4200 2012 2007 8179433.84923099 2392392.45981646 233961594.798727 8182115.44201878 2404996.29832233 233962397.690604
a position +0 +6000 2001 2008 8139458.64546391 2404598.17103029 233964170.812869 8140190.147073 2393101.44604185 233958264.677211
a position +0 +6000 2001 2011 8139458.64546391 2404598.17103029 233964170.812869 8144366.4156473 2393101.44604185 233959994.544295
a position +0 +6000 2002 2007 8134284.01141512 2393101.44604185 233964170.812869 8140190.147073 2404598.17103029 233963439.31126
a position +0 +6000 2002 2010 8134284.01141512 2393101.44604185 233964170.812869 8140707.39682124 2404598.17103029 233963653.563121
a position +0 +6000 2004 2011 8139672.89732476 2404598.17103029 233963653.563121 8144366.4156473 2393101.44604185 233959994.544295
a position +0 +6000 2005 2010 8136013.8784987 2393101.44604185 233959994.544295 8140707.39682124 2404598.17103029 233963653.563121
a position +0 +6000 2007 2002 8140190.147073 2404598.17103029 233963439.31126 8134284.01141512 2393101.44604185 233964170.812869
a position +0 +6000 2008 2001 8140190.147073 2393101.44604185 233958264.677211 8139458.64546391 2404598.17103029 233964170.812869
a position +0 +6000 2010 2002 8140707.39682124 2404598.17103029 233963653.563121 8134284.01141512 2393101.44604185 233964170.812869
a position +0 +6000 2010 2005 8140707.39682124 2404598.17103029 233963653.563121 8136013.8784987 2393101.44604185 233959994.544295
a position +0 +6000 2011 2001 8144366.4156473 2393101.44604185 233959994.544295 8139458.64546391 2404598.17103029 233964170.812869
a position +0 +6000 2011 2004 8144366.4156473 2393101.44604185 233959994.544295 8139672.89732476 2404598.17103029 233963653.563121
a position +2400 +6600 1001 2006 -136086727.856896 0 -63257525.2088059 8131234.58475114 2395329.80518286 233970941.202943
a position +0 +6600 2003 2012 8133313.76977498 2395329.80518286 233965921.60626 8121195.3913847 2395329.80518286 233970941.202943
a position +2400 +6600 2006 1001 8131234.58475114 2395329.80518286 233970941.202943 -136086727.856896 0 -63257525.2088059
a position +0 +6600 2006 9001 8131234.58475114 2395329.80518286 233970941.202943 -136096758.003288 3750.98291015625 -63248744.5052633
a position +0 +6600 2006 9002 8131234.58475114 2395329.80518286 233970941.202943 -136103746.480217 4196.68310546875 -63243925.3591604
a position +0 +6600 2012 2003 8121195.3913847 2395329.80518286 233970941.202943 8133313.76977498 2395329.80518286 233965921.60626
a position +0 +6600 9001 2006 -136096758.003288 3750.98291015625 -63248744.5052633 8131234.58475114 2395329.80518286 233970941.202943
a position +0 +6600 9002 2006 -136103746.480217 4196.68310546875 -63243925.3591604 8131234.58475114 2395329.80518286 233970941.202943
a position +2400 +7200 1001 2009 -136078247.560553 0 -63271243.2004694 8112239.79881476 2396355.29758375 233974948.596776
a position +0 +7200 1001 9003 -136078247.560553 0 -63271243.2004694 -136095597.31772 -3748.65649414063 -63270027.7525483
a position +0 +7200 2001 2005 8108746.48565765 2402908.95362986 233967671.528536 8109564.27993758 2390304.70170891 233964996.009659
a position +0 +7200 2002 2004 8108456.04373226 2390304.70170891 233967671.528536 8109769.65339256 2402908.95362986 233965201.383114
a position +0 +7200 2004 2002 8109769.65339256 2402908.95362986 233965201.383114 8108456.04373226 2390304.70170891 233967671.528536
a position +0 +7200 2004 2008 8109769.65339256 2402908.95362986 233965201.383114 8112239.79881476 2390304.70170891 233963887.773454
a position +0 +7200 2005 2001 8109564.27993758 2390304.70170891 233964996.009659 8108746.48565765 2402908.95362986 233967671.528536
a position +0 +7200 2005 2007 8109564.27993758 2390304.70170891 233964996.009659 8112239.79881476 2402908.95362986 233964178.215379
a position +0 +7200 2007 2005 8112239.79881476 2402908.95362986 233964178.215379 8109564.27993758 2390304.70170891 233964996.009659
a position +0 +7200 2007 2011 8112239.79881476 2402908.95362986 233964178.215379 8114915.31769194 2390304.70170891 233964996.009659
a position +0 +7200 2008 2004 8112239.79881476 2390304.70170891 233963887.773454 8109769.65339256 2402908.95362986 233965201.383114
a position +0 +7200 2008 2010 8112239.79881476 2390304.70170891 233963887.773454 8114709.94423696 2402908.95362986 233965201.383114
a position +2400 +7200 2009 1001 8112239.79881476 2396355.29758375 233974948.596776 -136078247.560553 0 -63271243.2004694
a position +0 +7200 2009 9001 8112239.79881476 2396355.29758375 233974948.596776 -136089529.593233 3750.98291015625 -63265251.4991608
a position +0 +7200 2009 9002 8112239.79881476 2396355.29758375 233974948.596776 -136096298.95334 4196.68310546875 -63260129.1221772
a position +0 +7200 2010 2008 8114709.94423696 2402908.95362986 233965201.383114 8112239.79881476 2390304.70170891 233963887.773454
a position +0 +7200 2011 2007 8114915.31769194 2390304.70170891 233964996.009659 8112239.79881476 2402908.95362986 233964178.215379
a position +0 +7200 9001 2009 -136089529.593233 3750.98291015625 -63265251.4991608 8112239.79881476 2396355.29758375 233974948.596776
a position +0 +7200 9002 2009 -136096298.95334 4196.68310546875 -63260129.1221772 8112239.79881476 2396355.29758375 233974948.596776
a position +0 +7200 9003 1001 -136095597.31772 -3748.65649414063 -63270027.7525483 -136078247.560553 0 -63271243.2004694
a position +3000 +9000 2002 2012 8070701.14343279 2388004.66331874 233972916.068758 8065999.75669009 2399242.94604177 233977230.362096
a position +3000 +9000 2003 2011 8076415.38217813 2399242.94604177 233972916.068758 8070040.33365624 2388004.66331874 233973189.78513
a position +3000 +9000 2011 2003 8070040.33365624 2388004.66331874 233973189.78513 8076415.38217813 2399242.94604177 233972916.068758
a position +3000 +9000 2012 2002 8065999.75669009 2399242.94604177 233977230.362096 8070701.14343279 2388004.66331874 233972916.068758
a position +2400 +9600 2001 2010 8049324.31993751 2396801.47696373 233974662.506656 8061298.68444638 2396801.47696373 233969702.562475
a position +2400 +9600 2002 2009 8058161.81523922 2387809.80304887 233974662.506656 8056338.74026601 2399959.13544351 233979853.852011
a position +2400 +9600 2003 2008 8061530.08562119 2399959.13544351 233974662.506656 8056338.74026601 2387809.80304887 233976485.581629
a position +2400 +9600 2005 2012 8057627.84894218 2387809.80304887 233975951.615332 8052667.90476188 2399959.13544351 233978333.34216
a position +2400 +9600 2006 2011 8060009.57577014 2399959.13544351 233978333.34216 8055049.63158984 2387809.80304887 233975951.615332
a position +2400 +9600 2008 2003 8056338.74026601 2387809.80304887 233976485.581629 8061530.08562119 2399959.13544351 233974662.506656
a position +2400 +9600 2009 2002 8056338.74026601 2399959.13544351 233979853.852011 8058161.81523922 2387809.80304887 233974662.506656
a position +2400 +9600 2010 2001 8061298.68444638 2396801.47696373 233969702.562475 8049324.31993751 2396801.47696373 233974662.506656
a position +2400 +9600 2011 2006 8055049.63158984 2387809.80304887 233975951.615332 8060009.57577014 2399959.13544351 233978333.34216
a position +2400 +9600 2012 2005 8052667.90476188 2399959.13544351 233978333.34216 8057627.84894218 2387809.80304887 233975951.615332
a position +1800 +10200 2002 2006 8045549.81484972 2387895.72856177 233976408.073476 8045244.51015157 2400472.00858311 233979289.183112
a position +1800 +10200 2003 2005 8046437.9048374 2400472.00858311 233976408.073476 8044616.53569898 2387895.72856177 233978661.208659
a position +1800 +10200 2005 2003 8044616.53569898 2387895.72856177 233978661.208659 8046437.9048374 2400472.00858311 233976408.073476
a position +1800 +10200 2005 2009 8044616.53569898 2387895.72856177 233978661.208659 8042363.40051576 2400472.00858311 233980482.577798
a position +1800 +10200 2006 2002 8045244.51015157 2400472.00858311 233979289.183112 8045549.81484972 2387895.72856177 233976408.073476
a position +1800 +10200 2006 2008 8045244.51015157 2400472.00858311 233979289.183112 8042363.40051576 2387895.72856177 233979594.48781
a position +1800 +10200 2008 2006 8042363.40051576 2387895.72856177 233979594.48781 8045244.51015157 2400472.00858311 233979289.183112
a position +1800 +10200 2008 2012 8042363.40051576 2387895.72856177 233979594.48781 8039482.29087996 2400472.00858311 233979289.183112
a position +1800 +10200 2009 2005 8042363.40051576 2400472.00858311 233980482.577798 8044616.53569898 2387895.72856177 233978661.208659
a position +1800 +10200 2009 2011 8042363.40051576 2400472.00858311 233980482.577798 8040110.26533255 2387895.72856177 233978661.208659
a position +1800 +10200 2011 2009 8040110.26533255 2387895.72856177 233978661.208659 8042363.40051576 2400472.00858311 233980482.577798
a position +1800 +10200 2012 2008 8039482.29087996 2400472.00858311 233979289.183112 8042363.40051576 2387895.72856177 233979594.48781
a position +4200 +12000 1001 9001 -136025909.724736 0 -63380958.7155533 -136031994.068677 3750.98291015625 -63397207.5196607
a position +4200 +12000 9001 1001 -136031994.068677 3750.98291015625 -63397207.5196607 -136025909.724736 0 -63380958.7155533
a position +2400 +12600 1001 2005 -136021027.81591 0 -63395671.2492039 7991350.86430378 2390498.61808346 233988270.751819
a position +6000 +12600 2001 2009 7981034.17639527 2387923.58518452 233983381.630148 7986461.74263291 2399899.43856859 233981894.934211
a position +6000 +12600 2001 2012 7981034.17639527 2387923.58518452 233983381.630148 7987512.99541184 2399899.43856859 233982330.377369
a position +6000 +12600 2003 2007 7984975.04669546 2399899.43856859 233983381.630148 7986461.74263291 2387923.58518452 233977954.063911
a position +6000 +12600 2003 2010 7984975.04669546 2399899.43856859 233983381.630148 7990299.61152489 2387923.58518452 233979543.761256
a position +6000 +12600 2004 2012 7982623.87374093 2387923.58518452 233979543.761256 7987512.99541184 2399899.43856859 233982330.377369
a position +2400 +12600 2005 1001 7991350.86430378 2390498.61808346 233988270.751819 -136021027.81591 0 -63395671.2492039
a position +0 +12600 2005 9001 7991350.86430378 2390498.61808346 233988270.751819 -136024836.872859 3750.98291015625 -63413683.0085262
a position +0 +12600 2005 9002 7991350.86430378 2390498.61808346 233988270.751819 -136029101.615261 4196.68310546875 -63406343.0522274
a position +6000 +12600 2006 2010 7985410.48985398 2399899.43856859 233982330.377369 7990299.61152489 2387923.58518452 233979543.761256
a position +6000 +12600 2007 2003 7986461.74263291 2387923.58518452 233977954.063911 7984975.04669546 2399899.43856859 233983381.630148
a position +6000 +12600 2009 2001 7986461.74263291 2399899.43856859 233981894.934211 7981034.17639527 2387923.58518452 233983381.630148
a position +6000 +12600 2010 2003 7990299.61152489 2387923.58518452 233979543.761256 7984975.04669546 2399899.43856859 233983381.630148
a position +6000 +12600 2010 2006 7990299.61152489 2387923.58518452 233979543.761256 7985410.48985398 2399899.43856859 233982330.377369
a position +6000 +12600 2012 2001 7987512.99541184 2399899.43856859 233982330.377369 7981034.17639527 2387923.58518452 233983381.630148
a position +6000 +12600 2012 2004 7987512.99541184 2399899.43856859 233982330.377369 7982623.87374093 2387923.58518452 233979543.761256
a position +0 +12600 9001 2005 -136024836.872859 3750.98291015625 -63413683.0085262 7991350.86430378 2390498.61808346 233988270.751819
a position +0 +12600 9002 2005 -136029101.615261 4196.68310546875 -63406343.0522274 7991350.86430378 2390498.61808346 233988270.751819
a position +2400 +13200 1001 2008 -136016361.604283 0 -63410782.3447513 7972486.253703 2391500.63242229 233992351.258874
a position +4800 +13200 2001 2006 7968130.17610041 2386525.59435107 233985122.841702 7970455.20291538 2399045.58015177 233983091.790914
a position +5400 +13200 2002 2011 7979714.67087527 2391500.63242229 233985122.841702 7967374.99090324 2391500.63242229 233990234.104502
a position +4800 +13200 2003 2004 7969613.91413328 2399045.58015177 233985122.841702 7969406.04169084 2386525.59435107 233982042.62969
a position +4800 +13200 2004 2003 7969406.04169084 2386525.59435107 233982042.62969 7969613.91413328 2399045.58015177 233985122.841702
a position +4800 +13200 2004 2009 7969406.04169084 2386525.59435107 233982042.62969 7972486.253703 2399045.58015177 233982250.502132
a position +4800 +13200 2006 2001 7970455.20291538 2399045.58015177 233983091.790914 7968130.17610041 2386525.59435107 233985122.841702
a position +4800 +13200 2006 2007 7970455.20291538 2399045.58015177 233983091.790914 7972486.253703 2386525.59435107 233980766.764099
a position +4800 +13200 2007 2006 7972486.253703 2386525.59435107 233980766.764099 7970455.20291538 2399045.58015177 233983091.790914
a position +4800 +13200 2007 2012 7972486.253703 2386525.59435107 233980766.764099 7974517.30449062 2399045.58015177 233983091.790914
a position +2400 +13200 2008 1001 7972486.253703 2391500.63242229 233992351.258874 -136016361.604283 0 -63410782.3447513
a position +0 +13200 2008 9001 7972486.253703 2391500.63242229 233992351.258874 -136017686.839975 3750.98291015625 -63430152.8773252
a position +0 +13200 2008 9002 7972486.253703 2391500.63242229 233992351.258874 -136021624.046213 4196.68310546875 -63422632.1451474
a position +4800 +13200 2009 2004 7972486.253703 2399045.58015177 233982250.502132 7969406.04169084 2386525.59435107 233982042.62969
a position +4800 +13200 2009 2010 7972486.253703 2399045.58015177 233982250.502132 7975566.46571516 2386525.59435107 233982042.62969
a position +4800 +13200 2010 2009 7975566.46571516 2386525.59435107 233982042.62969 7972486.253703 2399045.58015177 233982250.502132
a position +5400 +13200 2011 2002 7967374.99090324 2391500.63242229 233990234.104502 7979714.67087527 2391500.63242229 233985122.841702
a position +4800 +13200 2012 2007 7974517.30449062 2399045.58015177 233983091.790914 7972486.253703 2386525.59435107 233980766.764099
a position +0 +13200 9001 2008 -136017686.839975 3750.98291015625 -63430152.8773252 7972486.253703 2391500.63242229 233992351.258874
a position +0 +13200 9002 2008 -136021624.046213 4196.68310546875 -63422632.1451474 7972486.253703 2391500.63242229 233992351.258874
a position +9000 +15600 2001 2008 7917730.97052224 2383502.66663767 233992078.977685 7916584.00172336 2395278.07087684 233997730.541693
a position +9000 +15600 2001 2011 7917730.97052224 2383502.66663767 233992078.977685 7912587.74248862 2395278.07087684 233996075.236919
a position +0 +15600 2001 9001 7917730.97052224 2383502.66663767 233992078.977685 -135989153.766107 3750.98291015625 -63495968.3965652
a position +9000 +15600 2002 2007 7922235.56573189 2395278.07087684 233992078.977685 7916584.00172336 2383502.66663767 233993225.946484
a position +9000 +15600 2002 2010 7922235.56573189 2395278.07087684 233992078.977685 7915772.97230787 2383502.66663767 233992890.0071
a position +0 +15600 2002 9001 7922235.56573189 2395278.07087684 233992078.977685 -135989153.766107 3750.98291015625 -63495968.3965652
a position +0 +15600 2003 9001 7909785.46891601 2393291.46264254 233992078.977685 -135989153.766107 3750.98291015625 -63495968.3965652
a position +9000 +15600 2004 2011 7917395.03113886 2383502.66663767 233992890.0071 7912587.74248862 2395278.07087684 233996075.236919
a position +2400 +15600 2004 9001 7917395.03113886 2383502.66663767 233992890.0071 -135989153.766107 3750.98291015625 -63495968.3965652
a position +9000 +15600 2005 2010 7920580.26095811 2395278.07087684 233996075.236919 7915772.97230787 2383502.66663767 233992890.0071
a position +15000 +15600 2005 9001 7920580.26095811 2395278.07087684 233996075.236919 -135989153.766107 3750.98291015625 -63495968.3965652
a position +8400 +15600 2006 9001 7911776.71307316 2393291.46264254 233987271.689035 -135989153.766107 3750.98291015625 -63495968.3965652
a position +9000 +15600 2007 2002 7916584.00172336 2383502.66663767 233993225.946484 7922235.56573189 2395278.07087684 233992078.977685
a position +1800 +15600 2007 9001 7916584.00172336 2383502.66663767 233993225.946484 -135989153.766107 3750.98291015625 -63495968.3965652
a position +9000 +15600 2008 2001 7916584.00172336 2395278.07087684 233997730.541693 7917730.97052224 2383502.66663767 233992078.977685
a position +14400 +15600 2008 9001 7916584.00172336 2395278.07087684 233997730.541693 -135989153.766107 3750.98291015625 -63495968.3965652
a position +8400 +15600 2009 9001 7916584.00172336 2393291.46264254 233985280.444877 -135989153.766107 3750.98291015625 -63495968.3965652
a position +9000 +15600 2010 2002 7915772.97230787 2383502.66663767 233992890.0071 7922235.56573189 2395278.07087684 233992078.977685
a position +9000 +15600 2010 2005 7915772.97230787 2383502.66663767 233992890.0071 7920580.26095811 2395278.07087684 233996075.236919
a position +0 +15600 2010 9001 7915772.97230787 2383502.66663767 233992890.0071 -135989153.766107 3750.98291015625 -63495968.3965652
a position +9000 +15600 2011 2001 7912587.74248862 2395278.07087684 233996075.236919 7917730.97052224 2383502.66663767 233992078.977685
a position +9000 +15600 2011 2004 7912587.74248862 2395278.07087684 233996075.236919 7917395.03113886 2383502.66663767 233992890.0071
a position +0 +15600 2011 9001 7912587.74248862 2395278.07087684 233996075.236919 -135989153.766107 3750.98291015625 -63495968.3965652
a position +0 +15600 2012 9001 7921391.29037356 2393291.46264254 233987271.689035 -135989153.766107 3750.98291015625 -63495968.3965652
a position +0 +15600 9001 2001 -135989153.766107 3750.98291015625 -63495968.3965652 7917730.97052224 2383502.66663767 233992078.977685
a position +0 +15600 9001 2002 -135989153.766107 3750.98291015625 -63495968.3965652 7922235.56573189 2395278.07087684 233992078.977685
a position +0 +15600 9001 2003 -135989153.766107 3750.98291015625 -63495968.3965652 7909785.46891601 2393291.46264254 233992078.977685
a position +2400 +15600 9001 2004 -135989153.766107 3750.98291015625 -63495968.3965652 7917395.03113886 2383502.66663767 233992890.0071
a position +15000 +15600 9001 2005 -135989153.766107 3750.98291015625 -63495968.3965652 7920580.26095811 2395278.07087684 233996075.236919
a position +8400 +15600 9001 2006 -135989153.766107 3750.98291015625 -63495968.3965652 7911776.71307316 2393291.46264254 233987271.689035
a position +1800 +15600 9001 2007 -135989153.766107 3750.98291015625 -63495968.3965652 7916584.00172336 2383502.66663767 233993225.946484
a position +14400 +15600 9001 2008 -135989153.766107 3750.98291015625 -63495968.3965652 7916584.00172336 2395278.07087684 233997730.541693
a position +8400 +15600 9001 2009 -135989153.766107 3750.98291015625 -63495968.3965652 7916584.00172336 2393291.46264254 233985280.444877
a position +0 +15600 9001 2010 -135989153.766107 3750.98291015625 -63495968.3965652 7915772.97230787 2383502.66663767 233992890.0071
a position +0 +15600 9001 2011 -135989153.766107 3750.98291015625 -63495968.3965652 7912587.74248862 2395278.07087684 233996075.236919
a position +0 +15600 9001 2012 -135989153.766107 3750.98291015625 -63495968.3965652 7921391.29037356 2393291.46264254 233987271.689035
a position +8400 +16200 2003 2012 7895428.72794714 2391472.68216679 233993815.83416 7907685.13492896 2391472.68216679 233988739.064162
a position +8400 +16200 2012 2003 7907685.13492896 2391472.68216679 233988739.064162 7895428.72794714 2391472.68216679 233993815.83416
a position +7800 +16800 2001 2005 7892487.64344959 2383683.01002357 233995551.819643 7891050.80363194 2396283.09334137 233997969.924557
a position +7800 +16800 2002 2004 7892052.41548242 2396283.09334137 233995551.819643 7891358.55627889 2383683.01002357 233998277.677204
a position +7800 +16800 2004 2002 7891358.55627889 2383683.01002357 233998277.677204 7892052.41548242 2396283.09334137 233995551.819643
a position +7800 +16800 2004 2008 7891358.55627889 2383683.01002357 233998277.677204 7888632.69871828 2396283.09334137 233998971.536407
a position +7800 +16800 2005 2001 7891050.80363194 2396283.09334137 233997969.924557 7892487.64344959 2383683.01002357 233995551.819643
a position +7800 +16800 2005 2007 7891050.80363194 2396283.09334137 233997969.924557 7888632.69871828 2383683.01002357 233999406.764374
a position +7800 +16800 2007 2005 7888632.69871828 2383683.01002357 233999406.764374 7891050.80363194 2396283.09334137 233997969.924557
a position +7800 +16800 2007 2011 7888632.69871828 2383683.01002357 233999406.764374 7886214.59380462 2396283.09334137 233997969.924557
a position +7800 +16800 2008 2004 7888632.69871828 2396283.09334137 233998971.536407 7891358.55627889 2383683.01002357 233998277.677204
a position +7800 +16800 2008 2010 7888632.69871828 2396283.09334137 233998971.536407 7885906.84115767 2383683.01002357 233998277.677204
a position +7800 +16800 2010 2008 7885906.84115767 2383683.01002357 233998277.677204 7888632.69871828 2396283.09334137 233998971.536407
a position +7800 +16800 2011 2007 7886214.59380462 2396283.09334137 233997969.924557 7888632.69871828 2383683.01002357 233999406.764374
a position +10200 +18000 1001 9002 -135978458.425487 0 -63547204.4255341 -135961812.84251 4196.68310546875 -63553246.5887415
a position +10200 +18000 9002 1001 -135961812.84251 4196.68310546875 -63553246.5887415 -135978458.425487 0 -63547204.4255341
a position +12000 +18600 2002 2009 7845900.86547674 2395841.75139054 234000754.550211 7846705.52411394 2384293.31501058 233994891.715996
a position +12000 +18600 2002 2012 7845900.86547674 2395841.75139054 234000754.550211 7850851.1739446 2384293.31501058 233996608.900381
a position +12000 +18600 2003 2008 7840842.68989857 2384293.31501058 234000754.550211 7846705.52411394 2395841.75139054 233999949.891574
a position +12000 +18600 2003 2011 7840842.68989857 2384293.31501058 234000754.550211 7847274.50369284 2395841.75139054 234000185.570632
a position +12000 +18600 2005 2012 7846136.54453504 2395841.75139054 234000185.570632 7850851.1739446 2384293.31501058 233996608.900381
a position +12000 +18600 2006 2011 7842559.87428328 2384293.31501058 233996608.900381 7847274.50369284 2395841.75139054 234000185.570632
a position +12000 +18600 2008 2003 7846705.52411394 2395841.75139054 233999949.891574 7840842.68989857 2384293.31501058 234000754.550211
a position +12000 +18600 2009 2002 7846705.52411394 2384293.31501058 233994891.715996 7845900.86547674 2395841.75139054 234000754.550211
a position +12000 +18600 2011 2003 7847274.50369284 2395841.75139054 234000185.570632 7840842.68989857 2384293.31501058 234000754.550211
a position +12000 +18600 2011 2006 7847274.50369284 2395841.75139054 234000185.570632 7842559.87428328 2384293.31501058 233996608.900381
a position +12000 +18600 2012 2002 7850851.1739446 2384293.31501058 233996608.900381 7845900.86547674 2395841.75139054 234000754.550211
a position +12000 +18600 2012 2005 7850851.1739446 2384293.31501058 233996608.900381 7846136.54453504 2395841.75139054 234000185.570632
a position +2400 +19200 1001 2004 -135966446.683036 0 -63584777.4497431 7837760.58485621 2386652.78906871 234007517.895892
a position +11400 +19200 2001 2010 7839844.42870954 2386652.78906871 234002487.051799 7827698.89667103 2386652.78906871 234007517.895892
a position +2400 +19200 2004 1001 7837760.58485621 2386652.78906871 234007517.895892 -135966446.683036 0 -63584777.4497431
a position +2400 +19200 2004 9002 7837760.58485621 2386652.78906871 234007517.895892 -135946877.277721 4196.68310546875 -63585979.2185503
a position +11400 +19200 2010 2001 7827698.89667103 2386652.78906871 234007517.895892 7839844.42870954 2386652.78906871 234002487.051799
a position +2400 +19200 9002 2004 -135946877.277721 4196.68310546875 -63585979.2185503 7837760.58485621 2386652.78906871 234007517.895892
a position +2400 +19800 1001 2007 -135959801.102541 0 -63603802.1546618 7818753.92826186 2387679.82269071 234011497.073764
a position +11400 +19800 2002 2006 7815196.25231915 2394124.29078511 234004218.682432 7816122.9851794 2381517.74720091 234001587.739349
a position +11400 +19800 2003 2005 7815033.21287282 2381517.74720091 234004218.682432 7816238.2714775 2394124.29078511 234001703.025647
a position +11400 +19800 2005 2003 7816238.2714775 2394124.29078511 234001703.025647 7815033.21287282 2381517.74720091 234004218.682432
a position +11400 +19800 2005 2009 7816238.2714775 2394124.29078511 234001703.025647 7818753.92826186 2381517.74720091 234000497.967043
a position +11400 +19800 2006 2002 7816122.9851794 2381517.74720091 234001587.739349 7815196.25231915 2394124.29078511 234004218.682432
a position +11400 +19800 2006 2008 7816122.9851794 2381517.74720091 234001587.739349 7818753.92826186 2394124.29078511 234000661.006489
a position +2400 +19800 2007 1001 7818753.92826186 2387679.82269071 234011497.073764 -135959801.102541 0 -63603802.1546618
a position +1800 +19800 2007 9002 7818753.92826186 2387679.82269071 234011497.073764 -135939414.163551 4196.68310546875 -63602356.3847886
a position +11400 +19800 2008 2006 7818753.92826186 2394124.29078511 234000661.006489 7816122.9851794 2381517.74720091 234001587.739349
a position +11400 +19800 2008 2012 7818753.92826186 2394124.29078511 234000661.006489 7821384.87134432 2381517.74720091 234001587.739349
a position +11400 +19800 2009 2005 7818753.92826186 2381517.74720091 234000497.967043 7816238.2714775 2394124.29078511 234001703.025647
a position +11400 +19800 2009 2011 7818753.92826186 2381517.74720091 234000497.967043 7821269.58504622 2394124.29078511 234001703.025647
a position +11400 +19800 2011 2009 7821269.58504622 2394124.29078511 234001703.025647 7818753.92826186 2381517.74720091 234000497.967043
a position +11400 +19800 2012 2008 7821384.87134432 2381517.74720091 234001587.739349 7818753.92826186 2394124.29078511 234000661.006489
a position +1800 +19800 9002 2007 -135939414.163551 4196.68310546875 -63602356.3847886 7818753.92826186 2387679.82269071 234011497.073764
a position +2400 +21600 1001 2001 -135937145.031148 0 -63660977.6658318 7782887.21742307 2390554.8161558 234009408.348678
a position +2400 +21600 1001 2002 -135937145.031148 0 -63660977.6658318 7770304.87893575 2389757.14379857 234009408.348678
a position +2400 +21600 1001 2003 -135937145.031148 0 -63660977.6658318 7777286.85270474 2379259.35520808 234009408.348678
a position +21000 +21600 1001 2004 -135937145.031148 0 -63660977.6658318 7781112.02060018 2390554.8161558 234013694.052924
a position +15000 +21600 1001 2005 -135937145.031148 0 -63660977.6658318 7772214.96373262 2389757.14379857 234004796.996057
a position +8400 +21600 1001 2006 -135937145.031148 0 -63660977.6658318 7777151.96473074 2379259.35520808 234009733.997055
a position +21000 +21600 1001 2007 -135937145.031148 0 -63660977.6658318 7776826.3163545 2390554.8161558 234015469.249747
a position +14400 +21600 1001 2008 -135937145.031148 0 -63660977.6658318 7776826.3163545 2389757.14379857 234002886.91126
a position +8400 +21600 1001 2009 -135937145.031148 0 -63660977.6658318 7776826.3163545 2379259.35520808 234009868.885029
a position +2400 +21600 1001 2010 -135937145.031148 0 -63660977.6658318 7772540.61210881 2390554.8161558 234013694.052924
a position +2400 +21600 1001 2011 -135937145.031148 0 -63660977.6658318 7781437.66897638 2389757.14379857 234004796.996057
a position +2400 +21600 1001 2012 -135937145.031148 0 -63660977.6658318 7776500.66797826 2379259.35520808 234009733.997055
a position +18000 +21600 1001 9003 -135937145.031148 0 -63660977.6658318 -135925327.633737 -3748.65649414063 -63656998.093637
a position +2400 +21600 2001 1001 7782887.21742307 2390554.8161558 234009408.348678 -135937145.031148 0 -63660977.6658318
a position +0 +21600 2001 2002 7782887.21742307 2390554.8161558 234009408.348678 7770304.87893575 2389757.14379857 234009408.348678
a position +0 +21600 2001 2003 7782887.21742307 2390554.8161558 234009408.348678 7777286.85270474 2379259.35520808 234009408.348678
a position +0 +21600 2001 2004 7782887.21742307 2390554.8161558 234009408.348678 7781112.02060018 2390554.8161558 234013694.052924
a position +17400 +21600 2001 2005 7782887.21742307 2390554.8161558 234009408.348678 7772214.96373262 2389757.14379857 234004796.996057
a position +14400 +21600 2001 2006 7782887.21742307 2390554.8161558 234009408.348678 7777151.96473074 2379259.35520808 234009733.997055
a position +0 +21600 2001 2007 7782887.21742307 2390554.8161558 234009408.348678 7776826.3163545 2390554.8161558 234015469.249747
a position +18600 +21600 2001 2008 7782887.21742307 2390554.8161558 234009408.348678 7776826.3163545 2389757.14379857 234002886.91126
a position +15000 +21600 2001 2009 7782887.21742307 2390554.8161558 234009408.348678 7776826.3163545 2379259.35520808 234009868.885029
a position +21000 +21600 2001 2010 7782887.21742307 2390554.8161558 234009408.348678 7772540.61210881 2390554.8161558 234013694.052924
a position +18600 +21600 2001 2011 7782887.21742307 2390554.8161558 234009408.348678 7781437.66897638 2389757.14379857 234004796.996057
a position +15000 +21600 2001 2012 7782887.21742307 2390554.8161558 234009408.348678 7776500.66797826 2379259.35520808 234009733.997055
a position +0 +21600 2001 9002 7782887.21742307 2390554.8161558 234009408.348678 -135917047.667428 4196.68310546875 -63651528.4206634
a position +2400 +21600 2002 1001 7770304.87893575 2389757.14379857 234009408.348678 -135937145.031148 0 -63660977.6658318
a position +0 +21600 2002 2001 7770304.87893575 2389757.14379857 234009408.348678 7782887.21742307 2390554.8161558 234009408.348678
a position +0 +21600 2002 2003 7770304.87893575 2389757.14379857 234009408.348678 7777286.85270474 2379259.35520808 234009408.348678
a position +17400 +21600 2002 2004 7770304.87893575 2389757.14379857 234009408.348678 7781112.02060018 2390554.8161558 234013694.052924
a position +0 +21600 2002 2005 7770304.87893575 2389757.14379857 234009408.348678 7772214.96373262 2389757.14379857 234004796.996057
a position +20400 +21600 2002 2006 7770304.87893575 2389757.14379857 234009408.348678 7777151.96473074 2379259.35520808 234009733.997055
a position +18600 +21600 2002 2007 7770304.87893575 2389757.14379857 234009408.348678 7776826.3163545 2390554.8161558 234015469.249747
a position +0 +21600 2002 2008 7770304.87893575 2389757.14379857 234009408.348678 7776826.3163545 2389757.14379857 234002886.91126
a position +18600 +21600 2002 2010 7770304.87893575 2389757.14379857 234009408.348678 7772540.61210881 2390554.8161558 234013694.052924
a position +15000 +21600 2002 2011 7770304.87893575 2389757.14379857 234009408.348678 7781437.66897638 2389757.14379857 234004796.996057
a position +0 +21600 2002 9002 7770304.87893575 2389757.14379857 234009408.348678 -135917047.667428 4196.68310546875 -63651528.4206634
a position +2400 +21600 2003 1001 7777286.85270474 2379259.35520808 234009408.348678 -135937145.031148 0 -63660977.6658318
a position +0 +21600 2003 2001 7777286.85270474 2379259.35520808 234009408.348678 7782887.21742307 2390554.8161558 234009408.348678
a position +0 +21600 2003 2002 7777286.85270474 2379259.35520808 234009408.348678 7770304.87893575 2389757.14379857 234009408.348678
a position +14400 +21600 2003 2004 7777286.85270474 2379259.35520808 234009408.348678 7781112.02060018 2390554.8161558 234013694.052924
a position +20400 +21600 2003 2005 7777286.85270474 2379259.35520808 234009408.348678 7772214.96373262 2389757.14379857 234004796.996057
a position +0 +21600 2003 2006 7777286.85270474 2379259.35520808 234009408.348678 7777151.96473074 2379259.35520808 234009733.997055
a position +15000 +21600 2003 2007 7777286.85270474 2379259.35520808 234009408.348678 7776826.3163545 2390554.8161558 234015469.249747
a position +0 +21600 2003 2009 7777286.85270474 2379259.35520808 234009408.348678 7776826.3163545 2379259.35520808 234009868.885029
a position +15000 +21600 2003 2010 7777286.85270474 2379259.35520808 234009408.348678 7772540.61210881 2390554.8161558 234013694.052924
a position +18000 +21600 2003 2012 7777286.85270474 2379259.35520808 234009408.348678 7776500.66797826 2379259.35520808 234009733.997055
a position +0 +21600 2003 9002 7777286.85270474 2379259.35520808 234009408.348678 -135917047.667428 4196.68310546875 -63651528.4206634
a position +21000 +21600 2004 1001 7781112.02060018 2390554.8161558 234013694.052924 -135937145.031148 0 -63660977.6658318
a position +0 +21600 2004 2001 7781112.02060018 2390554.8161558 234013694.052924 7782887.21742307 2390554.8161558 234009408.348678
a position +17400 +21600 2004 2002 7781112.02060018 2390554.8161558 234013694.052924 7770304.87893575 2389757.14379857 234009408.348678
a position +14400 +21600 2004 2003 7781112.02060018 2390554.8161558 234013694.052924 7777286.85270474 2379259.35520808 234009408.348678
a position +0 +21600 2004 2005 7781112.02060018 2390554.8161558 234013694.052924 7772214.96373262 2389757.14379857 234004796.996057
a position +0 +21600 2004 2006 7781112.02060018 2390554.8161558 234013694.052924 7777151.96473074 2379259.35520808 234009733.997055
a position +0 +21600 2004 2007 7781112.02060018 2390554.8161558 234013694.052924 7776826.3163545 2390554.8161558 234015469.249747
a position +17400 +21600 2004 2008 7781112.02060018 2390554.8161558 234013694.052924 7776826.3163545 2389757.14379857 234002886.91126
a position +14400 +21600 2004 2009 7781112.02060018 2390554.8161558 234013694.052924 7776826.3163545 2379259.35520808 234009868.885029
a position +0 +21600 2004 2010 7781112.02060018 2390554.8161558 234013694.052924 7772540.61210881 2390554.8161558 234013694.052924
a position +18600 +21600 2004 2011 7781112.02060018 2390554.8161558 234013694.052924 7781437.66897638 2389757.14379857 234004796.996057
a position +15000 +21600 2004 2012 7781112.02060018 2390554.8161558 234013694.052924 7776500.66797826 2379259.35520808 234009733.997055
a position +21000 +21600 2004 9002 7781112.02060018 2390554.8161558 234013694.052924 -135917047.667428 4196.68310546875 -63651528.4206634
a position +15000 +21600 2005 1001 7772214.96373262 2389757.14379857 234004796.996057 -135937145.031148 0 -63660977.6658318
a position +17400 +21600 2005 2001 7772214.96373262 2389757.14379857 234004796.996057 7782887.21742307 2390554.8161558 234009408.348678
a position +0 +21600 2005 2002 7772214.96373262 2389757.14379857 234004796.996057 7770304.87893575 2389757.14379857 234009408.348678
a position +20400 +21600 2005 2003 7772214.96373262 2389757.14379857 234004796.996057 7777286.85270474 2379259.35520808 234009408.348678
a position +0 +21600 2005 2004 7772214.96373262 2389757.14379857 234004796.996057 7781112.02060018 2390554.8161558 234013694.052924
a position +0 +21600 2005 2006 7772214.96373262 2389757.14379857 234004796.996057 7777151.96473074 2379259.35520808 234009733.997055
a position +17400 +21600 2005 2007 7772214.96373262 2389757.14379857 234004796.996057 7776826.3163545 2390554.8161558 234015469.249747
a position +0 +21600 2005 2008 7772214.96373262 2389757.14379857 234004796.996057 7776826.3163545 2389757.14379857 234002886.91126
a position +20400 +21600 2005 2009 7772214.96373262 2389757.14379857 234004796.996057 7776826.3163545 2379259.35520808 234009868.885029
a position +18600 +21600 2005 2010 7772214.96373262 2389757.14379857 234004796.996057 7772540.61210881 2390554.8161558 234013694.052924
a position +0 +21600 2005 2011 7772214.96373262 2389757.14379857 234004796.996057 7781437.66897638 2389757.14379857 234004796.996057
a position +15000 +21600 2005 9002 7772214.96373262 2389757.14379857 234004796.996057 -135917047.667428 4196.68310546875 -63651528.4206634
a position +8400 +21600 2006 1001 7777151.96473074 2379259.35520808 234009733.997055 -135937145.031148 0 -63660977.6658318
a position +14400 +21600 2006 2001 7777151.96473074 2379259.35520808 234009733.997055 7782887.21742307 2390554.8161558 234009408.348678
a position +20400 +21600 2006 2002 7777151.96473074 2379259.35520808 234009733.997055 7770304.87893575 2389757.14379857 234009408.348678
a position +0 +21600 2006 2003 7777151.96473074 2379259.35520808 234009733.997055 7777286.85270474 2379259.35520808 234009408.348678
a position +0 +21600 2006 2004 7777151.96473074 2379259.35520808 234009733.997055 7781112.02060018 2390554.8161558 234013694.052924
a position +0 +21600 2006 2005 7777151.96473074 2379259.35520808 234009733.997055 7772214.96373262 2389757.14379857 234004796.996057
a position +14400 +21600 2006 2007 7777151.96473074 2379259.35520808 234009733.997055 7776826.3163545 2390554.8161558 234015469.249747
a position +20400 +21600 2006 2008 7777151.96473074 2379259.35520808 234009733.997055 7776826.3163545 2389757.14379857 234002886.91126
a position +0 +21600 2006 2009 7777151.96473074 2379259.35520808 234009733.997055 7776826.3163545 2379259.35520808 234009868.885029
a position +15000 +21600 2006 2010 7777151.96473074 2379259.35520808 234009733.997055 7772540.61210881 2390554.8161558 234013694.052924
a position +0 +21600 2006 2012 7777151.96473074 2379259.35520808 234009733.997055 7776500.66797826 2379259.35520808 234009733.997055
a position +8400 +21600 2006 9002 7777151.96473074 2379259.35520808 234009733.997055 -135917047.667428 4196.68310546875 -63651528.4206634
a position +21000 +21600 2007 1001 7776826.3163545 2390554.8161558 234015469.249747 -135937145.031148 0 -63660977.6658318
a position +0 +21600 2007 2001 7776826.3163545 2390554.8161558 234015469.249747 7782887.21742307 2390554.8161558 234009408.348678
a position +18600 +21600 2007 2002 7776826.3163545 2390554.8161558 234015469.249747 7770304.87893575 2389757.14379857 234009408.348678
a position +15000 +21600 2007 2003 7776826.3163545 2390554.8161558 234015469.249747 7777286.85270474 2379259.35520808 234009408.348678
a position +0 +21600 2007 2004 7776826.3163545 2390554.8161558 234015469.249747 7781112.02060018 2390554.8161558 234013694.052924
a position +17400 +21600 2007 2005 7776826.3163545 2390554.8161558 234015469.249747 7772214.96373262 2389757.14379857 234004796.996057
a position +14400 +21600 2007 2006 7776826.3163545 2390554.8161558 234015469.249747 7777151.96473074 2379259.35520808 234009733.997055
a position +0 +21600 2007 2008 7776826.3163545 2390554.8161558 234015469.249747 7776826.3163545 2389757.14379857 234002886.91126
a position +0 +21600 2007 2009 7776826.3163545 2390554.8161558 234015469.249747 7776826.3163545 2379259.35520808 234009868.885029
a position +0 +21600 2007 2010 7776826.3163545 2390554.8161558 234015469.249747 7772540.61210881 2390554.8161558 234013694.052924
a position +17400 +21600 2007 2011 7776826.3163545 2390554.8161558 234015469.249747 7781437.66897638 2389757.14379857 234004796.996057
a position +14400 +21600 2007 2012 7776826.3163545 2390554.8161558 234015469.249747 7776500.66797826 2379259.35520808 234009733.997055
a position +21000 +21600 2007 9002 7776826.3163545 2390554.8161558 234015469.249747 -135917047.667428 4196.68310546875 -63651528.4206634
a position +14400 +21600 2008 1001 7776826.3163545 2389757.14379857 234002886.91126 -135937145.031148 0 -63660977.6658318
a position +18600 +21600 2008 2001 7776826.3163545 2389757.14379857 234002886.91126 7782887.21742307 2390554.8161558 234009408.348678
a position +0 +21600 2008 2002 7776826.3163545 2389757.14379857 234002886.91126 7770304.87893575 2389757.14379857 234009408.348678
a position +17400 +21600 2008 2004 7776826.3163545 2389757.14379857 234002886.91126 7781112.02060018 2390554.8161558 234013694.052924
a position +0 +21600 2008 2005 7776826.3163545 2389757.14379857 234002886.91126 7772214.96373262 2389757.14379857 234004796.996057
a position +20400 +21600 2008 2006 7776826.3163545 2389757.14379857 234002886.91126 7777151.96473074 2379259.35520808 234009733.997055
a position +0 +21600 2008 2007 7776826.3163545 2389757.14379857 234002886.91126 7776826.3163545 2390554.8161558 234015469.249747
a position +0 +21600 2008 2009 7776826.3163545 2389757.14379857 234002886.91126 7776826.3163545 2379259.35520808 234009868.885029
a position +17400 +21600 2008 2010 7776826.3163545 2389757.14379857 234002886.91126 7772540.61210881 2390554.8161558 234013694.052924
a position +0 +21600 2008 2011 7776826.3163545 2389757.14379857 234002886.91126 7781437.66897638 2389757.14379857 234004796.996057
a position +20400 +21600 2008 2012 7776826.3163545 2389757.14379857 234002886.91126 7776500.66797826 2379259.35520808 234009733.997055
a position +14400 +21600 2008 9002 7776826.3163545 2389757.14379857 234002886.91126 -135917047.667428 4196.68310546875 -63651528.4206634
a position +8400 +21600 2009 1001 7776826.3163545 2379259.35520808 234009868.885029 -135937145.031148 0 -63660977.6658318
a position +15000 +21600 2009 2001 7776826.3163545 2379259.35520808 234009868.885029 7782887.21742307 2390554.8161558 234009408.348678
a position +0 +21600 2009 2003 7776826.3163545 2379259.35520808 234009868.885029 7777286.85270474 2379259.35520808 234009408.348678
a position +14400 +21600 2009 2004 7776826.3163545 2379259.35520808 234009868.885029 7781112.02060018 2390554.8161558 234013694.052924
a position +20400 +21600 2009 2005 7776826.3163545 2379259.35520808 234009868.885029 7772214.96373262 2389757.14379857 234004796.996057
a position +0 +21600 2009 2006 7776826.3163545 2379259.35520808 234009868.885029 7777151.96473074 2379259.35520808 234009733.997055
a position +0 +21600 2009 2007 7776826.3163545 2379259.35520808 234009868.885029 7776826.3163545 2390554.8161558 234015469.249747
a position +0 +21600 2009 2008 7776826.3163545 2379259.35520808 234009868.885029 7776826.3163545 2389757.14379857 234002886.91126
a position +14400 +21600 2009 2010 7776826.3163545 2379259.35520808 234009868.885029 7772540.61210881 2390554.8161558 234013694.052924
a position +20400 +21600 2009 2011 7776826.3163545 2379259.35520808 234009868.885029 7781437.66897638 2389757.14379857 234004796.996057
a position +0 +21600 2009 2012 7776826.3163545 2379259.35520808 234009868.885029 7776500.66797826 2379259.35520808 234009733.997055
a position +8400 +21600 2009 9002 7776826.3163545 2379259.35520808 234009868.885029 -135917047.667428 4196.68310546875 -63651528.4206634
a position +2400 +21600 2010 1001 7772540.61210881 2390554.8161558 234013694.052924 -135937145.031148 0 -63660977.6658318
a position +21000 +21600 2010 2001 7772540.61210881 2390554.8161558 234013694.052924 7782887.21742307 2390554.8161558 234009408.348678
a position +18600 +21600 2010 2002 7772540.61210881 2390554.8161558 234013694.052924 7770304.87893575 2389757.14379857 234009408.348678
a position +15000 +21600 2010 2003 7772540.61210881 2390554.8161558 234013694.052924 7777286.85270474 2379259.35520808 234009408.348678
a position +0 +21600 2010 2004 7772540.61210881 2390554.8161558 234013694.052924 7781112.02060018 2390554.8161558 234013694.052924
a position +18600 +21600 2010 2005 7772540.61210881 2390554.8161558 234013694.052924 7772214.96373262 2389757.14379857 234004796.996057
a position +15000 +21600 2010 2006 7772540.61210881 2390554.8161558 234013694.052924 7777151.96473074 2379259.35520808 234009733.997055
a position +0 +21600 2010 2007 7772540.61210881 2390554.8161558 234013694.052924 7776826.3163545 2390554.8161558 234015469.249747
a position +17400 +21600 2010 2008 7772540.61210881 2390554.8161558 234013694.052924 7776826.3163545 2389757.14379857 234002886.91126
a position +14400 +21600 2010 2009 7772540.61210881 2390554.8161558 234013694.052924 7776826.3163545 2379259.35520808 234009868.885029
a position +0 +21600 2010 2011 7772540.61210881 2390554.8161558 234013694.052924 7781437.66897638 2389757.14379857 234004796.996057
a position +0 +21600 2010 2012 7772540.61210881 2390554.8161558 234013694.052924 7776500.66797826 2379259.35520808 234009733.997055
a position +0 +21600 2010 9002 7772540.61210881 2390554.8161558 234013694.052924 -135917047.667428 4196.68310546875 -63651528.4206634
a position +2400 +21600 2011 1001 7781437.66897638 2389757.14379857 234004796.996057 -135937145.031148 0 -63660977.6658318
a position +18600 +21600 2011 2001 7781437.66897638 2389757.14379857 234004796.996057 7782887.21742307 2390554.8161558 234009408.348678
a position +15000 +21600 2011 2002 7781437.66897638 2389757.14379857 234004796.996057 7770304.87893575 2389757.14379857 234009408.348678
a position +18600 +21600 2011 2004 7781437.66897638 2389757.14379857 234004796.996057 7781112.02060018 2390554.8161558 234013694.052924
a position +0 +21600 2011 2005 7781437.66897638 2389757.14379857 234004796.996057 7772214.96373262 2389757.14379857 234004796.996057
a position +17400 +21600 2011 2007 7781437.66897638 2389757.14379857 234004796.996057 7776826.3163545 2390554.8161558 234015469.249747
a position +0 +21600 2011 2008 7781437.66897638 2389757.14379857 234004796.996057 7776826.3163545 2389757.14379857 234002886.91126
a position +20400 +21600 2011 2009 7781437.66897638 2389757.14379857 234004796.996057 7776826.3163545 2379259.35520808 234009868.885029
a position +0 +21600 2011 2010 7781437.66897638 2389757.14379857 234004796.996057 7772540.61210881 2390554.8161558 234013694.052924
a position +0 +21600 2011 2012 7781437.66897638 2389757.14379857 234004796.996057 7776500.66797826 2379259.35520808 234009733.997055
a position +0 +21600 2011 9002 7781437.66897638 2389757.14379857 234004796.996057 -135917047.667428 4196.68310546875 -63651528.4206634
a position +2400 +21600 2012 1001 7776500.66797826 2379259.35520808 234009733.997055 -135937145.031148 0 -63660977.6658318
a position +15000 +21600 2012 2001 7776500.66797826 2379259.35520808 234009733.997055 7782887.21742307 2390554.8161558 234009408.348678
a position +18000 +21600 2012 2003 7776500.66797826 2379259.35520808 234009733.997055 7777286.85270474 2379259.35520808 234009408.348678
a position +15000 +21600 2012 2004 7776500.66797826 2379259.35520808 234009733.997055 7781112.02060018 2390554.8161558 234013694.052924
a position +0 +21600 2012 2006 7776500.66797826 2379259.35520808 234009733.997055 7777151.96473074 2379259.35520808 234009733.997055
a position +14400 +21600 2012 2007 7776500.66797826 2379259.35520808 234009733.997055 7776826.3163545 2390554.8161558 234015469.249747
a position +20400 +21600 2012 2008 7776500.66797826 2379259.35520808 234009733.997055 7776826.3163545 2389757.14379857 234002886.91126
a position +0 +21600 2012 2009 7776500.66797826 2379259.35520808 234009733.997055 7776826.3163545 2379259.35520808 234009868.885029
a position +0 +21600 2012 2010 7776500.66797826 2379259.35520808 234009733.997055 7772540.61210881 2390554.8161558 234013694.052924
a position +0 +21600 2012 2011 7776500.66797826 2379259.35520808 234009733.997055 7781437.66897638 2389757.14379857 234004796.996057
a position +0 +21600 2012 9002 7776500.66797826 2379259.35520808 234009733.997055 -135917047.667428 4196.68310546875 -63651528.4206634
a position +0 +21600 9002 2001 -135917047.667428 4196.68310546875 -63651528.4206634 7782887.21742307 2390554.8161558 234009408.348678
a position +0 +21600 9002 2002 -135917047.667428 4196.68310546875 -63651528.4206634 7770304.87893575 2389757.14379857 234009408.348678
a position +0 +21600 9002 2003 -135917047.667428 4196.68310546875 -63651528.4206634 7777286.85270474 2379259.35520808 234009408.348678
a position +21000 +21600 9002 2004 -135917047.667428 4196.68310546875 -63651528.4206634 7781112.02060018 2390554.8161558 234013694.052924
a position +15000 +21600 9002 2005 -135917047.667428 4196.68310546875 -63651528.4206634 7772214.96373262 2389757.14379857 234004796.996057
a position +8400 +21600 9002 2006 -135917047.667428 4196.68310546875 -63651528.4206634 7777151.96473074 2379259.35520808 234009733.997055
a position +21000 +21600 9002 2007 -135917047.667428 4196.68310546875 -63651528.4206634 7776826.3163545 2390554.8161558 234015469.249747
a position +14400 +21600 9002 2008 -135917047.667428 4196.68310546875 -63651528.4206634 7776826.3163545 2389757.14379857 234002886.91126
a position +8400 +21600 9002 2009 -135917047.667428 4196.68310546875 -63651528.4206634 7776826.3163545 2379259.35520808 234009868.885029
a position +0 +21600 9002 2010 -135917047.667428 4196.68310546875 -63651528.4206634 7772540.61210881 2390554.8161558 234013694.052924
a position +0 +21600 9002 2011 -135917047.667428 4196.68310546875 -63651528.4206634 7781437.66897638 2389757.14379857 234004796.996057
a position +0 +21600 9002 2012 -135917047.667428 4196.68310546875 -63651528.4206634 7776500.66797826 2379259.35520808 234009733.997055
a position +18000 +21600 9003 1001 -135925327.633737 -3748.65649414063 -63656998.093637 -135937145.031148 0 -63660977.6658318

