a contact +1200 +1800 2003 2012 1000
a contact +1200 +1800 2012 2003 1000
a contact +6000 +6600 2001 2009 1000
a contact +6000 +6600 2005 9002 1000
a contact +6000 +6600 2009 2001 1000
a contact +6000 +6600 9002 2005 1000
a contact +9600 +10200 2005 9001 1000
a contact +9600 +10200 2006 9002 1000
a contact +9600 +10200 9001 2005 1000
a contact +9600 +10200 9002 2006 1000
a contact +10800 +11400 1001 2012 1000
a contact +10800 +11400 2012 1001 1000
a contact +13200 +13800 2003 2005 1000
a contact +13200 +13800 2005 2003 1000
a contact +15600 +16200 2001 2006 1000
a contact +15600 +16200 2006 2001 1000
a contact +20400 +21000 2002 2006 1000
a contact +20400 +21000 2006 2002 1000

a range +1200 +1800 2003 2012 0.0438
a range +1200 +1800 2012 2003 0.0438
a range +6000 +6600 2001 2009 0.0441
a range +6000 +6600 2005 9002 1102.232
a range +6000 +6600 2009 2001 0.0441
a range +6000 +6600 9002 2005 1102.232
a range +9600 +10200 2005 9001 1102.2478
a range +9600 +10200 2006 9002 1102.5587
a range +9600 +10200 9001 2005 1102.2478
a range +9600 +10200 9002 2006 1102.5587
a range +10800 +11400 1001 2012 1102.6154
a range +10800 +11400 2012 1001 1102.6154
a range +13200 +13800 2003 2005 0.0431
a range +13200 +13800 2005 2003 0.0431
a range +15600 +16200 2001 2006 0.0423
a range +15600 +16200 2006 2001 0.0423
a range +20400 +21000 2002 2006 0.0418
a range +20400 +21000 2006 2002 0.0418
