a contact +0 +600 2005 9002 1000
a contact +0 +600 2006 9001 1000
a contact +600 +1200 2001 9002 1000
a contact +600 +1200 2004 9001 1000
a contact +1200 +1800 2005 9001 1000
a contact +1200 +1800 2006 9002 1000
a contact +1800 +13800 2001 9001 1000
a contact +1800 +18000 2004 9002 1000
a contact +18000 +34200 2003 9002 1000
a contact +34200 +40200 2002 9002 1000
a contact +31800 +43800 2001 9003 1000
a contact +43800 +44400 2006 9003 1000
a contact +44400 +45000 2005 9003 1000
a contact +45000 +45600 2004 9003 1000
a contact +45600 +46200 2003 9003 1000
a contact +46200 +46800 2002 9003 1000
a contact +46800 +47400 2006 9003 1000
a contact +47400 +48000 2005 9003 1000
a contact +48000 +48600 2004 9003 1000
a contact +48600 +49200 2003 9003 1000
a contact +49200 +49800 2002 9003 1000
a contact +49800 +50400 2006 9003 1000
a contact +50400 +51000 2005 9003 1000
a contact +51000 +51600 2004 9003 1000
a contact +51600 +52200 2003 9003 1000
a contact +52200 +52800 2002 9003 1000
a contact +52800 +53400 2006 9003 1000
a contact +53400 +54000 2005 9003 1000
a contact +54000 +54600 2002 9001 1000
a contact +54000 +54600 2003 9003 1000
a contact +54600 +55200 2003 9001 1000
a contact +54600 +55200 2004 9003 1000
a contact +55200 +55800 2002 9003 1000
a contact +55200 +55800 2006 9001 1000
a contact +55800 +56400 2003 9003 1000
a contact +55800 +56400 2005 9001 1000
a contact +56400 +57000 2003 9001 1000
a contact +56400 +57000 2004 9003 1000
a contact +57000 +57600 2004 9001 1000
a contact +57000 +57600 2005 9003 1000
a contact +57600 +58200 2002 9001 1000
a contact +57600 +58200 2006 9003 1000
a contact +58200 +58800 2002 9003 1000
a contact +58200 +58800 2006 9001 1000
a contact +58800 +59400 2003 9003 1000
a contact +58800 +59400 2005 9001 1000
a contact +59400 +60000 2003 9001 1000
a contact +59400 +60000 2004 9003 1000
a contact +60000 +60600 2004 9001 1000
a contact +60000 +60600 2005 9003 1000
a contact +60600 +61200 2002 9001 1000
a contact +60600 +61200 2006 9003 1000
a contact +61200 +61800 2002 9003 1000
a contact +61200 +61800 2006 9001 1000
a contact +61800 +62400 2003 9003 1000
a contact +61800 +62400 2005 9001 1000
a contact +62400 +63000 2003 9001 1000
a contact +62400 +63000 2004 9003 1000
a contact +63000 +63600 2004 9001 1000
a contact +63000 +63600 2005 9003 1000
a contact +63600 +64200 2002 9001 1000
a contact +63600 +64200 2006 9003 1000
a contact +64200 +64800 2002 9003 1000
a contact +64200 +64800 2006 9001 1000
a contact +64800 +65400 2004 9003 1000
a contact +64800 +65400 2005 9001 1000
a contact +65400 +66000 2004 9001 1000
a contact +65400 +66000 2005 9003 1000
a contact +66000 +66600 2002 9001 1000
a contact +66000 +66600 2006 9003 1000
a contact +66600 +67200 2002 9003 1000
a contact +66600 +67200 2006 9001 1000
a contact +67200 +67800 2004 9003 1000
a contact +67200 +67800 2005 9001 1000
a contact +67800 +68400 2004 9001 1000
a contact +67800 +68400 2005 9003 1000
a contact +68400 +69000 2002 9001 1000
a contact +68400 +69000 2006 9003 1000
a contact +69000 +69600 2002 9003 1000
a contact +69000 +69600 2006 9001 1000
a contact +69600 +70200 2004 9003 1000
a contact +69600 +70200 2005 9001 1000
a contact +70200 +70800 2004 9001 1000
a contact +70200 +70800 2005 9003 1000
a contact +70800 +71400 2002 9001 1000
a contact +70800 +71400 2006 9003 1000
a contact +71400 +72000 2002 9003 1000
a contact +71400 +72000 2006 9001 1000
a contact +72000 +72600 2004 9003 1000
a contact +72000 +72600 2005 9001 1000
a contact +72600 +73200 2004 9001 1000
a contact +72600 +73200 2005 9003 1000
a contact +73200 +73800 2002 9001 1000
a contact +73200 +73800 2006 9003 1000
a contact +73800 +74400 2002 9003 1000
a contact +73800 +74400 2006 9001 1000
a contact +74400 +75000 2004 9003 1000
a contact +74400 +75000 2005 9001 1000
a contact +75000 +75600 2004 9001 1000
a contact +75000 +75600 2005 9003 1000
a contact +75600 +76200 2002 9001 1000
a contact +75600 +76200 2006 9003 1000
a contact +76200 +76800 2006 9001 1000
a contact +76800 +77400 2005 9001 1000
a contact +77400 +78000 2004 9001 1000
a contact +78000 +78600 2002 9001 1000
a contact +78600 +79200 2006 9001 1000
a contact +79200 +79800 2005 9001 1000
a contact +79800 +80400 2004 9001 1000
a contact +80400 +81000 2006 9001 1000
a contact +81000 +81600 2006 9002 1000
a contact +81000 +82200 2004 9001 1000
a contact +81600 +82200 2005 9002 1000
a contact +82200 +82800 2005 9001 1000
a contact +82200 +82800 2006 9002 1000
a contact +82800 +83400 2005 9002 1000
a contact +82800 +83400 2006 9001 1000
a contact +83400 +84000 2005 9001 1000
a contact +83400 +84000 2006 9002 1000
a contact +84000 +84600 2004 9001 1000
a contact +84000 +84600 2005 9002 1000
a contact +84600 +85200 2005 9001 1000
a contact +84600 +85200 2006 9002 1000
a contact +85200 +85800 2005 9002 1000
a contact +85200 +85800 2006 9001 1000
a contact +85800 +86400 2004 9001 1000
a contact +85800 +86400 2006 9002 1000

a range +0 +600 2005 9002 1103.287
a range +0 +600 2006 9001 1102.3123
a range +600 +1200 2001 9002 1103.2905
a range +600 +1200 2004 9001 1102.2789
a range +1200 +1800 2005 9001 1102.2475
a range +1200 +1800 2006 9002 1103.2808
a range +1800 +13800 2001 9001 1102.2638
a range +1800 +18000 2004 9002 1103.2919
a range +18000 +34200 2003 9002 1103.2817
a range +34200 +40200 2002 9002 1103.2873
a range +31800 +43800 2001 9003 1103.4181
a range +43800 +44400 2006 9003 1104.6445
a range +44400 +45000 2005 9003 1104.6719
a range +45000 +45600 2004 9003 1104.6821
a range +45600 +46200 2003 9003 1104.2285
a range +46200 +46800 2002 9003 1104.678
a range +46800 +47400 2006 9003 1104.6445
a range +47400 +48000 2005 9003 1104.6719
a range +48000 +48600 2004 9003 1104.6821
a range +48600 +49200 2003 9003 1104.2285
a range +49200 +49800 2002 9003 1104.678
a range +49800 +50400 2006 9003 1104.6445
a range +50400 +51000 2005 9003 1104.6719
a range +51000 +51600 2004 9003 1104.6821
a range +51600 +52200 2003 9003 1104.2285
a range +52200 +52800 2002 9003 1104.678
a range +52800 +53400 2006 9003 1104.6445
a range +53400 +54000 2005 9003 1104.6719
a range +54000 +54600 2002 9001 1104.7775
a range +54000 +54600 2003 9003 1104.2285
a range +54600 +55200 2003 9001 1104.2288
a range +54600 +55200 2004 9003 1104.6821
a range +55200 +55800 2002 9003 1104.678
a range +55200 +55800 2006 9001 1105.0508
a range +55800 +56400 2003 9003 1104.2285
a range +55800 +56400 2005 9001 1105.0118
a range +56400 +57000 2003 9001 1104.2288
a range +56400 +57000 2004 9003 1104.6821
a range +57000 +57600 2004 9001 1105.0584
a range +57000 +57600 2005 9003 1104.6719
a range +57600 +58200 2002 9001 1104.7775
a range +57600 +58200 2006 9003 1104.6445
a range +58200 +58800 2002 9003 1104.678
a range +58200 +58800 2006 9001 1105.0508
a range +58800 +59400 2003 9003 1104.2285
a range +58800 +59400 2005 9001 1105.0118
a range +59400 +60000 2003 9001 1104.2288
a range +59400 +60000 2004 9003 1104.6821
a range +60000 +60600 2004 9001 1105.0584
a range +60000 +60600 2005 9003 1104.6719
a range +60600 +61200 2002 9001 1104.7775
a range +60600 +61200 2006 9003 1104.6445
a range +61200 +61800 2002 9003 1104.678
a range +61200 +61800 2006 9001 1105.0508
a range +61800 +62400 2003 9003 1104.2285
a range +61800 +62400 2005 9001 1105.0118
a range +62400 +63000 2003 9001 1104.2288
a range +62400 +63000 2004 9003 1104.6821
a range +63000 +63600 2004 9001 1105.0584
a range +63000 +63600 2005 9003 1104.6719
a range +63600 +64200 2002 9001 1104.7775
a range +63600 +64200 2006 9003 1104.6445
a range +64200 +64800 2002 9003 1104.678
a range +64200 +64800 2006 9001 1105.0508
a range +64800 +65400 2004 9003 1104.6821
a range +64800 +65400 2005 9001 1105.0118
a range +65400 +66000 2004 9001 1105.0584
a range +65400 +66000 2005 9003 1104.6719
a range +66000 +66600 2002 9001 1104.7775
a range +66000 +66600 2006 9003 1104.6445
a range +66600 +67200 2002 9003 1104.678
a range +66600 +67200 2006 9001 1105.0508
a range +67200 +67800 2004 9003 1104.6821
a range +67200 +67800 2005 9001 1105.0118
a range +67800 +68400 2004 9001 1105.0584
a range +67800 +68400 2005 9003 1104.6719
a range +68400 +69000 2002 9001 1104.7775
a range +68400 +69000 2006 9003 1104.6445
a range +69000 +69600 2002 9003 1104.678
a range +69000 +69600 2006 9001 1105.0508
a range +69600 +70200 2004 9003 1104.6821
a range +69600 +70200 2005 9001 1105.0118
a range +70200 +70800 2004 9001 1105.0584
a range +70200 +70800 2005 9003 1104.6719
a range +70800 +71400 2002 9001 1104.7775
a range +70800 +71400 2006 9003 1104.6445
a range +71400 +72000 2002 9003 1104.678
a range +71400 +72000 2006 9001 1105.0508
a range +72000 +72600 2004 9003 1104.6821
a range +72000 +72600 2005 9001 1105.0118
a range +72600 +73200 2004 9001 1105.0584
a range +72600 +73200 2005 9003 1104.6719
a range +73200 +73800 2002 9001 1104.7775
a range +73200 +73800 2006 9003 1104.6445
a range +73800 +74400 2002 9003 1104.678
a range +73800 +74400 2006 9001 1105.0508
a range +74400 +75000 2004 9003 1104.6821
a range +74400 +75000 2005 9001 1105.0118
a range +75000 +75600 2004 9001 1105.0584
a range +75000 +75600 2005 9003 1104.6719
a range +75600 +76200 2002 9001 1104.7775
a range +75600 +76200 2006 9003 1104.6445
a range +76200 +76800 2006 9001 1105.0508
a range +76800 +77400 2005 9001 1105.0118
a range +77400 +78000 2004 9001 1105.0584
a range +78000 +78600 2002 9001 1104.7775
a range +78600 +79200 2006 9001 1105.0508
a range +79200 +79800 2005 9001 1105.0118
a range +79800 +80400 2004 9001 1105.0584
a range +80400 +81000 2006 9001 1105.0508
a range +81000 +81600 2006 9002 1105.058
a range +81000 +82200 2004 9001 1105.0584
a range +81600 +82200 2005 9002 1105.019
a range +82200 +82800 2005 9001 1105.0118
a range +82200 +82800 2006 9002 1105.058
a range +82800 +83400 2005 9002 1105.019
a range +82800 +83400 2006 9001 1105.0508
a range +83400 +84000 2005 9001 1105.0118
a range +83400 +84000 2006 9002 1105.058
a range +84000 +84600 2004 9001 1105.0584
a range +84000 +84600 2005 9002 1105.019
a range +84600 +85200 2005 9001 1105.0118
a range +84600 +85200 2006 9002 1105.058
a range +85200 +85800 2005 9002 1105.019
a range +85200 +85800 2006 9001 1105.0508
a range +85800 +86400 2004 9001 1105.0584
a range +85800 +86400 2006 9002 1105.058
