a contact +0 +1800 2001 2004 1000
a contact +0 +1800 2001 2006 1000
a contact +0 +1800 2004 2001 1000
a contact +0 +1800 2006 2001 1000
a contact +0 +3000 2003 2004 1000
a contact +0 +3000 2004 2003 1000
a contact +0 +6600 2002 2005 1000
a contact +0 +6600 2005 2002 1000
a contact +0 +11400 2004 2005 1000
a contact +0 +11400 2005 2004 1000
a contact +0 +13800 9001 2001 1000
a contact +0 +13800 9001 2004 1000
a contact +0 +13800 9001 2005 1000
a contact +0 +13800 9001 2006 1000
a contact +0 +13800 2001 9001 1000
a contact +0 +13800 2003 2006 1000
a contact +0 +13800 2004 9001 1000
a contact +0 +13800 2005 9001 1000
a contact +0 +13800 2006 9001 1000
a contact +0 +13800 2006 2003 1000
a contact +0 +17400 2005 2006 1000
a contact +0 +17400 2006 2005 1000
a contact +3600 +19800 2002 2006 1000
a contact +3600 +19800 2006 2002 1000
a contact +14400 +20400 2002 2004 1000
a contact +14400 +20400 2004 2002 1000
a contact +0 +20400 2004 2006 1000
a contact +0 +20400 2006 2004 1000
a contact +15000 +22200 2003 2004 1000
a contact +15000 +22200 2004 2003 1000
a contact +24000 +30000 2001 2004 1000
a contact +24000 +30000 2004 2001 1000
a contact +23400 +31800 2001 2006 1000
a contact +23400 +31800 2006 2001 1000
a contact +10800 +33600 2001 2005 1000
a contact +10800 +33600 2005 2001 1000
a contact +0 +37200 2003 2005 1000
a contact +0 +37200 2005 2003 1000
a contact +32400 +38400 2002 2004 1000
a contact +32400 +38400 2004 2002 1000
a contact +14400 +39000 2004 2005 1000
a contact +14400 +39000 2005 2004 1000
a contact +0 +40200 9002 2001 1000
a contact +33000 +40200 9002 2002 1000
a contact +18000 +40200 9002 2003 1000
a contact +0 +40200 9002 2004 1000
a contact +0 +40200 9002 2005 1000
a contact +0 +40200 9002 2006 1000
a contact +0 +40200 2001 9002 1000
a contact +33000 +40200 2002 9002 1000
a contact +18000 +40200 2003 9002 1000
a contact +0 +40200 2004 9002 1000
a contact +0 +40200 2005 9002 1000
a contact +0 +40200 2006 9002 1000
a contact +28800 +42000 2002 2005 1000
a contact +28800 +42000 2005 2002 1000
a contact +21000 +42000 2005 2006 1000
a contact +21000 +42000 2006 2005 1000
a contact +31800 +43800 9003 2001 1000
a contact +31800 +43800 2001 9003 1000
a contact +30000 +43800 2002 2006 1000
a contact +30000 +43800 2006 2002 1000
a contact +25800 +45600 2003 2006 1000
a contact +25800 +45600 2006 2003 1000
a contact +40800 +46800 2003 2004 1000
a contact +40800 +46800 2004 2003 1000
a contact +24000 +47400 2004 2006 1000
a contact +24000 +47400 2006 2004 1000
a contact +42000 +48600 2001 2004 1000
a contact +42000 +48600 2004 2001 1000
a contact +54000 +64800 9001 2003 1000
a contact +31800 +64800 9003 2003 1000
a contact +54000 +64800 2003 9001 1000
a contact +31800 +64800 2003 9003 1000
a contact +60000 +64800 2003 2006 1000
a contact +60000 +64800 2006 2003 1000
a contact +50400 +66000 2001 2006 1000
a contact +59400 +66000 2003 2004 1000
a contact +59400 +66000 2004 2003 1000
a contact +50400 +66000 2006 2001 1000
a contact +61200 +67200 2002 2004 1000
a contact +61200 +67200 2004 2002 1000
a contact +42600 +68400 2004 2005 1000
a contact +42600 +68400 2005 2004 1000
a contact +45000 +68400 2005 2006 1000
a contact +45000 +68400 2006 2005 1000
a contact +67800 +70800 2002 2006 1000
a contact +67800 +70800 2006 2002 1000
a contact +45000 +71400 2001 2005 1000
a contact +45000 +71400 2005 2001 1000
a contact +33000 +76200 9003 2002 1000
a contact +31800 +76200 9003 2004 1000
a contact +31800 +76200 9003 2005 1000
a contact +31800 +76200 9003 2006 1000
a contact +69600 +76200 2001 2004 1000
a contact +33000 +76200 2002 9003 1000
a contact +31800 +76200 2004 9003 1000
a contact +69600 +76200 2004 2001 1000
a contact +31800 +76200 2005 9003 1000
a contact +31800 +76200 2006 9003 1000
a contact +58800 +77400 2003 2005 1000
a contact +58800 +77400 2005 2003 1000
a contact +54000 +79200 9001 2002 1000
a contact +54000 +79200 2002 9001 1000
a contact +50400 +84600 2004 2006 1000
a contact +50400 +84600 2006 2004 1000
a contact +79200 +85200 2002 2004 1000
a contact +79200 +85200 2004 2002 1000
a contact +54000 +86400 9001 2004 1000
a contact +54000 +86400 9001 2005 1000
a contact +54000 +86400 9001 2006 1000
a contact +81000 +86400 9002 2004 1000
a contact +81000 +86400 9002 2005 1000
a contact +81000 +86400 9002 2006 1000
a contact +84600 +86400 2001 2005 1000
a contact +81000 +86400 2001 2006 1000
a contact +85800 +86400 2003 2006 1000
a contact +54000 +86400 2004 9001 1000
a contact +81000 +86400 2004 9002 1000
a contact +69600 +86400 2004 2005 1000
a contact +54000 +86400 2005 9001 1000
a contact +81000 +86400 2005 9002 1000
a contact +84600 +86400 2005 2001 1000
a contact +69600 +86400 2005 2004 1000
a contact +70800 +86400 2005 2006 1000
a contact +54000 +86400 2006 9001 1000
a contact +81000 +86400 2006 9002 1000
a contact +81000 +86400 2006 2001 1000
a contact +85800 +86400 2006 2003 1000
a contact +70800 +86400 2006 2005 1000

a range +0 +1800 2001 2004 0.0221
a range +0 +1800 2001 2006 0.0583
a range +0 +1800 2004 2001 0.0221
a range +0 +1800 2006 2001 0.0583
a range +0 +3000 2003 2004 0.0222
a range +0 +3000 2004 2003 0.0222
a range +0 +6600 2002 2005 0.0557
a range +0 +6600 2005 2002 0.0557
a range +0 +11400 2004 2005 0.0771
a range +0 +11400 2005 2004 0.0771
a range +0 +13800 9001 2001 1102.2638
a range +0 +13800 9001 2004 1102.2789
a range +0 +13800 9001 2005 1102.2475
a range +0 +13800 9001 2006 1102.3123
a range +0 +13800 2001 9001 1102.2638
a range +0 +13800 2003 2006 0.0438
a range +0 +13800 2004 9001 1102.2789
a range +0 +13800 2005 9001 1102.2475
a range +0 +13800 2006 9001 1102.3123
a range +0 +13800 2006 2003 0.0438
a range +0 +17400 2005 2006 0.0885
a range +0 +17400 2006 2005 0.0885
a range +3600 +19800 2002 2006 0.0298
a range +3600 +19800 2006 2002 0.0298
a range +14400 +20400 2002 2004 0.0229
a range +14400 +20400 2004 2002 0.0229
a range +0 +20400 2004 2006 0.0509
a range +0 +20400 2006 2004 0.0509
a range +15000 +22200 2003 2004 0.0237
a range +15000 +22200 2004 2003 0.0237
a range +24000 +30000 2001 2004 0.0228
a range +24000 +30000 2004 2001 0.0228
a range +23400 +31800 2001 2006 0.0436
a range +23400 +31800 2006 2001 0.0436
a range +10800 +33600 2001 2005 0.0568
a range +10800 +33600 2005 2001 0.0568
a range +0 +37200 2003 2005 0.0575
a range +0 +37200 2005 2003 0.0575
a range +32400 +38400 2002 2004 0.0221
a range +32400 +38400 2004 2002 0.0221
a range +14400 +39000 2004 2005 0.0782
a range +14400 +39000 2005 2004 0.0782
a range +0 +40200 9002 2001 1103.2905
a range +33000 +40200 9002 2002 1103.2873
a range +18000 +40200 9002 2003 1103.2817
a range +0 +40200 9002 2004 1103.2919
a range +0 +40200 9002 2005 1103.2870
a range +0 +40200 9002 2006 1103.2808
a range +0 +40200 2001 9002 1103.2905
a range +33000 +40200 2002 9002 1103.2873
a range +18000 +40200 2003 9002 1103.2817
a range +0 +40200 2004 9002 1103.2919
a range +0 +40200 2005 9002 1103.2870
a range +0 +40200 2006 9002 1103.2808
a range +28800 +42000 2002 2005 0.0574
a range +28800 +42000 2005 2002 0.0574
a range +21000 +42000 2005 2006 0.1128
a range +21000 +42000 2006 2005 0.1128
a range +31800 +43800 9003 2001 1103.4181
a range +31800 +43800 2001 9003 1103.4181
a range +30000 +43800 2002 2006 0.0582
a range +30000 +43800 2006 2002 0.0582
a range +25800 +45600 2003 2006 0.0583
a range +25800 +45600 2006 2003 0.0583
a range +40800 +46800 2003 2004 0.0223
a range +40800 +46800 2004 2003 0.0223
a range +24000 +47400 2004 2006 0.0797
a range +24000 +47400 2006 2004 0.0797
a range +42000 +48600 2001 2004 0.0235
a range +42000 +48600 2004 2001 0.0235
a range +54000 +64800 9001 2003 1104.2288
a range +31800 +64800 9003 2003 1104.2285
a range +54000 +64800 2003 9001 1104.2288
a range +31800 +64800 2003 9003 1104.2285
a range +60000 +64800 2003 2006 0.0293
a range +60000 +64800 2006 2003 0.0293
a range +50400 +66000 2001 2006 0.0277
a range +59400 +66000 2003 2004 0.0236
a range +59400 +66000 2004 2003 0.0236
a range +50400 +66000 2006 2001 0.0277
a range +61200 +67200 2002 2004 0.0229
a range +61200 +67200 2004 2002 0.0229
a range +42600 +68400 2004 2005 0.0757
a range +42600 +68400 2005 2004 0.0757
a range +45000 +68400 2005 2006 0.0820
a range +45000 +68400 2006 2005 0.0820
a range +67800 +70800 2002 2006 0.0307
a range +67800 +70800 2006 2002 0.0307
a range +45000 +71400 2001 2005 0.0552
a range +45000 +71400 2005 2001 0.0552
a range +33000 +76200 9003 2002 1104.6780
a range +31800 +76200 9003 2004 1104.6821
a range +31800 +76200 9003 2005 1104.6719
a range +31800 +76200 9003 2006 1104.6445
a range +69600 +76200 2001 2004 0.0234
a range +33000 +76200 2002 9003 1104.6780
a range +31800 +76200 2004 9003 1104.6821
a range +69600 +76200 2004 2001 0.0234
a range +31800 +76200 2005 9003 1104.6719
a range +31800 +76200 2006 9003 1104.6445
a range +58800 +77400 2003 2005 0.0557
a range +58800 +77400 2005 2003 0.0557
a range +54000 +79200 9001 2002 1104.7775
a range +54000 +79200 2002 9001 1104.7775
a range +50400 +84600 2004 2006 0.0778
a range +50400 +84600 2006 2004 0.0778
a range +79200 +85200 2002 2004 0.0225
a range +79200 +85200 2004 2002 0.0225
a range +54000 +86400 9001 2004 1105.0584
a range +54000 +86400 9001 2005 1105.0118
a range +54000 +86400 9001 2006 1105.0508
a range +81000 +86400 9002 2004 1105.0656
a range +81000 +86400 9002 2005 1105.0190
a range +81000 +86400 9002 2006 1105.0580
a range +84600 +86400 2001 2005 0.0536
a range +81000 +86400 2001 2006 0.0551
a range +85800 +86400 2003 2006 0.0563
a range +54000 +86400 2004 9001 1105.0584
a range +81000 +86400 2004 9002 1105.0656
a range +69600 +86400 2004 2005 0.0708
a range +54000 +86400 2005 9001 1105.0118
a range +81000 +86400 2005 9002 1105.0190
a range +84600 +86400 2005 2001 0.0536
a range +69600 +86400 2005 2004 0.0708
a range +70800 +86400 2005 2006 0.0484
a range +54000 +86400 2006 9001 1105.0508
a range +81000 +86400 2006 9002 1105.0580
a range +81000 +86400 2006 2001 0.0551
a range +85800 +86400 2006 2003 0.0563
a range +70800 +86400 2006 2005 0.0484

a position +0 +1800 2001 2004 8240612.15021047 2400155.91460969 233949699.930546 8241717.03920901 2406413.45931178 233951558.223554
a position +0 +1800 2001 2006 8240612.15021047 2400155.91460969 233949699.930546 8242504.12694611 2417023.49052253 233953900.741628
a position +0 +1800 2004 2001 8241717.03920901 2406413.45931178 233951558.223554 8240612.15021047 2400155.91460969 233949699.930546
a position +0 +1800 2006 2001 8242504.12694611 2417023.49052253 233953900.741628 8240612.15021047 2400155.91460969 233949699.930546
a position +0 +3000 2003 2004 8212607.82918052 2400514.01942493 233957387.778578 8211020.68811397 2406543.21146788 233955018.999237
a position +0 +3000 2004 2003 8211020.68811397 2406543.21146788 233955018.999237 8212607.82918052 2400514.01942493 233957387.778578
a position +0 +6600 2002 2005 8126604.72045928 2396667.49153481 233969287.719297 8125156.83570036 2413302.59182896 233968679.371981
a position +0 +6600 2005 2002 8125156.83570036 2413302.59182896 233968679.371981 8126604.72045928 2396667.49153481 233969287.719297
a position +0 +11400 2004 2005 8011504.42729976 2387053.11641024 233980251.54357 8013387.12120635 2409465.38691787 233974978.066428
a position +0 +11400 2005 2004 8013387.12120635 2409465.38691787 233974978.066428 8011504.42729976 2387053.11641024 233980251.54357
a position +0 +13800 9001 2001 -136010584.023855 3678.21484375 -63446570.5596582 7958587.88228241 2391825.19777913 233983466.519138
a position +0 +13800 9001 2004 -136010584.023855 3678.21484375 -63446570.5596582 7961302.87883649 2385336.55498442 233987220.846964
a position +0 +13800 9001 2005 -136010584.023855 3678.21484375 -63446570.5596582 7957584.85256452 2406258.33562156 233978398.4147
a position +0 +13800 9001 2006 -136010584.023855 3678.21484375 -63446570.5596582 7959744.45558789 2396544.95598981 233999019.44447
a position +0 +13800 2001 9001 7958587.88228241 2391825.19777913 233983466.519138 -136010584.023855 3678.21484375 -63446570.5596582
a position +0 +13800 2003 2006 7961719.53563324 2393016.21361775 233986541.686283 7959744.45558789 2396544.95598981 233999019.44447
a position +0 +13800 2004 9001 7961302.87883649 2385336.55498442 233987220.846964 -136010584.023855 3678.21484375 -63446570.5596582
a position +0 +13800 2005 9001 7957584.85256452 2406258.33562156 233978398.4147 -136010584.023855 3678.21484375 -63446570.5596582
a position +0 +13800 2006 9001 7959744.45558789 2396544.95598981 233999019.44447 -136010584.023855 3678.21484375 -63446570.5596582
a position +0 +13800 2006 2003 7959744.45558789 2396544.95598981 233999019.44447 7961719.53563324 2393016.21361775 233986541.686283
a position +0 +17400 2005 2006 7873970.33059012 2400059.32373995 233984397.099914 7874118.47450048 2387430.92199252 234007742.734385
a position +0 +17400 2006 2005 7874118.47450048 2387430.92199252 234007742.734385 7873970.33059012 2400059.32373995 233984397.099914
a position +3600 +19800 2002 2006 7821688.61307631 2387501.93830011 234005912.858579 7817146.452935 2381774.77396715 234011026.577478
a position +3600 +19800 2006 2002 7817146.452935 2381774.77396715 234011026.577478 7821688.61307631 2387501.93830011 234005912.858579
a position +14400 +20400 2002 2004 7807781.88645889 2387085.21990552 234007517.815409 7808198.33610176 2393659.88716362 234005608.102856
a position +14400 +20400 2004 2002 7808198.33610176 2393659.88716362 234005608.102856 7807781.88645889 2387085.21990552 234007517.815409
a position +0 +20400 2004 2006 7808198.33610176 2393659.88716362 234005608.102856 7802965.22363884 2380591.53828381 234011500.890792
a position +0 +20400 2006 2004 7802965.22363884 2380591.53828381 234011500.890792 7808198.33610176 2393659.88716362 234005608.102856
a position +15000 +22200 2003 2004 7765331.52472587 2387182.59186065 234009076.466272 7762020.65909872 2393227.48178304 234010750.865695
a position +15000 +22200 2004 2003 7762020.65909872 2393227.48178304 234010750.865695 7765331.52472587 2387182.59186065 234009076.466272
a position +24000 +30000 2001 2004 7578100.99052094 2380573.08293296 234032046.193921 7578551.69042336 2374010.19086507 234033884.840427
a position +24000 +30000 2004 2001 7578551.69042336 2374010.19086507 234033884.840427 7578100.99052094 2380573.08293296 234032046.193921
a position +23400 +31800 2001 2006 7536009.39901756 2379322.4487155 234037591.161692 7540608.06149981 2384574.78624178 234026532.051164
a position +23400 +31800 2006 2001 7540608.06149981 2384574.78624178 234026532.051164 7536009.39901756 2379322.4487155 234037591.161692
a position +10800 +33600 2001 2005 7493969.52819668 2378071.73481887 234043145.667375 7498119.50083176 2365550.36618998 234032364.498835
a position +10800 +33600 2005 2001 7498119.50083176 2365550.36618998 234032364.498835 7493969.52819668 2378071.73481887 234043145.667375
a position +0 +37200 2003 2005 7412861.78507628 2376761.08400964 234050885.06747 7414458.58787902 2359979.40412028 234047338.909646
a position +0 +37200 2005 2003 7414458.58787902 2359979.40412028 234047338.909646 7412861.78507628 2376761.08400964 234050885.06747
a position +32400 +38400 2002 2004 7387875.39527676 2374579.54396063 234055060.949042 7389865.99915239 2380534.00338807 234057159.530073
a position +32400 +38400 2004 2002 7389865.99915239 2380534.00338807 234057159.530073 7387875.39527676 2374579.54396063 234055060.949042
a position +14400 +39000 2004 2005 7374644.74723823 2380884.93187794 234058821.70506 7372586.81507473 2357826.94379622 234055127.682074
a position +14400 +39000 2005 2004 7372586.81507473 2357826.94379622 234055127.682074 7374644.74723823 2380884.93187794 234058821.70506
a position +0 +40200 9002 2001 -135689320.455148 4135.6533203125 -64161058.0856946 7340285.28030477 2373485.10290387 234063483.62653
a position +33000 +40200 9002 2002 -135689320.455148 4135.6533203125 -64161058.0856946 7345620.92800985 2373328.53829815 234059886.643193
a position +18000 +40200 9002 2003 -135689320.455148 4135.6533203125 -64161058.0856946 7342324.3147286 2374676.11874249 234059596.951542
a position +0 +40200 9002 2004 -135689320.455148 4135.6533203125 -64161058.0856946 7343869.05692219 2380762.37371497 234062188.090208
a position +0 +40200 9002 2005 -135689320.455148 4135.6533203125 -64161058.0856946 7344655.78031012 2356645.26011242 234060382.481259
a position +0 +40200 9002 2006 -135689320.455148 4135.6533203125 -64161058.0856946 7347661.94559585 2388911.71752918 234056609.427181
a position +0 +40200 2001 9002 7340285.28030477 2373485.10290387 234063483.62653 -135689320.455148 4135.6533203125 -64161058.0856946
a position +33000 +40200 2002 9002 7345620.92800985 2373328.53829815 234059886.643193 -135689320.455148 4135.6533203125 -64161058.0856946
a position +18000 +40200 2003 9002 7342324.3147286 2374676.11874249 234059596.951542 -135689320.455148 4135.6533203125 -64161058.0856946
a position +0 +40200 2004 9002 7343869.05692219 2380762.37371497 234062188.090208 -135689320.455148 4135.6533203125 -64161058.0856946
a position +0 +40200 2005 9002 7344655.78031012 2356645.26011242 234060382.481259 -135689320.455148 4135.6533203125 -64161058.0856946
a position +0 +40200 2006 9002 7347661.94559585 2388911.71752918 234056609.427181 -135689320.455148 4135.6533203125 -64161058.0856946
a position +28800 +42000 2002 2005 7303332.96220765 2372077.45317005 234064747.877626 7302733.79173821 2355262.84671548 234068301.369266
a position +28800 +42000 2005 2002 7302733.79173821 2355262.84671548 234068301.369266 7303332.96220765 2372077.45317005 234064747.877626
a position +21000 +42000 2005 2006 7302733.79173821 2355262.84671548 234068301.369266 7305991.12764285 2388629.70876854 234063829.090902
a position +21000 +42000 2006 2005 7305991.12764285 2388629.70876854 234063829.090902 7302733.79173821 2355262.84671548 234068301.369266
a position +31800 +43800 9003 2001 -135650881.572053 -3696.39306640625 -64250920.4863368 7256757.49366136 2370982.85322748 234074471.564661
a position +31800 +43800 2001 9003 7256757.49366136 2370982.85322748 234074471.564661 -135650881.572053 -3696.39306640625 -64250920.4863368
a position +30000 +43800 2002 2006 7261017.26600023 2370826.28862177 234069648.518762 7264202.9194365 2387910.42647274 234071144.746875
a position +30000 +43800 2006 2002 7264202.9194365 2387910.42647274 234071144.746875 7261017.26600023 2370826.28862177 234069648.518762
a position +25800 +45600 2003 2006 7215512.35484806 2370922.62514358 234075549.419591 7222297.43554813 2386754.29296529 234078494.979273
a position +25800 +45600 2006 2003 7222297.43554813 2386754.29296529 234078494.979273 7215512.35484806 2370922.62514358 234075549.419591
a position +40800 +46800 2003 2004 7187371.22410162 2370088.41845429 234079134.260712 7184018.92134 2364780.40052993 234081469.967885
a position +40800 +46800 2004 2003 7184018.92134 2364780.40052993 234081469.967885 7187371.22410162 2370088.41845429 234079134.260712
a position +24000 +47400 2004 2006 7171021.41589474 2363278.27417067 234083220.304868 7180274.70590483 2385161.41472089 234085820.771791
a position +24000 +47400 2006 2004 7180274.70590483 2385161.41472089 234085820.771791 7171021.41589474 2363278.27417067 234083220.304868
a position +42000 +48600 2001 2004 7145674.04544942 2367646.02650405 234088895.427103 7145577.16169718 2360972.36232706 234086680.544855
a position +42000 +48600 2004 2001 7145577.16169718 2360972.36232706 234086680.544855 7145674.04544942 2367646.02650405 234088895.427103
a position +54000 +64800 9001 2003 -135392606.378834 3678.21484375 -64818224.9389388 6767754.8582174 2357571.09646563 234133319.771614
a position +31800 +64800 9003 2003 -135385637.734547 -3696.39306640625 -64821361.9919173 6767754.8582174 2357571.09646563 234133319.771614
a position +54000 +64800 2003 9001 6767754.8582174 2357571.09646563 234133319.771614 -135392606.378834 3678.21484375 -64818224.9389388
a position +31800 +64800 2003 9003 6767754.8582174 2357571.09646563 234133319.771614 -135385637.734547 -3696.39306640625 -64821361.9919173
a position +60000 +64800 2003 2006 6767754.8582174 2357571.09646563 234133319.771614 6768841.75904586 2350348.91174761 234138200.69965
a position +60000 +64800 2006 2003 6768841.75904586 2350348.91174761 234138200.69965 6767754.8582174 2357571.09646563 234133319.771614
a position +50400 +66000 2001 2006 6744224.74252328 2355545.31166517 234137885.751514 6740528.61294129 2348180.41382872 234138856.630915
a position +59400 +66000 2003 2004 6739953.63449106 2356736.32750379 234136875.03728 6737963.67998557 2350131.74801862 234135238.810241
a position +59400 +66000 2004 2003 6737963.67998557 2350131.74801862 234135238.810241 6739953.63449106 2356736.32750379 234136875.03728
a position +50400 +66000 2006 2001 6740528.61294129 2348180.41382872 234138856.630915 6744224.74252328 2355545.31166517 234137885.751514
a position +61200 +67200 2002 2004 6711358.94161355 2354553.94307075 234137204.750978 6712581.78265148 2347939.90699353 234138638.873992
a position +61200 +67200 2004 2002 6712581.78265148 2347939.90699353 234138638.873992 6711358.94161355 2354553.94307075 234137204.750978
a position +42600 +68400 2004 2005 6687527.79322467 2346880.02521903 234141974.149807 6685751.90191294 2367432.50962119 234151413.545034
a position +42600 +68400 2005 2004 6685751.90191294 2367432.50962119 234151413.545034 6687527.79322467 2346880.02521903 234141974.149807
a position +45000 +68400 2005 2006 6685751.90191294 2367432.50962119 234151413.545034 6684494.96079268 2346056.19666089 234139352.374816
a position +45000 +68400 2006 2005 6684494.96079268 2346056.19666089 234139352.374816 6685751.90191294 2367432.50962119 234151413.545034
a position +67800 +70800 2002 2006 6627327.28369427 2352049.32107842 234148006.857588 6629262.76654732 2346924.40524191 234140623.898498
a position +67800 +70800 2006 2002 6629262.76654732 2346924.40524191 234140623.898498 6627327.28369427 2352049.32107842 234148006.857588
a position +45000 +71400 2001 2005 6619397.36990768 2351788.41807438 234151986.840235 6615718.28254905 2367560.43402619 234155420.29102
a position +45000 +71400 2005 2001 6615718.28254905 2367560.43402619 234155420.29102 6619397.36990768 2351788.41807438 234151986.840235
a position +33000 +76200 9003 2002 -135244563.687222 -3696.39306640625 -65132974.0746409 6501685.02289848 2348291.79803863 234164160.24934
a position +31800 +76200 9003 2004 -135244563.687222 -3696.39306640625 -65132974.0746409 6507441.52567405 2355269.89641241 234162741.056645
a position +31800 +76200 9003 2005 -135244563.687222 -3696.39306640625 -65132974.0746409 6503840.64622209 2365020.89985939 234160992.391647
a position +31800 +76200 9003 2006 -135244563.687222 -3696.39306640625 -65132974.0746409 6506052.13605603 2352845.44092597 234150946.607089
a position +69600 +76200 2001 2004 6508119.73945121 2348448.36264435 234164203.305004 6507441.52567405 2355269.89641241 234162741.056645
a position +33000 +76200 2002 9003 6501685.02289848 2348291.79803863 234164160.24934 -135244563.687222 -3696.39306640625 -65132974.0746409
a position +31800 +76200 2004 9003 6507441.52567405 2355269.89641241 234162741.056645 -135244563.687222 -3696.39306640625 -65132974.0746409
a position +69600 +76200 2004 2001 6507441.52567405 2355269.89641241 234162741.056645 6508119.73945121 2348448.36264435 234164203.305004
a position +31800 +76200 2005 9003 6503840.64622209 2365020.89985939 234160992.391647 -135244563.687222 -3696.39306640625 -65132974.0746409
a position +31800 +76200 2006 9003 6506052.13605603 2352845.44092597 234150946.607089 -135244563.687222 -3696.39306640625 -65132974.0746409
a position +58800 +77400 2003 2005 6476555.32314934 2348804.27731202 234169602.073639 6475906.70231269 2363833.74728536 234162382.696504
a position +58800 +77400 2005 2003 6475906.70231269 2363833.74728536 234162382.696504 6476555.32314934 2348804.27731202 234169602.073639
a position +54000 +79200 9001 2002 -135208574.313417 3678.21484375 -65207132.098433 6432087.03177695 2346203.97968108 234173049.488047
a position +54000 +79200 2002 9001 6432087.03177695 2346203.97968108 234173049.488047 -135208574.313417 3678.21484375 -65207132.098433
a position +50400 +84600 2004 2006 6304891.16913968 2336988.07427905 234186420.296304 6313217.13645187 2357687.51106931 234179591.027817
a position +50400 +84600 2006 2004 6313217.13645187 2357687.51106931 234179591.027817 6304891.16913968 2336988.07427905 234186420.296304
a position +79200 +85200 2002 2004 6293262.60944638 2342027.68921515 234190507.710985 6292165.25870795 2335815.94749858 234188097.899065
a position +79200 +85200 2004 2002 6292165.25870795 2335815.94749858 234188097.899065 6293262.60944638 2342027.68921515 234190507.710985
a position +54000 +86400 9001 2004 -135117104.766062 3678.21484375 -65403222.8674563 6267037.53817512 2334299.59986052 234191405.655118
a position +54000 +86400 9001 2005 -135117104.766062 3678.21484375 -65403222.8674563 6266791.82528684 2348855.69345782 234175979.409271
a position +54000 +86400 9001 2006 -135117104.766062 3678.21484375 -65403222.8674563 6271572.73642975 2357523.11122689 234186577.695868
a position +81000 +86400 9002 2004 -135125348.441111 4135.6533203125 -65401727.5637454 6267037.53817512 2334299.59986052 234191405.655118
a position +81000 +86400 9002 2005 -135125348.441111 4135.6533203125 -65401727.5637454 6266791.82528684 2348855.69345782 234175979.409271
a position +81000 +86400 9002 2006 -135125348.441111 4135.6533203125 -65401727.5637454 6271572.73642975 2357523.11122689 234186577.695868
a position +84600 +86400 2001 2005 6270411.25039819 2341348.89124255 234189723.57304 6266791.82528684 2348855.69345782 234175979.409271
a position +81000 +86400 2001 2006 6270411.25039819 2341348.89124255 234189723.57304 6271572.73642975 2357523.11122689 234186577.695868
a position +85800 +86400 2003 2006 6268853.42959741 2342539.90708118 234193826.876506 6271572.73642975 2357523.11122689 234186577.695868
a position +54000 +86400 2004 9001 6267037.53817512 2334299.59986052 234191405.655118 -135117104.766062 3678.21484375 -65403222.8674563
a position +81000 +86400 2004 9002 6267037.53817512 2334299.59986052 234191405.655118 -135125348.441111 4135.6533203125 -65401727.5637454
a position +69600 +86400 2004 2005 6267037.53817512 2334299.59986052 234191405.655118 6266791.82528684 2348855.69345782 234175979.409271
a position +54000 +86400 2005 9001 6266791.82528684 2348855.69345782 234175979.409271 -135117104.766062 3678.21484375 -65403222.8674563
a position +81000 +86400 2005 9002 6266791.82528684 2348855.69345782 234175979.409271 -135125348.441111 4135.6533203125 -65401727.5637454
a position +84600 +86400 2005 2001 6266791.82528684 2348855.69345782 234175979.409271 6270411.25039819 2341348.89124255 234189723.57304
a position +69600 +86400 2005 2004 6266791.82528684 2348855.69345782 234175979.409271 6267037.53817512 2334299.59986052 234191405.655118
a position +70800 +86400 2005 2006 6266791.82528684 2348855.69345782 234175979.409271 6271572.73642975 2357523.11122689 234186577.695868
a position +54000 +86400 2006 9001 6271572.73642975 2357523.11122689 234186577.695868 -135117104.766062 3678.21484375 -65403222.8674563
a position +81000 +86400 2006 9002 6271572.73642975 2357523.11122689 234186577.695868 -135125348.441111 4135.6533203125 -65401727.5637454
a position +81000 +86400 2006 2001 6271572.73642975 2357523.11122689 234186577.695868 6270411.25039819 2341348.89124255 234189723.57304
a position +85800 +86400 2006 2003 6271572.73642975 2357523.11122689 234186577.695868 6268853.42959741 2342539.90708118 234193826.876506
a position +70800 +86400 2006 2005 6271572.73642975 2357523.11122689 234186577.695868 6266791.82528684 2348855.69345782 234175979.409271

