num_k=36
num_nodes=8
duration=6.0 hours
ipn_node_to_planet_map={0: '1'}
nodes=['1001', '2001', '2002', '2003', '2004', '9001', '9002', '9003']
oi to node={0: 0, 1: 0, 2: 1, 3: 2, 4: 3, 5: 4, 6: 5, 7: 6, 8: 7}
node to oi={0: [0, 1], 1: [2], 2: [3], 3: [4], 4: [5], 5: [6], 6: [7], 7: [8]}

  0,1,2,3,4,5,6,7,8,
0 *,0,0,0,0,0,0,0,1,
1 0,*,0,0,0,0,0,0,1,
2 0,0,*,0,0,0,1,1,0,
3 0,0,0,*,0,0,0,0,0,
4 0,0,0,0,*,0,1,1,0,
5 0,0,0,0,0,*,1,1,0,
6 0,0,0,0,0,0,*,0,0,
7 0,0,0,0,0,0,0,*,0,
8 0,0,0,0,0,0,0,0,*,
k=1
t=600

  0,1,2,3,4,5,6,7,8,
0 *,0,0,0,0,0,0,0,1,
1 0,*,0,0,0,0,0,0,1,
2 0,0,*,0,0,0,1,1,0,
3 0,0,0,*,0,0,0,0,0,
4 0,0,0,0,*,0,0,0,0,
5 0,0,0,0,0,*,1,1,0,
6 0,0,0,0,0,0,*,0,0,
7 0,0,0,0,0,0,0,*,0,
8 0,0,0,0,0,0,0,0,*,
k=2
t=600

  0,1,2,3,4,5,6,7,8,
0 *,0,0,0,0,0,0,0,1,
1 0,*,0,0,0,0,0,0,1,
2 0,0,*,0,0,0,1,1,0,
3 0,0,0,*,0,0,0,0,0,
4 0,0,0,0,*,0,0,0,0,
5 0,0,0,0,0,*,1,1,0,
6 0,0,0,0,0,0,*,0,0,
7 0,0,0,0,0,0,0,*,0,
8 0,0,0,0,0,0,0,0,*,
k=3
t=600

  0,1,2,3,4,5,6,7,8,
0 *,0,0,0,0,0,0,0,1,
1 0,*,0,0,0,0,0,0,1,
2 0,0,*,0,0,0,1,1,0,
3 0,0,0,*,0,0,0,0,0,
4 0,0,0,0,*,0,1,1,0,
5 0,0,0,0,0,*,1,1,0,
6 0,0,0,0,0,0,*,0,0,
7 0,0,0,0,0,0,0,*,0,
8 0,0,0,0,0,0,0,0,*,
k=4
t=600

  0,1,2,3,4,5,6,7,8,
0 *,0,0,0,0,0,0,0,1,
1 0,*,0,0,0,0,0,0,1,
2 1,1,*,0,0,0,1,1,0,
3 1,1,0,*,0,0,1,1,0,
4 1,1,0,0,*,0,1,1,0,
5 1,1,0,0,0,*,1,1,0,
6 0,0,0,0,0,0,*,0,0,
7 0,0,0,0,0,0,0,*,0,
8 0,0,0,0,0,0,0,0,*,
k=5
t=600

  0,1,2,3,4,5,6,7,8,
0 *,0,0,0,0,0,0,0,1,
1 0,*,0,0,0,0,0,0,1,
2 1,1,*,0,0,0,1,1,0,
3 1,1,0,*,0,0,1,1,0,
4 1,1,0,0,*,0,1,1,0,
5 1,1,0,0,0,*,1,1,0,
6 0,0,0,0,0,0,*,0,0,
7 0,0,0,0,0,0,0,*,0,
8 0,0,0,0,0,0,0,0,*,
k=6
t=600

  0,1,2,3,4,5,6,7,8,
0 *,0,0,0,0,0,0,0,1,
1 0,*,0,0,0,0,0,0,1,
2 1,1,*,0,0,0,1,1,0,
3 1,1,0,*,0,0,1,1,0,
4 1,1,0,0,*,0,1,1,0,
5 1,1,0,0,0,*,1,1,0,
6 0,0,0,0,0,0,*,0,0,
7 0,0,0,0,0,0,0,*,0,
8 0,0,0,0,0,0,0,0,*,
k=7
t=600

  0,1,2,3,4,5,6,7,8,
0 *,0,0,0,0,0,1,0,1,
1 0,*,0,0,0,0,1,0,1,
2 1,1,*,0,0,0,1,1,0,
3 1,1,0,*,0,0,1,1,0,
4 1,1,0,0,*,0,1,1,0,
5 1,1,0,0,0,*,1,1,0,
6 0,0,0,0,0,0,*,0,0,
7 0,0,0,0,0,0,0,*,0,
8 0,0,0,0,0,0,0,0,*,
k=8
t=600

  0,1,2,3,4,5,6,7,8,
0 *,0,0,0,0,0,1,0,1,
1 0,*,0,0,0,0,1,0,1,
2 1,1,*,0,0,0,1,1,0,
3 1,1,0,*,0,0,1,1,0,
4 1,1,0,0,*,0,1,1,0,
5 1,1,0,0,0,*,1,1,0,
6 0,0,0,0,0,0,*,0,0,
7 0,0,0,0,0,0,0,*,0,
8 0,0,0,0,0,0,0,0,*,
k=9
t=600

  0,1,2,3,4,5,6,7,8,
0 *,0,0,0,0,0,1,0,1,
1 0,*,0,0,0,0,1,0,1,
2 1,1,*,0,0,0,1,1,0,
3 1,1,0,*,0,0,1,1,0,
4 1,1,0,0,*,0,1,1,0,
5 1,1,0,0,0,*,1,1,0,
6 0,0,0,0,0,0,*,0,0,
7 0,0,0,0,0,0,0,*,0,
8 0,0,0,0,0,0,0,0,*,
k=10
t=600

  0,1,2,3,4,5,6,7,8,
0 *,0,0,0,0,0,1,0,1,
1 0,*,0,0,0,0,1,0,1,
2 1,1,*,0,0,0,1,1,0,
3 1,1,0,*,0,0,1,1,0,
4 1,1,0,0,*,0,1,1,0,
5 1,1,0,0,0,*,1,1,0,
6 0,0,0,0,0,0,*,0,0,
7 0,0,0,0,0,0,0,*,0,
8 0,0,0,0,0,0,0,0,*,
k=11
t=600

  0,1,2,3,4,5,6,7,8,
0 *,0,0,0,0,0,1,0,1,
1 0,*,0,0,0,0,1,0,1,
2 1,1,*,0,0,0,1,1,0,
3 1,1,0,*,0,0,1,1,0,
4 1,1,0,0,*,0,1,1,0,
5 1,1,0,0,0,*,1,1,0,
6 0,0,0,0,0,0,*,0,0,
7 0,0,0,0,0,0,0,*,0,
8 0,0,0,0,0,0,0,0,*,
k=12
t=600

  0,1,2,3,4,5,6,7,8,
0 *,0,0,0,0,0,1,0,0,
1 0,*,0,0,0,0,1,0,0,
2 1,1,*,0,0,0,1,1,0,
3 1,1,0,*,0,0,1,1,0,
4 1,1,0,0,*,0,1,1,0,
5 1,1,0,0,0,*,1,1,0,
6 0,0,0,0,0,0,*,0,0,
7 0,0,0,0,0,0,0,*,0,
8 0,0,0,0,0,0,0,0,*,
k=13
t=600

  0,1,2,3,4,5,6,7,8,
0 *,0,0,0,0,0,1,0,0,
1 0,*,0,0,0,0,1,0,0,
2 1,1,*,0,0,0,1,1,0,
3 1,1,0,*,0,0,1,1,0,
4 1,1,0,0,*,0,1,1,0,
5 1,1,0,0,0,*,1,1,0,
6 0,0,0,0,0,0,*,0,0,
7 0,0,0,0,0,0,0,*,0,
8 0,0,0,0,0,0,0,0,*,
k=14
t=600

  0,1,2,3,4,5,6,7,8,
0 *,0,0,0,0,0,1,0,0,
1 0,*,0,0,0,0,1,0,0,
2 1,1,*,0,0,0,1,1,0,
3 1,1,0,*,0,0,1,1,0,
4 1,1,0,0,*,0,1,1,0,
5 1,1,0,0,0,*,1,1,0,
6 0,0,0,0,0,0,*,0,0,
7 0,0,0,0,0,0,0,*,0,
8 0,0,0,0,0,0,0,0,*,
k=15
t=600

  0,1,2,3,4,5,6,7,8,
0 *,0,0,0,0,0,1,0,0,
1 0,*,0,0,0,0,1,0,0,
2 1,1,*,0,0,0,1,1,0,
3 1,1,0,*,0,0,1,1,0,
4 1,1,0,0,*,0,1,1,0,
5 1,1,0,0,0,*,1,1,0,
6 0,0,0,0,0,0,*,0,0,
7 0,0,0,0,0,0,0,*,0,
8 0,0,0,0,0,0,0,0,*,
k=16
t=600

  0,1,2,3,4,5,6,7,8,
0 *,0,0,0,0,0,1,0,0,
1 0,*,0,0,0,0,1,0,0,
2 1,1,*,0,0,0,1,1,0,
3 1,1,0,*,0,0,1,1,0,
4 1,1,0,0,*,0,1,1,0,
5 1,1,0,0,0,*,1,1,0,
6 0,0,0,0,0,0,*,0,0,
7 0,0,0,0,0,0,0,*,0,
8 0,0,0,0,0,0,0,0,*,
k=17
t=600

  0,1,2,3,4,5,6,7,8,
0 *,0,0,0,0,0,1,1,0,
1 0,*,0,0,0,0,1,1,0,
2 1,1,*,0,0,0,1,1,0,
3 1,1,0,*,0,0,1,1,0,
4 1,1,0,0,*,0,1,1,0,
5 1,1,0,0,0,*,1,1,0,
6 0,0,0,0,0,0,*,0,0,
7 0,0,0,0,0,0,0,*,0,
8 0,0,0,0,0,0,0,0,*,
k=18
t=600

  0,1,2,3,4,5,6,7,8,
0 *,0,0,0,0,0,1,1,0,
1 0,*,0,0,0,0,1,1,0,
2 1,1,*,0,0,0,1,1,0,
3 1,1,0,*,0,0,1,1,0,
4 1,1,0,0,*,0,1,1,0,
5 1,1,0,0,0,*,1,1,0,
6 0,0,0,0,0,0,*,0,0,
7 0,0,0,0,0,0,0,*,0,
8 0,0,0,0,0,0,0,0,*,
k=19
t=600

  0,1,2,3,4,5,6,7,8,
0 *,0,0,0,0,0,1,1,0,
1 0,*,0,0,0,0,1,1,0,
2 1,1,*,0,0,0,1,1,0,
3 1,1,0,*,0,0,1,1,0,
4 1,1,0,0,*,0,1,1,0,
5 1,1,0,0,0,*,1,1,0,
6 0,0,0,0,0,0,*,0,0,
7 0,0,0,0,0,0,0,*,0,
8 0,0,0,0,0,0,0,0,*,
k=20
t=600

  0,1,2,3,4,5,6,7,8,
0 *,0,0,0,0,0,0,1,0,
1 0,*,0,0,0,0,0,1,0,
2 1,1,*,0,0,0,1,1,0,
3 1,1,0,*,0,0,1,1,0,
4 1,1,0,0,*,0,1,1,0,
5 1,1,0,0,0,*,1,1,0,
6 0,0,0,0,0,0,*,0,0,
7 0,0,0,0,0,0,0,*,0,
8 0,0,0,0,0,0,0,0,*,
k=21
t=600

  0,1,2,3,4,5,6,7,8,
0 *,0,0,0,0,0,0,1,0,
1 0,*,0,0,0,0,0,1,0,
2 1,1,*,0,0,0,1,1,0,
3 1,1,0,*,0,0,1,1,0,
4 1,1,0,0,*,0,1,1,0,
5 1,1,0,0,0,*,1,1,0,
6 0,0,0,0,0,0,*,0,0,
7 0,0,0,0,0,0,0,*,0,
8 0,0,0,0,0,0,0,0,*,
k=22
t=600

  0,1,2,3,4,5,6,7,8,
0 *,0,0,0,0,0,0,1,0,
1 0,*,0,0,0,0,0,1,0,
2 1,1,*,0,0,0,1,1,0,
3 1,1,0,*,0,0,1,1,0,
4 1,1,0,0,*,0,1,1,0,
5 1,1,0,0,0,*,1,1,0,
6 0,0,0,0,0,0,*,0,0,
7 0,0,0,0,0,0,0,*,0,
8 0,0,0,0,0,0,0,0,*,
k=23
t=600

  0,1,2,3,4,5,6,7,8,
0 *,0,0,0,0,0,0,1,0,
1 0,*,0,0,0,0,0,1,0,
2 1,1,*,0,0,0,1,1,0,
3 1,1,0,*,0,0,1,1,0,
4 1,1,0,0,*,0,1,1,0,
5 1,1,0,0,0,*,1,1,0,
6 0,0,0,0,0,0,*,0,0,
7 0,0,0,0,0,0,0,*,0,
8 0,0,0,0,0,0,0,0,*,
k=24
t=600

  0,1,2,3,4,5,6,7,8,
0 *,0,0,0,0,0,0,1,0,
1 0,*,0,0,0,0,0,1,0,
2 1,1,*,0,0,0,1,1,0,
3 1,1,0,*,0,0,1,1,0,
4 1,1,0,0,*,0,1,1,0,
5 1,1,0,0,0,*,1,1,0,
6 0,0,0,0,0,0,*,0,0,
7 0,0,0,0,0,0,0,*,0,
8 0,0,0,0,0,0,0,0,*,
k=25
t=600

  0,1,2,3,4,5,6,7,8,
0 *,0,0,0,0,0,0,1,0,
1 0,*,0,0,0,0,0,1,0,
2 1,1,*,0,0,0,1,1,0,
3 1,1,0,*,0,0,1,1,0,
4 1,1,0,0,*,0,1,1,0,
5 1,1,0,0,0,*,1,1,0,
6 0,0,0,0,0,0,*,0,0,
7 0,0,0,0,0,0,0,*,0,
8 0,0,0,0,0,0,0,0,*,
k=26
t=600

  0,1,2,3,4,5,6,7,8,
0 *,0,0,0,0,0,0,1,0,
1 0,*,0,0,0,0,0,1,0,
2 1,1,*,0,0,0,0,1,0,
3 1,1,0,*,0,0,0,1,0,
4 1,1,0,0,*,0,0,1,0,
5 1,1,0,0,0,*,0,1,0,
6 0,0,0,0,0,0,*,0,0,
7 0,0,0,0,0,0,0,*,0,
8 0,0,0,0,0,0,0,0,*,
k=27
t=600

  0,1,2,3,4,5,6,7,8,
0 *,0,0,0,0,0,0,1,0,
1 0,*,0,0,0,0,0,1,0,
2 1,1,*,0,0,0,0,1,0,
3 1,1,0,*,0,0,0,1,0,
4 1,1,0,0,*,0,0,1,0,
5 1,1,0,0,0,*,0,1,0,
6 0,0,0,0,0,0,*,0,0,
7 0,0,0,0,0,0,0,*,0,
8 0,0,0,0,0,0,0,0,*,
k=28
t=600

  0,1,2,3,4,5,6,7,8,
0 *,0,0,0,0,0,0,1,0,
1 0,*,0,0,0,0,0,1,0,
2 1,1,*,0,0,0,0,1,0,
3 1,1,0,*,0,0,0,1,0,
4 1,1,0,0,*,0,0,1,0,
5 1,1,0,0,0,*,0,1,0,
6 0,0,0,0,0,0,*,0,0,
7 0,0,0,0,0,0,0,*,0,
8 0,0,0,0,0,0,0,0,*,
k=29
t=600

  0,1,2,3,4,5,6,7,8,
0 *,0,0,0,0,0,0,1,0,
1 0,*,0,0,0,0,0,1,0,
2 1,1,*,0,0,0,0,1,0,
3 1,1,0,*,0,0,0,1,0,
4 1,1,0,0,*,0,0,1,0,
5 1,1,0,0,0,*,0,1,0,
6 0,0,0,0,0,0,*,0,0,
7 0,0,0,0,0,0,0,*,0,
8 0,0,0,0,0,0,0,0,*,
k=30
t=600

  0,1,2,3,4,5,6,7,8,
0 *,0,0,0,0,0,0,0,1,
1 0,*,0,0,0,0,0,0,1,
2 1,1,*,0,0,0,0,1,0,
3 1,1,0,*,0,0,0,1,0,
4 1,1,0,0,*,0,0,1,0,
5 1,1,0,0,0,*,0,1,0,
6 0,0,0,0,0,0,*,0,0,
7 0,0,0,0,0,0,0,*,0,
8 0,0,0,0,0,0,0,0,*,
k=31
t=600

  0,1,2,3,4,5,6,7,8,
0 *,0,0,0,0,0,0,0,1,
1 0,*,0,0,0,0,0,0,1,
2 1,1,*,0,0,0,0,1,0,
3 1,1,0,*,0,0,0,1,0,
4 1,1,0,0,*,0,0,1,0,
5 1,1,0,0,0,*,0,1,0,
6 0,0,0,0,0,0,*,0,0,
7 0,0,0,0,0,0,0,*,0,
8 0,0,0,0,0,0,0,0,*,
k=32
t=600

  0,1,2,3,4,5,6,7,8,
0 *,0,0,0,0,0,0,0,1,
1 0,*,0,0,0,0,0,0,1,
2 1,1,*,0,0,0,0,1,0,
3 0,0,0,*,0,0,0,0,0,
4 1,1,0,0,*,0,0,1,0,
5 1,1,0,0,0,*,0,1,0,
6 0,0,0,0,0,0,*,0,0,
7 0,0,0,0,0,0,0,*,0,
8 0,0,0,0,0,0,0,0,*,
k=33
t=600

  0,1,2,3,4,5,6,7,8,
0 *,0,0,0,0,0,0,0,1,
1 0,*,0,0,0,0,0,0,1,
2 1,1,*,0,0,0,0,1,0,
3 0,0,0,*,0,0,0,0,0,
4 0,0,0,0,*,0,0,0,0,
5 1,1,0,0,0,*,0,1,0,
6 0,0,0,0,0,0,*,0,0,
7 0,0,0,0,0,0,0,*,0,
8 0,0,0,0,0,0,0,0,*,
k=34
t=600

  0,1,2,3,4,5,6,7,8,
0 *,0,0,0,0,0,0,0,1,
1 0,*,0,0,0,0,0,0,1,
2 1,1,*,0,0,0,0,1,0,
3 0,0,0,*,0,0,0,0,0,
4 0,0,0,0,*,0,0,0,0,
5 1,1,0,0,0,*,0,1,0,
6 0,0,0,0,0,0,*,0,0,
7 0,0,0,0,0,0,0,*,0,
8 0,0,0,0,0,0,0,0,*,
k=35
t=600

  0,1,2,3,4,5,6,7,8,
0 *,0,0,0,0,0,0,0,1,
1 0,*,0,0,0,0,0,0,1,
2 1,1,*,0,0,0,0,1,0,
3 1,1,0,*,0,0,0,1,0,
4 1,1,0,0,*,0,0,1,0,
5 1,1,0,0,0,*,0,1,0,
6 0,0,0,0,0,0,*,0,0,
7 0,0,0,0,0,0,0,*,0,
8 0,0,0,0,0,0,0,0,*,
k=36
t=600

