a contact +0 +600 2001 2004 1000
a contact +0 +600 2003 9001 1000
a contact +0 +600 2003 9002 1000
a contact +0 +600 2004 2001 1000
a contact +0 +600 9001 2003 1000
a contact +0 +600 9002 2003 1000
a contact +0 +7200 1001 9003 1000
a contact +0 +7200 9003 1001 1000
a contact +2400 +9600 2001 2004 1000
a contact +2400 +9600 2004 2001 1000
a contact +4200 +12000 1001 9001 1000
a contact +4200 +12000 9001 1001 1000
a contact +0 +15600 2001 9001 1000
a contact +2400 +15600 2002 9001 1000
a contact +1800 +15600 2003 9001 1000
a contact +0 +15600 2004 9001 1000
a contact +0 +15600 9001 2001 1000
a contact +2400 +15600 9001 2002 1000
a contact +1800 +15600 9001 2003 1000
a contact +0 +15600 9001 2004 1000
a contact +10200 +18000 1001 9002 1000
a contact +10200 +18000 9002 1001 1000
a contact +2400 +19200 1001 2002 1000
a contact +11400 +19200 2001 2004 1000
a contact +2400 +19200 2002 1001 1000
a contact +2400 +19200 2002 9002 1000
a contact +11400 +19200 2004 2001 1000
a contact +2400 +19200 9002 2002 1000
a contact +2400 +19800 1001 2003 1000
a contact +2400 +19800 2003 1001 1000
a contact +1800 +19800 2003 9002 1000
a contact +1800 +19800 9002 2003 1000
a contact +2400 +21600 1001 2001 1000
a contact +21000 +21600 1001 2002 1000
a contact +21000 +21600 1001 2003 1000
a contact +2400 +21600 1001 2004 1000
a contact +18000 +21600 1001 9003 1000
a contact +2400 +21600 2001 1001 1000
a contact +0 +21600 2001 2002 1000
a contact +0 +21600 2001 2003 1000
a contact +21000 +21600 2001 2004 1000
a contact +0 +21600 2001 9002 1000
a contact +21000 +21600 2002 1001 1000
a contact +0 +21600 2002 2001 1000
a contact +0 +21600 2002 2003 1000
a contact +0 +21600 2002 2004 1000
a contact +21000 +21600 2002 9002 1000
a contact +21000 +21600 2003 1001 1000
a contact +0 +21600 2003 2001 1000
a contact +0 +21600 2003 2002 1000
a contact +0 +21600 2003 2004 1000
a contact +21000 +21600 2003 9002 1000
a contact +2400 +21600 2004 1001 1000
a contact +21000 +21600 2004 2001 1000
a contact +0 +21600 2004 2002 1000
a contact +0 +21600 2004 2003 1000
a contact +0 +21600 2004 9002 1000
a contact +0 +21600 9002 2001 1000
a contact +21000 +21600 9002 2002 1000
a contact +21000 +21600 9002 2003 1000
a contact +0 +21600 9002 2004 1000
a contact +18000 +21600 9003 1001 1000

a range +0 +600 2001 2004 0.0445
a range +0 +600 2003 9001 1101.7702
a range +0 +600 2003 9002 1101.7783
a range +0 +600 2004 2001 0.0445
a range +0 +600 9001 2003 1101.7702
a range +0 +600 9002 2003 1101.7783
a range +0 +7200 1001 9003 0.0593
a range +0 +7200 9003 1001 0.0593
a range +2400 +9600 2001 2004 0.0432
a range +2400 +9600 2004 2001 0.0432
a range +4200 +12000 1001 9001 0.0592
a range +4200 +12000 9001 1001 0.0592
a range +0 +15600 2001 9001 1102.3473
a range +2400 +15600 2002 9001 1102.3492
a range +1800 +15600 2003 9001 1102.3491
a range +0 +15600 2004 9001 1102.3469
a range +0 +15600 9001 2001 1102.3473
a range +2400 +15600 9001 2002 1102.3492
a range +1800 +15600 9001 2003 1102.3491
a range +0 +15600 9001 2004 1102.3469
a range +10200 +18000 1001 9002 0.0607
a range +10200 +18000 9002 1001 0.0607
a range +2400 +19200 1001 2002 1102.5114
a range +11400 +19200 2001 2004 0.0439
a range +2400 +19200 2002 1001 1102.5114
a range +2400 +19200 2002 9002 1102.4865
a range +11400 +19200 2004 2001 0.0439
a range +2400 +19200 9002 2002 1102.4865
a range +2400 +19800 1001 2003 1102.5433
a range +2400 +19800 2003 1001 1102.5433
a range +1800 +19800 2003 9002 1102.5093
a range +1800 +19800 9002 2003 1102.5093
a range +2400 +21600 1001 2001 1102.6240
a range +21000 +21600 1001 2002 1102.6343
a range +21000 +21600 1001 2003 1102.6334
a range +2400 +21600 1001 2004 1102.6218
a range +18000 +21600 1001 9003 0.0434
a range +2400 +21600 2001 1001 1102.6240
a range +0 +21600 2001 2002 0.0155
a range +0 +21600 2001 2003 0.0286
a range +21000 +21600 2001 2004 0.0374
a range +0 +21600 2001 9002 1102.5663
a range +21000 +21600 2002 1001 1102.6343
a range +0 +21600 2002 2001 0.0155
a range +0 +21600 2002 2003 0.0155
a range +0 +21600 2002 2004 0.0286
a range +21000 +21600 2002 9002 1102.5766
a range +21000 +21600 2003 1001 1102.6334
a range +0 +21600 2003 2001 0.0286
a range +0 +21600 2003 2002 0.0155
a range +0 +21600 2003 2004 0.0155
a range +21000 +21600 2003 9002 1102.5757
a range +2400 +21600 2004 1001 1102.6218
a range +21000 +21600 2004 2001 0.0374
a range +0 +21600 2004 2002 0.0286
a range +0 +21600 2004 2003 0.0155
a range +0 +21600 2004 9002 1102.5642
a range +0 +21600 9002 2001 1102.5663
a range +21000 +21600 9002 2002 1102.5766
a range +21000 +21600 9002 2003 1102.5757
a range +0 +21600 9002 2004 1102.5642
a range +18000 +21600 9003 1001 0.0434

a position +0 +600 2001 2004 8273184.59811024 2400174.59214517 233948374.470986 8260860.32814226 2400174.59214517 233953479.350753
a position +0 +600 2003 9001 8265965.20790935 2400174.59214517 233955593.861187 -136169493.822922 3750.98291015625 -63083677.7344879
a position +0 +600 2003 9002 8265965.20790935 2400174.59214517 233955593.861187 -136177870.344406 4196.68310546875 -63082300.4676422
a position +0 +600 2004 2001 8260860.32814226 2400174.59214517 233953479.350753 8273184.59811024 2400174.59214517 233948374.470986
a position +0 +600 9001 2003 -136169493.822922 3750.98291015625 -63083677.7344879 8265965.20790935 2400174.59214517 233955593.861187
a position +0 +600 9002 2003 -136177870.344406 4196.68310546875 -63082300.4676422 8265965.20790935 2400174.59214517 233955593.861187
a position +0 +7200 1001 9003 -136078247.560553 0 -63271243.2004694 -136095597.31772 -3748.65649414063 -63270027.7525483
a position +0 +7200 9003 1001 -136095597.31772 -3748.65649414063 -63270027.7525483 -136078247.560553 0 -63271243.2004694
a position +2400 +9600 2001 2004 8049324.31993751 2396801.47696373 233974662.506656 8061298.68444638 2396801.47696373 233969702.562475
a position +2400 +9600 2004 2001 8061298.68444638 2396801.47696373 233969702.562475 8049324.31993751 2396801.47696373 233974662.506656
a position +4200 +12000 1001 9001 -136025909.724736 0 -63380958.7155533 -136031994.068677 3750.98291015625 -63397207.5196607
a position +4200 +12000 9001 1001 -136031994.068677 3750.98291015625 -63397207.5196607 -136025909.724736 0 -63380958.7155533
a position +0 +15600 2001 9001 7917730.97052224 2383502.66663767 233992078.977685 -135989153.766107 3750.98291015625 -63495968.3965652
a position +2400 +15600 2002 9001 7917395.03113886 2383502.66663767 233992890.0071 -135989153.766107 3750.98291015625 -63495968.3965652
a position +1800 +15600 2003 9001 7916584.00172336 2383502.66663767 233993225.946484 -135989153.766107 3750.98291015625 -63495968.3965652
a position +0 +15600 2004 9001 7915772.97230787 2383502.66663767 233992890.0071 -135989153.766107 3750.98291015625 -63495968.3965652
a position +0 +15600 9001 2001 -135989153.766107 3750.98291015625 -63495968.3965652 7917730.97052224 2383502.66663767 233992078.977685
a position +2400 +15600 9001 2002 -135989153.766107 3750.98291015625 -63495968.3965652 7917395.03113886 2383502.66663767 233992890.0071
a position +1800 +15600 9001 2003 -135989153.766107 3750.98291015625 -63495968.3965652 7916584.00172336 2383502.66663767 233993225.946484
a position +0 +15600 9001 2004 -135989153.766107 3750.98291015625 -63495968.3965652 7915772.97230787 2383502.66663767 233992890.0071
a position +10200 +18000 1001 9002 -135978458.425487 0 -63547204.4255341 -135961812.84251 4196.68310546875 -63553246.5887415
a position +10200 +18000 9002 1001 -135961812.84251 4196.68310546875 -63553246.5887415 -135978458.425487 0 -63547204.4255341
a position +2400 +19200 1001 2002 -135966446.683036 0 -63584777.4497431 7837760.58485621 2386652.78906871 234007517.895892
a position +11400 +19200 2001 2004 7839844.42870954 2386652.78906871 234002487.051799 7827698.89667103 2386652.78906871 234007517.895892
a position +2400 +19200 2002 1001 7837760.58485621 2386652.78906871 234007517.895892 -135966446.683036 0 -63584777.4497431
a position +2400 +19200 2002 9002 7837760.58485621 2386652.78906871 234007517.895892 -135946877.277721 4196.68310546875 -63585979.2185503
a position +11400 +19200 2004 2001 7827698.89667103 2386652.78906871 234007517.895892 7839844.42870954 2386652.78906871 234002487.051799
a position +2400 +19200 9002 2002 -135946877.277721 4196.68310546875 -63585979.2185503 7837760.58485621 2386652.78906871 234007517.895892
a position +2400 +19800 1001 2003 -135959801.102541 0 -63603802.1546618 7818753.92826186 2387679.82269071 234011497.073764
a position +2400 +19800 2003 1001 7818753.92826186 2387679.82269071 234011497.073764 -135959801.102541 0 -63603802.1546618
a position +1800 +19800 2003 9002 7818753.92826186 2387679.82269071 234011497.073764 -135939414.163551 4196.68310546875 -63602356.3847886
a position +1800 +19800 9002 2003 -135939414.163551 4196.68310546875 -63602356.3847886 7818753.92826186 2387679.82269071 234011497.073764
a position +2400 +21600 1001 2001 -135937145.031148 0 -63660977.6658318 7782887.21742307 2390554.8161558 234009408.348678
a position +21000 +21600 1001 2002 -135937145.031148 0 -63660977.6658318 7781112.02060018 2390554.8161558 234013694.052924
a position +21000 +21600 1001 2003 -135937145.031148 0 -63660977.6658318 7776826.3163545 2390554.8161558 234015469.249747
a position +2400 +21600 1001 2004 -135937145.031148 0 -63660977.6658318 7772540.61210881 2390554.8161558 234013694.052924
a position +18000 +21600 1001 9003 -135937145.031148 0 -63660977.6658318 -135925327.633737 -3748.65649414063 -63656998.093637
a position +2400 +21600 2001 1001 7782887.21742307 2390554.8161558 234009408.348678 -135937145.031148 0 -63660977.6658318
a position +0 +21600 2001 2002 7782887.21742307 2390554.8161558 234009408.348678 7781112.02060018 2390554.8161558 234013694.052924
a position +0 +21600 2001 2003 7782887.21742307 2390554.8161558 234009408.348678 7776826.3163545 2390554.8161558 234015469.249747
a position +21000 +21600 2001 2004 7782887.21742307 2390554.8161558 234009408.348678 7772540.61210881 2390554.8161558 234013694.052924
a position +0 +21600 2001 9002 7782887.21742307 2390554.8161558 234009408.348678 -135917047.667428 4196.68310546875 -63651528.4206634
a position +21000 +21600 2002 1001 7781112.02060018 2390554.8161558 234013694.052924 -135937145.031148 0 -63660977.6658318
a position +0 +21600 2002 2001 7781112.02060018 2390554.8161558 234013694.052924 7782887.21742307 2390554.8161558 234009408.348678
a position +0 +21600 2002 2003 7781112.02060018 2390554.8161558 234013694.052924 7776826.3163545 2390554.8161558 234015469.249747
a position +0 +21600 2002 2004 7781112.02060018 2390554.8161558 234013694.052924 7772540.61210881 2390554.8161558 234013694.052924
a position +21000 +21600 2002 9002 7781112.02060018 2390554.8161558 234013694.052924 -135917047.667428 4196.68310546875 -63651528.4206634
a position +21000 +21600 2003 1001 7776826.3163545 2390554.8161558 234015469.249747 -135937145.031148 0 -63660977.6658318
a position +0 +21600 2003 2001 7776826.3163545 2390554.8161558 234015469.249747 7782887.21742307 2390554.8161558 234009408.348678
a position +0 +21600 2003 2002 7776826.3163545 2390554.8161558 234015469.249747 7781112.02060018 2390554.8161558 234013694.052924
a position +0 +21600 2003 2004 7776826.3163545 2390554.8161558 234015469.249747 7772540.61210881 2390554.8161558 234013694.052924
a position +21000 +21600 2003 9002 7776826.3163545 2390554.8161558 234015469.249747 -135917047.667428 4196.68310546875 -63651528.4206634
a position +2400 +21600 2004 1001 7772540.61210881 2390554.8161558 234013694.052924 -135937145.031148 0 -63660977.6658318
a position +21000 +21600 2004 2001 7772540.61210881 2390554.8161558 234013694.052924 7782887.21742307 2390554.8161558 234009408.348678
a position +0 +21600 2004 2002 7772540.61210881 2390554.8161558 234013694.052924 7781112.02060018 2390554.8161558 234013694.052924
a position +0 +21600 2004 2003 7772540.61210881 2390554.8161558 234013694.052924 7776826.3163545 2390554.8161558 234015469.249747
a position +0 +21600 2004 9002 7772540.61210881 2390554.8161558 234013694.052924 -135917047.667428 4196.68310546875 -63651528.4206634
a position +0 +21600 9002 2001 -135917047.667428 4196.68310546875 -63651528.4206634 7782887.21742307 2390554.8161558 234009408.348678
a position +21000 +21600 9002 2002 -135917047.667428 4196.68310546875 -63651528.4206634 7781112.02060018 2390554.8161558 234013694.052924
a position +21000 +21600 9002 2003 -135917047.667428 4196.68310546875 -63651528.4206634 7776826.3163545 2390554.8161558 234015469.249747
a position +0 +21600 9002 2004 -135917047.667428 4196.68310546875 -63651528.4206634 7772540.61210881 2390554.8161558 234013694.052924
a position +18000 +21600 9003 1001 -135925327.633737 -3748.65649414063 -63656998.093637 -135937145.031148 0 -63660977.6658318

