a contact +0 +600 1002 2002 50
a contact +0 +600 1005 2009 50
a contact +0 +600 2002 1002 50
a contact +0 +600 2009 1005 50
a contact +0 +1800 1004 2044 50
a contact +0 +1800 2044 1004 50
a contact +0 +2400 1001 9003 1200
a contact +0 +2400 1002 2047 50
a contact +0 +2400 1005 2040 50
a contact +0 +2400 2040 1005 50
a contact +0 +2400 2047 1002 50
a contact +0 +2400 9003 1001 1200
a contact +600 +3000 1005 2028 50
a contact +0 +3000 2025 9002 50
a contact +600 +3000 2028 1005 50
a contact +0 +3000 9002 2025 50
a contact +0 +3600 1006 2031 50
a contact +0 +3600 1006 2022 50
a contact +0 +3600 2022 1006 50
a contact +0 +3600 2031 1006 50
a contact +2400 +4200 1002 2012 50
a contact +2400 +4200 2012 1002 50
a contact +0 +4800 1003 2018 50
a contact +3000 +4800 1005 2024 50
a contact +0 +4800 2018 1003 50
a contact +3000 +4800 2024 1005 50
a contact +2400 +5400 1001 2044 50
a contact +2400 +5400 1005 2048 50
a contact +3000 +5400 2017 9002 50
a contact +2400 +5400 2044 1001 50
a contact +2400 +5400 2048 1005 50
a contact +3000 +5400 9002 2017 50
a contact +0 +6000 1004 2006 50
a contact +0 +6000 2006 1004 50
a contact +5400 +6600 1001 2020 50
a contact +3600 +6600 1006 9003 1200
a contact +5400 +6600 2020 1001 50
a contact +3600 +6600 9003 1006 1200
a contact +4200 +7200 1002 2021 50
a contact +6600 +7200 1006 2044 50
a contact +4200 +7200 2021 1002 50
a contact +6600 +7200 2044 1006 50
a contact +0 +7800 1003 2043 50
a contact +4800 +7800 1003 2040 50
a contact +4800 +7800 1005 2033 50
a contact +5400 +7800 1005 2027 50
a contact +5400 +7800 2027 1005 50
a contact +4800 +7800 2033 1005 50
a contact +4800 +7800 2040 1003 50
a contact +0 +7800 2043 1003 50
a contact +6000 +9000 1004 2025 50
a contact +7800 +9000 1005 9003 1200
a contact +5400 +9000 2009 9002 50
a contact +6000 +9000 2025 1004 50
a contact +5400 +9000 9002 2009 50
a contact +7800 +9000 9003 1005 1200
a contact +7800 +10200 1003 2034 50
a contact +0 +10200 2016 9001 50
a contact +7800 +10200 2034 1003 50
a contact +0 +10200 9001 2016 50
a contact +9000 +10800 1005 9003 1200
a contact +9000 +10800 9003 1005 1200
a contact +7800 +11400 1003 2015 50
a contact +7800 +11400 2015 1003 50
a contact +6600 +12000 1001 2035 50
a contact +9000 +12000 1004 2043 50
a contact +1800 +12000 1004 2011 50
a contact +7200 +12000 1006 2012 50
a contact +1800 +12000 2011 1004 50
a contact +7200 +12000 2012 1006 50
a contact +6600 +12000 2035 1001 50
a contact +9000 +12000 2043 1004 50
a contact +7200 +12600 1002 2002 50
a contact +10200 +12600 1003 2048 50
a contact +7200 +12600 2002 1002 50
a contact +9000 +12600 2023 9002 50
a contact +10200 +12600 2048 1003 50
a contact +9000 +12600 9002 2023 50
a contact +2400 +13200 1001 2001 50
a contact +12000 +13200 1004 9003 1200
a contact +10800 +13200 1005 2047 50
a contact +6600 +13200 1006 2032 50
a contact +2400 +13200 2001 1001 50
a contact +6600 +13200 2032 1006 50
a contact +10800 +13200 2047 1005 50
a contact +12000 +13200 9003 1004 1200
a contact +11400 +13800 1003 2025 50
a contact +11400 +13800 2025 1003 50
a contact +10200 +13800 2037 9001 50
a contact +10200 +13800 9001 2037 50
a contact +600 +14400 1002 2041 50
a contact +12600 +14400 1002 2027 50
a contact +13200 +14400 1004 9003 1200
a contact +12600 +14400 2027 1002 50
a contact +600 +14400 2041 1002 50
a contact +13200 +14400 9003 1004 1200
a contact +12000 +15000 1001 2029 50
a contact +12000 +15000 2029 1001 50
a contact +12600 +15600 1003 2004 50
a contact +13800 +15600 1003 2015 50
a contact +12600 +15600 2004 1003 50
a contact +13800 +15600 2015 1003 50
a contact +13800 +15600 2047 9001 50
a contact +13800 +15600 9001 2047 50
a contact +13200 +16200 1001 2034 50
a contact +14400 +16200 1002 2046 50
a contact +12000 +16200 1006 2024 50
a contact +12600 +16200 2013 9002 50
a contact +12000 +16200 2024 1006 50
a contact +13200 +16200 2034 1001 50
a contact +14400 +16200 2046 1002 50
a contact +12600 +16200 9002 2013 50
a contact +15600 +16800 1003 9003 1200
a contact +10800 +16800 1005 2038 50
a contact +13200 +16800 1006 2026 50
a contact +13200 +16800 2026 1006 50
a contact +10800 +16800 2038 1005 50
a contact +15600 +16800 9003 1003 1200
a contact +16800 +17400 1003 9001 1200
a contact +16800 +17400 1003 9003 1200
a contact +14400 +17400 1004 2007 50
a contact +14400 +17400 2007 1004 50
a contact +16800 +17400 9001 1003 1200
a contact +16800 +17400 9003 1003 1200
a contact +14400 +18000 1004 2010 50
a contact +14400 +18000 2010 1004 50
a contact +16200 +18600 1002 2022 50
a contact +18000 +18600 1003 9001 1200
a contact +18000 +18600 1003 9003 1200
a contact +16200 +18600 2022 1002 50
a contact +18000 +18600 9001 1003 1200
a contact +18000 +18600 9003 1003 1200
a contact +16200 +19200 2033 9002 50
a contact +16200 +19200 9002 2033 50
a contact +14400 +19800 1002 2001 50
a contact +18600 +19800 1002 2015 50
a contact +14400 +19800 2001 1002 50
a contact +18600 +19800 2015 1002 50
a contact +15000 +20400 1001 2005 50
a contact +18600 +20400 1003 2036 50
a contact +18000 +20400 1004 2047 50
a contact +15000 +20400 2005 1001 50
a contact +18600 +20400 2036 1003 50
a contact +18000 +20400 2047 1004 50
a contact +16800 +21000 1005 2014 50
a contact +16800 +21000 2014 1005 50
a contact +19800 +22200 1002 9001 1200
a contact +19800 +22200 1002 9003 1200
a contact +19800 +22200 9001 1002 1200
a contact +19800 +22200 9003 1002 1200
a contact +20400 +22800 1004 2012 50
a contact +16800 +22800 1006 2028 50
a contact +20400 +22800 2012 1004 50
a contact +16800 +22800 2028 1006 50
a contact +20400 +23400 1001 2031 50
a contact +16200 +23400 1001 2048 50
a contact +13200 +23400 1005 2009 50
a contact +19200 +23400 2006 9002 50
a contact +13200 +23400 2009 1005 50
a contact +20400 +23400 2031 1001 50
a contact +16200 +23400 2048 1001 50
a contact +19200 +23400 9002 2006 50
a contact +23400 +24000 1001 9003 1200
a contact +21000 +24000 1005 2002 50
a contact +21000 +24000 2002 1005 50
a contact +23400 +24000 9003 1001 1200
a contact +23400 +24600 1001 9001 1200
a contact +22200 +24600 1002 2035 50
a contact +18600 +24600 1003 2034 50
a contact +20400 +24600 1003 2042 50
a contact +17400 +24600 1004 2043 50
a contact +16200 +24600 1006 2032 50
a contact +16200 +24600 2032 1006 50
a contact +18600 +24600 2034 1003 50
a contact +22200 +24600 2035 1002 50
a contact +20400 +24600 2042 1003 50
a contact +17400 +24600 2043 1004 50
a contact +23400 +24600 9001 1001 1200
a contact +24600 +25200 1001 9003 1200
a contact +22800 +25200 1004 2022 50
a contact +22800 +25200 2022 1004 50
a contact +24600 +25200 9003 1001 1200
a contact +25200 +26400 1001 9001 1200
a contact +22200 +26400 1002 2027 50
a contact +25200 +26400 1004 2031 50
a contact +24000 +26400 1005 2010 50
a contact +24000 +26400 2010 1005 50
a contact +22200 +26400 2027 1002 50
a contact +25200 +26400 2031 1004 50
a contact +25200 +26400 9001 1001 1200
a contact +24600 +27000 1003 2007 50
a contact +24600 +27000 1003 2035 50
a contact +24600 +27000 2007 1003 50
a contact +24600 +27000 2035 1003 50
a contact +26400 +27600 1001 2030 50
a contact +26400 +27600 1005 2008 50
a contact +24600 +27600 1006 2016 50
a contact +22800 +27600 1006 2023 50
a contact +26400 +27600 2008 1005 50
a contact +24600 +27600 2016 1006 50
a contact +22800 +27600 2023 1006 50
a contact +26400 +27600 2030 1001 50
a contact +23400 +27600 2040 9002 50
a contact +23400 +27600 9002 2040 50
a contact +26400 +28200 1004 2010 50
a contact +27600 +28200 1006 9001 1200
a contact +27600 +28200 1006 9003 1200
a contact +26400 +28200 2010 1004 50
a contact +27600 +28200 9001 1006 1200
a contact +27600 +28200 9003 1006 1200
a contact +28200 +28800 1006 9003 1200
a contact +28200 +28800 1006 9001 1200
a contact +27600 +28800 2020 9002 50
a contact +28200 +28800 9001 1006 1200
a contact +27600 +28800 9002 2020 50
a contact +28200 +28800 9003 1006 1200
a contact +27600 +29400 1001 2038 50
a contact +27600 +29400 1005 2016 50
a contact +23400 +29400 1005 2019 50
a contact +28800 +29400 1006 9001 1200
a contact +27600 +29400 2016 1005 50
a contact +23400 +29400 2019 1005 50
a contact +27600 +29400 2038 1001 50
a contact +28800 +29400 9001 1006 1200
a contact +27000 +30000 1003 2004 50
a contact +29400 +30000 1006 9001 1200
a contact +27000 +30000 2004 1003 50
a contact +29400 +30000 9001 1006 1200
a contact +28800 +30600 2017 9002 50
a contact +28800 +30600 9002 2017 50
a contact +24600 +31200 1002 2015 50
a contact +24600 +31200 1004 2046 50
a contact +29400 +31200 1005 2008 50
a contact +29400 +31200 1005 2027 50
a contact +29400 +31200 2008 1005 50
a contact +24600 +31200 2015 1002 50
a contact +29400 +31200 2027 1005 50
a contact +24600 +31200 2046 1004 50
a contact +28200 +31800 1004 2026 50
a contact +31200 +31800 1005 9001 1200
a contact +28200 +31800 2026 1004 50
a contact +31200 +31800 9001 1005 1200
a contact +30000 +32400 1006 2039 50
a contact +30000 +32400 2039 1006 50
a contact +26400 +33000 1002 2033 50
a contact +31200 +33000 1002 2001 50
a contact +31200 +33000 1004 2015 50
a contact +31200 +33000 2001 1002 50
a contact +31200 +33000 2015 1004 50
a contact +30000 +33000 2019 9003 50
a contact +26400 +33000 2033 1002 50
a contact +30000 +33000 9003 2019 50
a contact +29400 +33600 1001 2014 50
a contact +27000 +33600 1003 2044 50
a contact +31800 +33600 1004 2045 50
a contact +29400 +33600 2014 1001 50
a contact +27000 +33600 2044 1003 50
a contact +31800 +33600 2045 1004 50
a contact +31800 +34200 1005 9001 1200
a contact +31800 +34200 9001 1005 1200
a contact +30000 +34800 1006 2042 50
a contact +30000 +34800 2042 1006 50
a contact +33600 +35400 1001 2006 50
a contact +33000 +35400 1004 2033 50
a contact +33600 +35400 1004 2014 50
a contact +34200 +35400 1005 2031 50
a contact +32400 +35400 1006 2036 50
a contact +33600 +35400 2006 1001 50
a contact +30600 +35400 2013 9002 50
a contact +33600 +35400 2014 1004 50
a contact +34200 +35400 2031 1005 50
a contact +33000 +35400 2033 1004 50
a contact +32400 +35400 2036 1006 50
a contact +30600 +35400 9002 2013 50
a contact +33000 +36000 1002 2030 50
a contact +33000 +36000 1002 2047 50
a contact +33600 +36000 1003 2029 50
a contact +35400 +36000 1004 9001 1200
a contact +33600 +36000 2029 1003 50
a contact +33000 +36000 2030 1002 50
a contact +33000 +36000 2047 1002 50
a contact +35400 +36000 9001 1004 1200
a contact +35400 +36600 1006 2040 50
a contact +35400 +36600 2040 1006 50
a contact +36000 +37200 1002 2005 50
a contact +36000 +37200 1004 9001 1200
a contact +34200 +37200 1005 2028 50
a contact +36000 +37200 2005 1002 50
a contact +34200 +37200 2028 1005 50
a contact +36000 +37200 9001 1004 1200
a contact +37200 +37800 1004 9001 1200
a contact +35400 +37800 1005 2009 50
a contact +34800 +37800 1006 2026 50
a contact +36600 +37800 1006 2033 50
a contact +33000 +37800 2001 9003 50
a contact +35400 +37800 2009 1005 50
a contact +34800 +37800 2026 1006 50
a contact +36600 +37800 2033 1006 50
a contact +37200 +37800 9001 1004 1200
a contact +33000 +37800 9003 2001 50
a contact +26400 +38400 1001 2025 50
a contact +37800 +38400 1004 2035 50
a contact +26400 +38400 2025 1001 50
a contact +37800 +38400 2035 1004 50
a contact +35400 +39000 1001 2014 50
a contact +30000 +39000 1003 2007 50
a contact +36000 +39000 1003 2003 50
a contact +37200 +39000 1005 2012 50
a contact +36000 +39000 2003 1003 50
a contact +30000 +39000 2007 1003 50
a contact +37200 +39000 2012 1005 50
a contact +35400 +39000 2014 1001 50
a contact +39000 +40200 1001 2027 50
a contact +39000 +40200 1003 9001 1200
a contact +38400 +40200 1004 2033 50
a contact +37800 +40200 2011 9003 50
a contact +39000 +40200 2027 1001 50
a contact +38400 +40200 2033 1004 50
a contact +39000 +40200 9001 1003 1200
a contact +37800 +40200 9003 2011 50
a contact +40200 +42000 1003 9001 1200
a contact +40200 +42000 9001 1003 1200
a contact +36000 +42600 1002 2008 50
a contact +42000 +42600 1003 2044 50
a contact +37800 +42600 1006 2013 50
a contact +37800 +42600 1006 2022 50
a contact +36000 +42600 2008 1002 50
a contact +35400 +42600 2010 9002 50
a contact +37800 +42600 2013 1006 50
a contact +37800 +42600 2022 1006 50
a contact +42000 +42600 2044 1003 50
a contact +35400 +42600 9002 2010 50
a contact +42600 +43200 1002 2044 50
a contact +37200 +43200 1002 2040 50
a contact +37800 +43200 1004 2039 50
a contact +40200 +43200 1004 2018 50
a contact +39000 +43200 1005 2023 50
a contact +40200 +43200 2018 1004 50
a contact +39000 +43200 2023 1005 50
a contact +37800 +43200 2039 1004 50
a contact +37200 +43200 2040 1002 50
a contact +42600 +43200 2044 1002 50
a contact +38400 +43800 1001 2045 50
a contact +40200 +43800 1001 2046 50
a contact +43200 +43800 1002 9001 1200
a contact +37800 +43800 1005 2005 50
a contact +37800 +43800 2005 1005 50
a contact +40200 +43800 2024 9003 50
a contact +38400 +43800 2045 1001 50
a contact +40200 +43800 2046 1001 50
a contact +43200 +43800 9001 1002 1200
a contact +40200 +43800 9003 2024 50
a contact +43800 +45000 1001 2018 50
a contact +43800 +45000 1005 2042 50
a contact +43800 +45000 2018 1001 50
a contact +43800 +45000 2042 1005 50
a contact +43800 +45600 1001 2039 50
a contact +43800 +45600 1002 9001 1200
a contact +43800 +45600 1002 9002 1200
a contact +42000 +45600 1003 2038 50
a contact +42600 +45600 1006 2034 50
a contact +42600 +45600 2034 1006 50
a contact +42000 +45600 2038 1003 50
a contact +43800 +45600 2039 1001 50
a contact +43800 +45600 9001 1002 1200
a contact +43800 +45600 9002 1002 1200
a contact +45000 +46800 1001 2026 50
a contact +45600 +46800 1001 2045 50
a contact +43200 +46800 1004 2017 50
a contact +43200 +46800 1005 2009 50
a contact +43800 +46800 2002 9003 50
a contact +43200 +46800 2009 1005 50
a contact +43200 +46800 2017 1004 50
a contact +45000 +46800 2026 1001 50
a contact +45600 +46800 2045 1001 50
a contact +43800 +46800 9003 2002 50
a contact +46800 +47400 1001 9001 1200
a contact +42600 +47400 1006 2030 50
a contact +42600 +47400 2030 1006 50
a contact +46800 +47400 9001 1001 1200
a contact +45600 +48000 1002 2043 50
a contact +45600 +48000 1006 2033 50
a contact +45600 +48000 2033 1006 50
a contact +45600 +48000 2043 1002 50
a contact +48000 +48600 1001 9001 1200
a contact +48000 +48600 1001 9002 1200
a contact +48000 +48600 9001 1001 1200
a contact +48000 +48600 9002 1001 1200
a contact +48600 +49200 1001 9001 1200
a contact +45600 +49200 1002 2047 50
a contact +45600 +49200 1003 2003 50
a contact +46800 +49200 1004 2018 50
a contact +45600 +49200 2003 1003 50
a contact +46800 +49200 2018 1004 50
a contact +45600 +49200 2047 1002 50
a contact +48600 +49200 9001 1001 1200
a contact +48600 +49800 1001 9002 1200
a contact +46800 +49800 1005 2045 50
a contact +46800 +49800 2045 1005 50
a contact +48600 +49800 9002 1001 1200
a contact +48000 +50400 1002 2017 50
a contact +49200 +50400 1004 2031 50
a contact +45000 +50400 1005 2027 50
a contact +48000 +50400 2017 1002 50
a contact +46800 +50400 2026 9003 50
a contact +45000 +50400 2027 1005 50
a contact +49200 +50400 2031 1004 50
a contact +46800 +50400 9003 2026 50
a contact +47400 +51000 1006 2037 50
a contact +48000 +51000 1006 2029 50
a contact +50400 +51000 2013 9003 50
a contact +48000 +51000 2029 1006 50
a contact +47400 +51000 2037 1006 50
a contact +50400 +51000 9003 2013 50
a contact +51000 +52200 1006 9002 1200
a contact +51000 +52200 1006 9001 1200
a contact +51000 +52200 9001 1006 1200
a contact +51000 +52200 9002 1006 1200
a contact +52200 +52800 1006 9002 1200
a contact +52200 +52800 9002 1006 1200
a contact +50400 +53400 1002 2003 50
a contact +42600 +53400 1003 2020 50
a contact +50400 +53400 1005 2036 50
a contact +49800 +53400 1005 2034 50
a contact +52800 +53400 1006 9002 1200
a contact +50400 +53400 2003 1002 50
a contact +42600 +53400 2020 1003 50
a contact +49800 +53400 2034 1005 50
a contact +50400 +53400 2036 1005 50
a contact +52800 +53400 9002 1006 1200
a contact +50400 +54000 1004 2030 50
a contact +51000 +54000 2024 9003 50
a contact +50400 +54000 2030 1004 50
a contact +51000 +54000 9003 2024 50
a contact +49800 +54600 1001 2047 50
a contact +49200 +54600 1003 2005 50
a contact +53400 +54600 1005 2043 50
a contact +53400 +54600 1005 2019 50
a contact +49200 +54600 2005 1003 50
a contact +53400 +54600 2019 1005 50
a contact +52200 +54600 2035 9001 50
a contact +53400 +54600 2043 1005 50
a contact +49800 +54600 2047 1001 50
a contact +52200 +54600 9001 2035 50
a contact +53400 +55200 1002 2036 50
a contact +43200 +55200 1004 2006 50
a contact +43200 +55200 2006 1004 50
a contact +53400 +55200 2036 1002 50
a contact +54600 +55800 1005 9002 1200
a contact +54600 +55800 9002 1005 1200
a contact +54000 +56400 1004 2024 50
a contact +54000 +56400 2024 1004 50
a contact +54600 +56400 2034 9001 50
a contact +54000 +56400 2037 9003 50
a contact +54600 +56400 9001 2034 50
a contact +54000 +56400 9003 2037 50
a contact +56400 +57000 1004 2040 50
a contact +55800 +57000 1005 9002 1200
a contact +53400 +57000 1006 2018 50
a contact +53400 +57000 2018 1006 50
a contact +56400 +57000 2040 1004 50
a contact +55800 +57000 9002 1005 1200
a contact +57000 +57600 1005 9002 1200
a contact +57000 +57600 9002 1005 1200
a contact +53400 +58200 1003 2022 50
a contact +53400 +58200 2022 1003 50
a contact +57000 +58800 1004 2001 50
a contact +55200 +58800 1004 2039 50
a contact +57000 +58800 2001 1004 50
a contact +56400 +58800 2016 9001 50
a contact +55200 +58800 2039 1004 50
a contact +56400 +58800 9001 2016 50
a contact +54600 +59400 1001 2021 50
a contact +57600 +59400 1005 2011 50
a contact +53400 +59400 1006 2029 50
a contact +57600 +59400 2011 1005 50
a contact +56400 +59400 2014 9003 50
a contact +54600 +59400 2021 1001 50
a contact +53400 +59400 2029 1006 50
a contact +56400 +59400 9003 2014 50
a contact +49800 +60000 1001 2042 50
a contact +55200 +60000 1002 2038 50
a contact +58800 +60000 1004 9002 1200
a contact +57000 +60000 1006 2020 50
a contact +57000 +60000 2020 1006 50
a contact +55200 +60000 2038 1002 50
a contact +49800 +60000 2042 1001 50
a contact +58800 +60000 9002 1004 1200
a contact +49200 +60600 1002 2007 50
a contact +57600 +60600 1005 2002 50
a contact +57600 +60600 2002 1005 50
a contact +49200 +60600 2007 1002 50
a contact +60000 +61200 1006 2021 50
a contact +60000 +61200 2021 1006 50
a contact +60000 +61800 1004 9002 1200
a contact +59400 +61800 1005 2036 50
a contact +59400 +61800 2036 1005 50
a contact +60000 +61800 9002 1004 1200
a contact +54600 +62400 1003 2008 50
a contact +58200 +62400 1003 2045 50
a contact +54600 +62400 2008 1003 50
a contact +58200 +62400 2045 1003 50
a contact +59400 +63000 1001 2041 50
a contact +60000 +63000 1002 2027 50
a contact +59400 +63000 1006 2044 50
a contact +60000 +63000 2027 1002 50
a contact +59400 +63000 2041 1001 50
a contact +59400 +63000 2044 1006 50
a contact +61800 +63600 1004 2023 50
a contact +61800 +63600 1005 2017 50
a contact +61800 +63600 2017 1005 50
a contact +61800 +63600 2023 1004 50
a contact +59400 +63600 2032 9003 50
a contact +59400 +63600 9003 2032 50
a contact +62400 +64800 1003 9002 1200
a contact +61200 +64800 1006 2046 50
a contact +58800 +64800 2035 9001 50
a contact +61200 +64800 2046 1006 50
a contact +58800 +64800 9001 2035 50
a contact +62400 +64800 9002 1003 1200
a contact +64800 +65400 1003 9002 1200
a contact +60600 +65400 1005 2013 50
a contact +63000 +65400 1006 2003 50
a contact +63000 +65400 2003 1006 50
a contact +60600 +65400 2013 1005 50
a contact +64800 +65400 9002 1003 1200
a contact +63000 +66600 1002 2041 50
a contact +60600 +66600 1002 2031 50
a contact +63600 +66600 1004 2048 50
a contact +65400 +66600 1005 2004 50
a contact +64800 +66600 1006 2039 50
a contact +65400 +66600 2004 1005 50
a contact +64800 +66600 2030 9001 50
a contact +60600 +66600 2031 1002 50
a contact +64800 +66600 2039 1006 50
a contact +63000 +66600 2041 1002 50
a contact +63600 +66600 2048 1004 50
a contact +64800 +66600 9001 2030 50
a contact +66600 +67200 1002 9002 1200
a contact +63600 +67200 1005 2023 50
a contact +63600 +67200 2023 1005 50
a contact +66600 +67200 9002 1002 1200
a contact +66600 +67800 1006 2038 50
a contact +66600 +67800 2038 1006 50
a contact +60000 +68400 1001 2019 50
a contact +66600 +68400 1004 2031 50
a contact +65400 +68400 1006 2032 50
a contact +60000 +68400 2019 1001 50
a contact +66600 +68400 2031 1004 50
a contact +65400 +68400 2032 1006 50
a contact +63600 +69000 2012 9003 50
a contact +63600 +69000 9003 2012 50
a contact +67200 +69600 1002 9002 1200
a contact +65400 +69600 1003 2002 50
a contact +67200 +69600 1005 2030 50
a contact +67800 +69600 1006 2029 50
a contact +65400 +69600 2002 1003 50
a contact +67800 +69600 2029 1006 50
a contact +67200 +69600 2030 1005 50
a contact +67200 +69600 9002 1002 1200
a contact +69600 +70200 1006 2044 50
a contact +69600 +70200 2044 1006 50
a contact +68400 +70800 1001 2027 50
a contact +63000 +70800 1001 2021 50
a contact +63000 +70800 2021 1001 50
a contact +68400 +70800 2027 1001 50
a contact +65400 +72600 1003 2017 50
a contact +69600 +72600 1003 2029 50
a contact +61800 +72600 1004 2011 50
a contact +66600 +72600 1005 2026 50
a contact +68400 +72600 1006 2020 50
a contact +66600 +72600 2004 9001 50
a contact +61800 +72600 2011 1004 50
a contact +65400 +72600 2017 1003 50
a contact +68400 +72600 2020 1006 50
a contact +66600 +72600 2026 1005 50
a contact +69000 +72600 2028 9003 50
a contact +69600 +72600 2029 1003 50
a contact +66600 +72600 9001 2004 50
a contact +69000 +72600 9003 2028 50
a contact +70800 +73200 1001 9002 1200
a contact +69600 +73200 1002 2046 50
a contact +72600 +73200 1003 2044 50
a contact +72600 +73200 2044 1003 50
a contact +72600 +73200 2045 9003 50
a contact +69600 +73200 2046 1002 50
a contact +70800 +73200 9002 1001 1200
a contact +72600 +73200 9003 2045 50
a contact +72600 +73800 1004 2017 50
a contact +72600 +73800 2017 1004 50
a contact +72600 +74400 1003 2047 50
a contact +72600 +74400 1006 2001 50
a contact +70200 +74400 1006 2030 50
a contact +72600 +74400 2001 1006 50
a contact +72600 +74400 2012 9001 50
a contact +70200 +74400 2030 1006 50
a contact +72600 +74400 2047 1003 50
a contact +72600 +74400 9001 2012 50
a contact +73200 +75000 1001 2024 50
a contact +74400 +75000 1003 2044 50
a contact +68400 +75000 1004 2037 50
a contact +74400 +75000 1006 9002 1200
a contact +73200 +75000 2024 1001 50
a contact +68400 +75000 2037 1004 50
a contact +74400 +75000 2044 1003 50
a contact +74400 +75000 9002 1006 1200
a contact +73200 +75600 1002 2022 50
a contact +69600 +75600 1005 2025 50
a contact +73200 +75600 2018 9003 50
a contact +73200 +75600 2022 1002 50
a contact +69600 +75600 2025 1005 50
a contact +73200 +75600 9003 2018 50
a contact +75000 +76200 1006 9002 1200
a contact +75000 +76200 9002 1006 1200
a contact +73200 +76800 1001 2003 50
a contact +73200 +76800 2003 1001 50
a contact +72600 +77400 1005 2036 50
a contact +72600 +77400 2036 1005 50
a contact +69600 +78000 1002 2010 50
a contact +75000 +78000 1004 2016 50
a contact +73800 +78000 1004 2004 50
a contact +73800 +78000 2004 1004 50
a contact +69600 +78000 2010 1002 50
a contact +75000 +78000 2016 1004 50
a contact +75600 +78600 1005 2034 50
a contact +77400 +78600 1005 2002 50
a contact +77400 +78600 2002 1005 50
a contact +75600 +78600 2021 9003 50
a contact +75600 +78600 2034 1005 50
a contact +75600 +78600 9003 2021 50
a contact +75000 +79200 1003 2014 50
a contact +77400 +79200 1006 2013 50
a contact +74400 +79200 2011 9001 50
a contact +77400 +79200 2013 1006 50
a contact +75000 +79200 2014 1003 50
a contact +74400 +79200 9001 2011 50
a contact +77400 +79800 1006 2031 50
a contact +77400 +79800 2031 1006 50
a contact +78000 +80400 1002 2003 50
a contact +78000 +80400 2003 1002 50
a contact +78600 +80400 2036 9002 50
a contact +78600 +80400 9002 2036 50
a contact +79800 +81000 1005 9003 1200
a contact +80400 +81000 2031 9002 50
a contact +80400 +81000 9002 2031 50
a contact +79800 +81000 9003 1005 1200
a contact +75600 +81600 1002 2028 50
a contact +80400 +81600 1002 2021 50
a contact +73200 +81600 1003 2048 50
a contact +80400 +81600 2021 1002 50
a contact +75600 +81600 2028 1002 50
a contact +73200 +81600 2048 1003 50
a contact +76800 +82200 1001 2015 50
a contact +78000 +82200 1004 2008 50
a contact +78000 +82200 1004 2012 50
a contact +79800 +82200 1006 2023 50
a contact +79200 +82200 1006 2047 50
a contact +78000 +82200 2008 1004 50
a contact +78000 +82200 2012 1004 50
a contact +76800 +82200 2015 1001 50
a contact +79800 +82200 2023 1006 50
a contact +79200 +82200 2047 1006 50
a contact +75000 +82800 1001 2041 50
a contact +75000 +82800 2041 1001 50
a contact +81600 +84000 1002 2003 50
a contact +79200 +84000 1003 2037 50
a contact +82200 +84000 1006 2038 50
a contact +81600 +84000 2003 1002 50
a contact +79200 +84000 2037 1003 50
a contact +82200 +84000 2038 1006 50
a contact +81600 +84600 1003 2040 50
a contact +82800 +84600 1004 9003 1200
a contact +81600 +84600 2040 1003 50
a contact +82800 +84600 9003 1004 1200
a contact +82200 +85200 1001 2046 50
a contact +84600 +85200 1004 9003 1200
a contact +82200 +85200 2046 1001 50
a contact +84600 +85200 9003 1004 1200
a contact +85200 +86400 1001 2029 50
a contact +82800 +86400 1001 2024 50
a contact +84000 +86400 1002 2019 50
a contact +81600 +86400 1002 2045 50
a contact +84600 +86400 1003 2044 50
a contact +84000 +86400 1003 2005 50
a contact +85200 +86400 1004 2035 50
a contact +85200 +86400 1004 2038 50
a contact +81000 +86400 1005 2039 50
a contact +81000 +86400 1005 2004 50
a contact +84000 +86400 1006 2036 50
a contact +82200 +86400 1006 2007 50
a contact +81000 +86400 2004 1005 50
a contact +84000 +86400 2005 1003 50
a contact +82200 +86400 2007 1006 50
a contact +79200 +86400 2009 9001 50
a contact +81000 +86400 2018 9002 50
a contact +84000 +86400 2019 1002 50
a contact +82800 +86400 2024 1001 50
a contact +85200 +86400 2029 1001 50
a contact +85200 +86400 2035 1004 50
a contact +84000 +86400 2036 1006 50
a contact +85200 +86400 2038 1004 50
a contact +81000 +86400 2039 1005 50
a contact +84600 +86400 2044 1003 50
a contact +81600 +86400 2045 1002 50
a contact +79200 +86400 9001 2009 50
a contact +81000 +86400 9002 2018 50

a range +0 +600 1002 2002 1102.5677
a range +0 +600 1005 2009 1102.1037
a range +0 +600 2002 1002 1102.5677
a range +0 +600 2009 1005 1102.1037
a range +0 +1800 1004 2044 1102.2688
a range +0 +1800 2044 1004 1102.2688
a range +0 +2400 1001 9003 0.0593
a range +0 +2400 1002 2047 1102.5546
a range +0 +2400 1005 2040 1102.0891
a range +0 +2400 2040 1005 1102.0891
a range +0 +2400 2047 1002 1102.5546
a range +0 +2400 9003 1001 0.0593
a range +600 +3000 1005 2028 1102.0753
a range +0 +3000 2025 9002 1102.6981
a range +600 +3000 2028 1005 1102.0753
a range +0 +3000 9002 2025 1102.6981
a range +0 +3600 1006 2031 1101.9101
a range +0 +3600 1006 2022 1101.9312
a range +0 +3600 2022 1006 1101.9312
a range +0 +3600 2031 1006 1101.9101
a range +2400 +4200 1002 2012 1102.5565
a range +2400 +4200 2012 1002 1102.5565
a range +0 +4800 1003 2018 1102.4225
a range +3000 +4800 1005 2024 1101.9757
a range +0 +4800 2018 1003 1102.4225
a range +3000 +4800 2024 1005 1101.9757
a range +2400 +5400 1001 2044 1102.6907
a range +2400 +5400 1005 2048 1102.1037
a range +3000 +5400 2017 9002 1102.3948
a range +2400 +5400 2044 1001 1102.6907
a range +2400 +5400 2048 1005 1102.1037
a range +3000 +5400 9002 2017 1102.3948
a range +0 +6000 1004 2006 1102.264
a range +0 +6000 2006 1004 1102.264
a range +5400 +6600 1001 2020 1102.1687
a range +3600 +6600 1006 9003 0.0624
a range +5400 +6600 2020 1001 1102.1687
a range +3600 +6600 9003 1006 0.0624
a range +4200 +7200 1002 2021 1102.1016
a range +6600 +7200 1006 2044 1102.8611
a range +4200 +7200 2021 1002 1102.1016
a range +6600 +7200 2044 1006 1102.8611
a range +0 +7800 1003 2043 1102.406
a range +4800 +7800 1003 2040 1102.4016
a range +4800 +7800 1005 2033 1102.1116
a range +5400 +7800 1005 2027 1102.0825
a range +5400 +7800 2027 1005 1102.0825
a range +4800 +7800 2033 1005 1102.1116
a range +4800 +7800 2040 1003 1102.4016
a range +0 +7800 2043 1003 1102.406
a range +6000 +9000 1004 2025 1102.2422
a range +7800 +9000 1005 9003 0.062
a range +5400 +9000 2009 9002 1103.3768
a range +6000 +9000 2025 1004 1102.2422
a range +5400 +9000 9002 2009 1103.3768
a range +7800 +9000 9003 1005 0.062
a range +7800 +10200 1003 2034 1102.3889
a range +0 +10200 2016 9001 1102.3551
a range +7800 +10200 2034 1003 1102.3889
a range +0 +10200 9001 2016 1102.3551
a range +9000 +10800 1005 9003 0.062
a range +9000 +10800 9003 1005 0.062
a range +7800 +11400 1003 2015 1102.3949
a range +7800 +11400 2015 1003 1102.3949
a range +6600 +12000 1001 2035 1102.7025
a range +9000 +12000 1004 2043 1102.267
a range +1800 +12000 1004 2011 1102.2626
a range +7200 +12000 1006 2012 1102.8732
a range +1800 +12000 2011 1004 1102.2626
a range +7200 +12000 2012 1006 1102.8732
a range +6600 +12000 2035 1001 1102.7025
a range +9000 +12000 2043 1004 1102.267
a range +7200 +12600 1002 2002 1102.5677
a range +10200 +12600 1003 2048 1102.3897
a range +7200 +12600 2002 1002 1102.5677
a range +9000 +12600 2023 9002 1102.8167
a range +10200 +12600 2048 1003 1102.3897
a range +9000 +12600 9002 2023 1102.8167
a range +2400 +13200 1001 2001 1102.7095
a range +12000 +13200 1004 9003 0.0615
a range +10800 +13200 1005 2047 1103.0052
a range +6600 +13200 1006 2032 1102.8587
a range +2400 +13200 2001 1001 1102.7095
a range +6600 +13200 2032 1006 1102.8587
a range +10800 +13200 2047 1005 1103.0052
a range +12000 +13200 9003 1004 0.0615
a range +11400 +13800 1003 2025 1102.3767
a range +11400 +13800 2025 1003 1102.3767
a range +10200 +13800 2037 9001 1102.338
a range +10200 +13800 9001 2037 1102.338
a range +600 +14400 1002 2041 1102.5684
a range +12600 +14400 1002 2027 1102.5828
a range +13200 +14400 1004 9003 0.0615
a range +12600 +14400 2027 1002 1102.5828
a range +600 +14400 2041 1002 1102.5684
a range +13200 +14400 9003 1004 0.0615
a range +12000 +15000 1001 2029 1102.6959
a range +12000 +15000 2029 1001 1102.6959
a range +12600 +15600 1003 2004 1102.4022
a range +13800 +15600 1003 2015 1102.3949
a range +12600 +15600 2004 1003 1102.4022
a range +13800 +15600 2015 1003 1102.3949
a range +13800 +15600 2047 9001 1102.3389
a range +13800 +15600 9001 2047 1102.3389
a range +13200 +16200 1001 2034 1102.6905
a range +14400 +16200 1002 2046 1102.553
a range +12000 +16200 1006 2024 1102.8042
a range +12600 +16200 2013 9002 1102.6751
a range +12000 +16200 2024 1006 1102.8042
a range +13200 +16200 2034 1001 1102.6905
a range +14400 +16200 2046 1002 1102.553
a range +12600 +16200 9002 2013 1102.6751
a range +15600 +16800 1003 9003 0.0611
a range +10800 +16800 1005 2038 1102.9932
a range +13200 +16800 1006 2026 1102.8663
a range +13200 +16800 2026 1006 1102.8663
a range +10800 +16800 2038 1005 1102.9932
a range +15600 +16800 9003 1003 0.0611
a range +16800 +17400 1003 9001 0.061
a range +16800 +17400 1003 9003 0.0611
a range +14400 +17400 1004 2007 1103.1746
a range +14400 +17400 2007 1004 1103.1746
a range +16800 +17400 9001 1003 0.061
a range +16800 +17400 9003 1003 0.0611
a range +14400 +18000 1004 2010 1103.1627
a range +14400 +18000 2010 1004 1103.1627
a range +16200 +18600 1002 2022 1102.5371
a range +18000 +18600 1003 9001 0.061
a range +18000 +18600 1003 9003 0.0611
a range +16200 +18600 2022 1002 1102.5371
a range +18000 +18600 9001 1003 0.061
a range +18000 +18600 9003 1003 0.0611
a range +16200 +19200 2033 9002 1103.3649
a range +16200 +19200 9002 2033 1103.3649
a range +14400 +19800 1002 2001 1102.5622
a range +18600 +19800 1002 2015 1102.5837
a range +14400 +19800 2001 1002 1102.5622
a range +18600 +19800 2015 1002 1102.5837
a range +15000 +20400 1001 2005 1102.6981
a range +18600 +20400 1003 2036 1102.7316
a range +18000 +20400 1004 2047 1103.1583
a range +15000 +20400 2005 1001 1102.6981
a range +18600 +20400 2036 1003 1102.7316
a range +18000 +20400 2047 1004 1103.1583
a range +16800 +21000 1005 2014 1102.5662
a range +16800 +21000 2014 1005 1102.5662
a range +19800 +22200 1002 9001 0.0605
a range +19800 +22200 1002 9003 0.0607
a range +19800 +22200 9001 1002 0.0605
a range +19800 +22200 9003 1002 0.0607
a range +20400 +22800 1004 2012 1103.1533
a range +16800 +22800 1006 2028 1102.8444
a range +20400 +22800 2012 1004 1103.1533
a range +16800 +22800 2028 1006 1102.8444
a range +20400 +23400 1001 2031 1102.6775
a range +16200 +23400 1001 2048 1102.7045
a range +13200 +23400 1005 2009 1103.0112
a range +19200 +23400 2006 9002 1103.3864
a range +13200 +23400 2009 1005 1103.0112
a range +20400 +23400 2031 1001 1102.6775
a range +16200 +23400 2048 1001 1102.7045
a range +19200 +23400 9002 2006 1103.3864
a range +23400 +24000 1001 9003 0.0602
a range +21000 +24000 1005 2002 1102.9914
a range +21000 +24000 2002 1005 1102.9914
a range +23400 +24000 9003 1001 0.0602
a range +23400 +24600 1001 9001 0.0601
a range +22200 +24600 1002 2035 1102.8256
a range +18600 +24600 1003 2034 1102.8666
a range +20400 +24600 1003 2042 1103.3076
a range +17400 +24600 1004 2043 1103.1719
a range +16200 +24600 1006 2032 1102.8587
a range +16200 +24600 2032 1006 1102.8587
a range +18600 +24600 2034 1003 1102.8666
a range +22200 +24600 2035 1002 1102.8256
a range +20400 +24600 2042 1003 1103.3076
a range +17400 +24600 2043 1004 1103.1719
a range +23400 +24600 9001 1001 0.0601
a range +24600 +25200 1001 9003 0.0602
a range +22800 +25200 1004 2022 1102.8825
a range +22800 +25200 2022 1004 1102.8825
a range +24600 +25200 9003 1001 0.0602
a range +25200 +26400 1001 9001 0.0601
a range +22200 +26400 1002 2027 1103.4335
a range +25200 +26400 1004 2031 1103.1866
a range +24000 +26400 1005 2010 1103.0106
a range +24000 +26400 2010 1005 1103.0106
a range +22200 +26400 2027 1002 1103.4335
a range +25200 +26400 2031 1004 1103.1866
a range +25200 +26400 9001 1001 0.0601
a range +24600 +27000 1003 2007 1103.3055
a range +24600 +27000 1003 2035 1102.7924
a range +24600 +27000 2007 1003 1103.3055
a range +24600 +27000 2035 1003 1102.7924
a range +26400 +27600 1001 2030 1103.5781
a range +26400 +27600 1005 2008 1103.0087
a range +24600 +27600 1006 2016 1102.8438
a range +22800 +27600 1006 2023 1102.8866
a range +26400 +27600 2008 1005 1103.0087
a range +24600 +27600 2016 1006 1102.8438
a range +22800 +27600 2023 1006 1102.8866
a range +26400 +27600 2030 1001 1103.5781
a range +23400 +27600 2040 9002 1103.3945
a range +23400 +27600 9002 2040 1103.3945
a range +26400 +28200 1004 2010 1103.1627
a range +27600 +28200 1006 9001 0.0597
a range +27600 +28200 1006 9003 0.0598
a range +26400 +28200 2010 1004 1103.1627
a range +27600 +28200 9001 1006 0.0597
a range +27600 +28200 9003 1006 0.0598
a range +28200 +28800 1006 9003 0.0598
a range +28200 +28800 1006 9001 0.0597
a range +27600 +28800 2020 9002 1103.0058
a range +28200 +28800 9001 1006 0.0597
a range +27600 +28800 9002 2020 1103.0058
a range +28200 +28800 9003 1006 0.0598
a range +27600 +29400 1001 2038 1103.6066
a range +27600 +29400 1005 2016 1102.9773
a range +23400 +29400 1005 2019 1103.0092
a range +28800 +29400 1006 9001 0.0597
a range +27600 +29400 2016 1005 1102.9773
a range +23400 +29400 2019 1005 1103.0092
a range +27600 +29400 2038 1001 1103.6066
a range +28800 +29400 9001 1006 0.0597
a range +27000 +30000 1003 2004 1103.311
a range +29400 +30000 1006 9001 0.0597
a range +27000 +30000 2004 1003 1103.311
a range +29400 +30000 9001 1006 0.0597
a range +28800 +30600 2017 9002 1103.2208
a range +28800 +30600 9002 2017 1103.2208
a range +24600 +31200 1002 2015 1103.4052
a range +24600 +31200 1004 2046 1103.1625
a range +29400 +31200 1005 2008 1103.0087
a range +29400 +31200 1005 2027 1102.9769
a range +29400 +31200 2008 1005 1103.0087
a range +24600 +31200 2015 1002 1103.4052
a range +29400 +31200 2027 1005 1102.9769
a range +24600 +31200 2046 1004 1103.1625
a range +28200 +31800 1004 2026 1103.1443
a range +31200 +31800 1005 9001 0.0592
a range +28200 +31800 2026 1004 1103.1443
a range +31200 +31800 9001 1005 0.0592
a range +30000 +32400 1006 2039 1103.7567
a range +30000 +32400 2039 1006 1103.7567
a range +26400 +33000 1002 2033 1103.4421
a range +31200 +33000 1002 2001 1103.4723
a range +31200 +33000 1004 2015 1103.1528
a range +31200 +33000 2001 1002 1103.4723
a range +31200 +33000 2015 1004 1103.1528
a range +30000 +33000 2019 9003 1103.0811
a range +26400 +33000 2033 1002 1103.4421
a range +30000 +33000 9003 2019 1103.0811
a range +29400 +33600 1001 2014 1103.4465
a range +27000 +33600 1003 2044 1103.2996
a range +31800 +33600 1004 2045 1103.1669
a range +29400 +33600 2014 1001 1103.4465
a range +27000 +33600 2044 1003 1103.2996
a range +31800 +33600 2045 1004 1103.1669
a range +31800 +34200 1005 9001 0.0592
a range +31800 +34200 9001 1005 0.0592
a range +30000 +34800 1006 2042 1103.761
a range +30000 +34800 2042 1006 1103.761
a range +33600 +35400 1001 2006 1103.5903
a range +33000 +35400 1004 2033 1103.173
a range +33600 +35400 1004 2014 1103.1432
a range +34200 +35400 1005 2031 1103.9234
a range +32400 +35400 1006 2036 1103.612
a range +33600 +35400 2006 1001 1103.5903
a range +30600 +35400 2013 9002 1103.4033
a range +33600 +35400 2014 1004 1103.1432
a range +34200 +35400 2031 1005 1103.9234
a range +33000 +35400 2033 1004 1103.173
a range +32400 +35400 2036 1006 1103.612
a range +30600 +35400 9002 2013 1103.4033
a range +33000 +36000 1002 2030 1103.4559
a range +33000 +36000 1002 2047 1103.4626
a range +33600 +36000 1003 2029 1103.2972
a range +35400 +36000 1004 9001 0.0623
a range +33600 +36000 2029 1003 1103.2972
a range +33000 +36000 2030 1002 1103.4559
a range +33000 +36000 2047 1002 1103.4626
a range +35400 +36000 9001 1004 0.0623
a range +35400 +36600 1006 2040 1103.756
a range +35400 +36600 2040 1006 1103.756
a range +36000 +37200 1002 2005 1103.4664
a range +36000 +37200 1004 9001 0.0623
a range +34200 +37200 1005 2028 1103.2853
a range +36000 +37200 2005 1002 1103.4664
a range +34200 +37200 2028 1005 1103.2853
a range +36000 +37200 9001 1004 0.0623
a range +37200 +37800 1004 9001 0.0623
a range +35400 +37800 1005 2009 1103.9109
a range +34800 +37800 1006 2026 1103.419
a range +36600 +37800 1006 2033 1103.7858
a range +33000 +37800 2001 9003 1104.7652
a range +35400 +37800 2009 1005 1103.9109
a range +34800 +37800 2026 1006 1103.419
a range +36600 +37800 2033 1006 1103.7858
a range +37200 +37800 9001 1004 0.0623
a range +33000 +37800 9003 2001 1104.7652
a range +26400 +38400 1001 2025 1103.5694
a range +37800 +38400 1004 2035 1104.0419
a range +26400 +38400 2025 1001 1103.5694
a range +37800 +38400 2035 1004 1104.0419
a range +35400 +39000 1001 2014 1103.4465
a range +30000 +39000 1003 2007 1103.3055
a range +36000 +39000 1003 2003 1103.3073
a range +37200 +39000 1005 2012 1103.8954
a range +36000 +39000 2003 1003 1103.3073
a range +30000 +39000 2007 1003 1103.3055
a range +37200 +39000 2012 1005 1103.8954
a range +35400 +39000 2014 1001 1103.4465
a range +39000 +40200 1001 2027 1103.3808
a range +39000 +40200 1003 9001 0.0618
a range +38400 +40200 1004 2033 1104.057
a range +37800 +40200 2011 9003 1104.7653
a range +39000 +40200 2027 1001 1103.3808
a range +38400 +40200 2033 1004 1104.057
a range +39000 +40200 9001 1003 0.0618
a range +37800 +40200 9003 2011 1104.7653
a range +40200 +42000 1003 9001 0.0618
a range +40200 +42000 9001 1003 0.0618
a range +36000 +42600 1002 2008 1103.4531
a range +42000 +42600 1003 2044 1104.1952
a range +37800 +42600 1006 2013 1103.4829
a range +37800 +42600 1006 2022 1103.734
a range +36000 +42600 2008 1002 1103.4531
a range +35400 +42600 2010 9002 1103.379
a range +37800 +42600 2013 1006 1103.4829
a range +37800 +42600 2022 1006 1103.734
a range +42000 +42600 2044 1003 1104.1952
a range +35400 +42600 9002 2010 1103.379
a range +42600 +43200 1002 2044 1103.4555
a range +37200 +43200 1002 2040 1103.4695
a range +37800 +43200 1004 2039 1104.068
a range +40200 +43200 1004 2018 1104.0056
a range +39000 +43200 1005 2023 1103.6171
a range +40200 +43200 2018 1004 1104.0056
a range +39000 +43200 2023 1005 1103.6171
a range +37800 +43200 2039 1004 1104.068
a range +37200 +43200 2040 1002 1103.4695
a range +42600 +43200 2044 1002 1103.4555
a range +38400 +43800 1001 2045 1103.6003
a range +40200 +43800 1001 2046 1103.6047
a range +43200 +43800 1002 9001 0.0614
a range +37800 +43800 1005 2005 1103.9027
a range +37800 +43800 2005 1005 1103.9027
a range +40200 +43800 2024 9003 1103.5546
a range +38400 +43800 2045 1001 1103.6003
a range +40200 +43800 2046 1001 1103.6047
a range +43200 +43800 9001 1002 0.0614
a range +40200 +43800 9003 2024 1103.5546
a range +43800 +45000 1001 2018 1103.5771
a range +43800 +45000 1005 2042 1103.9071
a range +43800 +45000 2018 1001 1103.5771
a range +43800 +45000 2042 1005 1103.9071
a range +43800 +45600 1001 2039 1103.6024
a range +43800 +45600 1002 9001 0.0614
a range +43800 +45600 1002 9002 0.0595
a range +42000 +45600 1003 2038 1104.2089
a range +42600 +45600 1006 2034 1103.7879
a range +42600 +45600 2034 1006 1103.7879
a range +42000 +45600 2038 1003 1104.2089
a range +43800 +45600 2039 1001 1103.6024
a range +43800 +45600 9001 1002 0.0614
a range +43800 +45600 9002 1002 0.0595
a range +45000 +46800 1001 2026 1103.6156
a range +45600 +46800 1001 2045 1103.6003
a range +43200 +46800 1004 2017 1104.089
a range +43200 +46800 1005 2009 1103.9109
a range +43800 +46800 2002 9003 1104.7692
a range +43200 +46800 2009 1005 1103.9109
a range +43200 +46800 2017 1004 1104.089
a range +45000 +46800 2026 1001 1103.6156
a range +45600 +46800 2045 1001 1103.6003
a range +43800 +46800 9003 2002 1104.7692
a range +46800 +47400 1001 9001 0.061
a range +42600 +47400 1006 2030 1103.7547
a range +42600 +47400 2030 1006 1103.7547
a range +46800 +47400 9001 1001 0.061
a range +45600 +48000 1002 2043 1104.3566
a range +45600 +48000 1006 2033 1103.7858
a range +45600 +48000 2033 1006 1103.7858
a range +45600 +48000 2043 1002 1104.3566
a range +48000 +48600 1001 9001 0.061
a range +48000 +48600 1001 9002 0.0591
a range +48000 +48600 9001 1001 0.061
a range +48000 +48600 9002 1001 0.0591
a range +48600 +49200 1001 9001 0.061
a range +45600 +49200 1002 2047 1104.3702
a range +45600 +49200 1003 2003 1104.213
a range +46800 +49200 1004 2018 1104.0056
a range +45600 +49200 2003 1003 1104.213
a range +46800 +49200 2018 1004 1104.0056
a range +45600 +49200 2047 1002 1104.3702
a range +48600 +49200 9001 1001 0.061
a range +48600 +49800 1001 9002 0.0591
a range +46800 +49800 1005 2045 1103.9086
a range +46800 +49800 2045 1005 1103.9086
a range +48600 +49800 9002 1001 0.0591
a range +48000 +50400 1002 2017 1103.9896
a range +49200 +50400 1004 2031 1103.9438
a range +45000 +50400 1005 2027 1103.8832
a range +48000 +50400 2017 1002 1103.9896
a range +46800 +50400 2026 9003 1104.2504
a range +45000 +50400 2027 1005 1103.8832
a range +49200 +50400 2031 1004 1103.9438
a range +46800 +50400 9003 2026 1104.2504
a range +47400 +51000 1006 2037 1103.7638
a range +48000 +51000 1006 2029 1103.7454
a range +50400 +51000 2013 9003 1104.2741
a range +48000 +51000 2029 1006 1103.7454
a range +47400 +51000 2037 1006 1103.7638
a range +50400 +51000 9003 2013 1104.2741
a range +51000 +52200 1006 9002 0.062
a range +51000 +52200 1006 9001 0.0606
a range +51000 +52200 9001 1006 0.0606
a range +51000 +52200 9002 1006 0.062
a range +52200 +52800 1006 9002 0.062
a range +52200 +52800 9002 1006 0.062
a range +50400 +53400 1002 2003 1104.3704
a range +42600 +53400 1003 2020 1103.7686
a range +50400 +53400 1005 2036 1103.8876
a range +49800 +53400 1005 2034 1103.9108
a range +52800 +53400 1006 9002 0.062
a range +50400 +53400 2003 1002 1104.3704
a range +42600 +53400 2020 1003 1103.7686
a range +49800 +53400 2034 1005 1103.9108
a range +50400 +53400 2036 1005 1103.8876
a range +52800 +53400 9002 1006 0.062
a range +50400 +54000 1004 2030 1104.0341
a range +51000 +54000 2024 9003 1104.3454
a range +50400 +54000 2030 1004 1104.0341
a range +51000 +54000 9003 2024 1104.3454
a range +49800 +54600 1001 2047 1104.5364
a range +49200 +54600 1003 2005 1104.2093
a range +53400 +54600 1005 2043 1103.9098
a range +53400 +54600 1005 2019 1103.9242
a range +49200 +54600 2005 1003 1104.2093
a range +53400 +54600 2019 1005 1103.9242
a range +52200 +54600 2035 9001 1104.4318
a range +53400 +54600 2043 1005 1103.9098
a range +49800 +54600 2047 1001 1104.5364
a range +52200 +54600 9001 2035 1104.4318
a range +53400 +55200 1002 2036 1104.3864
a range +43200 +55200 1004 2006 1104.0756
a range +43200 +55200 2006 1004 1104.0756
a range +53400 +55200 2036 1002 1104.3864
a range +54600 +55800 1005 9002 0.0616
a range +54600 +55800 9002 1005 0.0616
a range +54000 +56400 1004 2024 1104.0418
a range +54000 +56400 2024 1004 1104.0418
a range +54600 +56400 2034 9001 1104.5002
a range +54000 +56400 2037 9003 1104.7675
a range +54600 +56400 9001 2034 1104.5002
a range +54000 +56400 9003 2037 1104.7675
a range +56400 +57000 1004 2040 1104.0716
a range +55800 +57000 1005 9002 0.0616
a range +53400 +57000 1006 2018 1103.9764
a range +53400 +57000 2018 1006 1103.9764
a range +56400 +57000 2040 1004 1104.0716
a range +55800 +57000 9002 1005 0.0616
a range +57000 +57600 1005 9002 0.0616
a range +57000 +57600 9002 1005 0.0616
a range +53400 +58200 1003 2022 1104.1793
a range +53400 +58200 2022 1003 1104.1793
a range +57000 +58800 1004 2001 1104.0574
a range +55200 +58800 1004 2039 1104.068
a range +57000 +58800 2001 1004 1104.0574
a range +56400 +58800 2016 9001 1104.0943
a range +55200 +58800 2039 1004 1104.068
a range +56400 +58800 9001 2016 1104.0943
a range +54600 +59400 1001 2021 1104.5457
a range +57600 +59400 1005 2011 1104.8186
a range +53400 +59400 1006 2029 1104.0312
a range +57600 +59400 2011 1005 1104.8186
a range +56400 +59400 2014 9003 1104.2276
a range +54600 +59400 2021 1001 1104.5457
a range +53400 +59400 2029 1006 1104.0312
a range +56400 +59400 9003 2014 1104.2276
a range +49800 +60000 1001 2042 1104.5222
a range +55200 +60000 1002 2038 1104.3724
a range +58800 +60000 1004 9002 0.0612
a range +57000 +60000 1006 2020 1104.6893
a range +57000 +60000 2020 1006 1104.6893
a range +55200 +60000 2038 1002 1104.3724
a range +49800 +60000 2042 1001 1104.5222
a range +58800 +60000 9002 1004 0.0612
a range +49200 +60600 1002 2007 1104.3541
a range +57600 +60600 1005 2002 1104.8225
a range +57600 +60600 2002 1005 1104.8225
a range +49200 +60600 2007 1002 1104.3541
a range +60000 +61200 1006 2021 1104.6054
a range +60000 +61200 2021 1006 1104.6054
a range +60000 +61800 1004 9002 0.0612
a range +59400 +61800 1005 2036 1104.3189
a range +59400 +61800 2036 1005 1104.3189
a range +60000 +61800 9002 1004 0.0612
a range +54600 +62400 1003 2008 1104.1936
a range +58200 +62400 1003 2045 1104.1935
a range +54600 +62400 2008 1003 1104.1936
a range +58200 +62400 2045 1003 1104.1935
a range +59400 +63000 1001 2041 1104.5198
a range +60000 +63000 1002 2027 1104.2119
a range +59400 +63000 1006 2044 1104.6739
a range +60000 +63000 2027 1002 1104.2119
a range +59400 +63000 2041 1001 1104.5198
a range +59400 +63000 2044 1006 1104.6739
a range +61800 +63600 1004 2023 1104.3792
a range +61800 +63600 1005 2017 1104.8495
a range +61800 +63600 2017 1005 1104.8495
a range +61800 +63600 2023 1004 1104.3792
a range +59400 +63600 2032 9003 1104.6551
a range +59400 +63600 9003 2032 1104.6551
a range +62400 +64800 1003 9002 0.0608
a range +61200 +64800 1006 2046 1104.671
a range +58800 +64800 2035 9001 1104.4318
a range +61200 +64800 2046 1006 1104.671
a range +58800 +64800 9001 2035 1104.4318
a range +62400 +64800 9002 1003 0.0608
a range +64800 +65400 1003 9002 0.0608
a range +60600 +65400 1005 2013 1104.2372
a range +63000 +65400 1006 2003 1104.6547
a range +63000 +65400 2003 1006 1104.6547
a range +60600 +65400 2013 1005 1104.2372
a range +64800 +65400 9002 1003 0.0608
a range +63000 +66600 1002 2041 1104.3602
a range +60600 +66600 1002 2031 1104.3419
a range +63600 +66600 1004 2048 1104.9616
a range +65400 +66600 1005 2004 1104.8336
a range +64800 +66600 1006 2039 1104.6571
a range +65400 +66600 2004 1005 1104.8336
a range +64800 +66600 2030 9001 1104.7765
a range +60600 +66600 2031 1002 1104.3419
a range +64800 +66600 2039 1006 1104.6571
a range +63000 +66600 2041 1002 1104.3602
a range +63600 +66600 2048 1004 1104.9616
a range +64800 +66600 9001 2030 1104.7765
a range +66600 +67200 1002 9002 0.0603
a range +63600 +67200 1005 2023 1104.369
a range +63600 +67200 2023 1005 1104.369
a range +66600 +67200 9002 1002 0.0603
a range +66600 +67800 1006 2038 1104.6568
a range +66600 +67800 2038 1006 1104.6568
a range +60000 +68400 1001 2019 1104.5223
a range +66600 +68400 1004 2031 1104.7138
a range +65400 +68400 1006 2032 1104.6884
a range +60000 +68400 2019 1001 1104.5223
a range +66600 +68400 2031 1004 1104.7138
a range +65400 +68400 2032 1006 1104.6884
a range +63600 +69000 2012 9003 1104.7637
a range +63600 +69000 9003 2012 1104.7637
a range +67200 +69600 1002 9002 0.0603
a range +65400 +69600 1003 2002 1105.1388
a range +67200 +69600 1005 2030 1104.8516
a range +67800 +69600 1006 2029 1104.6611
a range +65400 +69600 2002 1003 1105.1388
a range +67800 +69600 2029 1006 1104.6611
a range +67200 +69600 2030 1005 1104.8516
a range +67200 +69600 9002 1002 0.0603
a range +69600 +70200 1006 2044 1104.6739
a range +69600 +70200 2044 1006 1104.6739
a range +68400 +70800 1001 2027 1104.5108
a range +63000 +70800 1001 2021 1104.5457
a range +63000 +70800 2021 1001 1104.5457
a range +68400 +70800 2027 1001 1104.5108
a range +65400 +72600 1003 2017 1104.8162
a range +69600 +72600 1003 2029 1104.8474
a range +61800 +72600 1004 2011 1104.9559
a range +66600 +72600 1005 2026 1104.8172
a range +68400 +72600 1006 2020 1104.6893
a range +66600 +72600 2004 9001 1105.0606
a range +61800 +72600 2011 1004 1104.9559
a range +65400 +72600 2017 1003 1104.8162
a range +68400 +72600 2020 1006 1104.6893
a range +66600 +72600 2026 1005 1104.8172
a range +69000 +72600 2028 9003 1104.7873
a range +69600 +72600 2029 1003 1104.8474
a range +66600 +72600 9001 2004 1105.0606
a range +69000 +72600 9003 2028 1104.7873
a range +70800 +73200 1001 9002 0.0599
a range +69600 +73200 1002 2046 1105.0853
a range +72600 +73200 1003 2044 1105.1197
a range +72600 +73200 2044 1003 1105.1197
a range +72600 +73200 2045 9003 1104.7745
a range +69600 +73200 2046 1002 1105.0853
a range +70800 +73200 9002 1001 0.0599
a range +72600 +73200 9003 2045 1104.7745
a range +72600 +73800 1004 2017 1104.8751
a range +72600 +73800 2017 1004 1104.8751
a range +72600 +74400 1003 2047 1105.1307
a range +72600 +74400 1006 2001 1104.6572
a range +70200 +74400 1006 2030 1104.6732
a range +72600 +74400 2001 1006 1104.6572
a range +72600 +74400 2012 9001 1105.0654
a range +70200 +74400 2030 1006 1104.6732
a range +72600 +74400 2047 1003 1105.1307
a range +72600 +74400 9001 2012 1105.0654
a range +73200 +75000 1001 2024 1105.0473
a range +74400 +75000 1003 2044 1105.1197
a range +68400 +75000 1004 2037 1104.966
a range +74400 +75000 1006 9002 0.0595
a range +73200 +75000 2024 1001 1105.0473
a range +68400 +75000 2037 1004 1104.966
a range +74400 +75000 2044 1003 1105.1197
a range +74400 +75000 9002 1006 0.0595
a range +73200 +75600 1002 2022 1105.0813
a range +69600 +75600 1005 2025 1104.8083
a range +73200 +75600 2018 9003 1104.7751
a range +73200 +75600 2022 1002 1105.0813
a range +69600 +75600 2025 1005 1104.8083
a range +73200 +75600 9003 2018 1104.7751
a range +75000 +76200 1006 9002 0.0595
a range +75000 +76200 9002 1006 0.0595
a range +73200 +76800 1001 2003 1105.0376
a range +73200 +76800 2003 1001 1105.0376
a range +72600 +77400 1005 2036 1104.8047
a range +72600 +77400 2036 1005 1104.8047
a range +69600 +78000 1002 2010 1105.0843
a range +75000 +78000 1004 2016 1104.9629
a range +73800 +78000 1004 2004 1104.9764
a range +73800 +78000 2004 1004 1104.9764
a range +69600 +78000 2010 1002 1105.0843
a range +75000 +78000 2016 1004 1104.9629
a range +75600 +78600 1005 2034 1104.8157
a range +77400 +78600 1005 2002 1104.8225
a range +77400 +78600 2002 1005 1104.8225
a range +75600 +78600 2021 9003 1104.7743
a range +75600 +78600 2034 1005 1104.8157
a range +75600 +78600 9003 2021 1104.7743
a range +75000 +79200 1003 2014 1105.0694
a range +77400 +79200 1006 2013 1105.0368
a range +74400 +79200 2011 9001 1105.0604
a range +77400 +79200 2013 1006 1105.0368
a range +75000 +79200 2014 1003 1105.0694
a range +74400 +79200 9001 2011 1105.0604
a range +77400 +79800 1006 2031 1104.9902
a range +77400 +79800 2031 1006 1104.9902
a range +78000 +80400 1002 2003 1105.0951
a range +78000 +80400 2003 1002 1105.0951
a range +78600 +80400 2036 9002 1105.082
a range +78600 +80400 9002 2036 1105.082
a range +79800 +81000 1005 9003 0.0551
a range +80400 +81000 2031 9002 1105.042
a range +80400 +81000 9002 2031 1105.042
a range +79800 +81000 9003 1005 0.0551
a range +75600 +81600 1002 2028 1104.8885
a range +80400 +81600 1002 2021 1105.0703
a range +73200 +81600 1003 2048 1105.1345
a range +80400 +81600 2021 1002 1105.0703
a range +75600 +81600 2028 1002 1104.8885
a range +73200 +81600 2048 1003 1105.1345
a range +76800 +82200 1001 2015 1104.8971
a range +78000 +82200 1004 2008 1104.9595
a range +78000 +82200 1004 2012 1104.9601
a range +79800 +82200 1006 2023 1105.0198
a range +79200 +82200 1006 2047 1105.0157
a range +78000 +82200 2008 1004 1104.9595
a range +78000 +82200 2012 1004 1104.9601
a range +76800 +82200 2015 1001 1104.8971
a range +79800 +82200 2023 1006 1105.0198
a range +79200 +82200 2047 1006 1105.0157
a range +75000 +82800 1001 2041 1105.0271
a range +75000 +82800 2041 1001 1105.0271
a range +81600 +84000 1002 2003 1105.0951
a range +79200 +84000 1003 2037 1105.1366
a range +82200 +84000 1006 2038 1105.0215
a range +81600 +84000 2003 1002 1105.0951
a range +79200 +84000 2037 1003 1105.1366
a range +82200 +84000 2038 1006 1105.0215
a range +81600 +84600 1003 2040 1105.13
a range +82800 +84600 1004 9003 0.0435
a range +81600 +84600 2040 1003 1105.13
a range +82800 +84600 9003 1004 0.0435
a range +82200 +85200 1001 2046 1105.0278
a range +84600 +85200 1004 9003 0.0435
a range +82200 +85200 2046 1001 1105.0278
a range +84600 +85200 9003 1004 0.0435
a range +85200 +86400 1001 2029 1105.0229
a range +82800 +86400 1001 2024 1105.0473
a range +84000 +86400 1002 2019 1105.0635
a range +81600 +86400 1002 2045 1105.0813
a range +84600 +86400 1003 2044 1105.1197
a range +84000 +86400 1003 2005 1105.1253
a range +85200 +86400 1004 2035 1105.1183
a range +85200 +86400 1004 2038 1105.1198
a range +81000 +86400 1005 2039 1105.0599
a range +81000 +86400 1005 2004 1105.0569
a range +84000 +86400 1006 2036 1105.0302
a range +82200 +86400 1006 2007 1105.0024
a range +81000 +86400 2004 1005 1105.0569
a range +84000 +86400 2005 1003 1105.1253
a range +82200 +86400 2007 1006 1105.0024
a range +79200 +86400 2009 9001 1105.0497
a range +81000 +86400 2018 9002 1105.0473
a range +84000 +86400 2019 1002 1105.0635
a range +82800 +86400 2024 1001 1105.0473
a range +85200 +86400 2029 1001 1105.0229
a range +85200 +86400 2035 1004 1105.1183
a range +84000 +86400 2036 1006 1105.0302
a range +85200 +86400 2038 1004 1105.1198
a range +81000 +86400 2039 1005 1105.0599
a range +84600 +86400 2044 1003 1105.1197
a range +81600 +86400 2045 1002 1105.0813
a range +79200 +86400 9001 2009 1105.0497
a range +81000 +86400 9002 2018 1105.0473
